-1.4481972898e+01, -4.7409877877e-01
-1.8435324676e+01, -4.1159757836e-01
-2.2047857824e+01, -3.8849964617e-01
-2.5509949611e+01, -3.7652692987e-01
-2.8887693752e+01, -3.6929002581e-01
-3.2212074644e+01, -3.6450240954e-01
-3.5500066591e+01, -3.6113825259e-01
-3.8761924717e+01, -3.5866908284e-01
-4.2004280851e+01, -3.5679569010e-01
-4.5231645515e+01, -3.5533655497e-01
-4.8447208761e+01, -3.5417556742e-01
-5.1653298516e+01, -3.5323526716e-01
-5.4851657862e+01, -3.5246217530e-01
-5.8043620427e+01, -3.5181829996e-01
-6.1230225494e+01, -3.5127599008e-01
-6.4412295928e+01, -3.5081469781e-01
-6.7590492335e+01, -3.5041887495e-01
-7.0765351583e+01, -3.5007656793e-01
-7.3937314750e+01, -3.4977845635e-01
-7.7106747757e+01, -3.4951718089e-01
-8.0273956856e+01, -3.4928686456e-01
-8.3439200406e+01, -3.4908276582e-01
-8.6602697946e+01, -3.4890102347e-01
-8.9764637275e+01, -3.4873846636e-01
-9.2925180020e+01, -3.4859246963e-01
-9.6084466067e+01, -3.4846084497e-01
-9.9242617123e+01, -3.4834175586e-01
-1.0239973959e+02, -3.4823365149e-01
-1.0555592689e+02, -3.4813521477e-01
-1.0871126144e+02, -3.4804532116e-01
-1.1186581618e+02, -3.4796300567e-01
-1.1501965595e+02, -3.4788743637e-01
-1.1817283854e+02, -3.4781789286e-01
-1.2132541567e+02, -3.4775374876e-01
-1.2447743376e+02, -3.4769445728e-01
-1.2762893456e+02, -3.4763953937e-01
-1.3077995577e+02, -3.4758857386e-01
-1.3393053150e+02, -3.4754118922e-01
-1.3708069269e+02, -3.4749705671e-01
-1.4023046746e+02, -3.4745588457e-01
-1.4337988146e+02, -3.4741741312e-01
-1.4652895808e+02, -3.4738141061e-01
-1.4967771876e+02, -3.4734766971e-01
-1.5282618313e+02, -3.4731600442e-01
-1.5597436924e+02, -3.4728624755e-01
-1.5912229370e+02, -3.4725824842e-01
-1.6226997180e+02, -3.4723187099e-01
-1.6541741768e+02, -3.4720699214e-01
-1.6856464442e+02, -3.4718350025e-01
-1.7171166411e+02, -3.4716129390e-01
-1.7485848798e+02, -3.4714028082e-01
-1.7800512646e+02, -3.4712037687e-01
-1.8115158926e+02, -3.4710150521e-01
-1.8429788541e+02, -3.4708359555e-01
-1.8744402333e+02, -3.4706658350e-01
-1.9059001088e+02, -3.4705040997e-01
-1.9373585542e+02, -3.4703502067e-01
-1.9688156383e+02, -3.4702036562e-01
-2.0002714254e+02, -3.4700639879e-01
-2.0317259761e+02, -3.4699307769e-01
-2.0631793471e+02, -3.4698036306e-01
-2.0946315916e+02, -3.4696821860e-01
-2.1260827599e+02, -3.4695661068e-01
-2.1575328991e+02, -3.4694550810e-01
-2.1889820536e+02, -3.4693488193e-01
-2.2204302655e+02, -3.4692470526e-01
-2.2518775744e+02, -3.4691495307e-01
-2.2833240176e+02, -3.4690560204e-01
-2.3147696305e+02, -3.4689663045e-01
-2.3462144466e+02, -3.4688801802e-01
-2.3776584976e+02, -3.4687974581e-01
-2.4091018135e+02, -3.4687179612e-01
-2.4405444227e+02, -3.4686415239e-01
-2.4719863524e+02, -3.4685679910e-01
-2.5034276281e+02, -3.4684972170e-01
-2.5348682743e+02, -3.4684290655e-01
-2.5663083141e+02, -3.4683634085e-01
-2.5977477696e+02, -3.4683001255e-01
-2.6291866617e+02, -3.4682391034e-01
-2.6606250106e+02, -3.4681802356e-01
-2.6920628353e+02, -3.4681234219e-01
-2.7235001538e+02, -3.4680685677e-01
-2.7549369837e+02, -3.4680155838e-01
-2.7863733415e+02, -3.4679643862e-01
-2.8178092430e+02, -3.4679148953e-01
-2.8492447033e+02, -3.4678670362e-01
-2.8806797369e+02, -3.4678207377e-01
-2.9121143577e+02, -3.4677759327e-01
-2.9435485788e+02, -3.4677325577e-01
-2.9749824130e+02, -3.4676905523e-01
-3.0064158725e+02, -3.4676498595e-01
-3.0378489688e+02, -3.4676104251e-01
-3.0692817131e+02, -3.4675721978e-01
-3.1007141163e+02, -3.4675351286e-01
-3.1321461884e+02, -3.4674991714e-01
-3.1635779396e+02, -3.4674642820e-01
-3.1950093791e+02, -3.4674304186e-01
-3.2264405162e+02, -3.4673975412e-01
-3.2578713595e+02, -3.4673656120e-01
-3.2893019176e+02, -3.4673345948e-01
-3.3207321986e+02, -3.4673044552e-01
-3.3521622102e+02, -3.4672751604e-01
-3.3835919599e+02, -3.4672466791e-01
-3.4150214551e+02, -3.4672189814e-01
-3.4464507026e+02, -3.4671920388e-01
-3.4778797092e+02, -3.4671658241e-01
-3.5093084814e+02, -3.4671403114e-01
-3.5407370254e+02, -3.4671154757e-01
-3.5721653473e+02, -3.4670912934e-01
-3.6035934528e+02, -3.4670677416e-01
-3.6350213477e+02, -3.4670447986e-01
-3.6664490372e+02, -3.4670224437e-01
-3.6978765267e+02, -3.4670006569e-01
-3.7293038212e+02, -3.4669794191e-01
-3.7607309256e+02, -3.4669587119e-01
-3.7921578446e+02, -3.4669385179e-01
-3.8235845828e+02, -3.4669188203e-01
-3.8550111447e+02, -3.4668996028e-01
-3.8864375345e+02, -3.4668808501e-01
-3.9178637564e+02, -3.4668625472e-01
-3.9492898143e+02, -3.4668446798e-01
-3.9807157122e+02, -3.4668272343e-01
-4.0121414538e+02, -3.4668101975e-01
-4.0435670428e+02, -3.4667935566e-01
-4.0749924827e+02, -3.4667772996e-01
-4.1064177769e+02, -3.4667614146e-01
-4.1378429288e+02, -3.4667458905e-01
-4.1692679415e+02, -3.4667307163e-01
-4.2006928183e+02, -3.4667158817e-01
-4.2321175620e+02, -3.4667013765e-01
-4.2635421758e+02, -3.4666871911e-01
-4.2949666623e+02, -3.4666733162e-01
-4.3263910245e+02, -3.4666597427e-01
-4.3578152650e+02, -3.4666464619e-01
-4.3892393864e+02, -3.4666334657e-01
-4.4206633912e+02, -3.4666207457e-01
-4.4520872819e+02, -3.4666082943e-01
-4.4835110610e+02, -3.4665961040e-01
-4.5149347307e+02, -3.4665841675e-01
-4.5463582934e+02, -3.4665724778e-01
-4.5777817511e+02, -3.4665610281e-01
-4.6092051062e+02, -3.4665498120e-01
-4.6406283606e+02, -3.4665388231e-01
-4.6720515164e+02, -3.4665280553e-01
-4.7034745756e+02, -3.4665175027e-01
-4.7348975401e+02, -3.4665071596e-01
-4.7663204117e+02, -3.4664970206e-01
-4.7977431924e+02, -3.4664870802e-01
-4.8291658838e+02, -3.4664773333e-01
-4.8605884877e+02, -3.4664677750e-01
-4.8920110058e+02, -3.4664584003e-01
-4.9234334398e+02, -3.4664492047e-01
-4.9548557912e+02, -3.4664401836e-01
-4.9862780616e+02, -3.4664313325e-01
-5.0177002525e+02, -3.4664226473e-01
-5.0491223654e+02, -3.4664141239e-01
-5.0805444018e+02, -3.4664057582e-01
-5.1119663630e+02, -3.4663975463e-01
-5.1433882505e+02, -3.4663894846e-01
-5.1748100656e+02, -3.4663815693e-01
-5.2062318096e+02, -3.4663737970e-01
-5.2376534838e+02, -3.4663661642e-01
-5.2690750894e+02, -3.4663586677e-01
-5.3004966276e+02, -3.4663513041e-01
-5.3319180997e+02, -3.4663440704e-01
-5.3633395068e+02, -3.4663369635e-01
-5.3947608500e+02, -3.4663299805e-01
-5.4261821305e+02, -3.4663231184e-01
-5.4576033493e+02, -3.4663163747e-01
-5.4890245076e+02, -3.4663097464e-01
-5.5204456062e+02, -3.4663032311e-01
-5.5518666463e+02, -3.4662968261e-01
-5.5832876288e+02, -3.4662905290e-01
-5.6147085547e+02, -3.4662843373e-01
-5.6461294250e+02, -3.4662782488e-01
-5.6775502405e+02, -3.4662722611e-01
-5.7089710022e+02, -3.4662663721e-01
-5.7403917110e+02, -3.4662605795e-01
-5.7718123677e+02, -3.4662548813e-01
-5.8032329731e+02, -3.4662492755e-01
-5.8346535282e+02, -3.4662437600e-01
-5.8660740336e+02, -3.4662383329e-01
-5.8974944903e+02, -3.4662329924e-01
-5.9289148989e+02, -3.4662277366e-01
-5.9603352603e+02, -3.4662225637e-01
-5.9917555751e+02, -3.4662174720e-01
-6.0231758442e+02, -3.4662124599e-01
-6.0545960681e+02, -3.4662075256e-01
-6.0860162477e+02, -3.4662026675e-01
-6.1174363836e+02, -3.4661978841e-01
-6.1488564765e+02, -3.4661931739e-01
-6.1802765270e+02, -3.4661885354e-01
-6.2116965357e+02, -3.4661839671e-01
-6.2431165034e+02, -3.4661794676e-01
-6.2745364306e+02, -3.4661750356e-01
-6.3059563179e+02, -3.4661706696e-01
-6.3373761659e+02, -3.4661663685e-01
-6.3687959752e+02, -3.4661621309e-01
-6.4002157464e+02, -3.4661579556e-01
-6.4316354801e+02, -3.4661538413e-01
-6.4630551767e+02, -3.4661497869e-01
-6.4944748368e+02, -3.4661457912e-01
-6.5258944610e+02, -3.4661418532e-01
-6.5573140497e+02, -3.4661379716e-01
-6.5887336035e+02, -3.4661341454e-01
-6.6201531229e+02, -3.4661303736e-01
-6.6515726083e+02, -3.4661266551e-01
-6.6829920602e+02, -3.4661229890e-01
-6.7144114791e+02, -3.4661193742e-01
-6.7458308655e+02, -3.4661158098e-01
-6.7772502199e+02, -3.4661122949e-01
-6.8086695425e+02, -3.4661088286e-01
-6.8400888340e+02, -3.4661054099e-01
-6.8715080947e+02, -3.4661020381e-01
-6.9029273250e+02, -3.4660987122e-01
-6.9343465254e+02, -3.4660954314e-01
-6.9657656963e+02, -3.4660921949e-01
-6.9971848380e+02, -3.4660890019e-01
-7.0286039510e+02, -3.4660858517e-01
-7.0600230356e+02, -3.4660827434e-01
-7.0914420922e+02, -3.4660796764e-01
-7.1228611212e+02, -3.4660766498e-01
-7.1542801229e+02, -3.4660736631e-01
-7.1856990978e+02, -3.4660707155e-01
-7.2171180461e+02, -3.4660678063e-01
-7.2485369682e+02, -3.4660649348e-01
-7.2799558644e+02, -3.4660621005e-01
-7.3113747352e+02, -3.4660593026e-01
-7.3427935807e+02, -3.4660565406e-01
-7.3742124013e+02, -3.4660538138e-01
-7.4056311974e+02, -3.4660511216e-01
-7.4370499692e+02, -3.4660484636e-01
-7.4684687171e+02, -3.4660458389e-01
-7.4998874414e+02, -3.4660432473e-01
-7.5313061423e+02, -3.4660406880e-01
-7.5627248201e+02, -3.4660381605e-01
-7.5941434752e+02, -3.4660356643e-01
-7.6255621078e+02, -3.4660331990e-01
-7.6569807182e+02, -3.4660307639e-01
-7.6883993066e+02, -3.4660283586e-01
-7.7198178734e+02, -3.4660259827e-01
-7.7512364188e+02, -3.4660236356e-01
-7.7826549430e+02, -3.4660213168e-01
-7.8140734463e+02, -3.4660190260e-01
-7.8454919290e+02, -3.4660167627e-01
-7.8769103913e+02, -3.4660145263e-01
-7.9083288334e+02, -3.4660123166e-01
-7.9397472557e+02, -3.4660101331e-01
-7.9711656582e+02, -3.4660079754e-01
-8.0025840413e+02, -3.4660058430e-01
-8.0340024052e+02, -3.4660037356e-01
-8.0654207501e+02, -3.4660016527e-01
-8.0968390763e+02, -3.4659995941e-01
-8.1282573839e+02, -3.4659975593e-01
-8.1596756731e+02, -3.4659955480e-01
-8.1910939442e+02, -3.4659935598e-01
-8.2225121974e+02, -3.4659915943e-01
-8.2539304329e+02, -3.4659896513e-01
-8.2853486509e+02, -3.4659877303e-01
-8.3167668515e+02, -3.4659858310e-01
-8.3481850351e+02, -3.4659839532e-01
-8.3796032017e+02, -3.4659820964e-01
-8.4110213516e+02, -3.4659802604e-01
-8.4424394849e+02, -3.4659784449e-01
-8.4738576018e+02, -3.4659766495e-01
-8.5052757026e+02, -3.4659748740e-01
-8.5366937874e+02, -3.4659731180e-01
-8.5681118563e+02, -3.4659713814e-01
-8.5995299096e+02, -3.4659696637e-01
-8.6309479474e+02, -3.4659679648e-01
-8.6623659699e+02, -3.4659662843e-01
-8.6937839772e+02, -3.4659646221e-01
-8.7252019696e+02, -3.4659629777e-01
-8.7566199471e+02, -3.4659613510e-01
-8.7880379099e+02, -3.4659597418e-01
-8.8194558583e+02, -3.4659581497e-01
-8.8508737923e+02, -3.4659565745e-01
-8.8822917121e+02, -3.4659550160e-01
-8.9137096178e+02, -3.4659534740e-01
-8.9451275096e+02, -3.4659519482e-01
-8.9765453877e+02, -3.4659504384e-01
-9.0079632521e+02, -3.4659489444e-01
-9.0393811031e+02, -3.4659474659e-01
-9.0707989408e+02, -3.4659460027e-01
-9.1022167652e+02, -3.4659445547e-01
-9.1336345766e+02, -3.4659431216e-01
-9.1650523751e+02, -3.4659417032e-01
-9.1964701608e+02, -3.4659402994e-01
-9.2278879338e+02, -3.4659389098e-01
-9.2593056943e+02, -3.4659375344e-01
-9.2907234424e+02, -3.4659361729e-01
-9.3221411782e+02, -3.4659348252e-01
-9.3535589019e+02, -3.4659334910e-01
-9.3849766135e+02, -3.4659321702e-01
-9.4163943132e+02, -3.4659308625e-01
-9.4478120011e+02, -3.4659295680e-01
-9.4792296774e+02, -3.4659282862e-01
-9.5106473420e+02, -3.4659270172e-01
-9.5420649953e+02, -3.4659257606e-01
-9.5734826372e+02, -3.4659245165e-01
-9.6049002678e+02, -3.4659232845e-01
-9.6363178874e+02, -3.4659220645e-01
-9.6677354959e+02, -3.4659208564e-01
-9.6991530936e+02, -3.4659196601e-01
-9.7305706805e+02, -3.4659184753e-01
-9.7619882566e+02, -3.4659173019e-01
-9.7934058222e+02, -3.4659161398e-01
-9.8248233773e+02, -3.4659149889e-01
-9.8562409221e+02, -3.4659138489e-01
-9.8876584565e+02, -3.4659127198e-01
-9.9190759808e+02, -3.4659116014e-01
-9.9504934949e+02, -3.4659104936e-01
-9.9819109991e+02, -3.4659093962e-01
-1.0013328493e+03, -3.4659083091e-01
-1.0044745978e+03, -3.4659072322e-01
-1.0076163453e+03, -3.4659061654e-01
-1.0107580918e+03, -3.4659051085e-01
-1.0138998373e+03, -3.4659040614e-01
-1.0170415819e+03, -3.4659030241e-01
-1.0201833256e+03, -3.4659019962e-01
-1.0233250684e+03, -3.4659009779e-01
-1.0264668102e+03, -3.4658999688e-01
-1.0296085511e+03, -3.4658989690e-01
-1.0327502911e+03, -3.4658979784e-01
-1.0358920303e+03, -3.4658969967e-01
-1.0390337685e+03, -3.4658960239e-01
-1.0421755059e+03, -3.4658950599e-01
-1.0453172424e+03, -3.4658941045e-01
-1.0484589780e+03, -3.4658931578e-01
-1.0516007128e+03, -3.4658922195e-01
-1.0547424467e+03, -3.4658912896e-01
-1.0578841798e+03, -3.4658903680e-01
-1.0610259120e+03, -3.4658894545e-01
-1.0641676435e+03, -3.4658885491e-01
-1.0673093741e+03, -3.4658876517e-01
-1.0704511039e+03, -3.4658867622e-01
-1.0735928329e+03, -3.4658858805e-01
-1.0767345611e+03, -3.4658850065e-01
-1.0798762885e+03, -3.4658841401e-01
-1.0830180152e+03, -3.4658832813e-01
-1.0861597410e+03, -3.4658824299e-01
-1.0893014661e+03, -3.4658815858e-01
-1.0924431904e+03, -3.4658807491e-01
-1.0955849140e+03, -3.4658799195e-01
-1.0987266368e+03, -3.4658790970e-01
-1.1018683589e+03, -3.4658782815e-01
-1.1050100803e+03, -3.4658774730e-01
-1.1081518009e+03, -3.4658766714e-01
-1.1112935208e+03, -3.4658758765e-01
-1.1144352400e+03, -3.4658750884e-01
-1.1175769584e+03, -3.4658743069e-01
-1.1207186762e+03, -3.4658735320e-01
-1.1238603933e+03, -3.4658727635e-01
-1.1270021096e+03, -3.4658720015e-01
-1.1301438253e+03, -3.4658712458e-01
-1.1332855403e+03, -3.4658704964e-01
-1.1364272546e+03, -3.4658697532e-01
-1.1395689683e+03, -3.4658690162e-01
-1.1427106813e+03, -3.4658682852e-01
-1.1458523936e+03, -3.4658675602e-01
-1.1489941053e+03, -3.4658668411e-01
-1.1521358163e+03, -3.4658661280e-01
-1.1552775267e+03, -3.4658654206e-01
-1.1584192364e+03, -3.4658647190e-01
-1.1615609455e+03, -3.4658640231e-01
-1.1647026540e+03, -3.4658633328e-01
-1.1678443618e+03, -3.4658626481e-01
-1.1709860691e+03, -3.4658619688e-01
-1.1741277757e+03, -3.4658612951e-01
-1.1772694817e+03, -3.4658606267e-01
-1.1804111871e+03, -3.4658599636e-01
-1.1835528919e+03, -3.4658593058e-01
-1.1866945962e+03, -3.4658586532e-01
-1.1898362998e+03, -3.4658580058e-01
-1.1929780028e+03, -3.4658573635e-01
-1.1961197053e+03, -3.4658567263e-01
-1.1992614072e+03, -3.4658560940e-01
-1.2024031085e+03, -3.4658554667e-01
-1.2055448093e+03, -3.4658548443e-01
-1.2086865095e+03, -3.4658542268e-01
-1.2118282091e+03, -3.4658536140e-01
-1.2149699082e+03, -3.4658530060e-01
-1.2181116067e+03, -3.4658524027e-01
-1.2212533047e+03, -3.4658518041e-01
-1.2243950021e+03, -3.4658512100e-01
-1.2275366990e+03, -3.4658506205e-01
-1.2306783954e+03, -3.4658500355e-01
-1.2338200913e+03, -3.4658494550e-01
-1.2369617866e+03, -3.4658488789e-01
-1.2401034814e+03, -3.4658483072e-01
-1.2432451757e+03, -3.4658477398e-01
-1.2463868694e+03, -3.4658471766e-01
-1.2495285627e+03, -3.4658466178e-01
-1.2526702555e+03, -3.4658460631e-01
-1.2558119477e+03, -3.4658455126e-01
-1.2589536395e+03, -3.4658449662e-01
-1.2620953308e+03, -3.4658444239e-01
-1.2652370216e+03, -3.4658438856e-01
-1.2683787118e+03, -3.4658433513e-01
-1.2715204017e+03, -3.4658428209e-01
-1.2746620910e+03, -3.4658422945e-01
-1.2778037798e+03, -3.4658417720e-01
-1.2809454682e+03, -3.4658412533e-01
-1.2840871562e+03, -3.4658407384e-01
-1.2872288436e+03, -3.4658402272e-01
-1.2903705306e+03, -3.4658397198e-01
-1.2935122171e+03, -3.4658392161e-01
-1.2966539032e+03, -3.4658387161e-01
-1.2997955888e+03, -3.4658382196e-01
-1.3029372740e+03, -3.4658377268e-01
-1.3060789587e+03, -3.4658372375e-01
-1.3092206430e+03, -3.4658367517e-01
-1.3123623269e+03, -3.4658362694e-01
-1.3155040103e+03, -3.4658357906e-01
-1.3186456933e+03, -3.4658353152e-01
-1.3217873758e+03, -3.4658348431e-01
-1.3249290580e+03, -3.4658343745e-01
-1.3280707397e+03, -3.4658339091e-01
-1.3312124209e+03, -3.4658334470e-01
-1.3343541018e+03, -3.4658329882e-01
-1.3374957823e+03, -3.4658325326e-01
-1.3406374623e+03, -3.4658320803e-01
-1.3437791419e+03, -3.4658316311e-01
-1.3469208212e+03, -3.4658311850e-01
-1.3500625000e+03, -3.4658307420e-01
-1.3532041784e+03, -3.4658303022e-01
-1.3563458564e+03, -3.4658298653e-01
-1.3594875341e+03, -3.4658294315e-01
-1.3626292113e+03, -3.4658290007e-01
-1.3657708882e+03, -3.4658285729e-01
-1.3689125646e+03, -3.4658281480e-01
-1.3720542407e+03, -3.4658277261e-01
-1.3751959164e+03, -3.4658273070e-01
-1.3783375917e+03, -3.4658268908e-01
-1.3814792667e+03, -3.4658264774e-01
-1.3846209412e+03, -3.4658260668e-01
-1.3877626154e+03, -3.4658256590e-01
-1.3909042893e+03, -3.4658252540e-01
-1.3940459627e+03, -3.4658248517e-01
-1.3971876358e+03, -3.4658244521e-01
-1.4003293086e+03, -3.4658240552e-01
-1.4034709810e+03, -3.4658236610e-01
-1.4066126530e+03, -3.4658232694e-01
-1.4097543247e+03, -3.4658228804e-01
-1.4128959960e+03, -3.4658224940e-01
-1.4160376669e+03, -3.4658221102e-01
-1.4191793376e+03, -3.4658217289e-01
-1.4223210079e+03, -3.4658213502e-01
-1.4254626778e+03, -3.4658209740e-01
-1.4286043474e+03, -3.4658206002e-01
-1.4317460167e+03, -3.4658202289e-01
-1.4348876856e+03, -3.4658198600e-01
-1.4380293542e+03, -3.4658194936e-01
-1.4411710224e+03, -3.4658191295e-01
-1.4443126904e+03, -3.4658187678e-01
-1.4474543580e+03, -3.4658184085e-01
-1.4505960253e+03, -3.4658180515e-01
-1.4537376922e+03, -3.4658176968e-01
-1.4568793588e+03, -3.4658173444e-01
-1.4600210252e+03, -3.4658169942e-01
-1.4631626912e+03, -3.4658166464e-01
-1.4663043569e+03, -3.4658163007e-01
-1.4694460222e+03, -3.4658159573e-01
-1.4725876873e+03, -3.4658156161e-01
-1.4757293521e+03, -3.4658152770e-01
-1.4788710165e+03, -3.4658149401e-01
-1.4820126807e+03, -3.4658146054e-01
-1.4851543445e+03, -3.4658142728e-01
-1.4882960080e+03, -3.4658139422e-01
-1.4914376713e+03, -3.4658136138e-01
-1.4945793342e+03, -3.4658132874e-01
-1.4977209969e+03, -3.4658129631e-01
-1.5008626593e+03, -3.4658126408e-01
-1.5040043213e+03, -3.4658123206e-01
-1.5071459831e+03, -3.4658120023e-01
-1.5102876446e+03, -3.4658116860e-01
-1.5134293058e+03, -3.4658113717e-01
-1.5165709667e+03, -3.4658110593e-01
-1.5197126274e+03, -3.4658107489e-01
-1.5228542877e+03, -3.4658104404e-01
-1.5259959478e+03, -3.4658101338e-01
-1.5291376076e+03, -3.4658098291e-01
-1.5322792671e+03, -3.4658095262e-01
-1.5354209264e+03, -3.4658092252e-01
-1.5385625854e+03, -3.4658089261e-01
-1.5417042441e+03, -3.4658086288e-01
-1.5448459025e+03, -3.4658083333e-01
-1.5479875607e+03, -3.4658080396e-01
-1.5511292186e+03, -3.4658077476e-01
-1.5542708763e+03, -3.4658074575e-01
-1.5574125336e+03, -3.4658071691e-01
-1.5605541908e+03, -3.4658068824e-01
-1.5636958476e+03, -3.4658065975e-01
-1.5668375042e+03, -3.4658063143e-01
-1.5699791606e+03, -3.4658060327e-01
-1.5731208167e+03, -3.4658057529e-01
-1.5762624725e+03, -3.4658054747e-01
-1.5794041281e+03, -3.4658051982e-01
-1.5825457835e+03, -3.4658049234e-01
-1.5856874386e+03, -3.4658046501e-01
+7.7616556709e+00, -3.0452934990e+00
+5.7705555987e+00, -4.7648453734e+00
+3.9409726158e+00, -5.7900271642e+00
+2.1742485862e+00, -6.3783949708e+00
+4.3368620579e-01, -6.6184818847e+00
-1.3021976284e+00, -6.5391893969e+00
-3.0526404760e+00, -6.1313559644e+00
-4.8443177918e+00, -5.3415089569e+00
-6.7334615639e+00, -4.0236515247e+00
-1.6822813239e+01, +5.0163971870e+01
-1.3021976284e+00, -6.5391893969e+00
-1.0353582059e+01, +4.9984053679e+01
-3.0526404760e+00, -6.1313559644e+00
-1.3021976284e+00, -6.5391893969e+00
+2.1742485862e+00, -6.3783949708e+00
+3.9409726158e+00, -5.7900271642e+00
+5.7705555987e+00, -4.7648453734e+00
+7.7616556709e+00, -3.0452934990e+00
+5.7705555987e+00, -4.7648453734e+00
+2.1742485862e+00, -6.3783949708e+00
+1.3578207334e+01, +4.9999008607e+01
+1.0354464009e+01, +4.9984055888e+01
+7.1579088212e+00, +4.9979398283e+01
+3.9730568966e+00, +4.9978339998e+01
+7.9364075713e-01, +4.9978276765e+01
-2.3847542574e+00, +4.9978273181e+01
-5.5662875113e+00, +4.9978632238e+01
-8.7559848765e+00, +4.9981019012e+01
-1.1962751394e+01, +4.9989449541e+01
-1.5228064315e+01, +5.0020404240e+01
-3.0526404760e+00, -6.1313559644e+00
-4.8443177918e+00, -5.3415089569e+00
-4.8443177918e+00, -5.3415089569e+00
-3.0526404760e+00, -6.1313559644e+00
+4.3368620579e-01, -6.6184818847e+00
+2.1742485862e+00, -6.3783949708e+00
+5.7705555987e+00, -4.7648453734e+00
+5.7705555987e+00, -4.7648453734e+00
+3.9409726158e+00, -5.7900271642e+00
+2.1742485862e+00, -6.3783949708e+00
+1.3578748493e+01, +4.9999012893e+01
+1.0354960713e+01, +4.9984057131e+01
+7.1583702125e+00, +4.9979398606e+01
+3.9734876772e+00, +4.9978340038e+01
+7.9404450613e-01, +4.9978276763e+01
-2.3843745445e+00, +4.9978273178e+01
-5.5659292028e+00, +4.9978632131e+01
-8.7556454940e+00, +4.9981018541e+01
-1.1962427995e+01, +4.9989448128e+01
-1.5227742953e+01, +5.0020396486e+01
-3.0526404760e+00, -6.1313559644e+00
-4.8443177918e+00, -5.3415089569e+00
-4.8443177918e+00, -5.3415089569e+00
-3.0526404760e+00, -6.1313559644e+00
+4.3368620579e-01, -6.6184818847e+00
+2.1742485862e+00, -6.3783949708e+00
+5.7705555987e+00, -4.7648453734e+00
+5.7705555987e+00, -4.7648453734e+00
+3.9409726158e+00, -5.7900271642e+00
+2.1742485862e+00, -6.3783949708e+00
+1.3578933364e+01, +4.9999014358e+01
+1.0355135692e+01, +4.9984057570e+01
+7.1585375128e+00, +4.9979398723e+01
+3.9736481842e+00, +4.9978340052e+01
+7.9419885262e-01, +4.9978276762e+01
-2.3842258199e+00, +4.9978273177e+01
-5.5657855971e+00, +4.9978632088e+01
-8.7555064725e+00, +4.9981018349e+01
-1.1962292744e+01, +4.9989447537e+01
-1.5227605875e+01, +5.0020393180e+01
-3.0526404760e+00, -6.1313559644e+00
-4.8443177918e+00, -5.3415089569e+00
-4.8443177918e+00, -5.3415089569e+00
-3.0526404760e+00, -6.1313559644e+00
+4.3368620579e-01, -6.6184818847e+00
+2.1742485862e+00, -6.3783949708e+00
+3.9409726158e+00, -5.7900271642e+00
+5.7705555987e+00, -4.7648453734e+00
+3.9409726158e+00, -5.7900271642e+00
+2.1742485862e+00, -6.3783949708e+00
+1.3579026662e+01, +4.9999015097e+01
+1.0355225058e+01, +4.9984057794e+01
+7.1586239459e+00, +4.9979398783e+01
+3.9737320339e+00, +4.9978340060e+01
+7.9428035372e-01, +4.9978276762e+01
-2.3841464689e+00, +4.9978273176e+01
-5.5657082052e+00, +4.9978632064e+01
-8.7554308206e+00, +4.9981018244e+01
-1.1962218450e+01, +4.9989447213e+01
-1.5227529890e+01, +5.0020391347e+01
-3.0526404760e+00, -6.1313559644e+00
-4.8443177918e+00, -5.3415089569e+00
-4.8443177918e+00, -5.3415089569e+00
-3.0526404760e+00, -6.1313559644e+00
+4.3368620579e-01, -6.6184818847e+00
+2.1742485862e+00, -6.3783949708e+00
+3.9409726158e+00, -5.7900271642e+00
+5.7705555987e+00, -4.7648453734e+00
+3.9409726158e+00, -5.7900271642e+00
+2.1742485862e+00, -6.3783949708e+00
+1.3579082920e+01, +4.9999015543e+01
+1.0355279293e+01, +4.9984057929e+01
+7.1586767317e+00, +4.9979398820e+01
+3.9737835567e+00, +4.9978340065e+01
+7.9433073333e-01, +4.9978276762e+01
-2.3840971319e+00, +4.9978273176e+01
-5.5656598120e+00, +4.9978632050e+01
-8.7553832525e+00, +4.9981018178e+01
-1.1962171481e+01, +4.9989447008e+01
-1.5227481598e+01, +5.0020390183e+01
-3.0526404760e+00, -6.1313559644e+00
-4.8443177918e+00, -5.3415089569e+00
-4.8443177918e+00, -5.3415089569e+00
-3.0526404760e+00, -6.1313559644e+00
+4.3368620579e-01, -6.6184818847e+00
+2.1742485862e+00, -6.3783949708e+00
+3.9409726158e+00, -5.7900271642e+00
+5.7705555987e+00, -4.7648453734e+00
+3.9409726158e+00, -5.7900271642e+00
+2.1742485862e+00, -6.3783949708e+00
+1.3579120541e+01, +4.9999015841e+01
+1.0355315709e+01, +4.9984058021e+01
+7.1587123168e+00, +4.9979398845e+01
+3.9738184259e+00, +4.9978340068e+01
+7.9436495938e-01, +4.9978276761e+01
-2.3840634883e+00, +4.9978273175e+01
-5.5656266906e+00, +4.9978632040e+01
-8.7553505782e+00, +4.9981018133e+01
-1.1962139105e+01, +4.9989446866e+01
-1.5227448193e+01, +5.0020389377e+01
-3.0526404760e+00, -6.1313559644e+00
-4.8443177918e+00, -5.3415089569e+00
-4.8443177918e+00, -5.3415089569e+00
-3.0526404760e+00, -6.1313559644e+00
+2.1742485862e+00, -6.3783949708e+00
+3.9409726158e+00, -5.7900271642e+00
+5.7705555987e+00, -4.7648453734e+00
+3.9409726158e+00, -5.7900271642e+00
+2.1742485862e+00, -6.3783949708e+00
+1.3579147471e+01, +4.9999016054e+01
+1.0355341850e+01, +4.9984058086e+01
+7.1587379306e+00, +4.9979398863e+01
+3.9738435924e+00, +4.9978340070e+01
+7.9438972754e-01, +4.9978276761e+01
-2.3840390779e+00, +4.9978273175e+01
-5.5656025971e+00, +4.9978632033e+01
-8.7553267497e+00, +4.9981018100e+01
-1.1962115435e+01, +4.9989446763e+01
-1.5227423712e+01, +5.0020388787e+01
-3.0526404760e+00, -6.1313559644e+00
-4.8443177918e+00, -5.3415089569e+00
-4.8443177918e+00, -5.3415089569e+00
-3.0526404760e+00, -6.1313559644e+00
+2.1742485862e+00, -6.3783949708e+00
+3.9409726158e+00, -5.7900271642e+00
+5.7705555987e+00, -4.7648453734e+00
+3.9409726158e+00, -5.7900271642e+00
+2.1742485862e+00, -6.3783949708e+00
+1.3579167700e+01, +4.9999016215e+01
+1.0355361526e+01, +4.9984058135e+01
+7.1587572492e+00, +4.9979398877e+01
+3.9738626115e+00, +4.9978340072e+01
+7.9440848224e-01, +4.9978276761e+01
-2.3840205583e+00, +4.9978273175e+01
-5.5655842831e+00, +4.9978632027e+01
-8.7553086031e+00, +4.9981018075e+01
-1.1962097375e+01, +4.9989446684e+01
-1.5227404999e+01, +5.0020388336e+01
-3.0526404760e+00, -6.1313559644e+00
-4.8443177918e+00, -5.3415089569e+00
-4.8443177918e+00, -5.3415089569e+00
-3.0526404760e+00, -6.1313559644e+00
-1.3021976284e+00, -6.5391893969e+00
+2.1742485862e+00, -6.3783949708e+00
+3.9409726158e+00, -5.7900271642e+00
+5.7705555987e+00, -4.7648453734e+00
+3.9409726158e+00, -5.7900271642e+00
+2.1742485862e+00, -6.3783949708e+00
+1.3579183453e+01, +4.9999016340e+01
+1.0355376872e+01, +4.9984058174e+01
+7.1587723395e+00, +4.9979398887e+01
+3.9738774903e+00, +4.9978340073e+01
+7.9442317640e-01, +4.9978276761e+01
-2.3840060268e+00, +4.9978273175e+01
-5.5655698917e+00, +4.9978632023e+01
-8.7552943226e+00, +4.9981018055e+01
-1.1962083143e+01, +4.9989446622e+01
-1.5227390231e+01, +5.0020387980e+01
-3.0526404760e+00, -6.1313559644e+00
-4.8443177918e+00, -5.3415089569e+00
-4.8443177918e+00, -5.3415089569e+00
-3.0526404760e+00, -6.1313559644e+00
-1.3021976284e+00, -6.5391893969e+00
+2.1742485862e+00, -6.3783949708e+00
+3.9409726158e+00, -5.7900271642e+00
+5.7705555987e+00, -4.7648453734e+00
+3.9409726158e+00, -5.7900271642e+00
+2.1742485862e+00, -6.3783949708e+00
+1.3579196066e+01, +4.9999016440e+01
+1.0355389175e+01, +4.9984058205e+01
+7.1587844526e+00, +4.9979398896e+01
+3.9738894482e+00, +4.9978340075e+01
+7.9443499993e-01, +4.9978276761e+01
-2.3839943203e+00, +4.9978273175e+01
-5.5655582847e+00, +4.9978632019e+01
-8.7552827916e+00, +4.9981018039e+01
-1.1962071638e+01, +4.9989446572e+01
-1.5227378279e+01, +5.0020387692e+01
-3.0526404760e+00, -6.1313559644e+00
-4.8443177918e+00, -5.3415089569e+00
-4.8443177918e+00, -5.3415089569e+00
-3.0526404760e+00, -6.1313559644e+00
-1.3021976284e+00, -6.5391893969e+00
+2.1742485862e+00, -6.3783949708e+00
+3.9409726158e+00, -5.7900271642e+00
+5.7705555987e+00, -4.7648453734e+00
+3.9409726158e+00, -5.7900271642e+00
+2.1742485862e+00, -6.3783949708e+00
+1.3579206394e+01, +4.9999016521e+01
+1.0355399259e+01, +4.9984058230e+01
+7.1587943906e+00, +4.9979398903e+01
+3.9738992684e+00, +4.9978340075e+01
+7.9444471916e-01, +4.9978276761e+01
-2.3839846881e+00, +4.9978273175e+01
-5.5655487252e+00, +4.9978632016e+01
-8.7552732858e+00, +4.9981018026e+01
-1.1962062144e+01, +4.9989446530e+01
-1.5227368408e+01, +5.0020387454e+01
-3.0526404760e+00, -6.1313559644e+00
-4.8443177918e+00, -5.3415089569e+00
-4.8443177918e+00, -5.3415089569e+00
-3.0526404760e+00, -6.1313559644e+00
-1.3021976284e+00, -6.5391893969e+00
+2.1742485862e+00, -6.3783949708e+00
+3.9409726158e+00, -5.7900271642e+00
+5.7705555987e+00, -4.7648453734e+00
+3.9409726158e+00, -5.7900271642e+00
+2.1742485862e+00, -6.3783949708e+00
+1.3579215007e+01, +4.9999016590e+01
+1.0355407675e+01, +4.9984058251e+01
+7.1588026909e+00, +4.9979398909e+01
+3.9739074770e+00, +4.9978340076e+01
+7.9445284996e-01, +4.9978276761e+01
-2.3839766237e+00, +4.9978273175e+01
-5.5655407153e+00, +4.9978632014e+01
-8.7552653147e+00, +4.9981018015e+01
-1.1962054177e+01, +4.9989446495e+01
-1.5227360118e+01, +5.0020387254e+01
-3.0526404760e+00, -6.1313559644e+00
-4.8443177918e+00, -5.3415089569e+00
-4.8443177918e+00, -5.3415089569e+00
-3.0526404760e+00, -6.1313559644e+00
-1.3021976284e+00, -6.5391893969e+00
+2.1742485862e+00, -6.3783949708e+00
+3.9409726158e+00, -5.7900271642e+00
+5.7705555987e+00, -4.7648453734e+00
+3.9409726158e+00, -5.7900271642e+00
+2.1742485862e+00, -6.3783949708e+00
+1.3579222298e+01, +4.9999016647e+01
+1.0355414804e+01, +4.9984058269e+01
+7.1588097277e+00, +4.9979398914e+01
+3.9739144408e+00, +4.9978340077e+01
+7.9445975232e-01, +4.9978276761e+01
-2.3839697731e+00, +4.9978273175e+01
-5.5655339066e+00, +4.9978632012e+01
-8.7552585345e+00, +4.9981018005e+01
-1.1962047396e+01, +4.9989446466e+01
-1.5227353057e+01, +5.0020387084e+01
-3.0526404760e+00, -6.1313559644e+00
-4.8443177918e+00, -5.3415089569e+00
-4.8443177918e+00, -5.3415089569e+00
-3.0526404760e+00, -6.1313559644e+00
-1.3021976284e+00, -6.5391893969e+00
+2.1742485862e+00, -6.3783949708e+00
+3.9409726158e+00, -5.7900271642e+00
+5.7705555987e+00, -4.7648453734e+00
+3.9409726158e+00, -5.7900271642e+00
+2.1742485862e+00, -6.3783949708e+00
+1.3579228550e+01, +4.9999016697e+01
+1.0355420921e+01, +4.9984058284e+01
+7.1588157690e+00, +4.9979398918e+01
+3.9739204229e+00, +4.9978340077e+01
+7.9446568508e-01, +4.9978276761e+01
-2.3839638815e+00, +4.9978273175e+01
-5.5655280476e+00, +4.9978632010e+01
-8.7552526968e+00, +4.9981017997e+01
-1.1962041555e+01, +4.9989446440e+01
-1.5227346971e+01, +5.0020386937e+01
-3.0526404760e+00, -6.1313559644e+00
-4.8443177918e+00, -5.3415089569e+00
-4.8443177918e+00, -5.3415089569e+00
-3.0526404760e+00, -6.1313559644e+00
-1.3021976284e+00, -6.5391893969e+00
+2.1742485862e+00, -6.3783949708e+00
+3.9409726158e+00, -5.7900271642e+00
+5.7705555987e+00, -4.7648453734e+00
+3.9409726158e+00, -5.7900271642e+00
+2.1742485862e+00, -6.3783949708e+00
+1.3579233970e+01, +4.9999016740e+01
+1.0355426228e+01, +4.9984058298e+01
+7.1588210121e+00, +4.9979398921e+01
+3.9739256172e+00, +4.9978340078e+01
+7.9447083913e-01, +4.9978276761e+01
-2.3839587606e+00, +4.9978273175e+01
-5.5655229527e+00, +4.9978632009e+01
-8.7552476178e+00, +4.9981017990e+01
-1.1962036470e+01, +4.9989446418e+01
-1.5227341671e+01, +5.0020386809e+01
-3.0526404760e+00, -6.1313559644e+00
-4.8443177918e+00, -5.3415089569e+00
-4.8443177918e+00, -5.3415089569e+00
-3.0526404760e+00, -6.1313559644e+00
-1.3021976284e+00, -6.5391893969e+00
+2.1742485862e+00, -6.3783949708e+00
+3.9409726158e+00, -5.7900271642e+00
+5.7705555987e+00, -4.7648453734e+00
+3.9409726158e+00, -5.7900271642e+00
+2.1742485862e+00, -6.3783949708e+00
+1.3579238715e+01, +4.9999016777e+01
+1.0355430875e+01, +4.9984058309e+01
+7.1588256054e+00, +4.9979398925e+01
+3.9739301697e+00, +4.9978340078e+01
+7.9447535835e-01, +4.9978276761e+01
-2.3839542686e+00, +4.9978273175e+01
-5.5655184814e+00, +4.9978632007e+01
-8.7552431587e+00, +4.9981017984e+01
-1.1962032004e+01, +4.9989446399e+01
-1.5227337014e+01, +5.0020386697e+01
-3.0526404760e+00, -6.1313559644e+00
-4.8443177918e+00, -5.3415089569e+00
-4.8443177918e+00, -5.3415089569e+00
-3.0526404760e+00, -6.1313559644e+00
-1.3021976284e+00, -6.5391893969e+00
+2.1742485862e+00, -6.3783949708e+00
+3.9409726158e+00, -5.7900271642e+00
+5.7705555987e+00, -4.7648453734e+00
+3.9409726158e+00, -5.7900271642e+00
+2.1742485862e+00, -6.3783949708e+00
+1.3579242903e+01, +4.9999016811e+01
+1.0355434977e+01, +4.9984058319e+01
+7.1588296627e+00, +4.9979398928e+01
+3.9739341925e+00, +4.9978340079e+01
+7.9447935323e-01, +4.9978276761e+01
-2.3839502962e+00, +4.9978273175e+01
-5.5655145259e+00, +4.9978632006e+01
-8.7552392125e+00, +4.9981017979e+01
-1.1962028050e+01, +4.9989446381e+01
-1.5227332890e+01, +5.0020386597e+01
-3.0526404760e+00, -6.1313559644e+00
-4.8443177918e+00, -5.3415089569e+00
-4.8443177918e+00, -5.3415089569e+00
-3.0526404760e+00, -6.1313559644e+00
-1.3021976284e+00, -6.5391893969e+00
+2.1742485862e+00, -6.3783949708e+00
+3.9409726158e+00, -5.7900271642e+00
+5.7705555987e+00, -4.7648453734e+00
+3.9409726158e+00, -5.7900271642e+00
+2.1742485862e+00, -6.3783949708e+00
+1.3579246626e+01, +4.9999016840e+01
+1.0355438627e+01, +4.9984058329e+01
+7.1588332726e+00, +4.9979398930e+01
+3.9739377729e+00, +4.9978340079e+01
+7.9448291001e-01, +4.9978276761e+01
-2.3839467583e+00, +4.9978273174e+01
-5.5655110019e+00, +4.9978632005e+01
-8.7552356956e+00, +4.9981017974e+01
-1.1962024525e+01, +4.9989446366e+01
-1.5227329211e+01, +5.0020386509e+01
-3.0526404760e+00, -6.1313559644e+00
-4.8443177918e+00, -5.3415089569e+00
-4.8443177918e+00, -5.3415089569e+00
-3.0526404760e+00, -6.1313559644e+00
-1.3021976284e+00, -6.5391893969e+00
+2.1742485862e+00, -6.3783949708e+00
+3.9409726158e+00, -5.7900271642e+00
+5.7705555987e+00, -4.7648453734e+00
+3.9409726158e+00, -5.7900271642e+00
+2.1742485862e+00, -6.3783949708e+00
+1.3579249958e+01, +4.9999016867e+01
+1.0355441893e+01, +4.9984058337e+01
+7.1588365052e+00, +4.9979398932e+01
+3.9739409802e+00, +4.9978340079e+01
+7.9448609701e-01, +4.9978276761e+01
-2.3839435872e+00, +4.9978273174e+01
-5.5655078423e+00, +4.9978632004e+01
-8.7552325414e+00, +4.9981017969e+01
-1.1962021362e+01, +4.9989446352e+01
-1.5227325910e+01, +5.0020386429e+01
-3.0526404760e+00, -6.1313559644e+00
-4.8443177918e+00, -5.3415089569e+00
-4.8443177918e+00, -5.3415089569e+00
-3.0526404760e+00, -6.1313559644e+00
-1.3021976284e+00, -6.5391893969e+00
+2.1742485862e+00, -6.3783949708e+00
+3.9409726158e+00, -5.7900271642e+00
+5.7705555987e+00, -4.7648453734e+00
+3.9409726158e+00, -5.7900271642e+00
+2.1742485862e+00, -6.3783949708e+00
+1.3579252958e+01, +4.9999016890e+01
+1.0355444835e+01, +4.9984058344e+01
+7.1588394167e+00, +4.9979398934e+01
+3.9739438696e+00, +4.9978340080e+01
+7.9448896906e-01, +4.9978276761e+01
-2.3839407287e+00, +4.9978273174e+01
-5.5655049934e+00, +4.9978632003e+01
-8.7552296966e+00, +4.9981017965e+01
-1.1962018509e+01, +4.9989446340e+01
-1.5227322932e+01, +5.0020386357e+01
-3.0526404760e+00, -6.1313559644e+00
-4.8443177918e+00, -5.3415089569e+00
-4.8443177918e+00, -5.3415089569e+00
-3.0526404760e+00, -6.1313559644e+00
-1.3021976284e+00, -6.5391893969e+00
+2.1742485862e+00, -6.3783949708e+00
+3.9409726158e+00, -5.7900271642e+00
+5.7705555987e+00, -4.7648453734e+00
+3.9409726158e+00, -5.7900271642e+00
+2.1742485862e+00, -6.3783949708e+00
+1.3579255672e+01, +4.9999016912e+01
+1.0355447497e+01, +4.9984058351e+01
+7.1588420528e+00, +4.9979398936e+01
+3.9739464864e+00, +4.9978340080e+01
+7.9449157064e-01, +4.9978276761e+01
-2.3839381389e+00, +4.9978273174e+01
-5.5655024116e+00, +4.9978632002e+01
-8.7552271179e+00, +4.9981017962e+01
-1.1962015923e+01, +4.9989446328e+01
-1.5227320230e+01, +5.0020386292e+01
-3.0526404760e+00, -6.1313559644e+00
-4.8443177918e+00, -5.3415089569e+00
-4.8443177918e+00, -5.3415089569e+00
-3.0526404760e+00, -6.1313559644e+00
-1.3021976284e+00, -6.5391893969e+00
+2.1742485862e+00, -6.3783949708e+00
+3.9409726158e+00, -5.7900271642e+00
+5.7705555987e+00, -4.7648453734e+00
+3.9409726158e+00, -5.7900271642e+00
+2.1742485862e+00, -6.3783949708e+00
+1.3579258140e+01, +4.9999016931e+01
+1.0355449919e+01, +4.9984058357e+01
+7.1588444507e+00, +4.9979398938e+01
+3.9739488672e+00, +4.9978340080e+01
+7.9449393823e-01, +4.9978276761e+01
-2.3839357814e+00, +4.9978273174e+01
-5.5655000609e+00, +4.9978632002e+01
-8.7552247696e+00, +4.9981017959e+01
-1.1962013567e+01, +4.9989446318e+01
-1.5227317769e+01, +5.0020386233e+01
-3.0526404760e+00, -6.1313559644e+00
-4.8443177918e+00, -5.3415089569e+00
-4.8443177918e+00, -5.3415089569e+00
-3.0526404760e+00, -6.1313559644e+00
-1.3021976284e+00, -6.5391893969e+00
+2.1742485862e+00, -6.3783949708e+00
+3.9409726158e+00, -5.7900271642e+00
+5.7705555987e+00, -4.7648453734e+00
+3.9409726158e+00, -5.7900271642e+00
+2.1742485862e+00, -6.3783949708e+00
+1.3579260394e+01, +4.9999016949e+01
+1.0355452131e+01, +4.9984058362e+01
+7.1588466414e+00, +4.9979398939e+01
+3.9739510427e+00, +4.9978340080e+01
+7.9449610205e-01, +4.9978276761e+01
-2.3839336263e+00, +4.9978273174e+01
-5.5654979117e+00, +4.9978632001e+01
-8.7552226220e+00, +4.9981017956e+01
-1.1962011412e+01, +4.9989446309e+01
-1.5227315518e+01, +5.0020386179e+01
-3.0526404760e+00, -6.1313559644e+00
-4.8443177918e+00, -5.3415089569e+00
-4.8443177918e+00, -5.3415089569e+00
-3.0526404760e+00, -6.1313559644e+00
-1.3021976284e+00, -6.5391893969e+00
+2.1742485862e+00, -6.3783949708e+00
+3.9409726158e+00, -5.7900271642e+00
+5.7705555987e+00, -4.7648453734e+00
+3.9409726158e+00, -5.7900271642e+00
+2.1742485862e+00, -6.3783949708e+00
+1.3579262461e+01, +4.9999016966e+01
+1.0355454159e+01, +4.9984058367e+01
+7.1588486505e+00, +4.9979398941e+01
+3.9739530383e+00, +4.9978340080e+01
+7.9449808732e-01, +4.9978276761e+01
-2.3839316488e+00, +4.9978273174e+01
-5.5654959391e+00, +4.9978632000e+01
-8.7552206506e+00, +4.9981017953e+01
-1.1962009433e+01, +4.9989446300e+01
-1.5227313450e+01, +5.0020386129e+01
-3.0526404760e+00, -6.1313559644e+00
-4.8443177918e+00, -5.3415089569e+00
-4.8443177918e+00, -5.3415089569e+00
-3.0526404760e+00, -6.1313559644e+00
-1.3021976284e+00, -6.5391893969e+00
+2.1742485862e+00, -6.3783949708e+00
+3.9409726158e+00, -5.7900271642e+00
+5.7705555987e+00, -4.7648453734e+00
+3.9409726158e+00, -5.7900271642e+00
+2.1742485862e+00, -6.3783949708e+00
-8.9373323419e+00, -1.6333700659e+00
-6.7334615639e+00, -4.0236515247e+00
-4.8443177918e+00, -5.3415089569e+00
-3.0526404760e+00, -6.1313559644e+00
-1.3021976284e+00, -6.5391893969e+00
+4.3368620579e-01, -6.6184818847e+00
+2.1742485862e+00, -6.3783949708e+00
+3.9409726158e+00, -5.7900271642e+00
+5.7705555987e+00, -4.7648453734e+00
+7.7616556709e+00, -3.0452934990e+00
+2.1742485862e+00, -6.3783949708e+00
+2.1742485862e+00, -6.3783949708e+00
+3.9409726158e+00, -5.7900271642e+00
+2.1742485862e+00, -6.3783949708e+00
+4.3368620579e-01, -6.6184818847e+00
-3.0526404760e+00, -6.1313559644e+00
-4.8443177918e+00, -5.3415089569e+00
-6.7334615639e+00, -4.0236515247e+00
-6.7334615639e+00, -4.0236515247e+00
-3.0526404760e+00, -6.1313559644e+00
-1.5226090577e+01, +5.0020356672e+01
-1.1960896550e+01, +4.9989441440e+01
-8.7541639492e+00, +4.9981016490e+01
-5.5644862306e+00, +4.9978631697e+01
-2.3829632142e+00, +4.9978273166e+01
+7.9542979608e-01, +4.9978276756e+01
+3.9748519893e+00, +4.9978340163e+01
+7.1597186036e+00, +4.9979399550e+01
+1.0356299401e+01, +4.9984060485e+01
+1.3580092401e+01, +4.9999023543e+01
+2.1742485862e+00, -6.3783949708e+00
+3.9409726158e+00, -5.7900271642e+00
+3.9409726158e+00, -5.7900271642e+00
+3.9409726158e+00, -5.7900271642e+00
+4.3368620579e-01, -6.6184818847e+00
-1.3021976284e+00, -6.5391893969e+00
-4.8443177918e+00, -5.3415089569e+00
-6.7334615639e+00, -4.0236515247e+00
-6.7334615639e+00, -4.0236515247e+00
-3.0526404760e+00, -6.1313559644e+00
-1.5226674011e+01, +5.0020370720e+01
-1.1961413591e+01, +4.9989443698e+01
-8.7546422915e+00, +4.9981017152e+01
-5.5649318195e+00, +4.9978631831e+01
-2.3833800746e+00, +4.9978273170e+01
+7.9503841267e-01, +4.9978276758e+01
+3.9744832918e+00, +4.9978340129e+01
+7.1593700712e+00, +4.9979399306e+01
+1.0355968473e+01, +4.9984059656e+01
+1.3579774720e+01, +4.9999021025e+01
+2.1742485862e+00, -6.3783949708e+00
+3.9409726158e+00, -5.7900271642e+00
+5.7705555987e+00, -4.7648453734e+00
+3.9409726158e+00, -5.7900271642e+00
+2.1742485862e+00, -6.3783949708e+00
-1.3021976284e+00, -6.5391893969e+00
-3.0526404760e+00, -6.1313559644e+00
-4.8443177917e+00, -5.3415089571e+00
-4.8443177918e+00, -5.3415089569e+00
-3.0526404760e+00, -6.1313559644e+00
-1.5226870142e+01, +5.0020375445e+01
-1.1961593001e+01, +4.9989444481e+01
-8.7548132899e+00, +4.9981017389e+01
-5.5650956346e+00, +4.9978631880e+01
-2.3835374300e+00, +4.9978273171e+01
+7.9488694112e-01, +4.9978276759e+01
+3.9743371893e+00, +4.9978340116e+01
+7.1592288312e+00, +4.9979399207e+01
+1.0355831483e+01, +4.9984059313e+01
+1.3579640527e+01, +4.9999019962e+01
+2.1742485862e+00, -6.3783949708e+00
+3.9409726158e+00, -5.7900271642e+00
+5.7705555987e+00, -4.7648453734e+00
+3.9409726158e+00, -5.7900271642e+00
+2.1742485862e+00, -6.3783949708e+00
-1.3021976284e+00, -6.5391893969e+00
-3.0526404760e+00, -6.1313559644e+00
-4.8443177918e+00, -5.3415089569e+00
-4.8443177918e+00, -5.3415089569e+00
-3.0526404760e+00, -6.1313559644e+00
-1.5226968518e+01, +5.0020377815e+01
-1.1961684090e+01, +4.9989444879e+01
-8.7549011311e+00, +4.9981017510e+01
-5.5651807425e+00, +4.9978631906e+01
-2.3836200791e+00, +4.9978273172e+01
+7.9480653886e-01, +4.9978276759e+01
+3.9742588423e+00, +4.9978340109e+01
+7.1591523410e+00, +4.9979399154e+01
+1.0355756583e+01, +4.9984059125e+01
+1.3579566474e+01, +4.9999019375e+01
+2.1742485862e+00, -6.3783949708e+00
+3.9409726158e+00, -5.7900271642e+00
+5.7705555987e+00, -4.7648453734e+00
+3.9409726158e+00, -5.7900271642e+00
+2.1742485862e+00, -6.3783949708e+00
-1.3021976284e+00, -6.5391893969e+00
-3.0526404760e+00, -6.1313559644e+00
-4.8443177918e+00, -5.3415089569e+00
-4.8443177918e+00, -5.3415089569e+00
-3.0526404760e+00, -6.1313559644e+00
-1.5227027643e+01, +5.0020379240e+01
-1.1961739194e+01, +4.9989445120e+01
-8.7549546097e+00, +4.9981017584e+01
-5.5652328796e+00, +4.9978631921e+01
-2.3836710171e+00, +4.9978273172e+01
+7.9475669265e-01, +4.9978276760e+01
+3.9742099900e+00, +4.9978340104e+01
+7.1591043780e+00, +4.9979399120e+01
+1.0355709359e+01, +4.9984059007e+01
+1.3579519535e+01, +4.9999019003e+01
+2.1742485862e+00, -6.3783949708e+00
+3.9409726158e+00, -5.7900271642e+00
+5.7705555987e+00, -4.7648453734e+00
+3.9409726158e+00, -5.7900271642e+00
+2.1742485862e+00, -6.3783949708e+00
-1.3021976284e+00, -6.5391893969e+00
-3.0526404760e+00, -6.1313559644e+00
-4.8443177918e+00, -5.3415089569e+00
-4.8443177918e+00, -5.3415089569e+00
-3.0526404760e+00, -6.1313559644e+00
-1.5227067100e+01, +5.0020380191e+01
-1.1961776119e+01, +4.9989445281e+01
-8.7549905905e+00, +4.9981017634e+01
-5.5652680962e+00, +4.9978631932e+01
-2.3837055567e+00, +4.9978273173e+01
+7.9472276517e-01, +4.9978276760e+01
+3.9741766155e+00, +4.9978340101e+01
+7.1590714916e+00, +4.9979399097e+01
+1.0355676864e+01, +4.9984058925e+01
+1.3579487121e+01, +4.9999018746e+01
+2.1742485862e+00, -6.3783949708e+00
+3.9409726158e+00, -5.7900271642e+00
+5.7705555987e+00, -4.7648453734e+00
+3.9409726158e+00, -5.7900271642e+00
+2.1742485862e+00, -6.3783949708e+00
-1.3021976284e+00, -6.5391893969e+00
-3.0526404760e+00, -6.1313559644e+00
-4.8443177918e+00, -5.3415089569e+00
-4.8443177918e+00, -5.3415089569e+00
-3.0526404760e+00, -6.1313559644e+00
-1.5227095305e+01, +5.0020380870e+01
-1.1961802588e+01, +4.9989445397e+01
-8.7550164538e+00, +4.9981017670e+01
-5.5652934792e+00, +4.9978631940e+01
-2.3837305187e+00, +4.9978273173e+01
+7.9469818080e-01, +4.9978276760e+01
+3.9741523689e+00, +4.9978340099e+01
+7.1590475387e+00, +4.9979399080e+01
+1.0355653136e+01, +4.9984058866e+01
+1.3579463395e+01, +4.9999018558e+01
+2.1742485862e+00, -6.3783949708e+00
+3.9409726158e+00, -5.7900271642e+00
+5.7705555987e+00, -4.7648453734e+00
+3.9409726158e+00, -5.7900271642e+00
+2.1742485862e+00, -6.3783949708e+00
-1.3021976284e+00, -6.5391893969e+00
-3.0526404760e+00, -6.1313559644e+00
-4.8443177918e+00, -5.3415089569e+00
-4.8443177918e+00, -5.3415089569e+00
-3.0526404760e+00, -6.1313559644e+00
-1.5227116469e+01, +5.0020381380e+01
-1.1961822491e+01, +4.9989445484e+01
-8.7550359409e+00, +4.9981017697e+01
-5.5653126429e+00, +4.9978631945e+01
-2.3837494017e+00, +4.9978273173e+01
+7.9467954721e-01, +4.9978276760e+01
+3.9741339561e+00, +4.9978340097e+01
+7.1590293143e+00, +4.9979399067e+01
+1.0355635050e+01, +4.9984058821e+01
+1.3579445276e+01, +4.9999018414e+01
+2.1742485862e+00, -6.3783949708e+00
+3.9409726158e+00, -5.7900271642e+00
+5.7705555987e+00, -4.7648453734e+00
+3.9409726158e+00, -5.7900271642e+00
+2.1742485862e+00, -6.3783949708e+00
-1.3021976284e+00, -6.5391893969e+00
-3.0526404760e+00, -6.1313559644e+00
-4.8443177918e+00, -5.3415089569e+00
-4.8443177918e+00, -5.3415089569e+00
-3.0526404760e+00, -6.1313559644e+00
-1.5227132937e+01, +5.0020381777e+01
-1.1961838002e+01, +4.9989445551e+01
-8.7550511511e+00, +4.9981017718e+01
-5.5653276235e+00, +4.9978631950e+01
-2.3837641853e+00, +4.9978273173e+01
+7.9466493705e-01, +4.9978276760e+01
+3.9741194977e+00, +4.9978340096e+01
+7.1590149830e+00, +4.9979399057e+01
+1.0355620806e+01, +4.9984058785e+01
+1.3579430987e+01, +4.9999018301e+01
+2.1742485862e+00, -6.3783949708e+00
+3.9409726158e+00, -5.7900271642e+00
+5.7705555987e+00, -4.7648453734e+00
+3.9409726158e+00, -5.7900271642e+00
+2.1742485862e+00, -6.3783949708e+00
-1.3021976284e+00, -6.5391893969e+00
-3.0526404760e+00, -6.1313559644e+00
-4.8443177918e+00, -5.3415089569e+00
-4.8443177918e+00, -5.3415089569e+00
-3.0526404760e+00, -6.1313559644e+00
-1.5227146115e+01, +5.0020382095e+01
-1.1961850430e+01, +4.9989445606e+01
-8.7550633531e+00, +4.9981017735e+01
-5.5653396560e+00, +4.9978631953e+01
-2.3837760738e+00, +4.9978273173e+01
+7.9465317416e-01, +4.9978276760e+01
+3.9741078433e+00, +4.9978340095e+01
+7.1590034176e+00, +4.9979399049e+01
+1.0355609298e+01, +4.9984058756e+01
+1.3579419429e+01, +4.9999018209e+01
+2.1742485862e+00, -6.3783949708e+00
+3.9409726158e+00, -5.7900271642e+00
+5.7705555987e+00, -4.7648453734e+00
+3.9409726158e+00, -5.7900271642e+00
+2.1742485862e+00, -6.3783949708e+00
-1.3021976284e+00, -6.5391893969e+00
-3.0526404760e+00, -6.1313559644e+00
-4.8443177918e+00, -5.3415089569e+00
-4.8443177918e+00, -5.3415089569e+00
-3.0526404760e+00, -6.1313559644e+00
-1.5227156901e+01, +5.0020382355e+01
-1.1961860611e+01, +4.9989445650e+01
-8.7550733590e+00, +4.9981017749e+01
-5.5653495325e+00, +4.9978631956e+01
-2.3837858416e+00, +4.9978273173e+01
+7.9464350013e-01, +4.9978276760e+01
+3.9740982494e+00, +4.9978340094e+01
+7.1589938880e+00, +4.9979399043e+01
+1.0355599807e+01, +4.9984058732e+01
+1.3579409888e+01, +4.9999018134e+01
+2.1742485862e+00, -6.3783949708e+00
+3.9409726158e+00, -5.7900271642e+00
+5.7705555987e+00, -4.7648453734e+00
+3.9409726158e+00, -5.7900271642e+00
+2.1742485862e+00, -6.3783949708e+00
-1.3021976284e+00, -6.5391893969e+00
-3.0526404760e+00, -6.1313559644e+00
-4.8443177918e+00, -5.3415089569e+00
-4.8443177918e+00, -5.3415089569e+00
-3.0526404760e+00, -6.1313559644e+00
-1.5227165890e+01, +5.0020382572e+01
-1.1961869104e+01, +4.9989445687e+01
-8.7550817128e+00, +4.9981017760e+01
-5.5653577850e+00, +4.9978631959e+01
-2.3837940099e+00, +4.9978273173e+01
+7.9463540391e-01, +4.9978276760e+01
+3.9740902138e+00, +4.9978340093e+01
+7.1589859000e+00, +4.9979399037e+01
+1.0355591846e+01, +4.9984058712e+01
+1.3579401878e+01, +4.9999018070e+01
+2.1742485862e+00, -6.3783949708e+00
+3.9409726158e+00, -5.7900271642e+00
+5.7705555987e+00, -4.7648453734e+00
+3.9409726158e+00, -5.7900271642e+00
+2.1742485862e+00, -6.3783949708e+00
-1.3021976284e+00, -6.5391893969e+00
-3.0526404760e+00, -6.1313559644e+00
-4.8443177918e+00, -5.3415089569e+00
-4.8443177918e+00, -5.3415089569e+00
-3.0526404760e+00, -6.1313559644e+00
-1.5227173498e+01, +5.0020382755e+01
-1.1961876296e+01, +4.9989445719e+01
-8.7550887924e+00, +4.9981017770e+01
-5.5653647836e+00, +4.9978631961e+01
-2.3838009416e+00, +4.9978273173e+01
+7.9462852861e-01, +4.9978276760e+01
+3.9740833855e+00, +4.9978340092e+01
+7.1589791076e+00, +4.9979399032e+01
+1.0355585071e+01, +4.9984058695e+01
+1.3579395058e+01, +4.9999018016e+01
+2.1742485862e+00, -6.3783949708e+00
+3.9409726158e+00, -5.7900271642e+00
+5.7705555987e+00, -4.7648453734e+00
+3.9409726158e+00, -5.7900271642e+00
+2.1742485862e+00, -6.3783949708e+00
-1.3021976284e+00, -6.5391893969e+00
-3.0526404760e+00, -6.1313559644e+00
-4.8443177918e+00, -5.3415089569e+00
-4.8443177918e+00, -5.3415089569e+00
-3.0526404760e+00, -6.1313559644e+00
-1.5227180020e+01, +5.0020382912e+01
-1.1961882466e+01, +4.9989445745e+01
-8.7550948687e+00, +4.9981017779e+01
-5.5653707938e+00, +4.9978631963e+01
-2.3838068980e+00, +4.9978273173e+01
+7.9462261742e-01, +4.9978276760e+01
+3.9740775114e+00, +4.9978340092e+01
+7.1589732611e+00, +4.9979399028e+01
+1.0355579237e+01, +4.9984058681e+01
+1.3579389181e+01, +4.9999017970e+01
+2.1742485862e+00, -6.3783949708e+00
+3.9409726158e+00, -5.7900271642e+00
+5.7705555987e+00, -4.7648453734e+00
+3.9409726158e+00, -5.7900271642e+00
+2.1742485862e+00, -6.3783949708e+00
-1.3021976284e+00, -6.5391893969e+00
-3.0526404760e+00, -6.1313559644e+00
-4.8443177918e+00, -5.3415089569e+00
-4.8443177918e+00, -5.3415089569e+00
-3.0526404760e+00, -6.1313559644e+00
-1.5227185673e+01, +5.0020383048e+01
-1.1961887816e+01, +4.9989445769e+01
-8.7551001408e+00, +4.9981017786e+01
-5.5653760112e+00, +4.9978631964e+01
-2.3838120712e+00, +4.9978273173e+01
+7.9461748082e-01, +4.9978276760e+01
+3.9740724044e+00, +4.9978340091e+01
+7.1589681757e+00, +4.9979399025e+01
+1.0355574159e+01, +4.9984058668e+01
+1.3579384064e+01, +4.9999017929e+01
+2.1742485862e+00, -6.3783949708e+00
+3.9409726158e+00, -5.7900271642e+00
+5.7705555987e+00, -4.7648453734e+00
+3.9409726158e+00, -5.7900271642e+00
+2.1742485862e+00, -6.3783949708e+00
-1.3021976284e+00, -6.5391893969e+00
-3.0526404760e+00, -6.1313559644e+00
-4.8443177918e+00, -5.3415089569e+00
-4.8443177918e+00, -5.3415089569e+00
-3.0526404760e+00, -6.1313559644e+00
-1.5227190620e+01, +5.0020383168e+01
-1.1961892500e+01, +4.9989445789e+01
-8.7551047586e+00, +4.9981017792e+01
-5.5653805831e+00, +4.9978631966e+01
-2.3838166063e+00, +4.9978273173e+01
+7.9461297594e-01, +4.9978276760e+01
+3.9740679237e+00, +4.9978340091e+01
+7.1589637119e+00, +4.9979399021e+01
+1.0355569701e+01, +4.9984058657e+01
+1.3579379569e+01, +4.9999017894e+01
+2.1742485862e+00, -6.3783949708e+00
+3.9409726158e+00, -5.7900271642e+00
+5.7705555987e+00, -4.7648453734e+00
+3.9409726158e+00, -5.7900271642e+00
+2.1742485862e+00, -6.3783949708e+00
-1.3021976284e+00, -6.5391893969e+00
-3.0526404760e+00, -6.1313559644e+00
-4.8443177918e+00, -5.3415089569e+00
-4.8443177918e+00, -5.3415089569e+00
-3.0526404760e+00, -6.1313559644e+00
-1.5227194985e+01, +5.0020383273e+01
-1.1961896636e+01, +4.9989445807e+01
-8.7551088366e+00, +4.9981017798e+01
-5.5653846221e+00, +4.9978631967e+01
-2.3838206145e+00, +4.9978273173e+01
+7.9460899298e-01, +4.9978276760e+01
+3.9740639605e+00, +4.9978340091e+01
+7.1589597623e+00, +4.9979399019e+01
+1.0355565754e+01, +4.9984058647e+01
+1.3579375589e+01, +4.9999017862e+01
+2.1742485862e+00, -6.3783949708e+00
+3.9409726158e+00, -5.7900271642e+00
+5.7705555987e+00, -4.7648453734e+00
+3.9409726158e+00, -5.7900271642e+00
+2.1742485862e+00, -6.3783949708e+00
-1.3021976284e+00, -6.5391893969e+00
-3.0526404760e+00, -6.1313559644e+00
-4.8443177918e+00, -5.3415089569e+00
-4.8443177918e+00, -5.3415089569e+00
-3.0526404760e+00, -6.1313559644e+00
-1.5227198866e+01, +5.0020383366e+01
-1.1961900313e+01, +4.9989445823e+01
-8.7551124644e+00, +4.9981017803e+01
-5.5653882164e+00, +4.9978631968e+01
-2.3838241824e+00, +4.9978273173e+01
+7.9460544622e-01, +4.9978276760e+01
+3.9740604302e+00, +4.9978340090e+01
+7.1589562429e+00, +4.9979399016e+01
+1.0355562236e+01, +4.9984058638e+01
+1.3579372040e+01, +4.9999017834e+01
+2.1742485862e+00, -6.3783949708e+00
+3.9409726158e+00, -5.7900271642e+00
+5.7705555987e+00, -4.7648453734e+00
+3.9409726158e+00, -5.7900271642e+00
+2.1742485862e+00, -6.3783949708e+00
-1.3021976284e+00, -6.5391893969e+00
-3.0526404760e+00, -6.1313559644e+00
-4.8443177918e+00, -5.3415089569e+00
-4.8443177918e+00, -5.3415089569e+00
-3.0526404760e+00, -6.1313559644e+00
-1.5227202338e+01, +5.0020383450e+01
-1.1961903604e+01, +4.9989445838e+01
-8.7551157125e+00, +4.9981017808e+01
-5.5653914356e+00, +4.9978631969e+01
-2.3838273790e+00, +4.9978273174e+01
+7.9460226770e-01, +4.9978276760e+01
+3.9740572655e+00, +4.9978340090e+01
+7.1589530870e+00, +4.9979399014e+01
+1.0355559081e+01, +4.9984058630e+01
+1.3579368855e+01, +4.9999017809e+01
+2.1742485862e+00, -6.3783949708e+00
+3.9409726158e+00, -5.7900271642e+00
+5.7705555987e+00, -4.7648453734e+00
+3.9409726158e+00, -5.7900271642e+00
+2.1742485862e+00, -6.3783949708e+00
-1.3021976284e+00, -6.5391893969e+00
-3.0526404760e+00, -6.1313559644e+00
-4.8443177918e+00, -5.3415089569e+00
-4.8443177918e+00, -5.3415089569e+00
-3.0526404760e+00, -6.1313559644e+00
-1.5227205464e+01, +5.0020383526e+01
-1.1961906568e+01, +4.9989445851e+01
-8.7551186376e+00, +4.9981017812e+01
-5.5653943354e+00, +4.9978631970e+01
-2.3838302592e+00, +4.9978273174e+01
+7.9459940292e-01, +4.9978276760e+01
+3.9740544124e+00, +4.9978340090e+01
+7.1589502411e+00, +4.9979399012e+01
+1.0355556235e+01, +4.9984058623e+01
+1.3579365982e+01, +4.9999017786e+01
+2.1742485862e+00, -6.3783949708e+00
+3.9409726158e+00, -5.7900271642e+00
+5.7705555987e+00, -4.7648453734e+00
+3.9409726158e+00, -5.7900271642e+00
+2.1742485862e+00, -6.3783949708e+00
-1.3021976284e+00, -6.5391893969e+00
-3.0526404760e+00, -6.1313559644e+00
-4.8443177918e+00, -5.3415089569e+00
-4.8443177918e+00, -5.3415089569e+00
-3.0526404760e+00, -6.1313559644e+00
-1.5227208292e+01, +5.0020383594e+01
-1.1961909250e+01, +4.9989445862e+01
-8.7551212856e+00, +4.9981017815e+01
-5.5653969612e+00, +4.9978631971e+01
-2.3838328679e+00, +4.9978273174e+01
+7.9459680761e-01, +4.9978276760e+01
+3.9740518270e+00, +4.9978340089e+01
+7.1589476616e+00, +4.9979399010e+01
+1.0355553654e+01, +4.9984058617e+01
+1.3579363377e+01, +4.9999017765e+01
+2.1742485862e+00, -6.3783949708e+00
+3.9409726158e+00, -5.7900271642e+00
+5.7705555987e+00, -4.7648453734e+00
+3.9409726158e+00, -5.7900271642e+00
+2.1742485862e+00, -6.3783949708e+00
-1.3021976284e+00, -6.5391893969e+00
-3.0526404760e+00, -6.1313559644e+00
-4.8443177918e+00, -5.3415089569e+00
-4.8443177918e+00, -5.3415089569e+00
-3.0526404760e+00, -6.1313559644e+00
-1.5227210863e+01, +5.0020383656e+01
-1.1961911689e+01, +4.9989445873e+01
-8.7551236942e+00, +4.9981017819e+01
-5.5653993500e+00, +4.9978631971e+01
-2.3838352418e+00, +4.9978273174e+01
+7.9459444546e-01, +4.9978276760e+01
+3.9740494734e+00, +4.9978340089e+01
+7.1589453128e+00, +4.9979399009e+01
+1.0355551304e+01, +4.9984058611e+01
+1.3579361003e+01, +4.9999017746e+01
+2.1742485862e+00, -6.3783949708e+00
+3.9409726158e+00, -5.7900271642e+00
+5.7705555987e+00, -4.7648453734e+00
+3.9409726158e+00, -5.7900271642e+00
+2.1742485862e+00, -6.3783949708e+00
-1.3021976284e+00, -6.5391893969e+00
-3.0526404760e+00, -6.1313559644e+00
-4.8443177918e+00, -5.3415089569e+00
-4.8443177918e+00, -5.3415089569e+00
-3.0526404760e+00, -6.1313559644e+00
-1.5227213210e+01, +5.0020383712e+01
-1.1961913916e+01, +4.9989445883e+01
-8.7551258943e+00, +4.9981017822e+01
-5.5654015326e+00, +4.9978631972e+01
-2.3838374110e+00, +4.9978273174e+01
+7.9459228639e-01, +4.9978276760e+01
+3.9740473217e+00, +4.9978340089e+01
+7.1589431651e+00, +4.9979399007e+01
+1.0355549155e+01, +4.9984058605e+01
+1.3579358832e+01, +4.9999017729e+01
+2.1742485862e+00, -6.3783949708e+00
+3.9409726158e+00, -5.7900271642e+00
+5.7705555987e+00, -4.7648453734e+00
+3.9409726158e+00, -5.7900271642e+00
+2.1742485862e+00, -6.3783949708e+00
-1.3021976284e+00, -6.5391893969e+00
-3.0526404760e+00, -6.1313559644e+00
-4.8443177918e+00, -5.3415089569e+00
-4.8443177918e+00, -5.3415089569e+00
-3.0526404760e+00, -6.1313559644e+00
-1.5227215362e+01, +5.0020383764e+01
-1.1961915958e+01, +4.9989445892e+01
-8.7551279119e+00, +4.9981017824e+01
-5.5654035345e+00, +4.9978631973e+01
-2.3838394011e+00, +4.9978273174e+01
+7.9459030529e-01, +4.9978276760e+01
+3.9740453469e+00, +4.9978340089e+01
+7.1589411937e+00, +4.9979399006e+01
+1.0355547181e+01, +4.9984058600e+01
+1.3579356838e+01, +4.9999017713e+01
+2.1742485862e+00, -6.3783949708e+00
+3.9409726158e+00, -5.7900271642e+00
+5.7705555987e+00, -4.7648453734e+00
+3.9409726158e+00, -5.7900271642e+00
+2.1742485862e+00, -6.3783949708e+00
-1.3021976284e+00, -6.5391893969e+00
-3.0526404760e+00, -6.1313559644e+00
-4.8443177918e+00, -5.3415089569e+00
-4.8443177918e+00, -5.3415089569e+00
-3.0526404760e+00, -6.1313559644e+00
-1.5227217342e+01, +5.0020383812e+01
