-4.6427841862e+01, +5.2457494443e+01
-4.7444520067e+01, -4.0764542628e-01
-3.8602556148e+01, +5.1408045581e+01
-4.4721063915e+01, +5.1858554734e+01
-4.7444520067e+01, -4.0764542628e-01
-5.1090234419e+01, -3.9731343493e-01
-5.4655441987e+01, -3.8967137901e-01
-5.8159932118e+01, -3.8379719711e-01
-6.1617066132e+01, -3.7914964875e-01
-6.5036305132e+01, -3.7538873626e-01
-6.8424597484e+01, -3.7228955972e-01
-7.1787195963e+01, -3.6969717379e-01
-7.5128166119e+01, -3.6750125326e-01
-7.8450716779e+01, -3.6562107466e-01
-8.1757422815e+01, -3.6399620457e-01
-8.5050379893e+01, -3.6258050594e-01
-8.8331314782e+01, -3.6133815560e-01
-9.1601665724e+01, -3.6024092488e-01
-9.4862642141e+01, -3.5926627820e-01
-9.8115269735e+01, -3.5839601563e-01
-1.0136042507e+02, -3.5761528587e-01
-1.0459886247e+02, -3.5691185666e-01
-1.0783123512e+02, -3.5627556748e-01
-1.1105811191e+02, -3.5569791360e-01
-1.1427999091e+02, -3.5517172603e-01
-1.1749731031e+02, -3.5469092259e-01
-1.2071045733e+02, -3.5425031239e-01
-1.2391977559e+02, -3.5384544075e-01
-1.2712557119e+02, -3.5347246520e-01
-1.3032811781e+02, -3.5312805558e-01
-1.3352766092e+02, -3.5280931285e-01
-1.3672442144e+02, -3.5251370282e-01
-1.3991859875e+02, -3.5223900154e-01
-1.4311037332e+02, -3.5198325022e-01
-1.4629990891e+02, -3.5174471758e-01
-1.4948735449e+02, -3.5152186849e-01
-1.5267284593e+02, -3.5131333753e-01
-1.5585650737e+02, -3.5111790670e-01
-1.5903845254e+02, -3.5093448645e-01
-1.6221878580e+02, -3.5076209961e-01
-1.6539760311e+02, -3.5059986761e-01
-1.6857499286e+02, -3.5044699862e-01
-1.7175103663e+02, -3.5030277736e-01
-1.7492580982e+02, -3.5016655633e-01
-1.7809938225e+02, -3.5003774815e-01
-1.8127181865e+02, -3.4991581891e-01
-1.8444317913e+02, -3.4980028240e-01
-1.8761351961e+02, -3.4969069502e-01
-1.9078289214e+02, -3.4958665135e-01
-1.9395134527e+02, -3.4948778023e-01
-1.9711892433e+02, -3.4939374133e-01
-2.0028567166e+02, -3.4930422208e-01
-2.0345162693e+02, -3.4921893498e-01
-2.0661682728e+02, -3.4913761525e-01
-2.0978130755e+02, -3.4906001861e-01
-2.1294510046e+02, -3.4898591946e-01
-2.1610823673e+02, -3.4891510917e-01
-2.1927074531e+02, -3.4884739453e-01
-2.2243265344e+02, -3.4878259641e-01
-2.2559398677e+02, -3.4872054854e-01
-2.2875476955e+02, -3.4866109642e-01
-2.3191502463e+02, -3.4860409631e-01
-2.3507477363e+02, -3.4854941434e-01
-2.3823403698e+02, -3.4849692572e-01
-2.4139283405e+02, -3.4844651399e-01
-2.4455118315e+02, -3.4839807036e-01
-2.4770910166e+02, -3.4835149311e-01
-2.5086660606e+02, -3.4830668706e-01
-2.5402371200e+02, -3.4826356302e-01
-2.5718043434e+02, -3.4822203740e-01
-2.6033678721e+02, -3.4818203177e-01
-2.6349278406e+02, -3.4814347246e-01
-2.6664843767e+02, -3.4810629024e-01
-2.6980376022e+02, -3.4807041998e-01
-2.7295876335e+02, -3.4803580039e-01
-2.7611345810e+02, -3.4800237373e-01
-2.7926785505e+02, -3.4797008556e-01
-2.8242196429e+02, -3.4793888453e-01
-2.8557579544e+02, -3.4790872218e-01
-2.8872935772e+02, -3.4787955270e-01
-2.9188265992e+02, -3.4785133281e-01
-2.9503571046e+02, -3.4782402157e-01
-2.9818851741e+02, -3.4779758023e-01
-3.0134108848e+02, -3.4777197209e-01
-3.0449343106e+02, -3.4774716237e-01
-3.0764555225e+02, -3.4772311810e-01
-3.1079745883e+02, -3.4769980799e-01
-3.1394915733e+02, -3.4767720236e-01
-3.1710065400e+02, -3.4765527299e-01
-3.2025195485e+02, -3.4763399309e-01
-3.2340306566e+02, -3.4761333717e-01
-3.2655399196e+02, -3.4759328100e-01
-3.2970473908e+02, -3.4757380149e-01
-3.3285531217e+02, -3.4755487669e-01
-3.3600571614e+02, -3.4753648565e-01
-3.3915595574e+02, -3.4751860845e-01
-3.4230603556e+02, -3.4750122604e-01
-3.4545595997e+02, -3.4748432030e-01
-3.4860573324e+02, -3.4746787388e-01
-3.5175535945e+02, -3.4745187026e-01
-3.5490484253e+02, -3.4743629364e-01
-3.5805418630e+02, -3.4742112892e-01
-3.6120339441e+02, -3.4740636166e-01
-3.6435247042e+02, -3.4739197805e-01
-3.6750141772e+02, -3.4737796489e-01
-3.7065023964e+02, -3.4736430953e-01
-3.7379893935e+02, -3.4735099986e-01
-3.7694751993e+02, -3.4733802428e-01
-3.8009598437e+02, -3.4732537168e-01
-3.8324433554e+02, -3.4731303139e-01
-3.8639257622e+02, -3.4730099320e-01
-3.8954070911e+02, -3.4728924730e-01
-3.9268873682e+02, -3.4727778430e-01
-3.9583666187e+02, -3.4726659514e-01
-3.9898448670e+02, -3.4725567116e-01
-4.0213221368e+02, -3.4724500403e-01
-4.0527984510e+02, -3.4723458574e-01
-4.0842738318e+02, -3.4722440859e-01
-4.1157483007e+02, -3.4721446519e-01
-4.1472218786e+02, -3.4720474841e-01
-4.1786945857e+02, -3.4719525141e-01
-4.2101664416e+02, -3.4718596759e-01
-4.2416374654e+02, -3.4717689060e-01
-4.2731076756e+02, -3.4716801435e-01
-4.3045770900e+02, -3.4715933293e-01
-4.3360457261e+02, -3.4715084069e-01
-4.3675136007e+02, -3.4714253214e-01
-4.3989807304e+02, -3.4713440203e-01
-4.4304471309e+02, -3.4712644526e-01
-4.4619128179e+02, -3.4711865695e-01
-4.4933778064e+02, -3.4711103235e-01
-4.5248421109e+02, -3.4710356690e-01
-4.5563057458e+02, -3.4709625620e-01
-4.5877687248e+02, -3.4708909599e-01
-4.6192310615e+02, -3.4708208216e-01
-4.6506927689e+02, -3.4707521074e-01
-4.6821538596e+02, -3.4706847791e-01
-4.7136143463e+02, -3.4706187994e-01
-4.7450742408e+02, -3.4705541325e-01
-4.7765335549e+02, -3.4704907439e-01
-4.8079923001e+02, -3.4704285999e-01
-4.8394504875e+02, -3.4703676682e-01
-4.8709081280e+02, -3.4703079173e-01
-4.9023652321e+02, -3.4702493170e-01
-4.9338218100e+02, -3.4701918378e-01
-4.9652778720e+02, -3.4701354513e-01
-4.9967334276e+02, -3.4700801298e-01
-5.0281884865e+02, -3.4700258468e-01
-5.0596430579e+02, -3.4699725763e-01
-5.0910971510e+02, -3.4699202933e-01
-5.1225507745e+02, -3.4698689735e-01
-5.1540039371e+02, -3.4698185934e-01
-5.1854566472e+02, -3.4697691300e-01
-5.2169089130e+02, -3.4697205613e-01
-5.2483607425e+02, -3.4696728659e-01
-5.2798121435e+02, -3.4696260227e-01
-5.3112631237e+02, -3.4695800118e-01
-5.3427136905e+02, -3.4695348134e-01
-5.3741638512e+02, -3.4694904084e-01
-5.4056136129e+02, -3.4694467785e-01
-5.4370629826e+02, -3.4694039056e-01
-5.4685119670e+02, -3.4693617723e-01
-5.4999605728e+02, -3.4693203616e-01
-5.5314088064e+02, -3.4692796573e-01
-5.5628566742e+02, -3.4692396431e-01
-5.5943041823e+02, -3.4692003036e-01
-5.6257513369e+02, -3.4691616238e-01
-5.6571981437e+02, -3.4691235889e-01
-5.6886446086e+02, -3.4690861846e-01
-5.7200907373e+02, -3.4690493970e-01
-5.7515365353e+02, -3.4690132128e-01
-5.7829820079e+02, -3.4689776186e-01
-5.8144271606e+02, -3.4689426019e-01
-5.8458719983e+02, -3.4689081500e-01
-5.8773165263e+02, -3.4688742510e-01
-5.9087607495e+02, -3.4688408930e-01
-5.9402046727e+02, -3.4688080646e-01
-5.9716483007e+02, -3.4687757546e-01
-6.0030916381e+02, -3.4687439521e-01
-6.0345346895e+02, -3.4687126467e-01
-6.0659774593e+02, -3.4686818278e-01
-6.0974199519e+02, -3.4686514856e-01
-6.1288621716e+02, -3.4686216102e-01
-6.1603041226e+02, -3.4685921921e-01
-6.1917458089e+02, -3.4685632220e-01
-6.2231872347e+02, -3.4685346908e-01
-6.2546284037e+02, -3.4685065897e-01
-6.2860693200e+02, -3.4684789102e-01
-6.3175099872e+02, -3.4684516437e-01
-6.3489504091e+02, -3.4684247821e-01
-6.3803905893e+02, -3.4683983174e-01
-6.4118305314e+02, -3.4683722419e-01
-6.4432702389e+02, -3.4683465479e-01
-6.4747097151e+02, -3.4683212281e-01
-6.5061489635e+02, -3.4682962751e-01
-6.5375879874e+02, -3.4682716820e-01
-6.5690267899e+02, -3.4682474418e-01
-6.6004653743e+02, -3.4682235478e-01
-6.6319037436e+02, -3.4681999934e-01
-6.6633419009e+02, -3.4681767723e-01
-6.6947798492e+02, -3.4681538782e-01
-6.7262175915e+02, -3.4681313049e-01
-6.7576551305e+02, -3.4681090465e-01
-6.7890924692e+02, -3.4680870971e-01
-6.8205296103e+02, -3.4680654511e-01
-6.8519665566e+02, -3.4680441029e-01
-6.8834033106e+02, -3.4680230470e-01
-6.9148398751e+02, -3.4680022782e-01
-6.9462762527e+02, -3.4679817912e-01
-6.9777124457e+02, -3.4679615809e-01
-7.0091484568e+02, -3.4679416424e-01
-7.0405842884e+02, -3.4679219708e-01
-7.0720199429e+02, -3.4679025614e-01
-7.1034554226e+02, -3.4678834095e-01
-7.1348907298e+02, -3.4678645107e-01
-7.1663258668e+02, -3.4678458603e-01
-7.1977608359e+02, -3.4678274543e-01
-7.2291956393e+02, -3.4678092881e-01
-7.2606302790e+02, -3.4677913578e-01
-7.2920647573e+02, -3.4677736592e-01
-7.3234990761e+02, -3.4677561884e-01
-7.3549332377e+02, -3.4677389415e-01
-7.3863672438e+02, -3.4677219146e-01
-7.4178010966e+02, -3.4677051041e-01
-7.4492347980e+02, -3.4676885062e-01
-7.4806683499e+02, -3.4676721174e-01
-7.5121017542e+02, -3.4676559343e-01
-7.5435350127e+02, -3.4676399533e-01
-7.5749681272e+02, -3.4676241711e-01
-7.6064010996e+02, -3.4676085845e-01
-7.6378339315e+02, -3.4675931902e-01
-7.6692666248e+02, -3.4675779850e-01
-7.7006991811e+02, -3.4675629659e-01
-7.7321316021e+02, -3.4675481299e-01
-7.7635638894e+02, -3.4675334739e-01
-7.7949960446e+02, -3.4675189952e-01
-7.8264280694e+02, -3.4675046907e-01
-7.8578599653e+02, -3.4674905578e-01
-7.8892917339e+02, -3.4674765937e-01
-7.9207233766e+02, -3.4674627958e-01
-7.9521548950e+02, -3.4674491613e-01
-7.9835862906e+02, -3.4674356878e-01
-8.0150175647e+02, -3.4674223727e-01
-8.0464487189e+02, -3.4674092135e-01
-8.0778797544e+02, -3.4673962078e-01
-8.1093106728e+02, -3.4673833533e-01
-8.1407414753e+02, -3.4673706475e-01
-8.1721721633e+02, -3.4673580882e-01
-8.2036027381e+02, -3.4673456732e-01
-8.2350332010e+02, -3.4673334003e-01
-8.2664635533e+02, -3.4673212672e-01
-8.2978937963e+02, -3.4673092719e-01
-8.3293239311e+02, -3.4672974124e-01
-8.3607539591e+02, -3.4672856864e-01
-8.3921838813e+02, -3.4672740922e-01
-8.4236136990e+02, -3.4672626276e-01
-8.4550434134e+02, -3.4672512908e-01
-8.4864730256e+02, -3.4672400798e-01
-8.5179025367e+02, -3.4672289929e-01
-8.5493319479e+02, -3.4672180281e-01
-8.5807612603e+02, -3.4672071838e-01
-8.6121904748e+02, -3.4671964581e-01
-8.6436195927e+02, -3.4671858493e-01
-8.6750486150e+02, -3.4671753557e-01
-8.7064775426e+02, -3.4671649757e-01
-8.7379063767e+02, -3.4671547076e-01
-8.7693351181e+02, -3.4671445499e-01
-8.8007637680e+02, -3.4671345009e-01
-8.8321923273e+02, -3.4671245591e-01
-8.8636207970e+02, -3.4671147229e-01
-8.8950491779e+02, -3.4671049910e-01
-8.9264774712e+02, -3.4670953617e-01
-8.9579056775e+02, -3.4670858338e-01
-8.9893337980e+02, -3.4670764057e-01
-9.0207618335e+02, -3.4670670761e-01
-9.0521897848e+02, -3.4670578436e-01
-9.0836176529e+02, -3.4670487068e-01
-9.1150454386e+02, -3.4670396645e-01
-9.1464731427e+02, -3.4670307153e-01
-9.1779007661e+02, -3.4670218580e-01
-9.2093283097e+02, -3.4670130913e-01
-9.2407557742e+02, -3.4670044140e-01
-9.2721831604e+02, -3.4669958249e-01
-9.3036104692e+02, -3.4669873227e-01
-9.3350377013e+02, -3.4669789063e-01
-9.3664648575e+02, -3.4669705746e-01
-9.3978919385e+02, -3.4669623265e-01
-9.4293189452e+02, -3.4669541607e-01
-9.4607458782e+02, -3.4669460762e-01
-9.4921727382e+02, -3.4669380720e-01
-9.5235995261e+02, -3.4669301470e-01
-9.5550262425e+02, -3.4669223001e-01
-9.5864528881e+02, -3.4669145303e-01
-9.6178794637e+02, -3.4669068367e-01
-9.6493059698e+02, -3.4668992181e-01
-9.6807324072e+02, -3.4668916737e-01
-9.7121587766e+02, -3.4668842025e-01
-9.7435850785e+02, -3.4668768035e-01
-9.7750113137e+02, -3.4668694758e-01
-9.8064374829e+02, -3.4668622185e-01
-9.8378635865e+02, -3.4668550307e-01
-9.8692896253e+02, -3.4668479115e-01
-9.9007155999e+02, -3.4668408601e-01
-9.9321415108e+02, -3.4668338756e-01
-9.9635673588e+02, -3.4668269571e-01
-9.9949931443e+02, -3.4668201038e-01
-1.0026418868e+03, -3.4668133148e-01
-1.0057844530e+03, -3.4668065895e-01
-1.0089270132e+03, -3.4667999270e-01
-1.0120695674e+03, -3.4667933265e-01
-1.0152121156e+03, -3.4667867872e-01
-1.0183546579e+03, -3.4667803085e-01
-1.0214971944e+03, -3.4667738895e-01
-1.0246397250e+03, -3.4667675295e-01
-1.0277822500e+03, -3.4667612278e-01
-1.0309247692e+03, -3.4667549837e-01
-1.0340672828e+03, -3.4667487964e-01
-1.0372097909e+03, -3.4667426654e-01
-1.0403522934e+03, -3.4667365899e-01
-1.0434947904e+03, -3.4667305692e-01
-1.0466372820e+03, -3.4667246027e-01
-1.0497797682e+03, -3.4667186898e-01
-1.0529222490e+03, -3.4667128298e-01
-1.0560647246e+03, -3.4667070220e-01
-1.0592071949e+03, -3.4667012659e-01
-1.0623496601e+03, -3.4666955608e-01
-1.0654921201e+03, -3.4666899062e-01
-1.0686345749e+03, -3.4666843014e-01
-1.0717770248e+03, -3.4666787459e-01
-1.0749194696e+03, -3.4666732391e-01
-1.0780619094e+03, -3.4666677804e-01
-1.0812043443e+03, -3.4666623692e-01
-1.0843467744e+03, -3.4666570051e-01
-1.0874891996e+03, -3.4666516874e-01
-1.0906316200e+03, -3.4666464157e-01
-1.0937740356e+03, -3.4666411893e-01
-1.0969164465e+03, -3.4666360079e-01
-1.1000588528e+03, -3.4666308708e-01
-1.1032012544e+03, -3.4666257776e-01
-1.1063436514e+03, -3.4666207277e-01
-1.1094860438e+03, -3.4666157208e-01
-1.1126284318e+03, -3.4666107562e-01
-1.1157708152e+03, -3.4666058335e-01
-1.1189131942e+03, -3.4666009523e-01
-1.1220555688e+03, -3.4665961121e-01
-1.1251979390e+03, -3.4665913123e-01
-1.1283403049e+03, -3.4665865527e-01
-1.1314826665e+03, -3.4665818327e-01
-1.1346250239e+03, -3.4665771518e-01
-1.1377673770e+03, -3.4665725097e-01
-1.1409097259e+03, -3.4665679060e-01
-1.1440520707e+03, -3.4665633402e-01
-1.1471944113e+03, -3.4665588118e-01
-1.1503367479e+03, -3.4665543205e-01
-1.1534790804e+03, -3.4665498659e-01
-1.1566214089e+03, -3.4665454476e-01
-1.1597637334e+03, -3.4665410652e-01
-1.1629060539e+03, -3.4665367183e-01
-1.1660483705e+03, -3.4665324065e-01
-1.1691906833e+03, -3.4665281294e-01
-1.1723329921e+03, -3.4665238867e-01
-1.1754752971e+03, -3.4665196780e-01
-1.1786175984e+03, -3.4665155029e-01
-1.1817598958e+03, -3.4665113611e-01
-1.1849021896e+03, -3.4665072523e-01
-1.1880444796e+03, -3.4665031760e-01
-1.1911867659e+03, -3.4664991320e-01
-1.1943290486e+03, -3.4664951198e-01
-1.1974713276e+03, -3.4664911392e-01
-1.2006136031e+03, -3.4664871899e-01
-1.2037558750e+03, -3.4664832714e-01
-1.2068981433e+03, -3.4664793836e-01
-1.2100404082e+03, -3.4664755260e-01
-1.2131826696e+03, -3.4664716983e-01
-1.2163249275e+03, -3.4664679003e-01
-1.2194671819e+03, -3.4664641317e-01
-1.2226094330e+03, -3.4664603920e-01
-1.2257516807e+03, -3.4664566812e-01
-1.2288939251e+03, -3.4664529987e-01
-1.2320361661e+03, -3.4664493444e-01
-1.2351784038e+03, -3.4664457180e-01
-1.2383206383e+03, -3.4664421192e-01
-1.2414628695e+03, -3.4664385476e-01
-1.2446050974e+03, -3.4664350032e-01
-1.2477473222e+03, -3.4664314854e-01
-1.2508895438e+03, -3.4664279942e-01
-1.2540317622e+03, -3.4664245292e-01
-1.2571739775e+03, -3.4664210901e-01
-1.2603161898e+03, -3.4664176767e-01
-1.2634583989e+03, -3.4664142888e-01
-1.2666006049e+03, -3.4664109261e-01
-1.2697428080e+03, -3.4664075884e-01
-1.2728850080e+03, -3.4664042753e-01
-1.2760272050e+03, -3.4664009867e-01
-1.2791693991e+03, -3.4663977223e-01
-1.2823115902e+03, -3.4663944819e-01
-1.2854537783e+03, -3.4663912652e-01
-1.2885959636e+03, -3.4663880721e-01
-1.2917381460e+03, -3.4663849022e-01
-1.2948803255e+03, -3.4663817554e-01
-1.2980225022e+03, -3.4663786315e-01
-1.3011646761e+03, -3.4663755301e-01
-1.3043068471e+03, -3.4663724512e-01
-1.3074490154e+03, -3.4663693944e-01
-1.3105911809e+03, -3.4663663596e-01
-1.3137333437e+03, -3.4663633466e-01
-1.3168755038e+03, -3.4663603551e-01
-1.3200176611e+03, -3.4663573849e-01
-1.3231598158e+03, -3.4663544359e-01
-1.3263019678e+03, -3.4663515079e-01
-1.3294441172e+03, -3.4663486006e-01
-1.3325862639e+03, -3.4663457138e-01
-1.3357284080e+03, -3.4663428475e-01
-1.3388705496e+03, -3.4663400012e-01
-1.3420126885e+03, -3.4663371750e-01
-1.3451548250e+03, -3.4663343685e-01
-1.3482969588e+03, -3.4663315817e-01
-1.3514390902e+03, -3.4663288142e-01
-1.3545812191e+03, -3.4663260661e-01
-1.3577233454e+03, -3.4663233369e-01
-1.3608654694e+03, -3.4663206267e-01
-1.3640075908e+03, -3.4663179352e-01
-1.3671497099e+03, -3.4663152623e-01
-1.3702918265e+03, -3.4663126077e-01
-1.3734339407e+03, -3.4663099713e-01
-1.3765760526e+03, -3.4663073529e-01
-1.3797181620e+03, -3.4663047525e-01
-1.3828602692e+03, -3.4663021697e-01
-1.3860023740e+03, -3.4662996045e-01
-1.3891444764e+03, -3.4662970567e-01
-1.3922865766e+03, -3.4662945262e-01
-1.3954286745e+03, -3.4662920127e-01
-1.3985707701e+03, -3.4662895161e-01
-1.4017128635e+03, -3.4662870363e-01
-1.4048549546e+03, -3.4662845732e-01
-1.4079970435e+03, -3.4662821265e-01
-1.4111391302e+03, -3.4662796962e-01
-1.4142812147e+03, -3.4662772820e-01
-1.4174232970e+03, -3.4662748839e-01
-1.4205653771e+03, -3.4662725017e-01
-1.4237074551e+03, -3.4662701353e-01
-1.4268495310e+03, -3.4662677844e-01
-1.4299916047e+03, -3.4662654491e-01
-1.4331336763e+03, -3.4662631291e-01
-1.4362757459e+03, -3.4662608243e-01
-1.4394178133e+03, -3.4662585347e-01
-1.4425598787e+03, -3.4662562599e-01
-1.4457019420e+03, -3.4662540000e-01
-1.4488440033e+03, -3.4662517548e-01
-1.4519860625e+03, -3.4662495241e-01
-1.4551281197e+03, -3.4662473079e-01
-1.4582701750e+03, -3.4662451060e-01
-1.4614122282e+03, -3.4662429183e-01
-1.4645542795e+03, -3.4662407446e-01
-1.4676963288e+03, -3.4662385850e-01
-1.4708383761e+03, -3.4662364391e-01
-1.4739804215e+03, -3.4662343070e-01
-1.4771224650e+03, -3.4662321884e-01
-1.4802645066e+03, -3.4662300833e-01
-1.4834065462e+03, -3.4662279916e-01
-1.4865485840e+03, -3.4662259132e-01
-1.4896906199e+03, -3.4662238479e-01
-1.4928326539e+03, -3.4662217956e-01
-1.4959746861e+03, -3.4662197563e-01
-1.4991167165e+03, -3.4662177297e-01
-1.5022587450e+03, -3.4662157159e-01
-1.5054007716e+03, -3.4662137147e-01
-1.5085427965e+03, -3.4662117260e-01
-1.5116848196e+03, -3.4662097496e-01
-1.5148268409e+03, -3.4662077856e-01
-1.5179688604e+03, -3.4662058337e-01
-1.5211108782e+03, -3.4662038940e-01
-1.5242528942e+03, -3.4662019662e-01
-1.5273949084e+03, -3.4662000503e-01
-1.5305369209e+03, -3.4661981462e-01
-1.5336789317e+03, -3.4661962538e-01
-1.5368209408e+03, -3.4661943730e-01
-1.5399629482e+03, -3.4661925036e-01
-1.5431049539e+03, -3.4661906458e-01
-1.5462469580e+03, -3.4661887992e-01
-1.5493889603e+03, -3.4661869638e-01
-1.5525309610e+03, -3.4661851396e-01
-1.5556729601e+03, -3.4661833264e-01
-1.5588149575e+03, -3.4661815242e-01
-1.5619569533e+03, -3.4661797329e-01
-1.5650989474e+03, -3.4661779523e-01
-1.5682409400e+03, -3.4661761825e-01
-1.5713829310e+03, -3.4661744232e-01
-1.5745249203e+03, -3.4661726745e-01
-1.5776669081e+03, -3.4661709362e-01
-1.5808088943e+03, -3.4661692083e-01
-1.5839508790e+03, -3.4661674906e-01
-1.5870928621e+03, -3.4661657831e-01
-1.5902348436e+03, -3.4661640858e-01
-1.5933768237e+03, -3.4661623985e-01
-1.5965188022e+03, -3.4661607211e-01
-1.5996607791e+03, -3.4661590536e-01
-1.6028027546e+03, -3.4661573959e-01
-1.6059447286e+03, -3.4661557480e-01
-1.6090867011e+03, -3.4661541097e-01
+2.2110242099e+01, -4.3929015215e+00
+1.9714700969e+01, -7.2770034348e+00
+1.7605440909e+01, -9.3764038983e+00
+1.5630680832e+01, -1.1030759309e+01
+1.3734988233e+01, -1.2373019409e+01
+1.1890890656e+01, -1.3472500221e+01
+1.0082434704e+01, -1.4370719968e+01
+8.2993536112e+00, -1.5094562090e+01
+6.5345127547e+00, -1.5662196366e+01
+4.7826234309e+00, -1.6086097644e+01
+3.0395227661e+00, -1.6374710362e+01
+1.3017309116e+00, -1.6533402284e+01
-4.3384947600e-01, -1.6565002473e+01
-2.1701628746e+00, -1.6470064317e+01
-3.9102040145e+00, -1.6246915360e+01
-5.6572296005e+00, -1.5891505091e+01
-7.4150167024e+00, -1.5397016070e+01
-9.1882227394e+00, -1.4753142714e+01
-1.0982943619e+01, -1.3944833948e+01
-1.2807664575e+01, -1.2950068013e+01
-1.4675046265e+01, -1.1735676586e+01
-1.6605705832e+01, -1.0248685726e+01
-1.8637688004e+01, -8.3952924968e+00
-2.0857749820e+01, -5.9740059933e+00
-3.6298704887e+01, +5.3503254354e+01
-5.6572296005e+00, -1.5891505091e+01
-2.5586316085e+01, +5.4123558463e+01
-2.2597190536e+01, +5.4291732123e+01
+1.0082434704e+01, -1.4370719968e+01
+3.4724211657e+01, +5.3584968762e+01
+3.1643541307e+01, +5.3765125431e+01
+2.8600852502e+01, +5.3946642150e+01
+2.5586657675e+01, +5.4123538754e+01
+2.2597512050e+01, +5.4291714564e+01
+1.9630969831e+01, +5.4447672199e+01
+1.6684685487e+01, +5.4588323186e+01
+1.3756165595e+01, +5.4710959539e+01
+1.0842704242e+01, +5.4813266425e+01
+7.9413863611e+00, +5.4893342746e+01
+5.0491193509e+00, +5.4949719266e+01
+2.1626764952e+00, +5.4981371630e+01
-7.2125516374e-01, +5.4987728428e+01
-3.6060256429e+00, +5.4968675225e+01
-6.4949725975e+00, +5.4924555326e+01
-9.3913719583e+00, +5.4856167441e+01
-1.2298389178e+01, +5.4764759756e+01
-1.5219032997e+01, +5.4652019493e+01
-1.8156116606e+01, +5.4520057243e+01
-2.1112237198e+01, +5.4371386972e+01
-2.4089799048e+01, +5.4208907263e+01
-2.7091145767e+01, +5.4035902310e+01
-3.0119022459e+01, +5.3856124508e+01
-3.3178508907e+01, +5.3674251248e+01
-3.6298093600e+01, +5.3503278940e+01
-5.6572296005e+00, -1.5891505091e+01
+1.0082434704e+01, -1.4370719968e+01
+3.4724425623e+01, +5.3584956691e+01
+3.1643745674e+01, +5.3765113260e+01
+2.8601049019e+01, +5.3946630470e+01
+2.5586847008e+01, +5.4123527831e+01
+2.2597694693e+01, +5.4291704589e+01
+1.9631146221e+01, +5.4447663320e+01
+1.6684856040e+01, +5.4588315517e+01
+1.3756330710e+01, +5.4710953160e+01
+1.0842864303e+01, +5.4813261388e+01
+7.9415417397e+00, +5.4893339074e+01
+5.0492704022e+00, +5.4949716957e+01
+2.1628235576e+00, +5.4981370658e+01
-7.2111177003e-01, +5.4987728745e+01
-3.6058856173e+00, +5.4968676762e+01
-6.4948356598e+00, +5.4924557998e+01
-9.3912378496e+00, +5.4856171145e+01
-1.2298257662e+01, +5.4764764378e+01
-1.5218903858e+01, +5.4652024905e+01
-1.8155989651e+01, +5.4520063309e+01
-2.1112112254e+01, +5.4371393547e+01
-2.4089675959e+01, +5.4208914194e+01
-2.7091024383e+01, +5.4035909441e+01
-3.0118902602e+01, +5.3856131667e+01
-3.3178390220e+01, +5.3674258216e+01
-3.6297972311e+01, +5.3503283821e+01
-5.6572296005e+00, -1.5891505091e+01
+1.0082434704e+01, -1.4370719968e+01
+3.4724497656e+01, +5.3584952627e+01
+3.1643815370e+01, +5.3765109109e+01
+2.8601116885e+01, +5.3946626436e+01
+2.5586913199e+01, +5.4123524012e+01
+2.2597759312e+01, +5.4291701060e+01
+1.9631209361e+01, +5.4447660142e+01
+1.6684917789e+01, +5.4588312740e+01
+1.3756391158e+01, +5.4710950825e+01
+1.0842923539e+01, +5.4813259524e+01
+7.9415998559e+00, +5.4893337701e+01
+5.0493274880e+00, +5.4949716085e+01
+2.1628797015e+00, +5.4981370287e+01
-7.2105648207e-01, +5.4987728867e+01
-3.6058311026e+00, +5.4968677361e+01
-6.4947818397e+00, +5.4924559048e+01
-9.3911846502e+00, +5.4856172615e+01
-1.2298205015e+01, +5.4764766228e+01
-1.5218851701e+01, +5.4652027091e+01
-1.8155937927e+01, +5.4520065780e+01
-2.1112060914e+01, +5.4371396248e+01
-2.4089624957e+01, +5.4208917066e+01
-2.7090973674e+01, +5.4035912420e+01
-3.0118852126e+01, +5.3856134683e+01
-3.3178339841e+01, +5.3674261174e+01
-3.6297920429e+01, +5.3503285908e+01
-5.6572296005e+00, -1.5891505091e+01
+1.0082434704e+01, -1.4370719968e+01
+3.4724533808e+01, +5.3584950588e+01
+3.1643850520e+01, +5.3765107016e+01
+2.8601151278e+01, +5.3946624391e+01
+2.5586946904e+01, +5.4123522067e+01
+2.2597792372e+01, +5.4291699254e+01
+1.9631241813e+01, +5.4447658509e+01
+1.6684949672e+01, +5.4588311307e+01
+1.3756422509e+01, +5.4710949614e+01
+1.0842954399e+01, +5.4813258553e+01
+7.9416302649e+00, +5.4893336982e+01
+5.0493574870e+00, +5.4949715626e+01
+2.1629093313e+00, +5.4981370092e+01
-7.2102718126e-01, +5.4987728932e+01
-3.6058020917e+00, +5.4968677679e+01
-6.4947530812e+00, +5.4924559609e+01
-9.3911561086e+00, +5.4856173403e+01
-1.2298176657e+01, +5.4764767225e+01
-1.5218823496e+01, +5.4652028273e+01
-1.8155909849e+01, +5.4520067121e+01
-2.1112032936e+01, +5.4371397720e+01
-2.4089597058e+01, +5.4208918638e+01
-2.7090945832e+01, +5.4035914055e+01
-3.0118824311e+01, +5.3856136344e+01
-3.3178311977e+01, +5.3674262810e+01
-3.6297891631e+01, +5.3503287067e+01
-5.6572296005e+00, -1.5891505091e+01
+1.0082434704e+01, -1.4370719968e+01
+3.4724555542e+01, +5.3584949362e+01
+3.1643871708e+01, +5.3765105754e+01
+2.8601172064e+01, +5.3946623156e+01
+2.5586967326e+01, +5.4123520889e+01
+2.2597812454e+01, +5.4291698157e+01
+1.9631261576e+01, +5.4447657514e+01
+1.6684969137e+01, +5.4588310431e+01
+1.3756441697e+01, +5.4710948873e+01
+1.0842973333e+01, +5.4813257957e+01
+7.9416489668e+00, +5.4893336541e+01
+5.0493759811e+00, +5.4949715344e+01
+2.1629276413e+00, +5.4981369971e+01
-7.2100903200e-01, +5.4987728972e+01
-3.6057840802e+00, +5.4968677877e+01
-6.4947351852e+00, +5.4924559958e+01
-9.3911383070e+00, +5.4856173895e+01
-1.2298158930e+01, +5.4764767848e+01
-1.5218805826e+01, +5.4652029014e+01
-1.8155892218e+01, +5.4520067964e+01
-2.1112015331e+01, +5.4371398647e+01
-2.4089579464e+01, +5.4208919628e+01
-2.7090928235e+01, +5.4035915089e+01
-3.0118806694e+01, +5.3856137397e+01
-3.3178294293e+01, +5.3674263848e+01
-3.6297873314e+01, +5.3503287804e+01
-5.6572296005e+00, -1.5891505091e+01
+1.0082434704e+01, -1.4370719968e+01
+3.4724570050e+01, +5.3584948543e+01
+3.1643885874e+01, +5.3765104910e+01
+2.8601185984e+01, +5.3946622328e+01
+2.5586981025e+01, +5.4123520099e+01
+2.2597825947e+01, +5.4291697421e+01
+1.9631274876e+01, +5.4447656845e+01
+1.6684982256e+01, +5.4588309842e+01
+1.3756454650e+01, +5.4710948372e+01
+1.0842986134e+01, +5.4813257554e+01
+7.9416616311e+00, +5.4893336241e+01
+5.0493885238e+00, +5.4949715152e+01
+2.1629400780e+00, +5.4981369888e+01
-7.2099668586e-01, +5.4987728999e+01
-3.6057718093e+00, +5.4968678012e+01
-6.4947229749e+00, +5.4924560196e+01
-9.3911261433e+00, +5.4856174231e+01
-1.2298146799e+01, +5.4764768274e+01
-1.5218793716e+01, +5.4652029521e+01
-1.8155880118e+01, +5.4520068542e+01
-2.1112003231e+01, +5.4371399283e+01
-2.4089567355e+01, +5.4208920310e+01
-2.7090916107e+01, +5.4035915802e+01
-3.0118794535e+01, +5.3856138123e+01
-3.3178282070e+01, +5.3674264565e+01
-3.6297860638e+01, +5.3503288314e+01
-5.6572296005e+00, -1.5891505091e+01
+1.0082434704e+01, -1.4370719968e+01
+3.4724580421e+01, +5.3584947958e+01
+3.1643896013e+01, +5.3765104306e+01
+2.8601195958e+01, +5.3946621736e+01
+2.5586990852e+01, +5.4123519532e+01
+2.2597835636e+01, +5.4291696891e+01
+1.9631284437e+01, +5.4447656363e+01
+1.6684991698e+01, +5.4588309417e+01
+1.3756463982e+01, +5.4710948012e+01
+1.0842995367e+01, +5.4813257264e+01
+7.9416707750e+00, +5.4893336025e+01
+5.0493975897e+00, +5.4949715013e+01
+2.1629490767e+00, +5.4981369829e+01
-7.2098774319e-01, +5.4987729019e+01
-3.6057629119e+00, +5.4968678109e+01
-6.4947141123e+00, +5.4924560369e+01
-9.3911173052e+00, +5.4856174475e+01
-1.2298137976e+01, +5.4764768584e+01
-1.5218784900e+01, +5.4652029891e+01
-1.8155871300e+01, +5.4520068963e+01
-2.1111994404e+01, +5.4371399748e+01
-2.4089558512e+01, +5.4208920808e+01
-2.7090907242e+01, +5.4035916322e+01
-3.0118785638e+01, +5.3856138654e+01
-3.3178273118e+01, +5.3674265091e+01
-3.6297851344e+01, +5.3503288688e+01
-5.6572296005e+00, -1.5891505091e+01
+1.0082434704e+01, -1.4370719968e+01
+3.4724588205e+01, +5.3584947519e+01
+3.1643903628e+01, +5.3765103853e+01
+2.8601203455e+01, +5.3946621290e+01
+2.5586998244e+01, +5.4123519105e+01
+2.2597842931e+01, +5.4291696493e+01
+1.9631291641e+01, +5.4447656001e+01
+1.6684998818e+01, +5.4588309097e+01
+1.3756471026e+01, +5.4710947740e+01
+1.0843002341e+01, +5.4813257044e+01
+7.9416776874e+00, +5.4893335862e+01
+5.0494044484e+00, +5.4949714908e+01
+2.1629558900e+00, +5.4981369784e+01
-7.2098096713e-01, +5.4987729034e+01
-3.6057561650e+00, +5.4968678183e+01
-6.4947073864e+00, +5.4924560500e+01
-9.3911105930e+00, +5.4856174661e+01
-1.2298131270e+01, +5.4764768820e+01
-1.5218778193e+01, +5.4652030172e+01
-1.8155864587e+01, +5.4520069284e+01
-2.1111987680e+01, +5.4371400102e+01
-2.4089551771e+01, +5.4208921188e+01
-2.7090900479e+01, +5.4035916720e+01
-3.0118778845e+01, +5.3856139060e+01
-3.3178266278e+01, +5.3674265493e+01
-3.6297844239e+01, +5.3503288974e+01
-5.6572296005e+00, -1.5891505091e+01
+1.0082434704e+01, -1.4370719968e+01
+3.4724594262e+01, +5.3584947177e+01
+3.1643909558e+01, +5.3765103500e+01
+2.8601209297e+01, +5.3946620943e+01
+2.5587004008e+01, +5.4123518773e+01
+2.2597848622e+01, +5.4291696182e+01
+1.9631297265e+01, +5.4447655718e+01
+1.6685004380e+01, +5.4588308847e+01
+1.3756476531e+01, +5.4710947527e+01
+1.0843007795e+01, +5.4813256873e+01
+7.9416830963e+00, +5.4893335734e+01
+5.0494098185e+00, +5.4949714826e+01
+2.1629612278e+00, +5.4981369749e+01
-7.2097565536e-01, +5.4987729045e+01
-3.6057508728e+00, +5.4968678241e+01
-6.4947021078e+00, +5.4924560603e+01
-9.3911053219e+00, +5.4856174806e+01
-1.2298126001e+01, +5.4764769005e+01
-1.5218772921e+01, +5.4652030393e+01
-1.8155859307e+01, +5.4520069536e+01
-2.1111982387e+01, +5.4371400380e+01
-2.4089546462e+01, +5.4208921487e+01
-2.7090895149e+01, +5.4035917033e+01
-3.0118773490e+01, +5.3856139380e+01
-3.3178260882e+01, +5.3674265809e+01
-3.6297838630e+01, +5.3503289200e+01
-5.6572296005e+00, -1.5891505091e+01
+1.0082434704e+01, -1.4370719968e+01
-2.3594000565e+01, -2.2818738208e+00
-2.0857749820e+01, -5.9740059933e+00
-1.8637688004e+01, -8.3952924968e+00
-1.6605705832e+01, -1.0248685726e+01
-1.4675046265e+01, -1.1735676586e+01
-1.2807664575e+01, -1.2950068013e+01
-1.0982943619e+01, -1.3944833948e+01
-9.1882227394e+00, -1.4753142714e+01
-7.4150167024e+00, -1.5397016070e+01
-5.6572296005e+00, -1.5891505091e+01
-3.9102040145e+00, -1.6246915360e+01
-2.1701628746e+00, -1.6470064317e+01
-4.3384947600e-01, -1.6565002473e+01
+1.3017309116e+00, -1.6533402284e+01
+3.0395227661e+00, -1.6374710362e+01
+4.7826234309e+00, -1.6086097644e+01
+6.5345127547e+00, -1.5662196366e+01
+8.2993536112e+00, -1.5094562090e+01
+1.0082434704e+01, -1.4370719968e+01
+1.1890890656e+01, -1.3472500221e+01
+1.3734988233e+01, -1.2373019409e+01
+1.5630680832e+01, -1.1030759309e+01
+1.7605440909e+01, -9.3764038983e+00
+1.9714700969e+01, -7.2770034348e+00
+3.9353078467e+01, +5.3425996143e+01
+3.6296895213e+01, +5.3503327185e+01
+2.4088782807e+01, +5.4208964490e+01
+2.1111247997e+01, +5.4371439022e+01
-5.6572296005e+00, -1.5891505091e+01
-3.6297340833e+01, +5.3503309238e+01
-3.3177792437e+01, +5.3674293311e+01
-3.0118318514e+01, +5.3856166558e+01
-2.7090451938e+01, +5.4035943070e+01
-2.4089114114e+01, +5.4208945833e+01
-2.1111560177e+01, +5.4371422596e+01
-1.8155446558e+01, +5.4520089257e+01
-1.5218368966e+01, +5.4652047323e+01
-1.2297730177e+01, +5.4764782916e+01
-9.3907169692e+00, +5.4856185534e+01
-6.4943205736e+00, +5.4924568046e+01
-3.6053755163e+00, +5.4968682361e+01
-7.2060585260e-01, +5.4987729861e+01
+2.1633260783e+00, +5.4981367337e+01
+5.0497702916e+00, +5.4949709317e+01
+7.9420397352e+00, +5.4893327307e+01
+1.0843361108e+01, +5.4813245754e+01
+1.3756826987e+01, +5.4710933988e+01
+1.6685352406e+01, +5.4588293197e+01
+1.9631643248e+01, +5.4447638303e+01
+2.2598192910e+01, +5.4291677379e+01
+2.5587346927e+01, +5.4123498988e+01
+2.8601551205e+01, +5.3946600620e+01
+3.1644251028e+01, +5.3765083163e+01
+3.4724937501e+01, +5.3584927814e+01
+1.0082434704e+01, -1.4370719968e+01
-5.6572296005e+00, -1.5891505091e+01
-3.6297565341e+01, +5.3503300200e+01
-3.3178001182e+01, +5.3674281056e+01
-3.0118518850e+01, +5.3856154591e+01
-2.7090644795e+01, +5.4035931740e+01
-2.4089300044e+01, +5.4208935363e+01
-2.1111739641e+01, +5.4371413153e+01
-1.8155619979e+01, +5.4520080971e+01
-1.5218536751e+01, +5.4652040291e+01
-1.2297892718e+01, +5.4764777204e+01
-9.3908746437e+00, +5.4856181178e+01
-6.4944737452e+00, +5.4924565058e+01
-3.6055245320e+00, +5.4968680725e+01
-7.2075104185e-01, +5.4987729541e+01
+2.1631844050e+00, +5.4981368274e+01
+5.0496318437e+00, +5.4949711433e+01
+7.9419042430e+00, +5.4893330508e+01
+1.0843228323e+01, +5.4813249933e+01
+1.3756696684e+01, +5.4710939022e+01
+1.6685224381e+01, +5.4588298954e+01
+1.9631517318e+01, +5.4447644641e+01
+2.2598068912e+01, +5.4291684151e+01
+2.5587224710e+01, +5.4123506039e+01
+2.8601430611e+01, +5.3946607788e+01
+3.1644131830e+01, +5.3765090262e+01
+3.4724818913e+01, +5.3584934504e+01
+1.0082434704e+01, -1.4370719968e+01
-5.6572296005e+00, -1.5891505091e+01
-3.6297640429e+01, +5.3503297177e+01
-3.3178071915e+01, +5.3674276903e+01
-3.0118587604e+01, +5.3856150484e+01
-2.7090711809e+01, +5.4035927803e+01
-2.4089365438e+01, +5.4208931681e+01
-2.1111803509e+01, +5.4371409792e+01
-1.8155682412e+01, +5.4520077988e+01
-1.5218597838e+01, +5.4652037731e+01
-1.2297952549e+01, +5.4764775101e+01
-9.3909333087e+00, +5.4856179558e+01
-6.4945313350e+00, +5.4924563935e+01
-3.6055811359e+00, +5.4968680104e+01
-7.2080674721e-01, +5.4987729418e+01
+2.1631295138e+00, +5.4981368636e+01
+5.0495776858e+00, +5.4949712261e+01
+7.9418507422e+00, +5.4893331773e+01
+1.0843175408e+01, +5.4813251598e+01
+1.3756644289e+01, +5.4710941046e+01
+1.6685172448e+01, +5.4588301289e+01
+1.9631465792e+01, +5.4447647235e+01
+2.2598017746e+01, +5.4291686945e+01
+2.5587173860e+01, +5.4123508973e+01
+2.8601380028e+01, +5.3946610795e+01
+3.1644081432e+01, +5.3765093264e+01
+3.4724768380e+01, +5.3584937355e+01
+1.0082434704e+01, -1.4370719968e+01
-5.6572296005e+00, -1.5891505091e+01
-3.6297678020e+01, +5.3503295664e+01
-3.3178107502e+01, +5.3674274814e+01
-3.0118622364e+01, +5.3856148408e+01
-2.7090745852e+01, +5.4035925804e+01
-2.4089398815e+01, +5.4208929801e+01
-2.1111836260e+01, +5.4371408069e+01
-1.8155714574e+01, +5.4520076452e+01
-1.5218629450e+01, +5.4652036406e+01
-1.2297983649e+01, +5.4764774008e+01
-9.3909639381e+00, +5.4856178712e+01
-6.4945615339e+00, +5.4924563346e+01
-3.6056109452e+00, +5.4968679777e+01
-7.2083620756e-01, +5.4987729353e+01
+2.1631003627e+00, +5.4981368829e+01
+5.0495488057e+00, +5.4949712702e+01
+7.9418220965e+00, +5.4893332450e+01
+1.0843146962e+01, +5.4813252493e+01
+1.3756616012e+01, +5.4710942138e+01
+1.6685144309e+01, +5.4588302555e+01
+1.9631437767e+01, +5.4447648646e+01
+2.2597989811e+01, +5.4291688471e+01
+2.5587145993e+01, +5.4123510581e+01
+2.8601352204e+01, +5.3946612448e+01
+3.1644053609e+01, +5.3765094921e+01
+3.4724740382e+01, +5.3584938934e+01
+1.0082434704e+01, -1.4370719968e+01
-5.6572296005e+00, -1.5891505091e+01
-3.6297700590e+01, +5.3503294756e+01
-3.3178128925e+01, +5.3674273556e+01
-3.0118643344e+01, +5.3856147154e+01
-2.7090766452e+01, +5.4035924593e+01
-2.4089419065e+01, +5.4208928661e+01
-2.1111856181e+01, +5.4371407021e+01
-1.8155734186e+01, +5.4520075515e+01
-1.5218648773e+01, +5.4652035596e+01
-1.2298002707e+01, +5.4764773338e+01
-9.3909827528e+00, +5.4856178192e+01
-6.4945801290e+00, +5.4924562983e+01
-3.6056293443e+00, +5.4968679575e+01
-7.2085443425e-01, +5.4987729313e+01
+2.1630822851e+00, +5.4981368948e+01
+5.0495308546e+00, +5.4949712977e+01
+7.9418042502e+00, +5.4893332871e+01
+1.0843129200e+01, +5.4813253052e+01
+1.3756598315e+01, +5.4710942822e+01
+1.6685126661e+01, +5.4588303348e+01
+1.9631420151e+01, +5.4447649532e+01
+2.2597972213e+01, +5.4291689432e+01
+2.5587128399e+01, +5.4123511596e+01
+2.8601334600e+01, +5.3946613495e+01
+3.1644035968e+01, +5.3765095971e+01
+3.4724722592e+01, +5.3584939938e+01
+1.0082434704e+01, -1.4370719968e+01
-5.6572296005e+00, -1.5891505091e+01
-3.6297715642e+01, +5.3503294150e+01
-3.3178143236e+01, +5.3674272716e+01
-3.0118657382e+01, +5.3856146316e+01
-2.7090780260e+01, +5.4035923782e+01
-2.4089432659e+01, +5.4208927895e+01
-2.1111869575e+01, +5.4371406316e+01
-1.8155747394e+01, +5.4520074883e+01
-1.5218661808e+01, +5.4652035050e+01
-1.2298015582e+01, +5.4764772886e+01
-9.3909954836e+00, +5.4856177840e+01
-6.4945927305e+00, +5.4924562737e+01
-3.6056418321e+00, +5.4968679438e+01
-7.2086682374e-01, +5.4987729286e+01
+2.1630699785e+00, +5.4981369030e+01
+5.0495186159e+00, +5.4949713164e+01
+7.9417920649e+00, +5.4893333159e+01
+1.0843117055e+01, +5.4813253434e+01
+1.3756586197e+01, +5.4710943290e+01
+1.6685114558e+01, +5.4588303892e+01
+1.9631408052e+01, +5.4447650141e+01
+2.2597960110e+01, +5.4291690093e+01
+2.5587116282e+01, +5.4123512295e+01
+2.8601322459e+01, +5.3946614216e+01
+3.1644023785e+01, +5.3765096697e+01
+3.4724710289e+01, +5.3584940632e+01
+1.0082434704e+01, -1.4370719968e+01
-5.6572296005e+00, -1.5891505091e+01
-3.6297726397e+01, +5.3503293717e+01
-3.3178153474e+01, +5.3674272115e+01
-3.0118667436e+01, +5.3856145715e+01
-2.7090790159e+01, +5.4035923201e+01
-2.4089442416e+01, +5.4208927346e+01
-2.1111879199e+01, +5.4371405810e+01
-1.8155756894e+01, +5.4520074430e+01
-1.5218671194e+01, +5.4652034657e+01
-1.2298024864e+01, +5.4764772560e+01
-9.3910046707e+00, +5.4856177586e+01
-6.4946018341e+00, +5.4924562559e+01
-3.6056508630e+00, +5.4968679339e+01
-7.2087579309e-01, +5.4987729266e+01
+2.1630610598e+00, +5.4981369089e+01
+5.0495097371e+00, +5.4949713299e+01
+7.9417832158e+00, +5.4893333368e+01
+1.0843108226e+01, +5.4813253712e+01
+1.3756577378e+01, +5.4710943631e+01
+1.6685105741e+01, +5.4588304289e+01
+1.9631399230e+01, +5.4447650585e+01
+2.2597951275e+01, +5.4291690576e+01
+2.5587107429e+01, +5.4123512806e+01
+2.8601313579e+01, +5.3946614744e+01
+3.1644014865e+01, +5.3765097228e+01
+3.4724701273e+01, +5.3584941141e+01
+1.0082434704e+01, -1.4370719968e+01
-5.6572296005e+00, -1.5891505091e+01
-3.6297734465e+01, +5.3503293392e+01
-3.3178161159e+01, +5.3674271664e+01
-3.0118674990e+01, +5.3856145264e+01
-2.7090797602e+01, +5.4035922763e+01
-2.4089449759e+01, +5.4208926932e+01
-2.1111886448e+01, +5.4371405428e+01
-1.8155764056e+01, +5.4520074087e+01
-1.5218678275e+01, +5.4652034360e+01
-1.2298031871e+01, +5.4764772313e+01
-9.3910116129e+00, +5.4856177395e+01
-6.4946087186e+00, +5.4924562425e+01
-3.6056576980e+00, +5.4968679264e+01
-7.2088258674e-01, +5.4987729251e+01
+2.1630542993e+00, +5.4981369133e+01
+5.0495030017e+00, +5.4949713402e+01
+7.9417764977e+00, +5.4893333527e+01
+1.0843101517e+01, +5.4813253923e+01
+1.3756570673e+01, +5.4710943890e+01
+1.6685099032e+01, +5.4588304591e+01
+1.9631392513e+01, +5.4447650923e+01
+2.2597944543e+01, +5.4291690943e+01
+2.5587100677e+01, +5.4123513195e+01
+2.8601306803e+01, +5.3946615147e+01
+3.1644008053e+01, +5.3765097634e+01
+3.4724694382e+01, +5.3584941529e+01
+1.0082434704e+01, -1.4370719968e+01
-5.6572296005e+00, -1.5891505091e+01
-3.6297740742e+01, +5.3503293140e+01
-3.3178167142e+01, +5.3674271313e+01
-3.0118680873e+01, +5.3856144912e+01
-2.7090803404e+01, +5.4035922423e+01
-2.4089455485e+01, +5.4208926610e+01
-2.1111892105e+01, +5.4371405131e+01
-1.8155769648e+01, +5.4520073820e+01
-1.5218683807e+01, +5.4652034128e+01
-1.2298037350e+01, +5.4764772121e+01
-9.3910170435e+00, +5.4856177245e+01
-6.4946141073e+00, +5.4924562320e+01
-3.6056630511e+00, +5.4968679205e+01
-7.2088791070e-01, +5.4987729239e+01
+2.1630489982e+00, +5.4981369168e+01
+5.0494977171e+00, +5.4949713483e+01
+7.9417712236e+00, +5.4893333652e+01
+1.0843096248e+01, +5.4813254089e+01
+1.3756565402e+01, +5.4710944094e+01
+1.6685093757e+01, +5.4588304828e+01
+1.9631387227e+01, +5.4447651189e+01
+2.2597939243e+01, +5.4291691233e+01
+2.5587095358e+01, +5.4123513502e+01
+2.8601301461e+01, +5.3946615465e+01
+3.1644002681e+01, +5.3765097954e+01
+3.4724688945e+01, +5.3584941836e+01
+1.0082434704e+01, -1.4370719968e+01
-5.6572296005e+00, -1.5891505091e+01
-3.6297745763e+01, +5.3503292938e+01
