-4.5485266292e+01, -5.2054728178e-01
-4.9961242510e+01, -4.7254358022e-01
-5.4110878184e+01, -4.4527144444e-01
-6.2619578527e+01, +5.2482394516e+01
-6.5588840930e+01, -4.0521275733e-01
-8.6708933423e+01, -3.7672763252e-01
-5.8060902077e+01, -4.2741014994e-01
-6.9287336627e+01, +5.1946502799e+01
-7.2805370488e+01, -3.9189928899e-01
-7.6335161854e+01, -3.8706030835e-01
-7.9824942357e+01, -3.8303321945e-01
-8.3281182888e+01, -3.7963316115e-01
-8.6708933423e+01, -3.7672763252e-01
-9.0112211788e+01, -3.7421904765e-01
-9.3494267044e+01, -3.7203387592e-01
-9.6857763413e+01, -3.7011562342e-01
-1.0020491204e+02, -3.6842015044e-01
-1.0353756750e+02, -3.6691246078e-01
-1.0685729986e+02, -3.6556444751e-01
-1.1016544940e+02, -3.6435327702e-01
-1.1346316877e+02, -3.6326020891e-01
-1.1675145591e+02, -3.6226972021e-01
-1.2003118010e+02, -3.6136884555e-01
-1.2330310276e+02, -3.6054667361e-01
-1.2656789420e+02, -3.5979395805e-01
-1.2982614733e+02, -3.5910281372e-01
-1.3307838880e+02, -3.5846647690e-01
-1.3632508831e+02, -3.5787911450e-01
-1.3956666634e+02, -3.5733567084e-01
-1.4280350056e+02, -3.5683174363e-01
-1.4603593132e+02, -3.5636348292e-01
-1.4926426628e+02, -3.5592750811e-01
-1.5248878429e+02, -3.5552083953e-01
-1.5570973880e+02, -3.5514084145e-01
-1.5892736077e+02, -3.5478517461e-01
-1.6214186110e+02, -3.5445175625e-01
-1.6535343290e+02, -3.5413872651e-01
-1.6856225328e+02, -3.5384441982e-01
-1.7176848505e+02, -3.5356734065e-01
-1.7497227817e+02, -3.5330614268e-01
-1.7817377099e+02, -3.5305961105e-01
-1.8137309139e+02, -3.5282664694e-01
-1.8457035777e+02, -3.5260625435e-01
-1.8776567991e+02, -3.5239752855e-01
-1.9095915978e+02, -3.5219964609e-01
-1.9415089221e+02, -3.5201185608e-01
-1.9734096553e+02, -3.5183347251e-01
-2.0052946211e+02, -3.5166386756e-01
-2.0371645889e+02, -3.5150246568e-01
-2.0690202779e+02, -3.5134873841e-01
-2.1008623615e+02, -3.5120219975e-01
-2.1326914707e+02, -3.5106240210e-01
-2.1645081976e+02, -3.5092893259e-01
-2.1963130982e+02, -3.5080140990e-01
-2.2281066956e+02, -3.5067948137e-01
-2.2598894817e+02, -3.5056282039e-01
-2.2916619201e+02, -3.5045112415e-01
-2.3234244480e+02, -3.5034411152e-01
-2.3551774779e+02, -3.5024152122e-01
-2.3869213996e+02, -3.5014311014e-01
-2.4186565815e+02, -3.5004865183e-01
-2.4503833722e+02, -3.4995793512e-01
-2.4821021018e+02, -3.4987076290e-01
-2.5138130832e+02, -3.4978695101e-01
-2.5455166132e+02, -3.4970632721e-01
-2.5772129732e+02, -3.4962873025e-01
-2.6089024308e+02, -3.4955400905e-01
-2.6405852401e+02, -3.4948202192e-01
-2.6722616429e+02, -3.4941263588e-01
-2.7039318693e+02, -3.4934572599e-01
-2.7355961382e+02, -3.4928117480e-01
-2.7672546585e+02, -3.4921887179e-01
-2.7989076292e+02, -3.4915871289e-01
-2.8305552402e+02, -3.4910060003e-01
-2.8621976726e+02, -3.4904444075e-01
-2.8938350997e+02, -3.4899014775e-01
-2.9254676866e+02, -3.4893763864e-01
-2.9570955918e+02, -3.4888683552e-01
-2.9887189663e+02, -3.4883766474e-01
-3.0203379549e+02, -3.4879005661e-01
-3.0519526964e+02, -3.4874394516e-01
-3.0835633235e+02, -3.4869926785e-01
-3.1151699634e+02, -3.4865596544e-01
-3.1467727384e+02, -3.4861398171e-01
-3.1783717654e+02, -3.4857326330e-01
-3.2099671568e+02, -3.4853375956e-01
-3.2415590205e+02, -3.4849542234e-01
-3.2731474603e+02, -3.4845820588e-01
-3.3047325756e+02, -3.4842206667e-01
-3.3363144623e+02, -3.4838696326e-01
-3.3678932125e+02, -3.4835285624e-01
-3.3994689146e+02, -3.4831970803e-01
-3.4310416541e+02, -3.4828748282e-01
-3.4626115130e+02, -3.4825614647e-01
-3.4941785705e+02, -3.4822566642e-01
-3.5257429026e+02, -3.4819601159e-01
-3.5573045829e+02, -3.4816715229e-01
-3.5888636822e+02, -3.4813906018e-01
-3.6204202687e+02, -3.4811170818e-01
-3.6519744085e+02, -3.4808507037e-01
-3.6835261650e+02, -3.4805912199e-01
-3.7150755997e+02, -3.4803383934e-01
-3.7466227720e+02, -3.4800919973e-01
-3.7781677391e+02, -3.4798518144e-01
-3.8097105564e+02, -3.4796176366e-01
-3.8412512773e+02, -3.4793892644e-01
-3.8727899538e+02, -3.4791665067e-01
-3.9043266358e+02, -3.4789491801e-01
-3.9358613717e+02, -3.4787371087e-01
-3.9673942084e+02, -3.4785301239e-01
-3.9989251913e+02, -3.4783280634e-01
-4.0304543644e+02, -3.4781307717e-01
-4.0619817701e+02, -3.4779380994e-01
-4.0935074496e+02, -3.4777499027e-01
-4.1250314430e+02, -3.4775660435e-01
-4.1565537889e+02, -3.4773863892e-01
-4.1880745249e+02, -3.4772108118e-01
-4.2195936873e+02, -3.4770391886e-01
-4.2511113115e+02, -3.4768714013e-01
-4.2826274317e+02, -3.4767073360e-01
-4.3141420812e+02, -3.4765468830e-01
-4.3456552922e+02, -3.4763899367e-01
-4.3771670960e+02, -3.4762363952e-01
-4.4086775231e+02, -3.4760861605e-01
-4.4401866029e+02, -3.4759391380e-01
-4.4716943643e+02, -3.4757952364e-01
-4.5032008350e+02, -3.4756543678e-01
-4.5347060423e+02, -3.4755164472e-01
-4.5662100123e+02, -3.4753813927e-01
-4.5977127709e+02, -3.4752491251e-01
-4.6292143428e+02, -3.4751195681e-01
-4.6607147523e+02, -3.4749926479e-01
-4.6922140230e+02, -3.4748682932e-01
-4.7237121779e+02, -3.4747464351e-01
-4.7552092392e+02, -3.4746270070e-01
-4.7867052287e+02, -3.4745099446e-01
-4.8182001675e+02, -3.4743951856e-01
-4.8496940763e+02, -3.4742826698e-01
-4.8811869751e+02, -3.4741723389e-01
-4.9126788835e+02, -3.4740641367e-01
-4.9441698205e+02, -3.4739580085e-01
-4.9756598047e+02, -3.4738539015e-01
-5.0071488542e+02, -3.4737517646e-01
-5.0386369866e+02, -3.4736515482e-01
-5.0701242190e+02, -3.4735532045e-01
-5.1016105683e+02, -3.4734566868e-01
-5.1330960508e+02, -3.4733619502e-01
-5.1645806825e+02, -3.4732689510e-01
-5.1960644789e+02, -3.4731776469e-01
-5.2275474551e+02, -3.4730879968e-01
-5.2590296260e+02, -3.4729999608e-01
-5.2905110061e+02, -3.4729135005e-01
-5.3219916095e+02, -3.4728285783e-01
-5.3534714499e+02, -3.4727451579e-01
-5.3849505407e+02, -3.4726632040e-01
-5.4164288952e+02, -3.4725826824e-01
-5.4479065262e+02, -3.4725035597e-01
-5.4793834462e+02, -3.4724258037e-01
-5.5108596674e+02, -3.4723493831e-01
-5.5423352018e+02, -3.4722742673e-01
-5.5738100611e+02, -3.4722004268e-01
-5.6052842568e+02, -3.4721278328e-01
-5.6367577999e+02, -3.4720564573e-01
-5.6682307015e+02, -3.4719862732e-01
-5.6997029721e+02, -3.4719172541e-01
-5.7311746223e+02, -3.4718493741e-01
-5.7626456623e+02, -3.4717826085e-01
-5.7941161020e+02, -3.4717169328e-01
-5.8255859512e+02, -3.4716523234e-01
-5.8570552195e+02, -3.4715887573e-01
-5.8885239163e+02, -3.4715262122e-01
-5.9199920506e+02, -3.4714646662e-01
-5.9514596315e+02, -3.4714040981e-01
-5.9829266677e+02, -3.4713444873e-01
-6.0143931679e+02, -3.4712858137e-01
-6.0458591403e+02, -3.4712280577e-01
-6.0773245933e+02, -3.4711712002e-01
-6.1087895349e+02, -3.4711152226e-01
-6.1402539729e+02, -3.4710601070e-01
-6.1717179153e+02, -3.4710058355e-01
-6.2031813694e+02, -3.4709523911e-01
-6.2346443427e+02, -3.4708997570e-01
-6.2661068426e+02, -3.4708479169e-01
-6.2975688761e+02, -3.4707968548e-01
-6.3290304501e+02, -3.4707465552e-01
-6.3604915717e+02, -3.4706970030e-01
-6.3919522473e+02, -3.4706481835e-01
-6.4234124837e+02, -3.4706000823e-01
-6.4548722873e+02, -3.4705526852e-01
-6.4863316644e+02, -3.4705059786e-01
-6.5177906212e+02, -3.4704599492e-01
-6.5492491638e+02, -3.4704145838e-01
-6.5807072981e+02, -3.4703698699e-01
-6.6121650300e+02, -3.4703257948e-01
-6.6436223652e+02, -3.4702823465e-01
-6.6750793093e+02, -3.4702395132e-01
-6.7065358680e+02, -3.4701972832e-01
-6.7379920465e+02, -3.4701556453e-01
-6.7694478502e+02, -3.4701145885e-01
-6.8009032843e+02, -3.4700741020e-01
-6.8323583540e+02, -3.4700341752e-01
-6.8638130643e+02, -3.4699947978e-01
-6.8952674201e+02, -3.4699559599e-01
-6.9267214262e+02, -3.4699176515e-01
-6.9581750875e+02, -3.4698798631e-01
-6.9896284085e+02, -3.4698425854e-01
-7.0210813939e+02, -3.4698058090e-01
-7.0525340481e+02, -3.4697695252e-01
-7.0839863757e+02, -3.4697337250e-01
-7.1154383809e+02, -3.4696984000e-01
-7.1468900680e+02, -3.4696635418e-01
-7.1783414412e+02, -3.4696291421e-01
-7.2097925046e+02, -3.4695951929e-01
-7.2412432623e+02, -3.4695616864e-01
-7.2726937183e+02, -3.4695286150e-01
-7.3041438764e+02, -3.4694959711e-01
-7.3355937406e+02, -3.4694637473e-01
-7.3670433145e+02, -3.4694319365e-01
-7.3984926018e+02, -3.4694005316e-01
-7.4299416064e+02, -3.4693695259e-01
-7.4613903316e+02, -3.4693389124e-01
-7.4928387811e+02, -3.4693086846e-01
-7.5242869583e+02, -3.4692788361e-01
-7.5557348667e+02, -3.4692493606e-01
-7.5871825095e+02, -3.4692202517e-01
-7.6186298901e+02, -3.4691915036e-01
-7.6500770118e+02, -3.4691631101e-01
-7.6815238776e+02, -3.4691350656e-01
-7.7129704908e+02, -3.4691073643e-01
-7.7444168544e+02, -3.4690800006e-01
-7.7758629714e+02, -3.4690529691e-01
-7.8073088450e+02, -3.4690262644e-01
-7.8387544779e+02, -3.4689998812e-01
-7.8701998731e+02, -3.4689738145e-01
-7.9016450334e+02, -3.4689480590e-01
-7.9330899616e+02, -3.4689226100e-01
-7.9645346606e+02, -3.4688974626e-01
-7.9959791329e+02, -3.4688726119e-01
-8.0274233813e+02, -3.4688480534e-01
-8.0588674084e+02, -3.4688237826e-01
-8.0903112167e+02, -3.4687997948e-01
-8.1217548089e+02, -3.4687760857e-01
-8.1531981874e+02, -3.4687526511e-01
-8.1846413547e+02, -3.4687294866e-01
-8.2160843133e+02, -3.4687065882e-01
-8.2475270654e+02, -3.4686839518e-01
-8.2789696136e+02, -3.4686615734e-01
-8.3104119600e+02, -3.4686394490e-01
-8.3418541071e+02, -3.4686175750e-01
-8.3732960569e+02, -3.4685959474e-01
-8.4047378119e+02, -3.4685745626e-01
-8.4361793740e+02, -3.4685534170e-01
-8.4676207456e+02, -3.4685325070e-01
-8.4990619286e+02, -3.4685118292e-01
-8.5305029253e+02, -3.4684913800e-01
-8.5619437376e+02, -3.4684711562e-01
-8.5933843677e+02, -3.4684511544e-01
-8.6248248174e+02, -3.4684313715e-01
-8.6562650887e+02, -3.4684118041e-01
-8.6877051836e+02, -3.4683924492e-01
-8.7191451041e+02, -3.4683733037e-01
-8.7505848519e+02, -3.4683543647e-01
-8.7820244290e+02, -3.4683356291e-01
-8.8134638372e+02, -3.4683170940e-01
-8.8449030782e+02, -3.4682987566e-01
-8.8763421539e+02, -3.4682806141e-01
-8.9077810660e+02, -3.4682626638e-01
-8.9392198163e+02, -3.4682449028e-01
-8.9706584064e+02, -3.4682273286e-01
-9.0020968381e+02, -3.4682099386e-01
-9.0335351129e+02, -3.4681927302e-01
-9.0649732326e+02, -3.4681757008e-01
-9.0964111987e+02, -3.4681588480e-01
-9.1278490128e+02, -3.4681421694e-01
-9.1592866765e+02, -3.4681256625e-01
-9.1907241914e+02, -3.4681093251e-01
-9.2221615589e+02, -3.4680931547e-01
-9.2535987806e+02, -3.4680771492e-01
-9.2850358580e+02, -3.4680613062e-01
-9.3164727924e+02, -3.4680456237e-01
-9.3479095854e+02, -3.4680300994e-01
-9.3793462385e+02, -3.4680147311e-01
-9.4107827529e+02, -3.4679995170e-01
-9.4422191300e+02, -3.4679844547e-01
-9.4736553714e+02, -3.4679695425e-01
-9.5050914782e+02, -3.4679547782e-01
-9.5365274518e+02, -3.4679401599e-01
-9.5679632936e+02, -3.4679256857e-01
-9.5993990049e+02, -3.4679113537e-01
-9.6308345868e+02, -3.4678971620e-01
-9.6622700408e+02, -3.4678831089e-01
-9.6937053679e+02, -3.4678691925e-01
-9.7251405696e+02, -3.4678554110e-01
-9.7565756469e+02, -3.4678417628e-01
-9.7880106011e+02, -3.4678282460e-01
-9.8194454334e+02, -3.4678148591e-01
-9.8508801449e+02, -3.4678016003e-01
-9.8823147368e+02, -3.4677884680e-01
-9.9137492102e+02, -3.4677754607e-01
-9.9451835662e+02, -3.4677625767e-01
-9.9766178061e+02, -3.4677498144e-01
-1.0008051931e+03, -3.4677371725e-01
-1.0039485941e+03, -3.4677246492e-01
-1.0070919839e+03, -3.4677122433e-01
-1.0102353625e+03, -3.4676999531e-01
-1.0133787300e+03, -3.4676877773e-01
-1.0165220865e+03, -3.4676757144e-01
-1.0196654321e+03, -3.4676637631e-01
-1.0228087669e+03, -3.4676519219e-01
-1.0259520910e+03, -3.4676401896e-01
-1.0290954046e+03, -3.4676285648e-01
-1.0322387077e+03, -3.4676170462e-01
-1.0353820003e+03, -3.4676056325e-01
-1.0385252827e+03, -3.4675943224e-01
-1.0416685549e+03, -3.4675831147e-01
-1.0448118170e+03, -3.4675720081e-01
-1.0479550690e+03, -3.4675610015e-01
-1.0510983111e+03, -3.4675500936e-01
-1.0542415433e+03, -3.4675392833e-01
-1.0573847659e+03, -3.4675285693e-01
-1.0605279787e+03, -3.4675179506e-01
-1.0636711819e+03, -3.4675074260e-01
-1.0668143757e+03, -3.4674969945e-01
-1.0699575600e+03, -3.4674866548e-01
-1.0731007350e+03, -3.4674764060e-01
-1.0762439008e+03, -3.4674662470e-01
-1.0793870574e+03, -3.4674561768e-01
-1.0825302049e+03, -3.4674461942e-01
-1.0856733434e+03, -3.4674362983e-01
-1.0888164730e+03, -3.4674264881e-01
-1.0919595937e+03, -3.4674167626e-01
-1.0951027056e+03, -3.4674071209e-01
-1.0982458088e+03, -3.4673975619e-01
-1.1013889034e+03, -3.4673880847e-01
-1.1045319895e+03, -3.4673786884e-01
-1.1076750670e+03, -3.4673693721e-01
-1.1108181362e+03, -3.4673601349e-01
-1.1139611970e+03, -3.4673509759e-01
-1.1171042495e+03, -3.4673418941e-01
-1.1202472939e+03, -3.4673328888e-01
-1.1233903301e+03, -3.4673239590e-01
-1.1265333583e+03, -3.4673151040e-01
-1.1296763785e+03, -3.4673063229e-01
-1.1328193907e+03, -3.4672976148e-01
-1.1359623951e+03, -3.4672889790e-01
-1.1391053917e+03, -3.4672804147e-01
-1.1422483805e+03, -3.4672719210e-01
-1.1453913617e+03, -3.4672634973e-01
-1.1485343353e+03, -3.4672551427e-01
-1.1516773013e+03, -3.4672468565e-01
-1.1548202599e+03, -3.4672386380e-01
-1.1579632110e+03, -3.4672304863e-01
-1.1611061548e+03, -3.4672224008e-01
-1.1642490913e+03, -3.4672143808e-01
-1.1673920205e+03, -3.4672064256e-01
-1.1705349426e+03, -3.4671985344e-01
-1.1736778575e+03, -3.4671907066e-01
-1.1768207654e+03, -3.4671829415e-01
-1.1799636663e+03, -3.4671752384e-01
-1.1831065602e+03, -3.4671675967e-01
-1.1862494472e+03, -3.4671600158e-01
-1.1893923273e+03, -3.4671524949e-01
-1.1925352007e+03, -3.4671450335e-01
-1.1956780673e+03, -3.4671376309e-01
-1.1988209273e+03, -3.4671302865e-01
-1.2019637806e+03, -3.4671229997e-01
-1.2051066273e+03, -3.4671157699e-01
-1.2082494675e+03, -3.4671085965e-01
-1.2113923013e+03, -3.4671014789e-01
-1.2145351286e+03, -3.4670944165e-01
-1.2176779495e+03, -3.4670874088e-01
-1.2208207641e+03, -3.4670804553e-01
-1.2239635724e+03, -3.4670735553e-01
-1.2271063745e+03, -3.4670667082e-01
-1.2302491704e+03, -3.4670599137e-01
-1.2333919602e+03, -3.4670531711e-01
-1.2365347439e+03, -3.4670464798e-01
-1.2396775215e+03, -3.4670398395e-01
-1.2428202932e+03, -3.4670332495e-01
-1.2459630589e+03, -3.4670267094e-01
-1.2491058186e+03, -3.4670202186e-01
-1.2522485726e+03, -3.4670137766e-01
-1.2553913207e+03, -3.4670073831e-01
-1.2585340630e+03, -3.4670010374e-01
-1.2616767996e+03, -3.4669947391e-01
-1.2648195305e+03, -3.4669884878e-01
-1.2679622558e+03, -3.4669822829e-01
-1.2711049755e+03, -3.4669761241e-01
-1.2742476896e+03, -3.4669700108e-01
-1.2773903982e+03, -3.4669639426e-01
-1.2805331013e+03, -3.4669579190e-01
-1.2836757989e+03, -3.4669519397e-01
-1.2868184912e+03, -3.4669460042e-01
-1.2899611781e+03, -3.4669401121e-01
-1.2931038597e+03, -3.4669342629e-01
-1.2962465360e+03, -3.4669284562e-01
-1.2993892070e+03, -3.4669226917e-01
-1.3025318729e+03, -3.4669169689e-01
-1.3056745336e+03, -3.4669112874e-01
-1.3088171891e+03, -3.4669056468e-01
-1.3119598396e+03, -3.4669000467e-01
-1.3151024850e+03, -3.4668944867e-01
-1.3182451253e+03, -3.4668889665e-01
-1.3213877607e+03, -3.4668834857e-01
-1.3245303911e+03, -3.4668780439e-01
-1.3276730167e+03, -3.4668726407e-01
-1.3308156373e+03, -3.4668672758e-01
-1.3339582531e+03, -3.4668619488e-01
-1.3371008641e+03, -3.4668566593e-01
-1.3402434703e+03, -3.4668514070e-01
-1.3433860717e+03, -3.4668461916e-01
-1.3465286685e+03, -3.4668410127e-01
-1.3496712606e+03, -3.4668358699e-01
-1.3528138480e+03, -3.4668307630e-01
-1.3559564308e+03, -3.4668256916e-01
-1.3590990090e+03, -3.4668206553e-01
-1.3622415827e+03, -3.4668156539e-01
-1.3653841519e+03, -3.4668106870e-01
-1.3685267166e+03, -3.4668057543e-01
-1.3716692768e+03, -3.4668008555e-01
-1.3748118326e+03, -3.4667959903e-01
-1.3779543840e+03, -3.4667911583e-01
-1.3810969310e+03, -3.4667863594e-01
-1.3842394737e+03, -3.4667815931e-01
-1.3873820121e+03, -3.4667768591e-01
-1.3905245462e+03, -3.4667721573e-01
-1.3936670761e+03, -3.4667674873e-01
-1.3968096017e+03, -3.4667628487e-01
-1.3999521232e+03, -3.4667582414e-01
-1.4030946405e+03, -3.4667536651e-01
-1.4062371537e+03, -3.4667491194e-01
-1.4093796627e+03, -3.4667446041e-01
-1.4125221677e+03, -3.4667401189e-01
-1.4156646686e+03, -3.4667356636e-01
-1.4188071655e+03, -3.4667312379e-01
-1.4219496584e+03, -3.4667268416e-01
-1.4250921474e+03, -3.4667224742e-01
-1.4282346323e+03, -3.4667181358e-01
-1.4313771134e+03, -3.4667138258e-01
-1.4345195906e+03, -3.4667095442e-01
-1.4376620639e+03, -3.4667052907e-01
-1.4408045333e+03, -3.4667010650e-01
-1.4439469990e+03, -3.4666968668e-01
-1.4470894608e+03, -3.4666926960e-01
-1.4502319189e+03, -3.4666885523e-01
-1.4533743732e+03, -3.4666844355e-01
-1.4565168239e+03, -3.4666803453e-01
-1.4596592708e+03, -3.4666762815e-01
-1.4628017140e+03, -3.4666722439e-01
-1.4659441536e+03, -3.4666682323e-01
-1.4690865896e+03, -3.4666642464e-01
-1.4722290220e+03, -3.4666602860e-01
-1.4753714508e+03, -3.4666563509e-01
-1.4785138760e+03, -3.4666524408e-01
-1.4816562977e+03, -3.4666485557e-01
-1.4847987159e+03, -3.4666446952e-01
-1.4879411306e+03, -3.4666408591e-01
-1.4910835419e+03, -3.4666370474e-01
-1.4942259497e+03, -3.4666332596e-01
-1.4973683540e+03, -3.4666294957e-01
-1.5005107550e+03, -3.4666257554e-01
-1.5036531526e+03, -3.4666220386e-01
-1.5067955468e+03, -3.4666183450e-01
-1.5099379377e+03, -3.4666146744e-01
-1.5130803253e+03, -3.4666110267e-01
-1.5162227096e+03, -3.4666074017e-01
-1.5193650906e+03, -3.4666037992e-01
-1.5225074684e+03, -3.4666002190e-01
-1.5256498429e+03, -3.4665966609e-01
-1.5287922142e+03, -3.4665931247e-01
-1.5319345823e+03, -3.4665896103e-01
-1.5350769472e+03, -3.4665861174e-01
-1.5382193090e+03, -3.4665826460e-01
-1.5413616676e+03, -3.4665791957e-01
-1.5445040232e+03, -3.4665757665e-01
-1.5476463756e+03, -3.4665723582e-01
-1.5507887249e+03, -3.4665689707e-01
-1.5539310712e+03, -3.4665656036e-01
-1.5570734144e+03, -3.4665622569e-01
-1.5602157546e+03, -3.4665589305e-01
-1.5633580918e+03, -3.4665556241e-01
-1.5665004261e+03, -3.4665523376e-01
-1.5696427573e+03, -3.4665490708e-01
-1.5727850856e+03, -3.4665458236e-01
-1.5759274110e+03, -3.4665425958e-01
-1.5790697334e+03, -3.4665393873e-01
-1.5822120529e+03, -3.4665361978e-01
-1.5853543696e+03, -3.4665330274e-01
-1.5884966834e+03, -3.4665298757e-01
-1.5916389944e+03, -3.4665267427e-01
-1.5947813025e+03, -3.4665236282e-01
-1.5979236078e+03, -3.4665205321e-01
-1.6010659103e+03, -3.4665174542e-01
-1.6042082100e+03, -3.4665143944e-01
-1.6073505069e+03, -3.4665113525e-01
-1.6104928011e+03, -3.4665083285e-01
-1.6136350926e+03, -3.4665053220e-01
-1.6167773814e+03, -3.4665023332e-01
-1.6199196674e+03, -3.4664993616e-01
-1.6230619508e+03, -3.4664964074e-01
+3.0834582407e+01, -4.9300702924e+00
+2.8255537544e+01, -8.2565032193e+00
+2.6010320850e+01, -1.0745707324e+01
+2.3925939822e+01, -1.2767429291e+01
+2.1938608603e+01, -1.4466489037e+01
+2.0016492355e+01, -1.5918821206e+01
+1.8141044785e+01, -1.7170465202e+01
+1.6300361817e+01, -1.8251875928e+01
+1.4486265197e+01, -1.9184376421e+01
+1.2692838146e+01, -1.9983476342e+01
+1.0915616028e+01, -2.0660742254e+01
+9.1511050874e+00, -2.1224924113e+01
+7.3964787242e+00, -2.1682667528e+01
+5.6493756625e+00, -2.2038979526e+01
+3.9077591144e+00, -2.2297538927e+01
+2.1698134288e+00, -2.2460903120e+01
+4.3386383307e-01, -2.2530641556e+01
-1.3016901723e+00, -2.2507413600e+01
-3.0384345602e+00, -2.2391000332e+01
-4.7779992088e+00, -2.2180294049e+01
-6.5221203329e+00, -2.1873244236e+01
-8.2727129413e+00, -2.1466753522e+01
-1.0031961222e+01, -2.0956510403e+01
-1.1802438394e+01, -2.0336735512e+01
-1.3587274288e+01, -1.9599801915e+01
-1.5390401404e+01, -1.8735661041e+01
-1.7216934644e+01, -1.7730951508e+01
-1.9073790355e+01, -1.6567557849e+01
-2.0970763812e+01, -1.5220143143e+01
-2.2922567204e+01, -1.3651583459e+01
-2.4953143954e+01, -1.1803547712e+01
-2.7106442220e+01, -9.5736387097e+00
-4.4910728178e+01, +5.5903095120e+01
-4.8020823647e+01, +5.5611316979e+01
-1.0031961222e+01, -2.0956510403e+01
-3.4399038528e+01, +5.6966323379e+01
-3.1469219720e+01, +5.7257005517e+01
-2.8568674676e+01, +5.7535046107e+01
+1.8141044785e+01, -1.7170465202e+01
+4.6451522420e+01, +5.5753374400e+01
+4.3380976121e+01, +5.6055151553e+01
+4.0353053454e+01, +5.6361385221e+01
+3.7359958471e+01, +5.6666499302e+01
+3.4399288428e+01, +5.6966298275e+01
+3.1469457577e+01, +5.7256982267e+01
+2.8568901359e+01, +5.7535024855e+01
+2.5695862171e+01, +5.7797169283e+01
+2.2848337926e+01, +5.8040448849e+01
+2.0024089751e+01, +5.8262206842e+01
+1.7220672535e+01, +5.8460108883e+01
+1.4435472552e+01, +5.8632146720e+01
+1.1665744623e+01, +5.8776634971e+01
+8.9086452552e+00, +5.8892203175e+01
+6.1612604503e+00, +5.8977785534e+01
+3.4206281767e+00, +5.9032610483e+01
+6.8375626448e-01, +5.9056191749e+01
-2.0523630702e+00, +5.9048322111e+01
-4.7907406354e+00, +5.9009070591e+01
-7.5343780661e+00, +5.8938783400e+01
-1.0286254455e+01, +5.8838088528e+01
-1.3049310311e+01, +5.8707903458e+01
-1.5826427504e+01, +5.8549445029e+01
-1.8620404180e+01, +5.8364240021e+01
-2.1433924221e+01, +5.8154134541e+01
-2.4269521817e+01, +5.7921299945e+01
-2.7129543437e+01, +5.7668232820e+01
-3.0016112435e+01, +5.7397747011e+01
-3.2931107143e+01, +5.7112957102e+01
-3.5876175907e+01, +5.6817256702e+01
-3.8852848364e+01, +5.6514305002e+01
-4.1862940339e+01, +5.6208067851e+01
-4.4910283173e+01, +5.5903138953e+01
-4.8020377359e+01, +5.5611351847e+01
-1.0031961222e+01, -2.0956510403e+01
+1.8141044785e+01, -1.7170465202e+01
+4.6451680226e+01, +5.5753359336e+01
+4.3381127844e+01, +5.6055136355e+01
+4.0353200157e+01, +5.6361370287e+01
+3.7360100503e+01, +5.6666484839e+01
+3.4399426036e+01, +5.6966284451e+01
+3.1469590984e+01, +5.7256969226e+01
+2.8569030785e+01, +5.7535012721e+01
+2.5695987833e+01, +5.7797158159e+01
+2.2848460042e+01, +5.8040438817e+01
+2.0024208537e+01, +5.8262197967e+01
+1.7220788204e+01, +5.8460101213e+01
+1.4435585313e+01, +5.8632140283e+01
+1.1665854679e+01, +5.8776629784e+01
+8.9087528013e+00, +5.8892199239e+01
+6.1613656760e+00, +5.8977782838e+01
+3.4207312628e+00, +5.9032609005e+01
+6.8385738391e-01, +5.9056191458e+01
-2.0522637526e+00, +5.9048322967e+01
-4.7906429631e+00, +5.9009072546e+01
-7.5342818903e+00, +5.8938786397e+01
-1.0286159635e+01, +5.8838092504e+01
-1.3049216715e+01, +5.8707908343e+01
-1.5826335008e+01, +5.8549450745e+01
-1.8620312670e+01, +5.8364246484e+01
-2.1433833593e+01, +5.8154141661e+01
-2.4269431975e+01, +5.7921307624e+01
-2.7129454298e+01, +5.7668240957e+01
-3.0016023925e+01, +5.7397755500e+01
-3.2931019200e+01, +5.7112965832e+01
-3.5876088479e+01, +5.6817265560e+01
-3.8852761399e+01, +5.6514313872e+01
-4.1862853767e+01, +5.6208076613e+01
-4.4910196803e+01, +5.5903147460e+01
-4.8020288623e+01, +5.5611358781e+01
-1.0031961222e+01, -2.0956510403e+01
+1.8141044785e+01, -1.7170465202e+01
+4.6451733214e+01, +5.5753354278e+01
+4.3381179279e+01, +5.6055131203e+01
+4.0353250360e+01, +5.6361365176e+01
+3.7360149556e+01, +5.6666479844e+01
+3.4399473993e+01, +5.6966279633e+01
+3.1469637892e+01, +5.7256964641e+01
+2.8569076691e+01, +5.7535008417e+01
+2.5696032787e+01, +5.7797154179e+01
+2.2848504096e+01, +5.8040435198e+01
+2.0024251745e+01, +5.8262194739e+01
+1.7220830621e+01, +5.8460098400e+01
+1.4435626994e+01, +5.8632137904e+01
+1.1665895680e+01, +5.8776627851e+01
+8.9087931779e+00, +5.8892197761e+01
+6.1614054818e+00, +5.8977781818e+01
+3.4207705509e+00, +5.9032608442e+01
+6.8389620591e-01, +5.9056191347e+01
-2.0522253465e+00, +5.9048323298e+01
-4.7906049242e+00, +5.9009073307e+01
-7.5342441718e+00, +5.8938787573e+01
-1.0286122192e+01, +5.8838094075e+01
-1.3049179505e+01, +5.8707910285e+01
-1.5826297989e+01, +5.8549453033e+01
-1.8620275805e+01, +5.8364249087e+01
-2.1433796846e+01, +5.8154144548e+01
-2.4269395314e+01, +5.7921310758e+01
-2.7129417695e+01, +5.7668244299e+01
-3.0015987356e+01, +5.7397759007e+01
-3.2930982644e+01, +5.7112969461e+01
-3.5876051917e+01, +5.6817269264e+01
-3.8852724816e+01, +5.6514317604e+01
-4.1862817136e+01, +5.6208080321e+01
-4.4910160048e+01, +5.5903151081e+01
-4.8020250646e+01, +5.5611361748e+01
-1.0031961222e+01, -2.0956510403e+01
+1.8141044785e+01, -1.7170465202e+01
+4.6451759781e+01, +5.5753351742e+01
+4.3381205161e+01, +5.6055128611e+01
+4.0353275712e+01, +5.6361362595e+01
+3.7360174417e+01, +5.6666477312e+01
+3.4399498384e+01, +5.6966277183e+01
+3.1469661832e+01, +5.7256962301e+01
+2.8569100200e+01, +5.7535006213e+01
+2.5696055887e+01, +5.7797152134e+01
+2.2848526809e+01, +5.8040433332e+01
+2.0024274097e+01, +5.8262193069e+01
+1.7220852635e+01, +5.8460096940e+01
+1.4435648698e+01, +5.8632136665e+01
+1.1665917099e+01, +5.8776626841e+01
+8.9088143376e+00, +5.8892196986e+01
+6.1614264085e+00, +5.8977781281e+01
+3.4207912702e+00, +5.9032608145e+01
+6.8391674297e-01, +5.9056191288e+01
-2.0522049670e+00, +5.9048323474e+01
-4.7905846782e+00, +5.9009073712e+01
-7.5342240359e+00, +5.8938788200e+01
-1.0286102144e+01, +5.8838094915e+01
-1.3049159522e+01, +5.8707911328e+01
-1.5826278051e+01, +5.8549454265e+01
-1.8620255892e+01, +5.8364250494e+01
-2.1433776940e+01, +5.8154146111e+01
-2.4269375399e+01, +5.7921312460e+01
-2.7129397755e+01, +5.7668246119e+01
-3.0015967379e+01, +5.7397760923e+01
-3.2930962618e+01, +5.7112971448e+01
-3.5876031834e+01, +5.6817271299e+01
-3.8852704666e+01, +5.6514319659e+01
-4.1862796906e+01, +5.6208082368e+01
-4.4910139695e+01, +5.5903153085e+01
-4.8020229562e+01, +5.5611363396e+01
-1.0031961222e+01, -2.0956510403e+01
+1.8141044785e+01, -1.7170465202e+01
+4.6451775744e+01, +5.5753350218e+01
+4.3381220744e+01, +5.6055127050e+01
+4.0353291005e+01, +5.6361361038e+01
+3.7360189442e+01, +5.6666475782e+01
+3.4399513152e+01, +5.6966275699e+01
+3.1469676355e+01, +5.7256960881e+01
+2.8569114488e+01, +5.7535004874e+01
+2.5696069953e+01, +5.7797150889e+01
+2.2848540665e+01, +5.8040432194e+01
+2.0024287757e+01, +5.8262192049e+01
+1.7220866114e+01, +5.8460096046e+01
+1.4435662010e+01, +5.8632135905e+01
+1.1665930260e+01, +5.8776626221e+01
+8.9088273625e+00, +5.8892196509e+01
+6.1614393126e+00, +5.8977780951e+01
+3.4208040687e+00, +5.9032607961e+01
+6.8392945092e-01, +5.9056191251e+01
-2.0521923348e+00, +5.9048323583e+01
-4.7905721073e+00, +5.9009073964e+01
-7.5342115121e+00, +5.8938788590e+01
-1.0286089653e+01, +5.8838095439e+01
-1.3049147051e+01, +5.8707911979e+01
-1.5826265588e+01, +5.8549455035e+01
-1.8620243424e+01, +5.8364251374e+01
-2.1433764456e+01, +5.8154147092e+01
-2.4269362889e+01, +5.7921313530e+01
-2.7129385209e+01, +5.7668247264e+01
-3.0015954789e+01, +5.7397762130e+01
-3.2930949978e+01, +5.7112972703e+01
-3.5876019138e+01, +5.6817272586e+01
-3.8852691908e+01, +5.6514320960e+01
-4.1862784078e+01, +5.6208083667e+01
-4.4910126768e+01, +5.5903154359e+01
-4.8020216150e+01, +5.5611364444e+01
-1.0031961222e+01, -2.0956510403e+01
+1.8141044785e+01, -1.7170465202e+01
+4.6451786396e+01, +5.5753349201e+01
+4.3381231154e+01, +5.6055126007e+01
+4.0353301235e+01, +5.6361359997e+01
+3.7360199504e+01, +5.6666474757e+01
+3.4399523055e+01, +5.6966274704e+01
+3.1469686104e+01, +5.7256959928e+01
+2.8569124091e+01, +5.7535003974e+01
+2.5696079417e+01, +5.7797150051e+01
+2.2848550000e+01, +5.8040431427e+01
+2.0024296970e+01, +5.8262191360e+01
+1.7220875215e+01, +5.8460095442e+01
+1.4435671009e+01, +5.8632135391e+01
+1.1665939166e+01, +5.8776625801e+01
+8.9088361873e+00, +5.8892196186e+01
+6.1614480654e+00, +5.8977780726e+01
+3.4208127596e+00, +5.9032607836e+01
+6.8393808993e-01, +5.9056191226e+01
-2.0521837378e+00, +5.9048323657e+01
-4.7905635426e+00, +5.9009074135e+01
-7.5342029702e+00, +5.8938788857e+01
-1.0286081125e+01, +5.8838095797e+01
-1.3049138527e+01, +5.8707912424e+01
-1.5826257060e+01, +5.8549455562e+01
-1.8620234884e+01, +5.8364251978e+01
-2.1433755895e+01, +5.8154147765e+01
-2.4269354301e+01, +5.7921314264e+01
-2.7129376588e+01, +5.7668248051e+01
-3.0015946129e+01, +5.7397762961e+01
-3.2930941274e+01, +5.7112973567e+01
-3.5876010387e+01, +5.6817273472e+01
-3.8852683104e+01, +5.6514321858e+01
-4.1862775216e+01, +5.6208084564e+01
-4.4910117830e+01, +5.5903155239e+01
-4.8020206867e+01, +5.5611365170e+01
-1.0031961222e+01, -2.0956510403e+01
+1.8141044785e+01, -1.7170465202e+01
+4.6451794010e+01, +5.5753348475e+01
+4.3381238601e+01, +5.6055125261e+01
+4.0353308558e+01, +5.6361359251e+01
+3.7360206714e+01, +5.6666474023e+01
+3.4399530156e+01, +5.6966273991e+01
+3.1469693101e+01, +5.7256959245e+01
+2.8569130989e+01, +5.7535003327e+01
+2.5696086221e+01, +5.7797149448e+01
+2.2848556715e+01, +5.8040430875e+01
+2.0024303604e+01, +5.8262190865e+01
+1.7220881774e+01, +5.8460095007e+01
+1.4435677499e+01, +5.8632135021e+01
+1.1665945595e+01, +5.8776625498e+01
+8.9088425615e+00, +5.8892195953e+01
+6.1614543926e+00, +5.8977780564e+01
+3.4208190469e+00, +5.9032607746e+01
+6.8394434457e-01, +5.9056191208e+01
-2.0521775088e+00, +5.9048323711e+01
-4.7905573322e+00, +5.9009074259e+01
-7.5341967716e+00, +5.8938789050e+01
-1.0286074931e+01, +5.8838096056e+01
-1.3049132332e+01, +5.8707912747e+01
-1.5826250857e+01, +5.8549455946e+01
-1.8620228668e+01, +5.8364252417e+01
-3.2451204848e+01, -2.5440066908e+00
-2.9481844260e+01, -6.7425733923e+00
-2.7106442220e+01, -9.5736387097e+00
-2.4953143954e+01, -1.1803547712e+01
-2.2922567204e+01, -1.3651583459e+01
-2.0970763812e+01, -1.5220143143e+01
-1.9073790355e+01, -1.6567557849e+01
-1.7216934644e+01, -1.7730951508e+01
-1.5390401404e+01, -1.8735661041e+01
-1.3587274288e+01, -1.9599801915e+01
-1.1802438394e+01, -2.0336735512e+01
-1.0031961222e+01, -2.0956510403e+01
-8.2727129413e+00, -2.1466753522e+01
-6.5221203329e+00, -2.1873244236e+01
-4.7779992088e+00, -2.2180294049e+01
-3.0384345602e+00, -2.2391000332e+01
-1.3016901723e+00, -2.2507413600e+01
+4.3386383307e-01, -2.2530641556e+01
+2.1698134288e+00, -2.2460903120e+01
+3.9077591144e+00, -2.2297538927e+01
+5.6493756625e+00, -2.2038979526e+01
+7.3964787242e+00, -2.1682667528e+01
+9.1511050874e+00, -2.1224924113e+01
+1.0915616028e+01, -2.0660742254e+01
+1.2692838146e+01, -1.9983476342e+01
+1.4486265197e+01, -1.9184376421e+01
+1.6300361817e+01, -1.8251875928e+01
+1.8141044785e+01, -1.7170465202e+01
+2.0016492355e+01, -1.5918821206e+01
+2.1938608603e+01, -1.4466489037e+01
+2.3925939822e+01, -1.2767429291e+01
+2.6010320850e+01, -1.0745707324e+01
+2.8255537544e+01, -8.2565032193e+00
+3.0834582407e+01, -4.9300702924e+00
+1.8141044785e+01, -1.7170465202e+01
+3.2930368886e+01, +5.7113030387e+01
+3.0015392272e+01, +5.7397816080e+01
+2.7128840054e+01, +5.7668297031e+01
+2.4268833923e+01, +5.7921358744e+01
-1.0031961222e+01, -2.0956510403e+01
-4.8019825608e+01, +5.5611394966e+01
-4.4909757004e+01, +5.5903190781e+01
-4.1862423523e+01, +5.6208120160e+01
-3.8852339538e+01, +5.6514356902e+01
-3.5875674478e+01, +5.6817307505e+01
-3.2930612652e+01, +5.7113006189e+01
-3.0015624436e+01, +5.7397793814e+01
-2.7129061459e+01, +5.7668276819e+01
-2.4269045358e+01, +5.7921340671e+01
-2.1433452746e+01, +5.8154171579e+01
-1.8619937129e+01, +5.8364273007e+01
-1.5825964295e+01, +5.8549473654e+01
-1.3048850348e+01, +5.8707927464e+01
-1.0285797130e+01, +5.8838107706e+01
-7.5339227630e+00, +5.8938797589e+01
-4.7902867347e+00, +5.9009079675e+01
-2.0519099492e+00, +5.9048326017e+01
+6.8420922940e-01, +5.9056190446e+01
+3.4210816096e+00, +5.9032603981e+01
+6.1617149745e+00, +5.8977773886e+01
+8.9091014922e+00, +5.8892186474e+01
+1.1666203191e+01, +5.8776613356e+01
+1.4435934062e+01, +5.8632120375e+01
+1.7221137591e+01, +5.8460078042e+01
+2.0024558943e+01, +5.8262171788e+01
+2.2848811825e+01, +5.8040409918e+01
+2.5696341325e+01, +5.7797126865e+01
+2.8569386286e+01, +5.7534979392e+01
+3.1469948765e+01, +5.7256934254e+01
+3.4399786333e+01, +5.6966248256e+01
+3.7360463538e+01, +5.6666447870e+01
+4.0353566182e+01, +5.6361333024e+01
+4.3381497320e+01, +5.6055099345e+01
+4.6452055264e+01, +5.5753323536e+01
+1.8141044785e+01, -1.7170465202e+01
-1.0031961222e+01, -2.0956510403e+01
-4.8019990421e+01, +5.5611382085e+01
-4.4909911498e+01, +5.5903175563e+01
-4.1862572678e+01, +5.6208105063e+01
-3.8852483872e+01, +5.6514342180e+01
-3.5875814269e+01, +5.6817293342e+01
-3.2930748132e+01, +5.7112992740e+01
-3.0015755826e+01, +5.7397781213e+01
-2.7129188976e+01, +5.7668265178e+01
-2.4269169219e+01, +5.7921330084e+01
-2.1433573170e+01, +5.8154162119e+01
-1.8620054330e+01, +5.8364264729e+01
-1.5826078484e+01, +5.8549466598e+01
-1.3048961731e+01, +5.8707921651e+01
-1.0285905906e+01, +5.8838103145e+01
-7.5340291258e+00, +5.8938794274e+01
-4.7903908685e+00, +5.9009077591e+01
-2.0520120309e+00, +5.9048325137e+01
+6.8410903100e-01, +5.9056190734e+01
+3.4209831338e+00, +5.9032605393e+01
+6.1616180685e+00, +5.8977776370e+01
+8.9090060115e+00, +5.8892189970e+01
+1.1666108999e+01, +5.8776617796e+01
+1.4435841032e+01, +5.8632125686e+01
+1.7221045602e+01, +5.8460084143e+01
+2.0024467886e+01, +5.8262178591e+01
+2.2848721601e+01, +5.8040417330e+01
+2.5696251844e+01, +5.7797134786e+01
+2.8569297470e+01, +5.7534987719e+01
+3.1469860545e+01, +5.7256942877e+01
+3.4399698654e+01, +5.6966257064e+01
+3.7360376348e+01, +5.6666456749e+01
+4.0353479424e+01, +5.6361341856e+01
+4.3381410893e+01, +5.6055108003e+01
+4.6451968687e+01, +5.5753331801e+01
+1.8141044785e+01, -1.7170465202e+01
-1.0031961222e+01, -2.0956510403e+01
-4.8020045494e+01, +5.5611377781e+01
-4.4909963624e+01, +5.5903170428e+01
-4.1862623482e+01, +5.6208099921e+01
-3.8852533492e+01, +5.6514337119e+01
-3.5875862768e+01, +5.6817288428e+01
-3.2930795559e+01, +5.7112988032e+01
-3.0015802227e+01, +5.7397776762e+01
-2.7129234400e+01, +5.7668261032e+01
-2.4269213717e+01, +5.7921326280e+01
-2.1433616794e+01, +5.8154158692e+01
-1.8620097135e+01, +5.8364261706e+01
-1.5826120526e+01, +5.8549464000e+01
-1.3049003065e+01, +5.8707919493e+01
-1.0285946588e+01, +5.8838101439e+01
-7.5340692102e+00, +5.8938793025e+01
-4.7904304088e+00, +5.9009076800e+01
-2.0520510796e+00, +5.9048324801e+01
+6.8407042311e-01, +5.9056190846e+01
+3.4209449172e+00, +5.9032605941e+01
+6.1615801956e+00, +5.8977777340e+01
+8.9089684362e+00, +5.8892191345e+01
+1.1666071677e+01, +5.8776619555e+01
+1.4435803922e+01, +5.8632127804e+01
+1.7221008665e+01, +5.8460086592e+01
+2.0024431085e+01, +5.8262181340e+01
+2.2848684901e+01, +5.8040420345e+01
+2.5696215215e+01, +5.7797138029e+01
+2.8569260887e+01, +5.7534991149e+01
+3.1469823985e+01, +5.7256946451e+01
+3.4399662097e+01, +5.6966260736e+01
+3.7360339778e+01, +5.6666460473e+01
+4.0353442822e+01, +5.6361345583e+01
+4.3381374218e+01, +5.6055111676e+01
+4.6451931739e+01, +5.5753335328e+01
+1.8141044785e+01, -1.7170465202e+01
-1.0031961222e+01, -2.0956510403e+01
-4.8020073056e+01, +5.5611375627e+01
-4.4909989806e+01, +5.5903167849e+01
-4.1862649093e+01, +5.6208097329e+01
-3.8852558596e+01, +5.6514334558e+01
-3.5875887391e+01, +5.6817285934e+01
-3.2930819722e+01, +5.7112985633e+01
-3.0015825948e+01, +5.7397774487e+01
-2.7129257701e+01, +5.7668258904e+01
-2.4269236620e+01, +5.7921324323e+01
-2.1433639323e+01, +5.8154156922e+01
-1.8620119315e+01, +5.8364260140e+01
-1.5826142382e+01, +5.8549462649e+01
-1.3049024623e+01, +5.8707918368e+01
-1.0285967874e+01, +5.8838100546e+01
-7.5340902503e+00, +5.8938792369e+01
-4.7904512287e+00, +5.9009076383e+01
-2.0520717046e+00, +5.9048324623e+01
+6.8404996789e-01, +5.9056190904e+01
+3.4209246075e+00, +5.9032606233e+01
+6.1615600075e+00, +5.8977777858e+01
+8.9089483467e+00, +5.8892192080e+01
+1.1666051664e+01, +5.8776620499e+01
+1.4435783964e+01, +5.8632128943e+01
+1.7220988742e+01, +5.8460087914e+01
+2.0024411177e+01, +5.8262182828e+01
+2.2848664992e+01, +5.8040421980e+01
+2.5696195289e+01, +5.7797139793e+01
+2.8569240929e+01, +5.7534993020e+01
+3.1469803985e+01, +5.7256948406e+01
+3.4399642044e+01, +5.6966262751e+01
+3.7360319663e+01, +5.6666462521e+01
+4.0353422635e+01, +5.6361347638e+01
+4.3381353937e+01, +5.6055113708e+01
+4.6451911252e+01, +5.5753337283e+01
+1.8141044785e+01, -1.7170465202e+01
-1.0031961222e+01, -2.0956510403e+01
-4.8020089601e+01, +5.5611374334e+01
-4.4910005554e+01, +5.5903166298e+01
-4.1862664526e+01, +5.6208095767e+01
-3.8852573753e+01, +5.6514333012e+01
-3.5875902286e+01, +5.6817284425e+01
-3.2930834366e+01, +5.7112984180e+01
-3.0015840353e+01, +5.7397773106e+01
-2.7129271877e+01, +5.7668257610e+01
-2.4269250580e+01, +5.7921323129e+01
-2.1433653080e+01, +5.8154155842e+01
-1.8620132883e+01, +5.8364259182e+01
-1.5826155776e+01, +5.8549461822e+01
-1.3049037858e+01, +5.8707917678e+01
-1.0285980965e+01, +5.8838099997e+01
-7.5341032128e+00, +5.8938791965e+01
-4.7904640781e+00, +5.9009076126e+01
-2.0520844560e+00, +5.9048324513e+01
+6.8403729966e-01, +5.9056190941e+01
+3.4209120077e+00, +5.9032606413e+01
+6.1615474619e+00, +5.8977778179e+01
+8.9089358414e+00, +5.8892192538e+01
+1.1666039186e+01, +5.8776621087e+01
+1.4435771499e+01, +5.8632129655e+01
+1.7220976278e+01, +5.8460088740e+01
+2.0024398703e+01, +5.8262183760e+01
+2.2848652496e+01, +5.8040423007e+01
+2.5696182763e+01, +5.7797140902e+01
+2.8569228363e+01, +5.7534994198e+01
+3.1469791371e+01, +5.7256949639e+01
+3.4399629377e+01, +5.6966264023e+01
+3.7360306936e+01, +5.6666463817e+01
+4.0353409843e+01, +5.6361348940e+01
+4.3381341065e+01, +5.6055114997e+01
+4.6451898230e+01, +5.5753338526e+01
+1.8141044785e+01, -1.7170465202e+01
-1.0031961222e+01, -2.0956510403e+01
-4.8020100635e+01, +5.5611373471e+01
-4.4910016069e+01, +5.5903165263e+01
-4.1862674844e+01, +5.6208094723e+01
-3.8852583897e+01, +5.6514331977e+01
-3.5875912268e+01, +5.6817283413e+01
-3.2930844191e+01, +5.7112983204e+01
-3.0015850028e+01, +5.7397772178e+01
-2.7129281410e+01, +5.7668256740e+01
-2.4269259978e+01, +5.7921322326e+01
-2.1433662352e+01, +5.8154155113e+01
-1.8620142039e+01, +5.8364258535e+01
-1.5826164825e+01, +5.8549461262e+01
-1.3049046810e+01, +5.8707917210e+01
-1.0285989830e+01, +5.8838099625e+01
-7.5341120004e+00, +5.8938791692e+01
-4.7904727987e+00, +5.9009075951e+01
-2.0520931197e+00, +5.9048324438e+01
+6.8402868288e-01, +5.9056190966e+01
+3.4209034281e+00, +5.9032606536e+01
+6.1615389098e+00, +5.8977778398e+01
+8.9089273073e+00, +5.8892192851e+01
+1.1666030661e+01, +5.8776621489e+01
+1.4435762974e+01, +5.8632130142e+01
+1.7220967745e+01, +5.8460089306e+01
+2.0024390153e+01, +5.8262184398e+01
+2.2848643923e+01, +5.8040423711e+01
+2.5696174159e+01, +5.7797141664e+01
+2.8569219723e+01, +5.7534995008e+01
+3.1469782689e+01, +5.7256950487e+01
+3.4399620649e+01, +5.6966264900e+01
+3.7360298159e+01, +5.6666464711e+01
+4.0353401011e+01, +5.6361349839e+01
+4.3381332170e+01, +5.6055115888e+01
+4.6451889222e+01, +5.5753339386e+01
+1.8141044785e+01, -1.7170465202e+01
-1.0031961222e+01, -2.0956510403e+01
-4.8020108518e+01, +5.5611372855e+01
-4.4910023587e+01, +5.5903164522e+01
-4.1862682227e+01, +5.6208093975e+01
-3.8852591163e+01, +5.6514331236e+01
-3.5875919423e+01, +5.6817282688e+01
-3.2930851240e+01, +5.7112982505e+01
-3.0015856975e+01, +5.7397771512e+01
-2.7129288260e+01, +5.7668256115e+01
-2.4269266737e+01, +5.7921321748e+01
-2.1433669026e+01, +5.8154154589e+01
-1.8620148634e+01, +5.8364258069e+01
-1.5826171348e+01, +5.8549460859e+01
-1.3049053268e+01, +5.8707916873e+01
-1.0285996230e+01, +5.8838099357e+01
-7.5341183502e+00, +5.8938791494e+01
-4.7904791050e+00, +5.9009075825e+01
-2.0520993898e+00, +5.9048324384e+01
+6.8402244193e-01, +5.9056190984e+01
+3.4208972092e+00, +5.9032606626e+01
+6.1615327061e+00, +5.8977778557e+01
+8.9089211121e+00, +5.8892193077e+01
+1.1666024467e+01, +5.8776621781e+01
+1.4435756776e+01, +5.8632130495e+01
+1.7220961536e+01, +5.8460089718e+01
+2.0024383928e+01, +5.8262184864e+01
