-4.9847611725e+01, -5.3427825235e-01
-5.4434602465e+01, -4.8357026865e-01
-5.8676016861e+01, -4.5460933950e-01
-6.2704974844e+01, -4.3555094569e-01
-6.6588182087e+01, -4.2195066956e-01
-7.5768954766e+01, +5.8294494854e+01
-8.2075644737e+01, +5.2512224023e+01
-7.0364541097e+01, -4.1171901663e-01
-7.7688536771e+01, -3.9731305229e-01
-8.9277414606e+01, +5.1771938101e+01
-8.8295330252e+01, -3.8393025156e-01
-9.1760714024e+01, -3.8073973255e-01
-9.5199188165e+01, -3.7797737598e-01
-9.8614261406e+01, -3.7556471409e-01
-1.0200881778e+02, -3.7344134329e-01
-1.0538525646e+02, -3.7155997879e-01
-1.0874559427e+02, -3.6988305989e-01
-1.1209154243e+02, -3.6838036362e-01
-1.1542456481e+02, -3.6702729198e-01
-1.1874592301e+02, -3.6580361983e-01
-1.2205671150e+02, -3.6469256426e-01
-1.2535788555e+02, -3.6368008289e-01
-1.2865028346e+02, -3.6275433745e-01
-1.3193464467e+02, -3.6190527901e-01
-1.3521162435e+02, -3.6112432358e-01
-1.3848180555e+02, -3.6040409586e-01
-1.4174570914e+02, -3.5973822502e-01
-1.4500380219e+02, -3.5912118054e-01
-1.4825650490e+02, -3.5854813911e-01
-1.5150419658e+02, -3.5801487614e-01
-1.5474722059e+02, -3.5751767651e-01
-1.5798588865e+02, -3.5705326081e-01
-1.6122048451e+02, -3.5661872402e-01
-1.6445126706e+02, -3.5621148418e-01
-1.6767847310e+02, -3.5582923928e-01
-1.7090231970e+02, -3.5546993082e-01
-1.7412300624e+02, -3.5513171289e-01
-1.7734071625e+02, -3.5481292585e-01
-1.8055561895e+02, -3.5451207371e-01
-1.8376787069e+02, -3.5422780485e-01
-1.8697761615e+02, -3.5395889524e-01
-1.9018498944e+02, -3.5370423400e-01
-1.9339011506e+02, -3.5346281089e-01
-1.9659310877e+02, -3.5323370533e-01
-1.9979407835e+02, -3.5301607687e-01
-2.0299312431e+02, -3.5280915683e-01
-2.0619034048e+02, -3.5261224096e-01
-2.0938581456e+02, -3.5242468293e-01
-2.1257962865e+02, -3.5224588866e-01
-2.1577185968e+02, -3.5207531123e-01
-2.1896257982e+02, -3.5191244640e-01
-2.2215185683e+02, -3.5175682861e-01
-2.2533975443e+02, -3.5160802744e-01
-2.2852633258e+02, -3.5146564441e-01
-2.3171164777e+02, -3.5132931017e-01
-2.3489575325e+02, -3.5119868190e-01
-2.3807869928e+02, -3.5107344108e-01
-2.4126053334e+02, -3.5095329140e-01
-2.4444130031e+02, -3.5083795690e-01
-2.4762104266e+02, -3.5072718030e-01
-2.5079980061e+02, -3.5062072149e-01
-2.5397761226e+02, -3.5051835615e-01
-2.5715451376e+02, -3.5041987454e-01
-2.6033053942e+02, -3.5032508029e-01
-2.6350572181e+02, -3.5023378946e-01
-2.6668009191e+02, -3.5014582955e-01
-2.6985367916e+02, -3.5006103867e-01
-2.7302651160e+02, -3.4997926474e-01
-2.7619861591e+02, -3.4990036480e-01
-2.7937001754e+02, -3.4982420433e-01
-2.8254074073e+02, -3.4975065667e-01
-2.8571080863e+02, -3.4967960247e-01
-2.8888024332e+02, -3.4961092920e-01
-2.9204906590e+02, -3.4954453062e-01
-2.9521729653e+02, -3.4948030645e-01
-2.9838495448e+02, -3.4941816191e-01
-3.0155205819e+02, -3.4935800736e-01
-3.0471862532e+02, -3.4929975798e-01
-3.0788467277e+02, -3.4924333349e-01
-3.1105021674e+02, -3.4918865780e-01
-3.1421527273e+02, -3.4913565878e-01
-3.1737985565e+02, -3.4908426801e-01
-3.2054397977e+02, -3.4903442057e-01
-3.2370765880e+02, -3.4898605479e-01
-3.2687090591e+02, -3.4893911207e-01
-3.3003373373e+02, -3.4889353671e-01
-3.3319615442e+02, -3.4884927573e-01
-3.3635817967e+02, -3.4880627870e-01
-3.3951982070e+02, -3.4876449761e-01
-3.4268108835e+02, -3.4872388672e-01
-3.4584199300e+02, -3.4868440243e-01
-3.4900254470e+02, -3.4864600318e-01
-3.5216275308e+02, -3.4860864931e-01
-3.5532262746e+02, -3.4857230296e-01
-3.5848217679e+02, -3.4853692801e-01
-3.6164140974e+02, -3.4850248991e-01
-3.6480033464e+02, -3.4846895567e-01
-3.6795895953e+02, -3.4843629376e-01
-3.7111729220e+02, -3.4840447398e-01
-3.7427534013e+02, -3.4837346748e-01
-3.7743311059e+02, -3.4834324660e-01
-3.8059061056e+02, -3.4831378488e-01
-3.8374784681e+02, -3.4828505696e-01
-3.8690482589e+02, -3.4825703854e-01
-3.9006155412e+02, -3.4822970632e-01
-3.9321803761e+02, -3.4820303795e-01
-3.9637428229e+02, -3.4817701200e-01
-3.9953029389e+02, -3.4815160789e-01
-4.0268607795e+02, -3.4812680587e-01
-4.0584163985e+02, -3.4810258697e-01
-4.0899698478e+02, -3.4807893295e-01
-4.1215211779e+02, -3.4805582631e-01
-4.1530704376e+02, -3.4803325019e-01
-4.1846176743e+02, -3.4801118841e-01
-4.2161629339e+02, -3.4798962539e-01
-4.2477062609e+02, -3.4796854614e-01
-4.2792476985e+02, -3.4794793623e-01
-4.3107872886e+02, -3.4792778177e-01
-4.3423250719e+02, -3.4790806937e-01
-4.3738610879e+02, -3.4788878615e-01
-4.4053953749e+02, -3.4786991968e-01
-4.4369279702e+02, -3.4785145799e-01
-4.4684589099e+02, -3.4783338954e-01
-4.4999882291e+02, -3.4781570320e-01
-4.5315159620e+02, -3.4779838821e-01
-4.5630421418e+02, -3.4778143421e-01
-4.5945668008e+02, -3.4776483121e-01
-4.6260899703e+02, -3.4774856953e-01
-4.6576116808e+02, -3.4773263986e-01
-4.6891319621e+02, -3.4771703318e-01
-4.7206508429e+02, -3.4770174078e-01
-4.7521683515e+02, -3.4768675425e-01
-4.7836845152e+02, -3.4767206547e-01
-4.8151993605e+02, -3.4765766656e-01
-4.8467129135e+02, -3.4764354992e-01
-4.8782251994e+02, -3.4762970820e-01
-4.9097362428e+02, -3.4761613428e-01
-4.9412460676e+02, -3.4760282127e-01
-4.9727546972e+02, -3.4758976251e-01
-5.0042621543e+02, -3.4757695153e-01
-5.0357684611e+02, -3.4756438210e-01
-5.0672736393e+02, -3.4755204815e-01
-5.0987777099e+02, -3.4753994383e-01
-5.1302806935e+02, -3.4752806345e-01
-5.1617826101e+02, -3.4751640150e-01
-5.1932834792e+02, -3.4750495264e-01
-5.2247833201e+02, -3.4749371170e-01
-5.2562821512e+02, -3.4748267366e-01
-5.2877799907e+02, -3.4747183365e-01
-5.3192768564e+02, -3.4746118695e-01
-5.3507727656e+02, -3.4745072897e-01
-5.3822677353e+02, -3.4744045527e-01
-5.4137617818e+02, -3.4743036153e-01
-5.4452549214e+02, -3.4742044356e-01
-5.4767471697e+02, -3.4741069730e-01
-5.5082385422e+02, -3.4740111878e-01
-5.5397290539e+02, -3.4739170418e-01
-5.5712187195e+02, -3.4738244976e-01
-5.6027075533e+02, -3.4737335190e-01
-5.6341955693e+02, -3.4736440709e-01
-5.6656827814e+02, -3.4735561189e-01
-5.6971692029e+02, -3.4734696298e-01
-5.7286548468e+02, -3.4733845713e-01
-5.7601397261e+02, -3.4733009119e-01
-5.7916238533e+02, -3.4732186210e-01
-5.8231072407e+02, -3.4731376688e-01
-5.8545899001e+02, -3.4730580265e-01
-5.8860718435e+02, -3.4729796657e-01
-5.9175530823e+02, -3.4729025592e-01
-5.9490336277e+02, -3.4728266803e-01
-5.9805134907e+02, -3.4727520028e-01
-6.0119926822e+02, -3.4726785016e-01
-6.0434712126e+02, -3.4726061521e-01
-6.0749490924e+02, -3.4725349302e-01
-6.1064263315e+02, -3.4724648125e-01
-6.1379029400e+02, -3.4723957764e-01
-6.1693789275e+02, -3.4723277995e-01
-6.2008543035e+02, -3.4722608605e-01
-6.2323290774e+02, -3.4721949380e-01
-6.2638032582e+02, -3.4721300117e-01
-6.2952768550e+02, -3.4720660616e-01
-6.3267498764e+02, -3.4720030680e-01
-6.3582223310e+02, -3.4719410120e-01
-6.3896942273e+02, -3.4718798751e-01
-6.4211655735e+02, -3.4718196391e-01
-6.4526363777e+02, -3.4717602864e-01
-6.4841066478e+02, -3.4717017998e-01
-6.5155763917e+02, -3.4716441624e-01
-6.5470456168e+02, -3.4715873579e-01
-6.5785143307e+02, -3.4715313703e-01
-6.6099825408e+02, -3.4714761839e-01
-6.6414502542e+02, -3.4714217835e-01
-6.6729174780e+02, -3.4713681543e-01
-6.7043842191e+02, -3.4713152817e-01
-6.7358504843e+02, -3.4712631514e-01
-6.7673162802e+02, -3.4712117497e-01
-6.7987816135e+02, -3.4711610631e-01
-6.8302464905e+02, -3.4711110781e-01
-6.8617109175e+02, -3.4710617821e-01
-6.8931749008e+02, -3.4710131623e-01
-6.9246384463e+02, -3.4709652064e-01
-6.9561015601e+02, -3.4709179023e-01
-6.9875642480e+02, -3.4708712384e-01
-7.0190265158e+02, -3.4708252029e-01
-7.0504883691e+02, -3.4707797848e-01
-7.0819498134e+02, -3.4707349730e-01
-7.1134108543e+02, -3.4706907567e-01
-7.1448714969e+02, -3.4706471254e-01
-7.1763317467e+02, -3.4706040688e-01
-7.2077916088e+02, -3.4705615769e-01
-7.2392510882e+02, -3.4705196398e-01
-7.2707101900e+02, -3.4704782479e-01
-7.3021689189e+02, -3.4704373917e-01
-7.3336272799e+02, -3.4703970620e-01
-7.3650852777e+02, -3.4703572499e-01
-7.3965429170e+02, -3.4703179464e-01
-7.4280002022e+02, -3.4702791430e-01
-7.4594571379e+02, -3.4702408311e-01
-7.4909137285e+02, -3.4702030025e-01
-7.5223699784e+02, -3.4701656492e-01
-7.5538258918e+02, -3.4701287630e-01
-7.5852814729e+02, -3.4700923364e-01
-7.6167367259e+02, -3.4700563616e-01
-7.6481916548e+02, -3.4700208313e-01
-7.6796462636e+02, -3.4699857380e-01
-7.7111005563e+02, -3.4699510747e-01
-7.7425545366e+02, -3.4699168344e-01
-7.7740082085e+02, -3.4698830102e-01
-7.8054615756e+02, -3.4698495953e-01
-7.8369146417e+02, -3.4698165833e-01
-7.8683674103e+02, -3.4697839675e-01
-7.8998198851e+02, -3.4697517418e-01
-7.9312720694e+02, -3.4697198998e-01
-7.9627239669e+02, -3.4696884356e-01
-7.9941755808e+02, -3.4696573431e-01
-8.0256269146e+02, -3.4696266166e-01
-8.0570779714e+02, -3.4695962502e-01
-8.0885287546e+02, -3.4695662384e-01
-8.1199792674e+02, -3.4695365757e-01
-8.1514295128e+02, -3.4695072567e-01
-8.1828794940e+02, -3.4694782760e-01
-8.2143292140e+02, -3.4694496286e-01
-8.2457786758e+02, -3.4694213092e-01
-8.2772278824e+02, -3.4693933129e-01
-8.3086768366e+02, -3.4693656348e-01
-8.3401255414e+02, -3.4693382701e-01
-8.3715739995e+02, -3.4693112140e-01
-8.4030222137e+02, -3.4692844620e-01
-8.4344701868e+02, -3.4692580095e-01
-8.4659179215e+02, -3.4692318520e-01
-8.4973654204e+02, -3.4692059851e-01
-8.5288126860e+02, -3.4691804046e-01
-8.5602597211e+02, -3.4691551063e-01
-8.5917065282e+02, -3.4691300859e-01
-8.6231531097e+02, -3.4691053395e-01
-8.6545994681e+02, -3.4690808631e-01
-8.6860456058e+02, -3.4690566526e-01
-8.7174915252e+02, -3.4690327044e-01
-8.7489372288e+02, -3.4690090146e-01
-8.7803827187e+02, -3.4689855795e-01
-8.8118279974e+02, -3.4689623954e-01
-8.8432730671e+02, -3.4689394589e-01
-8.8747179299e+02, -3.4689167663e-01
-8.9061625881e+02, -3.4688943142e-01
-8.9376070439e+02, -3.4688720993e-01
-8.9690512994e+02, -3.4688501181e-01
-9.0004953566e+02, -3.4688283675e-01
-9.0319392178e+02, -3.4688068442e-01
-9.0633828848e+02, -3.4687855450e-01
-9.0948263598e+02, -3.4687644669e-01
-9.1262696447e+02, -3.4687436068e-01
-9.1577127415e+02, -3.4687229616e-01
-9.1891556521e+02, -3.4687025286e-01
-9.2205983784e+02, -3.4686823046e-01
-9.2520409224e+02, -3.4686622870e-01
-9.2834832858e+02, -3.4686424729e-01
-9.3149254705e+02, -3.4686228595e-01
-9.3463674784e+02, -3.4686034442e-01
-9.3778093111e+02, -3.4685842243e-01
-9.4092509705e+02, -3.4685651971e-01
-9.4406924583e+02, -3.4685463601e-01
-9.4721337761e+02, -3.4685277108e-01
-9.5035749258e+02, -3.4685092467e-01
-9.5350159089e+02, -3.4684909654e-01
-9.5664567272e+02, -3.4684728643e-01
-9.5978973821e+02, -3.4684549413e-01
-9.6293378754e+02, -3.4684371938e-01
-9.6607782086e+02, -3.4684196197e-01
-9.6922183832e+02, -3.4684022168e-01
-9.7236584009e+02, -3.4683849827e-01
-9.7550982631e+02, -3.4683679153e-01
-9.7865379714e+02, -3.4683510124e-01
-9.8179775272e+02, -3.4683342720e-01
-9.8494169319e+02, -3.4683176920e-01
-9.8808561871e+02, -3.4683012703e-01
-9.9122952941e+02, -3.4682850049e-01
-9.9437342544e+02, -3.4682688938e-01
-9.9751730694e+02, -3.4682529351e-01
-1.0006611740e+03, -3.4682371269e-01
-1.0038050269e+03, -3.4682214673e-01
-1.0069488656e+03, -3.4682059544e-01
-1.0100926903e+03, -3.4681905864e-01
-1.0132365011e+03, -3.4681753615e-01
-1.0163802982e+03, -3.4681602779e-01
-1.0195240817e+03, -3.4681453339e-01
-1.0226678517e+03, -3.4681305278e-01
-1.0258116084e+03, -3.4681158578e-01
-1.0289553518e+03, -3.4681013224e-01
-1.0320990821e+03, -3.4680869197e-01
-1.0352427994e+03, -3.4680726484e-01
-1.0383865039e+03, -3.4680585067e-01
-1.0415301955e+03, -3.4680444930e-01
-1.0446738745e+03, -3.4680306060e-01
-1.0478175410e+03, -3.4680168439e-01
-1.0509611951e+03, -3.4680032054e-01
-1.0541048369e+03, -3.4679896889e-01
-1.0572484664e+03, -3.4679762930e-01
-1.0603920839e+03, -3.4679630163e-01
-1.0635356894e+03, -3.4679498573e-01
-1.0666792830e+03, -3.4679368148e-01
-1.0698228649e+03, -3.4679238872e-01
-1.0729664351e+03, -3.4679110732e-01
-1.0761099937e+03, -3.4678983716e-01
-1.0792535408e+03, -3.4678857810e-01
-1.0823970766e+03, -3.4678733001e-01
-1.0855406012e+03, -3.4678609277e-01
-1.0886841145e+03, -3.4678486624e-01
-1.0918276168e+03, -3.4678365031e-01
-1.0949711081e+03, -3.4678244486e-01
-1.0981145886e+03, -3.4678124976e-01
-1.1012580582e+03, -3.4678006489e-01
-1.1044015172e+03, -3.4677889014e-01
-1.1075449655e+03, -3.4677772540e-01
-1.1106884034e+03, -3.4677657055e-01
-1.1138318308e+03, -3.4677542548e-01
-1.1169752479e+03, -3.4677429007e-01
-1.1201186547e+03, -3.4677316423e-01
-1.1232620514e+03, -3.4677204784e-01
-1.1264054380e+03, -3.4677094079e-01
-1.1295488145e+03, -3.4676984299e-01
-1.1326921812e+03, -3.4676875434e-01
-1.1358355381e+03, -3.4676767472e-01
-1.1389788852e+03, -3.4676660404e-01
-1.1421222227e+03, -3.4676554220e-01
-1.1452655505e+03, -3.4676448910e-01
-1.1484088689e+03, -3.4676344465e-01
-1.1515521778e+03, -3.4676240876e-01
-1.1546954774e+03, -3.4676138133e-01
-1.1578387677e+03, -3.4676036226e-01
-1.1609820488e+03, -3.4675935147e-01
-1.1641253208e+03, -3.4675834888e-01
-1.1672685837e+03, -3.4675735438e-01
-1.1704118376e+03, -3.4675636789e-01
-1.1735550827e+03, -3.4675538933e-01
-1.1766983189e+03, -3.4675441862e-01
-1.1798415463e+03, -3.4675345566e-01
-1.1829847651e+03, -3.4675250038e-01
-1.1861279752e+03, -3.4675155269e-01
-1.1892711768e+03, -3.4675061252e-01
-1.1924143698e+03, -3.4674967978e-01
-1.1955575545e+03, -3.4674875440e-01
-1.1987007308e+03, -3.4674783630e-01
-1.2018438988e+03, -3.4674692540e-01
-1.2049870586e+03, -3.4674602163e-01
-1.2081302102e+03, -3.4674512492e-01
-1.2112733537e+03, -3.4674423518e-01
-1.2144164892e+03, -3.4674335236e-01
-1.2175596168e+03, -3.4674247637e-01
-1.2207027364e+03, -3.4674160715e-01
-1.2238458481e+03, -3.4674074462e-01
-1.2269889521e+03, -3.4673988873e-01
-1.2301320484e+03, -3.4673903939e-01
-1.2332751369e+03, -3.4673819655e-01
-1.2364182179e+03, -3.4673736013e-01
-1.2395612913e+03, -3.4673653008e-01
-1.2427043572e+03, -3.4673570633e-01
-1.2458474157e+03, -3.4673488881e-01
-1.2489904668e+03, -3.4673407746e-01
-1.2521335106e+03, -3.4673327222e-01
-1.2552765471e+03, -3.4673247303e-01
-1.2584195764e+03, -3.4673167983e-01
-1.2615625985e+03, -3.4673089256e-01
-1.2647056135e+03, -3.4673011115e-01
-1.2678486215e+03, -3.4672933556e-01
-1.2709916224e+03, -3.4672856572e-01
-1.2741346164e+03, -3.4672780158e-01
-1.2772776035e+03, -3.4672704308e-01
-1.2804205837e+03, -3.4672629016e-01
-1.2835635572e+03, -3.4672554277e-01
-1.2867065239e+03, -3.4672480086e-01
-1.2898494839e+03, -3.4672406438e-01
-1.2929924372e+03, -3.4672333326e-01
-1.2961353839e+03, -3.4672260746e-01
-1.2992783241e+03, -3.4672188693e-01
-1.3024212578e+03, -3.4672117161e-01
-1.3055641850e+03, -3.4672046146e-01
-1.3087071058e+03, -3.4671975643e-01
-1.3118500202e+03, -3.4671905646e-01
-1.3149929284e+03, -3.4671836152e-01
-1.3181358302e+03, -3.4671767154e-01
-1.3212787258e+03, -3.4671698648e-01
-1.3244216152e+03, -3.4671630630e-01
-1.3275644985e+03, -3.4671563096e-01
-1.3307073756e+03, -3.4671496039e-01
-1.3338502468e+03, -3.4671429457e-01
-1.3369931119e+03, -3.4671363344e-01
-1.3401359710e+03, -3.4671297696e-01
-1.3432788242e+03, -3.4671232509e-01
-1.3464216715e+03, -3.4671167779e-01
-1.3495645130e+03, -3.4671103500e-01
-1.3527073486e+03, -3.4671039670e-01
-1.3558501785e+03, -3.4670976283e-01
-1.3589930027e+03, -3.4670913336e-01
-1.3621358211e+03, -3.4670850825e-01
-1.3652786340e+03, -3.4670788746e-01
-1.3684214412e+03, -3.4670727094e-01
-1.3715642428e+03, -3.4670665865e-01
-1.3747070390e+03, -3.4670605057e-01
-1.3778498296e+03, -3.4670544665e-01
-1.3809926148e+03, -3.4670484685e-01
-1.3841353945e+03, -3.4670425113e-01
-1.3872781689e+03, -3.4670365947e-01
-1.3904209379e+03, -3.4670307181e-01
-1.3935637016e+03, -3.4670248813e-01
-1.3967064601e+03, -3.4670190839e-01
-1.3998492133e+03, -3.4670133256e-01
-1.4029919613e+03, -3.4670076059e-01
-1.4061347041e+03, -3.4670019246e-01
-1.4092774418e+03, -3.4669962813e-01
-1.4124201745e+03, -3.4669906756e-01
-1.4155629020e+03, -3.4669851073e-01
-1.4187056245e+03, -3.4669795759e-01
-1.4218483420e+03, -3.4669740813e-01
-1.4249910546e+03, -3.4669686230e-01
-1.4281337622e+03, -3.4669632007e-01
-1.4312764649e+03, -3.4669578141e-01
-1.4344191628e+03, -3.4669524630e-01
-1.4375618558e+03, -3.4669471469e-01
-1.4407045440e+03, -3.4669418656e-01
-1.4438472274e+03, -3.4669366188e-01
-1.4469899061e+03, -3.4669314061e-01
-1.4501325801e+03, -3.4669262274e-01
-1.4532752495e+03, -3.4669210822e-01
-1.4564179141e+03, -3.4669159704e-01
-1.4595605742e+03, -3.4669108915e-01
-1.4627032296e+03, -3.4669058454e-01
-1.4658458805e+03, -3.4669008318e-01
-1.4689885269e+03, -3.4668958503e-01
-1.4721311688e+03, -3.4668909007e-01
-1.4752738062e+03, -3.4668859827e-01
-1.4784164391e+03, -3.4668810961e-01
-1.4815590676e+03, -3.4668762406e-01
-1.4847016918e+03, -3.4668714159e-01
-1.4878443116e+03, -3.4668666217e-01
-1.4909869270e+03, -3.4668618579e-01
-1.4941295382e+03, -3.4668571242e-01
-1.4972721451e+03, -3.4668524202e-01
-1.5004147477e+03, -3.4668477458e-01
-1.5035573461e+03, -3.4668431007e-01
-1.5066999403e+03, -3.4668384846e-01
-1.5098425303e+03, -3.4668338974e-01
-1.5129851162e+03, -3.4668293387e-01
-1.5161276980e+03, -3.4668248084e-01
-1.5192702757e+03, -3.4668203062e-01
-1.5224128493e+03, -3.4668158319e-01
-1.5255554188e+03, -3.4668113852e-01
-1.5286979844e+03, -3.4668069659e-01
-1.5318405459e+03, -3.4668025738e-01
-1.5349831035e+03, -3.4667982087e-01
-1.5381256571e+03, -3.4667938704e-01
-1.5412682068e+03, -3.4667895586e-01
-1.5444107527e+03, -3.4667852731e-01
-1.5475532946e+03, -3.4667810136e-01
-1.5506958327e+03, -3.4667767801e-01
-1.5538383670e+03, -3.4667725723e-01
-1.5569808974e+03, -3.4667683899e-01
-1.5601234241e+03, -3.4667642328e-01
-1.5632659471e+03, -3.4667601008e-01
-1.5664084663e+03, -3.4667559936e-01
-1.5695509817e+03, -3.4667519111e-01
-1.5726934935e+03, -3.4667478531e-01
-1.5758360017e+03, -3.4667438193e-01
-1.5789785062e+03, -3.4667398096e-01
-1.5821210070e+03, -3.4667358239e-01
-1.5852635043e+03, -3.4667318618e-01
-1.5884059979e+03, -3.4667279232e-01
-1.5915484881e+03, -3.4667240079e-01
-1.5946909746e+03, -3.4667201158e-01
-1.5978334577e+03, -3.4667162466e-01
-1.6009759373e+03, -3.4667124002e-01
-1.6041184133e+03, -3.4667085764e-01
-1.6072608860e+03, -3.4667047751e-01
-1.6104033552e+03, -3.4667009960e-01
-1.6135458210e+03, -3.4666972389e-01
-1.6166882833e+03, -3.4666935038e-01
-1.6198307423e+03, -3.4666897904e-01
-1.6229731980e+03, -3.4666860985e-01
-1.6261156503e+03, -3.4666824281e-01
-1.6292580993e+03, -3.4666787789e-01
+3.4726839546e+01, -5.1368165749e+00
+3.2074852710e+01, -8.6314554777e+00
+2.9774758787e+01, -1.1267439762e+01
+2.7645457573e+01, -1.3426189916e+01
+2.5619969450e+01, -1.5257024278e+01
+2.3664779162e+01, -1.6838280780e+01
+2.1760322635e+01, -1.8217539551e+01
+1.9894028179e+01, -1.9426376410e+01
+1.8057259393e+01, -2.0487013145e+01
+1.6243778891e+01, -2.1415738621e+01
+1.4448899122e+01, -2.2224839375e+01
+1.2668977987e+01, -2.2923765981e+01
+1.0901101669e+01, -2.3519875038e+01
+9.1428754746e+00, -2.4018920020e+01
+7.3922800432e+00, -2.4425385417e+01
+5.6475685569e+00, -2.4742718420e+01
+3.9071903324e+00, -2.4973490588e+01
+2.1697315780e+00, -2.5119509463e+01
+4.3386720514e-01, -2.5181892542e+01
-1.3016806108e+00, -2.5161111204e+01
-3.0381804087e+00, -2.5057008819e+01
-4.7769287506e+00, -2.4868794759e+01
-6.5192895609e+00, -2.4595013738e+01
-8.2667384799e+00, -2.4233487583e+01
-1.0020915952e+01, -2.3781223635e+01
-1.1783694130e+01, -2.3234280056e+01
-1.3557265060e+01, -2.2587572273e+01
-1.5344261664e+01, -2.1834595190e+01
-1.7147930310e+01, -2.0967019400e+01
-1.8972386956e+01, -1.9974090221e+01
-2.0823014555e+01, -1.8841702613e+01
-2.2707112357e+01, -1.7550911589e+01
-2.4635026505e+01, -1.6075387322e+01
-2.6622287367e+01, -1.4376709506e+01
-2.8694129479e+01, -1.2394657770e+01
-3.0896764044e+01, -1.0023638640e+01
-4.9966329435e+01, +5.6858013701e+01
-5.3080744763e+01, +5.6516500062e+01
-1.1783694130e+01, -2.3234280056e+01
-3.6526279141e+01, +5.8455504556e+01
-3.3633068137e+01, +5.8792362241e+01
-3.0770479997e+01, +5.9114841337e+01
+2.1760322635e+01, -1.8217539551e+01
+5.1509385803e+01, +5.6683330428e+01
+4.8434791241e+01, +5.7035398444e+01
+4.5404319881e+01, +5.7393543912e+01
+4.2410702380e+01, +5.7752345789e+01
+3.9451865941e+01, +5.8107609564e+01
+3.6526496604e+01, +5.8455478920e+01
+3.3633275902e+01, +5.8792338400e+01
+3.0770678717e+01, +5.9114819410e+01
+2.7936928127e+01, +5.9419825088e+01
+2.5130007342e+01, +5.9704552020e+01
+2.2347693526e+01, +5.9966502566e+01
+1.9587598082e+01, +6.0203487218e+01
+1.6847205854e+01, +6.0413618661e+01
+1.4123909595e+01, +6.0595300017e+01
+1.1415038241e+01, +6.0747209759e+01
+8.7178787674e+00, +6.0868285499e+01
+6.0296921486e+00, +6.0957708427e+01
+3.3477243346e+00, +6.1014889750e+01
+6.6921334939e-01, +6.1039460075e+01
-2.0086063124e+00, +6.1031262381e+01
-4.6885007870e+00, +6.0990348941e+01
-7.3732342433e+00, +6.0916982353e+01
-1.0065565385e+01, +6.0811640624e+01
-1.2768241852e+01, +6.0675026058e+01
-1.5483991328e+01, +6.0508077439e+01
-1.8215508201e+01, +6.0311984741e+01
-2.0965434746e+01, +6.0088205201e+01
-2.3736336096e+01, +5.9838479224e+01
-2.6530668772e+01, +5.9564844099e+01
-2.9350743558e+01, +5.9269643168e+01
-3.2198685116e+01, +5.8955527900e+01
-3.5076393634e+01, +5.8625450661e+01
-3.7985519234e+01, +5.8282647387e+01
-4.0927471980e+01, +5.7930612908e+01
-4.3903524748e+01, +5.7573080912e+01
-4.6915199203e+01, +5.7214049927e+01
-4.9965932848e+01, +5.6858059199e+01
-5.3080345370e+01, +5.6516537391e+01
-1.1783694130e+01, -2.3234280056e+01
+2.1760322635e+01, -1.8217539551e+01
+5.1509527445e+01, +5.6683314662e+01
+4.8434927689e+01, +5.7035382508e+01
+4.5404452027e+01, +5.7393528149e+01
+4.2410830500e+01, +5.7752330390e+01
+3.9451990227e+01, +5.8107594685e+01
+3.6526617230e+01, +5.8455464699e+01
+3.3633393040e+01, +5.8792324958e+01
+3.0770792542e+01, +5.9114806851e+01
+2.7937038815e+01, +5.9419813497e+01
+2.5130115070e+01, +5.9704541466e+01
+2.2347798470e+01, +5.9966493105e+01
+1.9587700417e+01, +6.0203478887e+01
+1.6847305748e+01, +6.0413611487e+01
+1.4124007213e+01, +6.0595294014e+01
+1.1415133742e+01, +6.0747204931e+01
+8.7179723053e+00, +6.0868281838e+01
+6.0297838700e+00, +6.0957705920e+01
+3.3478143806e+00, +6.1014888375e+01
+6.6930185465e-01, +6.1039459804e+01
-2.0085192189e+00, +6.1031263181e+01
-4.6884149820e+00, +6.0990350772e+01
-7.3731496091e+00, +6.0916985169e+01
-1.0065481809e+01, +6.0811644377e+01
-1.2768159227e+01, +6.0675030693e+01
-1.5483909553e+01, +6.0508082897e+01
-1.8215427179e+01, +6.0311990956e+01
-2.0965354389e+01, +6.0088212104e+01
-2.3736256318e+01, +5.9838486738e+01
-2.6530589498e+01, +5.9564852143e+01
-2.9350664719e+01, +5.9269651658e+01
-3.2198606652e+01, +5.8955536743e+01
-3.5076315493e+01, +5.8625459763e+01
-3.7985441375e+01, +5.8282656649e+01
-4.0927394368e+01, +5.7930622231e+01
-4.3903447350e+01, +5.7573090194e+01
-4.6915121970e+01, +5.7214059061e+01
-4.9965855627e+01, +5.6858068058e+01
-5.3080265910e+01, +5.6516544819e+01
-1.1783694130e+01, -2.3234280056e+01
+2.1760322635e+01, -1.8217539551e+01
+5.1509574970e+01, +5.6683309373e+01
+4.8434973865e+01, +5.7035377115e+01
+4.5404497126e+01, +5.7393522770e+01
+4.2410874590e+01, +5.7752325091e+01
+3.9452033347e+01, +5.8107589523e+01
+3.6526659417e+01, +5.8455459726e+01
+3.3633434332e+01, +5.8792320220e+01
+3.0770832978e+01, +5.9114802389e+01
+2.7937078439e+01, +5.9419809348e+01
+2.5130153925e+01, +5.9704537660e+01
+2.2347836602e+01, +5.9966489667e+01
+1.9587737872e+01, +6.0203475838e+01
+1.6847342573e+01, +6.0413608842e+01
+1.4124043454e+01, +6.0595291785e+01
+1.1415169445e+01, +6.0747203125e+01
+8.7180075142e+00, +6.0868280460e+01
+6.0298186289e+00, +6.0957704970e+01
+3.3478487321e+00, +6.1014887850e+01
+6.6933584022e-01, +6.1039459700e+01
-2.0084855589e+00, +6.1031263490e+01
-4.6883816084e+00, +6.0990351483e+01
-7.3731164837e+00, +6.0916986272e+01
-1.0065448895e+01, +6.0811645855e+01
-1.2768126489e+01, +6.0675032530e+01
-1.5483876956e+01, +6.0508085072e+01
-1.8215394691e+01, +6.0311993448e+01
-2.0965321977e+01, +6.0088214887e+01
-2.3736223955e+01, +5.9838489786e+01
-2.6530557155e+01, +5.9564855425e+01
-2.9350632373e+01, +5.9269655141e+01
-3.2198574280e+01, +5.8955540391e+01
-3.5076283079e+01, +5.8625463538e+01
-3.7985408903e+01, +5.8282660513e+01
-4.0927361825e+01, +5.7930626140e+01
-4.3903414726e+01, +5.7573094106e+01
-4.6915089247e+01, +5.7214062930e+01
-4.9965822741e+01, +5.6858071831e+01
-5.3080231898e+01, +5.6516547998e+01
-1.1783694130e+01, -2.3234280056e+01
+2.1760322635e+01, -1.8217539551e+01
+5.1509598790e+01, +5.6683306721e+01
+4.8434997085e+01, +5.7035374403e+01
+4.5404519878e+01, +5.7393520056e+01
+4.2410896903e+01, +5.7752322409e+01
+3.9452055239e+01, +5.8107586902e+01
+3.6526680902e+01, +5.8455457193e+01
+3.3633455427e+01, +5.8792317799e+01
+3.0770853699e+01, +5.9114800103e+01
+2.7937098805e+01, +5.9419807215e+01
+2.5130173956e+01, +5.9704535698e+01
+2.2347856319e+01, +5.9966487889e+01
+1.9587757297e+01, +6.0203474257e+01
+1.6847361726e+01, +6.0413607467e+01
+1.4124062358e+01, +6.0595290623e+01
+1.1415188122e+01, +6.0747202181e+01
+8.7180259858e+00, +6.0868279737e+01
+6.0298369160e+00, +6.0957704470e+01
+3.3478668554e+00, +6.1014887574e+01
+6.6935382023e-01, +6.1039459645e+01
-2.0084677022e+00, +6.1031263654e+01
-4.6883638553e+00, +6.0990351862e+01
-7.3730988151e+00, +6.0916986860e+01
-1.0065431292e+01, +6.0811646646e+01
-1.2768108934e+01, +6.0675033514e+01
-1.5483859431e+01, +6.0508086242e+01
-1.8215377178e+01, +6.0311994791e+01
-2.0965304461e+01, +6.0088216392e+01
-2.3736206419e+01, +5.9838491438e+01
-2.6530539586e+01, +5.9564857208e+01
-2.9350614758e+01, +5.9269657037e+01
-3.2198556608e+01, +5.8955542383e+01
-3.5076265339e+01, +5.8625465605e+01
-3.7985391087e+01, +5.8282662632e+01
-4.0927343928e+01, +5.7930628290e+01
-4.3903396741e+01, +5.7573096262e+01
-4.6915071163e+01, +5.7214065069e+01
-4.9965804524e+01, +5.6858073921e+01
-5.3080213013e+01, +5.6516549764e+01
-1.1783694130e+01, -2.3234280056e+01
+2.1760322635e+01, -1.8217539551e+01
+5.1509613102e+01, +5.6683305128e+01
+4.8435011060e+01, +5.7035372771e+01
+4.5404533594e+01, +5.7393518420e+01
+4.2410910378e+01, +5.7752320789e+01
+3.9452068482e+01, +5.8107585317e+01
+3.6526693922e+01, +5.8455455658e+01
+3.3633468231e+01, +5.8792316330e+01
+3.0770866298e+01, +5.9114798713e+01
+2.7937111208e+01, +5.9419805916e+01
+2.5130186176e+01, +5.9704534501e+01
+2.2347868367e+01, +5.9966486803e+01
+1.9587769184e+01, +6.0203473289e+01
+1.6847373467e+01, +6.0413606624e+01
+1.4124073965e+01, +6.0595289909e+01
+1.1415199608e+01, +6.0747201600e+01
+8.7180373628e+00, +6.0868279292e+01
+6.0298481970e+00, +6.0957704161e+01
+3.3478780529e+00, +6.1014887403e+01
+6.6936494642e-01, +6.1039459611e+01
-2.0084566352e+00, +6.1031263755e+01
-4.6883528358e+00, +6.0990352097e+01
-7.3730878313e+00, +6.0916987225e+01
-1.0065420333e+01, +6.0811647138e+01
-1.2768097988e+01, +6.0675034129e+01
-1.5483848487e+01, +6.0508086972e+01
-1.8215366226e+01, +6.0311995632e+01
-2.0965293490e+01, +6.0088217334e+01
-2.3736195421e+01, +5.9838492473e+01
-2.6530528551e+01, +5.9564858328e+01
-2.9350603677e+01, +5.9269658230e+01
-3.2198545475e+01, +5.8955543638e+01
-3.5076254148e+01, +5.8625466908e+01
-3.7985379833e+01, +5.8282663971e+01
-4.0927332606e+01, +5.7930629650e+01
-4.3903385347e+01, +5.7573097629e+01
-4.6915059691e+01, +5.7214066426e+01
-4.9965792952e+01, +5.6858075249e+01
-5.3080201000e+01, +5.6516550887e+01
-1.1783694130e+01, -2.3234280056e+01
+2.1760322635e+01, -1.8217539551e+01
+5.1509622650e+01, +5.6683304065e+01
+4.8435020394e+01, +5.7035371681e+01
+4.5404542766e+01, +5.7393517326e+01
+4.2410919398e+01, +5.7752319705e+01
+3.9452077357e+01, +5.8107584254e+01
+3.6526702655e+01, +5.8455454628e+01
+3.3633476829e+01, +5.8792315343e+01
+3.0770874767e+01, +5.9114797778e+01
+2.7937119555e+01, +5.9419805042e+01
+2.5130194407e+01, +5.9704533694e+01
+2.2347876491e+01, +5.9966486070e+01
+1.9587777209e+01, +6.0203472636e+01
+1.6847381401e+01, +6.0413606054e+01
+1.4124081816e+01, +6.0595289426e+01
+1.1415207385e+01, +6.0747201207e+01
+8.7180450741e+00, +6.0868278990e+01
+6.0298558510e+00, +6.0957703952e+01
+3.3478856577e+00, +6.1014887286e+01
+6.6937251037e-01, +6.1039459588e+01
-2.0084491041e+00, +6.1031263824e+01
-4.6883453295e+00, +6.0990352257e+01
-7.3730803421e+00, +6.0916987474e+01
-1.0065412853e+01, +6.0811647474e+01
-1.2768090509e+01, +6.0675034548e+01
-1.5483841003e+01, +6.0508087472e+01
-1.8215358729e+01, +6.0311996207e+01
-2.0965285974e+01, +6.0088217980e+01
-2.3736187878e+01, +5.9838493184e+01
-2.6530520975e+01, +5.9564859097e+01
-2.9350596064e+01, +5.9269659050e+01
-3.2198537819e+01, +5.8955544500e+01
-3.5076246444e+01, +5.8625467806e+01
-3.7985372078e+01, +5.8282664893e+01
-4.0927324798e+01, +5.7930630588e+01
-4.3903377482e+01, +5.7573098572e+01
-4.6915051765e+01, +5.7214067363e+01
-4.9965784949e+01, +5.6858076167e+01
-5.3080192685e+01, +5.6516551664e+01
-1.1783694130e+01, -2.3234280056e+01
-3.6395633251e+01, -2.6452613947e+00
-3.3334396179e+01, -7.0375317024e+00
-3.0896764044e+01, -1.0023638640e+01
-2.8694129479e+01, -1.2394657770e+01
-2.6622287367e+01, -1.4376709506e+01
-2.4635026505e+01, -1.6075387322e+01
-2.2707112357e+01, -1.7550911589e+01
-2.0823014555e+01, -1.8841702613e+01
-1.8972386956e+01, -1.9974090221e+01
-1.7147930310e+01, -2.0967019400e+01
-1.5344261664e+01, -2.1834595190e+01
-1.3557265060e+01, -2.2587572273e+01
-1.1783694130e+01, -2.3234280056e+01
-1.0020915952e+01, -2.3781223635e+01
-8.2667384799e+00, -2.4233487583e+01
-6.5192895609e+00, -2.4595013738e+01
-4.7769287506e+00, -2.4868794759e+01
-3.0381804087e+00, -2.5057008819e+01
-1.3016806108e+00, -2.5161111204e+01
+4.3386720514e-01, -2.5181892542e+01
+2.1697315780e+00, -2.5119509463e+01
+3.9071903324e+00, -2.4973490588e+01
+5.6475685569e+00, -2.4742718420e+01
+7.3922800432e+00, -2.4425385417e+01
+9.1428754746e+00, -2.4018920020e+01
+1.0901101669e+01, -2.3519875038e+01
+1.2668977987e+01, -2.2923765981e+01
+1.4448899122e+01, -2.2224839375e+01
+1.6243778891e+01, -2.1415738621e+01
+1.8057259393e+01, -2.0487013145e+01
+1.9894028179e+01, -1.9426376410e+01
+2.1760322635e+01, -1.8217539551e+01
+2.3664779162e+01, -1.6838280780e+01
+2.5619969450e+01, -1.5257024278e+01
+2.7645457573e+01, -1.3426189916e+01
+2.9774758787e+01, -1.1267439762e+01
+3.2074852710e+01, -8.6314554777e+00
+5.1510257036e+01, +5.6683233454e+01
+5.3079557028e+01, +5.6516611095e+01
+3.7984854069e+01, +5.8282726520e+01
+3.5075744680e+01, +5.8625526252e+01
+3.2198051341e+01, +5.8955599327e+01
-1.1783694130e+01, -2.3234280056e+01
-5.3079851026e+01, +5.6516583605e+01
-4.9965461154e+01, +5.6858113314e+01
-4.6914735930e+01, +5.7214104713e+01
-4.3903068783e+01, +5.7573135590e+01
-4.0927022870e+01, +5.7930666857e+01
-3.7985076636e+01, +5.8282700042e+01
-3.5075957210e+01, +5.8625501496e+01
-3.2198254504e+01, +5.8955576430e+01
-2.9350318364e+01, +5.9269688952e+01
-2.6530248571e+01, +5.9564886740e+01
-2.3735920441e+01, +5.9838518372e+01
-2.0965023171e+01, +6.0088240553e+01
-1.8215100224e+01, +6.0312016036e+01
-1.5483586461e+01, +6.0508104459e+01
-1.2767839599e+01, +6.0675048624e+01
-1.0065165249e+01, +6.0811658593e+01
-7.3728357264e+00, +6.0916995614e+01
-4.6881033905e+00, +6.0990357417e+01
-2.0082095381e+00, +6.1031266023e+01
+6.6960999923e-01, +6.1039458861e+01
+3.3481213578e+00, +6.1014883687e+01
+6.0300900430e+00, +6.0957697551e+01
+8.7182780314e+00, +6.0868269872e+01
+1.1415439373e+01, +6.0747189477e+01
+1.4124313093e+01, +6.0595275204e+01
+1.6847612215e+01, +6.0413589478e+01
+1.9588007798e+01, +6.0203453865e+01
+2.2348107081e+01, +5.9966465281e+01
+2.5130425212e+01, +5.9704511084e+01
+2.7937350770e+01, +5.9419780829e+01
+3.0771106568e+01, +5.9114772201e+01
+3.3633709372e+01, +5.8792288659e+01
+3.6526936071e+01, +5.8455427111e+01
+3.9452311754e+01, +5.8107556193e+01
+4.2411154872e+01, +5.7752291402e+01
+4.5404779427e+01, +5.7393489098e+01
+4.8435258480e+01, +5.7035343874e+01
+5.1509863421e+01, +5.6683277266e+01
+2.1760322635e+01, -1.8217539551e+01
-1.1783694130e+01, -2.3234280056e+01
-5.3079998758e+01, +5.6516569793e+01
-4.9965599967e+01, +5.6858097389e+01
-4.6914870180e+01, +5.7214088837e+01
-4.3903198890e+01, +5.7573119988e+01
-4.0927149050e+01, +5.7930651700e+01
-3.7985199071e+01, +5.8282685476e+01
-3.5076076071e+01, +5.8625487651e+01
-3.2198369964e+01, +5.8955563418e+01
-2.9350430598e+01, +5.9269676867e+01
-2.6530357757e+01, +5.9564875660e+01
-2.3736026756e+01, +5.9838508359e+01
-2.0965126789e+01, +6.0088231653e+01
-1.8215201317e+01, +6.0312008281e+01
-1.5483685196e+01, +6.0508097870e+01
-1.2767936139e+01, +6.0675043208e+01
-1.0065259750e+01, +6.0811654349e+01
-7.3729283381e+00, +6.0916992533e+01
-4.6881942570e+00, +6.0990355479e+01
-2.0082987973e+00, +6.1031265204e+01
+6.6952221561e-01, +6.1039459130e+01
+3.3480349236e+00, +6.1014885007e+01
+6.0300048377e+00, +6.0957699880e+01
+8.7181939400e+00, +6.0868273164e+01
+1.1415356286e+01, +6.0747193678e+01
+1.4124230905e+01, +6.0595280258e+01
+1.6847530828e+01, +6.0413595323e+01
+1.9587927119e+01, +6.0203460432e+01
+2.2348027024e+01, +5.9966472499e+01
+2.5130345695e+01, +5.9704518874e+01
+2.7937271721e+01, +5.9419789107e+01
+3.0771027924e+01, +5.9114780878e+01
+3.3633631076e+01, +5.8792297643e+01
+3.6526858076e+01, +5.8455436306e+01
+3.9452234022e+01, +5.8107565499e+01
+4.2411077372e+01, +5.7752300717e+01
+4.5404702120e+01, +5.7393498319e+01
+4.8435181289e+01, +5.7035352889e+01
+5.1509785942e+01, +5.6683285890e+01
+2.1760322635e+01, -1.8217539551e+01
-1.1783694130e+01, -2.3234280056e+01
-5.3080048111e+01, +5.6516565179e+01
-4.9965646744e+01, +5.6858092022e+01
-4.6914915805e+01, +5.7214083441e+01
-4.3903243478e+01, +5.7573114641e+01
-4.0927192650e+01, +5.7930646463e+01
-3.7985241720e+01, +5.8282680402e+01
-3.5076117806e+01, +5.8625482790e+01
-3.2198410823e+01, +5.8955558813e+01
-2.9350470623e+01, +5.9269672557e+01
-2.6530396991e+01, +5.9564871678e+01
-2.3736065244e+01, +5.9838504734e+01
-2.0965164577e+01, +6.0088228407e+01
-1.8215238451e+01, +6.0312005433e+01
-1.5483721724e+01, +6.0508095432e+01
-1.2767972105e+01, +6.0675041190e+01
-1.0065295200e+01, +6.0811652757e+01
-7.3729633166e+00, +6.0916991369e+01
-4.6882288069e+00, +6.0990354742e+01
-2.0083329607e+00, +6.1031264890e+01
+6.6948839780e-01, +6.1039459233e+01
+3.3480014116e+00, +6.1014885519e+01
+6.0299715929e+00, +6.0957700788e+01
+8.7181609249e+00, +6.0868274456e+01
+1.1415323464e+01, +6.0747195337e+01
+1.4124198242e+01, +6.0595282267e+01
+1.6847498289e+01, +6.0413597660e+01
+1.9587894673e+01, +6.0203463074e+01
+2.2347994640e+01, +5.9966475418e+01
+2.5130313345e+01, +5.9704522043e+01
+2.7937239379e+01, +5.9419792494e+01
+3.0770995567e+01, +5.9114784449e+01
+3.3633598685e+01, +5.8792301360e+01
+3.6526825634e+01, +5.8455440131e+01
+3.9452201516e+01, +5.8107569390e+01
+4.2411044790e+01, +5.7752304634e+01
+4.5404669450e+01, +5.7393502215e+01
+4.8435148500e+01, +5.7035356719e+01
+5.1509752862e+01, +5.6683289572e+01
+2.1760322635e+01, -1.8217539551e+01
-1.1783694130e+01, -2.3234280056e+01
-5.3080072808e+01, +5.6516562871e+01
-4.9965670228e+01, +5.6858089328e+01
-4.6914938785e+01, +5.7214080723e+01
-4.3903266008e+01, +5.7573111940e+01
-4.0927214751e+01, +5.7930643808e+01
-3.7985263406e+01, +5.8282677822e+01
-3.5076139094e+01, +5.8625480310e+01
-3.2198431729e+01, +5.8955556457e+01
-2.9350491164e+01, +5.9269670346e+01
-2.6530417187e+01, +5.9564869629e+01
-2.3736085115e+01, +5.9838502863e+01
-2.0965184145e+01, +6.0088226726e+01
-1.8215257738e+01, +6.0312003953e+01
-1.5483740750e+01, +6.0508094162e+01
-1.2767990894e+01, +6.0675040136e+01
-1.0065313772e+01, +6.0811651923e+01
-7.3729816933e+00, +6.0916990757e+01
-4.6882470095e+00, +6.0990354354e+01
-2.0083510098e+00, +6.1031264724e+01
+6.6947048190e-01, +6.1039459288e+01
+3.3479836091e+00, +6.1014885791e+01
+6.0299538845e+00, +6.0957701272e+01
+8.7181432915e+00, +6.0868275146e+01
+1.1415305887e+01, +6.0747196226e+01
+1.4124180704e+01, +6.0595283345e+01
+1.6847480772e+01, +6.0413598918e+01
+1.9587877160e+01, +6.0203464499e+01
+2.2347977116e+01, +5.9966476998e+01
+2.5130295795e+01, +5.9704523762e+01
+2.7937221789e+01, +5.9419794336e+01
+3.0770977925e+01, +5.9114786395e+01
+3.3633580980e+01, +5.8792303392e+01
+3.6526807858e+01, +5.8455442226e+01
+3.9452183661e+01, +5.8107571528e+01
+4.2411026850e+01, +5.7752306790e+01
+4.5404651417e+01, +5.7393504366e+01
+4.8435130358e+01, +5.7035358838e+01
+5.1509734516e+01, +5.6683291614e+01
+2.1760322635e+01, -1.8217539551e+01
-1.1783694130e+01, -2.3234280056e+01
-5.3080087633e+01, +5.6516561485e+01
-4.9965684349e+01, +5.6858087708e+01
-4.6914952628e+01, +5.7214079087e+01
-4.3903279603e+01, +5.7573110309e+01
-4.0927228109e+01, +5.7930642203e+01
-3.7985276536e+01, +5.8282676260e+01
-3.5076152004e+01, +5.8625478806e+01
-3.2198444429e+01, +5.8955555026e+01
-2.9350503663e+01, +5.9269669000e+01
-2.6530429497e+01, +5.9564868380e+01
-2.3736097247e+01, +5.9838501720e+01
-2.0965196111e+01, +6.0088225699e+01
-1.8215269551e+01, +6.0312003047e+01
-1.5483752422e+01, +6.0508093383e+01
-1.2768002438e+01, +6.0675039489e+01
-1.0065325202e+01, +6.0811651410e+01
-7.3729930208e+00, +6.0916990380e+01
-4.6882582473e+00, +6.0990354115e+01
-2.0083621701e+00, +6.1031264622e+01
+6.6945938683e-01, +6.1039459322e+01
+3.3479725674e+00, +6.1014885959e+01
+6.0299428842e+00, +6.0957701573e+01
+8.7181323213e+00, +6.0868275575e+01
+1.1415294936e+01, +6.0747196780e+01
+1.4124169760e+01, +6.0595284018e+01
+1.6847469825e+01, +6.0413599704e+01
+1.9587866200e+01, +6.0203465392e+01
+2.2347966132e+01, +5.9966477989e+01
+2.5130284779e+01, +5.9704524841e+01
+2.7937210732e+01, +5.9419795494e+01
+3.0770966819e+01, +5.9114787621e+01
+3.3633569818e+01, +5.8792304673e+01
+3.6526796635e+01, +5.8455443549e+01
+3.9452172373e+01, +5.8107572879e+01
+4.2411015492e+01, +5.7752308155e+01
+4.5404639986e+01, +5.7393505730e+01
+4.8435118841e+01, +5.7035360183e+01
+5.1509722854e+01, +5.6683292912e+01
+2.1760322635e+01, -1.8217539551e+01
-1.1783694130e+01, -2.3234280056e+01
-5.3080097518e+01, +5.6516560560e+01
-4.9965693776e+01, +5.6858086627e+01
-4.6914961879e+01, +5.7214077993e+01
-4.3903288698e+01, +5.7573109219e+01
-4.0927237056e+01, +5.7930641128e+01
-3.7985285340e+01, +5.8282675213e+01
-3.5076160669e+01, +5.8625477797e+01
-3.2198452961e+01, +5.8955554064e+01
-2.9350512070e+01, +5.9269668094e+01
-2.6530437785e+01, +5.9564867539e+01
-2.3736105424e+01, +5.9838500950e+01
-2.0965204184e+01, +6.0088225005e+01
-1.8215277529e+01, +6.0312002435e+01
-1.5483760314e+01, +6.0508092857e+01
-1.2768010251e+01, +6.0675039050e+01
-1.0065332945e+01, +6.0811651062e+01
-7.3730007024e+00, +6.0916990125e+01
-4.6882658756e+00, +6.0990353952e+01
-2.0083697535e+00, +6.1031264552e+01
+6.6945184030e-01, +6.1039459345e+01
+3.3479650497e+00, +6.1014886074e+01
+6.0299353875e+00, +6.0957701778e+01
+8.7181248377e+00, +6.0868275868e+01
+1.1415287458e+01, +6.0747197158e+01
+1.4124162280e+01, +6.0595284478e+01
+1.6847462336e+01, +6.0413600242e+01
+1.9587858695e+01, +6.0203466003e+01
+2.2347958604e+01, +5.9966478667e+01
+2.5130277221e+01, +5.9704525582e+01
+2.7937203139e+01, +5.9419796289e+01
+3.0770959185e+01, +5.9114788463e+01
+3.3633562139e+01, +5.8792305554e+01
+3.6526788907e+01, +5.8455444460e+01
+3.9452164592e+01, +5.8107573811e+01
+4.2411007656e+01, +5.7752309097e+01
+4.5404632091e+01, +5.7393506672e+01
+4.8435110880e+01, +5.7035361113e+01
+5.1509714785e+01, +5.6683293810e+01
+2.1760322635e+01, -1.8217539551e+01
