-6.6030375698e+01, -5.7975020127e-01
-7.0986899259e+01, -5.2046764560e-01
-7.5536846770e+01, -4.8614855969e-01
-7.9833547217e+01, -4.6328381929e-01
-8.3954422431e+01, -4.4677958756e-01
-8.7944960365e+01, -4.3422953439e-01
-9.1834520355e+01, -4.2432951704e-01
-9.5643313304e+01, -4.1630360066e-01
-9.9385923389e+01, -4.0965772965e-01
-1.0307326031e+02, -4.0406066455e-01
-1.0671372053e+02, -3.9928111225e-01
-1.1031391701e+02, -3.9515217181e-01
-1.1762538023e+02, +6.1272575646e+01
-1.2092134962e+02, -3.8557231201e-01
-1.3130956825e+02, -3.7879239147e-01
-1.1838422802e+02, +5.2621236055e+01
-1.2440487859e+02, -3.8306690303e-01
-1.2786689710e+02, -3.8081920944e-01
-1.4160276518e+02, +5.3724642033e+01
-1.3814406415e+02, -3.7528613648e-01
-1.4153890825e+02, -3.7376107946e-01
-1.4492051961e+02, -3.7236372531e-01
-1.4828998701e+02, -3.7107931381e-01
-1.5164827565e+02, -3.6989526063e-01
-1.5499624503e+02, -3.6880076931e-01
-1.5833466371e+02, -3.6778652381e-01
-1.6166422158e+02, -3.6684444282e-01
-1.6498554011e+02, -3.6596748154e-01
-1.6829918100e+02, -3.6514947077e-01
-1.7160565347e+02, -3.6438498503e-01
-1.7490542054e+02, -3.6366923401e-01
-1.7819890434e+02, -3.6299797249e-01
-1.8148649069e+02, -3.6236742520e-01
-1.8476853310e+02, -3.6177422387e-01
-1.8804535616e+02, -3.6121535400e-01
-1.9131725859e+02, -3.6068810996e-01
-1.9458451584e+02, -3.6019005660e-01
-1.9784738237e+02, -3.5971899656e-01
-2.0110609371e+02, -3.5927294215e-01
-2.0436086821e+02, -3.5885009110e-01
-2.0761190867e+02, -3.5844880571e-01
-2.1085940370e+02, -3.5806759457e-01
-2.1410352900e+02, -3.5770509683e-01
-2.1734444848e+02, -3.5736006833e-01
-2.2058231525e+02, -3.5703136952e-01
-2.2381727252e+02, -3.5671795483e-01
-2.2704945443e+02, -3.5641886327e-01
-2.3027898673e+02, -3.5613321019e-01
-2.3350598750e+02, -3.5586017995e-01
-2.3673056770e+02, -3.5559901939e-01
-2.3995283172e+02, -3.5534903208e-01
-2.4317287789e+02, -3.5510957313e-01
-2.4639079889e+02, -3.5488004461e-01
-2.4960668220e+02, -3.5465989140e-01
-2.5282061043e+02, -3.5444859750e-01
-2.5603266168e+02, -3.5424568270e-01
-2.5924290986e+02, -3.5405069959e-01
-2.6245142495e+02, -3.5386323085e-01
-2.6565827327e+02, -3.5368288680e-01
-2.6886351775e+02, -3.5350930321e-01
-2.7206721810e+02, -3.5334213929e-01
-2.7526943105e+02, -3.5318107586e-01
-2.7847021052e+02, -3.5302581372e-01
-2.8166960783e+02, -3.5287607210e-01
-2.8486767180e+02, -3.5273158735e-01
-2.8806444894e+02, -3.5259211163e-01
-2.9125998361e+02, -3.5245741181e-01
-2.9445431807e+02, -3.5232726837e-01
-2.9764749270e+02, -3.5220147449e-01
-3.0083954602e+02, -3.5207983514e-01
-3.0403051485e+02, -3.5196216627e-01
-3.0722043439e+02, -3.5184829409e-01
-3.1040933830e+02, -3.5173805432e-01
-3.1359725879e+02, -3.5163129166e-01
-3.1678422672e+02, -3.5152785910e-01
-3.1997027162e+02, -3.5142761745e-01
-3.2315542184e+02, -3.5133043483e-01
-3.2633970451e+02, -3.5123618618e-01
-3.2952314570e+02, -3.5114475287e-01
-3.3270577041e+02, -3.5105602229e-01
-3.3588760264e+02, -3.5096988745e-01
-3.3906866547e+02, -3.5088624671e-01
-3.4224898106e+02, -3.5080500340e-01
-3.4542857073e+02, -3.5072606556e-01
-3.4860745496e+02, -3.5064934563e-01
-3.5178565349e+02, -3.5057476024e-01
-3.5496318530e+02, -3.5050222994e-01
-3.5814006867e+02, -3.5043167899e-01
-3.6131632122e+02, -3.5036303515e-01
-3.6449195992e+02, -3.5029622947e-01
-3.6766700112e+02, -3.5023119614e-01
-3.7084146061e+02, -3.5016787229e-01
-3.7401535361e+02, -3.5010619784e-01
-3.7718869481e+02, -3.5004611538e-01
-3.8036149839e+02, -3.4998756998e-01
-3.8353377803e+02, -3.4993050908e-01
-3.8670554698e+02, -3.4987488239e-01
-3.8987681801e+02, -3.4982064174e-01
-3.9304760346e+02, -3.4976774099e-01
-3.9621791530e+02, -3.4971613592e-01
-3.9938776506e+02, -3.4966578414e-01
-4.0255716393e+02, -3.4961664498e-01
-4.0572612271e+02, -3.4956867946e-01
-4.0889465187e+02, -3.4952185013e-01
-4.1206276156e+02, -3.4947612106e-01
-4.1523046158e+02, -3.4943145772e-01
-4.1839776145e+02, -3.4938782696e-01
-4.2156467038e+02, -3.4934519689e-01
-4.2473119729e+02, -3.4930353689e-01
-4.2789735086e+02, -3.4926281749e-01
-4.3106313947e+02, -3.4922301033e-01
-4.3422857128e+02, -3.4918408815e-01
-4.3739365418e+02, -3.4914602468e-01
-4.4055839584e+02, -3.4910879463e-01
-4.4372280371e+02, -3.4907237367e-01
-4.4688688501e+02, -3.4903673832e-01
-4.5005064676e+02, -3.4900186597e-01
-4.5321409578e+02, -3.4896773482e-01
-4.5637723869e+02, -3.4893432387e-01
-4.5954008193e+02, -3.4890161283e-01
-4.6270263175e+02, -3.4886958214e-01
-4.6586489423e+02, -3.4883821292e-01
-4.6902687530e+02, -3.4880748696e-01
-4.7218858068e+02, -3.4877738667e-01
-4.7535001599e+02, -3.4874789504e-01
-4.7851118667e+02, -3.4871899566e-01
-4.8167209800e+02, -3.4869067267e-01
-4.8483275515e+02, -3.4866291075e-01
-4.8799316313e+02, -3.4863569506e-01
-4.9115332683e+02, -3.4860901128e-01
-4.9431325101e+02, -3.4858284554e-01
-4.9747294030e+02, -3.4855718444e-01
-5.0063239921e+02, -3.4853201499e-01
-5.0379163216e+02, -3.4850732464e-01
-5.0695064342e+02, -3.4848310123e-01
-5.1010943717e+02, -3.4845933299e-01
-5.1326801750e+02, -3.4843600851e-01
-5.1642638836e+02, -3.4841311674e-01
-5.1958455363e+02, -3.4839064700e-01
-5.2274251710e+02, -3.4836858890e-01
-5.2590028244e+02, -3.4834693240e-01
-5.2905785326e+02, -3.4832566774e-01
-5.3221523306e+02, -3.4830478549e-01
-5.3537242527e+02, -3.4828427646e-01
-5.3852943323e+02, -3.4826413178e-01
-5.4168626020e+02, -3.4824434281e-01
-5.4484290937e+02, -3.4822490118e-01
-5.4799938385e+02, -3.4820579878e-01
-5.5115568668e+02, -3.4818702770e-01
-5.5431182083e+02, -3.4816858030e-01
-5.5746778919e+02, -3.4815044913e-01
-5.6062359461e+02, -3.4813262697e-01
-5.6377923986e+02, -3.4811510680e-01
-5.6693472762e+02, -3.4809788181e-01
-5.7009006057e+02, -3.4808094537e-01
-5.7324524127e+02, -3.4806429103e-01
-5.7640027226e+02, -3.4804791254e-01
-5.7955515601e+02, -3.4803180381e-01
-5.8270989494e+02, -3.4801595892e-01
-5.8586449141e+02, -3.4800037211e-01
-5.8901894775e+02, -3.4798503778e-01
-5.9217326620e+02, -3.4796995048e-01
-5.9532744899e+02, -3.4795510491e-01
-5.9848149829e+02, -3.4794049591e-01
-6.0163541622e+02, -3.4792611846e-01
-6.0478920485e+02, -3.4791196767e-01
-6.0794286621e+02, -3.4789803878e-01
-6.1109640231e+02, -3.4788432715e-01
-6.1424981507e+02, -3.4787082827e-01
-6.1740310643e+02, -3.4785753774e-01
-6.2055627823e+02, -3.4784445128e-01
-6.2370933232e+02, -3.4783156471e-01
-6.2686227049e+02, -3.4781887397e-01
-6.3001509449e+02, -3.4780637509e-01
-6.3316780605e+02, -3.4779406421e-01
-6.3632040685e+02, -3.4778193757e-01
-6.3947289855e+02, -3.4776999148e-01
-6.4262528276e+02, -3.4775822238e-01
-6.4577756108e+02, -3.4774662676e-01
-6.4892973507e+02, -3.4773520122e-01
-6.5208180624e+02, -3.4772394244e-01
-6.5523377610e+02, -3.4771284718e-01
-6.5838564611e+02, -3.4770191227e-01
-6.6153741772e+02, -3.4769113463e-01
-6.6468909233e+02, -3.4768051124e-01
-6.6784067133e+02, -3.4767003917e-01
-6.7099215608e+02, -3.4765971554e-01
-6.7414354791e+02, -3.4764953755e-01
-6.7729484813e+02, -3.4763950247e-01
-6.8044605802e+02, -3.4762960762e-01
-6.8359717884e+02, -3.4761985040e-01
-6.8674821183e+02, -3.4761022825e-01
-6.8989915821e+02, -3.4760073868e-01
-6.9305001915e+02, -3.4759137926e-01
-6.9620079584e+02, -3.4758214762e-01
-6.9935148941e+02, -3.4757304143e-01
-7.0250210100e+02, -3.4756405842e-01
-7.0565263171e+02, -3.4755519637e-01
-7.0880308262e+02, -3.4754645311e-01
-7.1195345482e+02, -3.4753782653e-01
-7.1510374933e+02, -3.4752931454e-01
-7.1825396720e+02, -3.4752091513e-01
-7.2140410943e+02, -3.4751262630e-01
-7.2455417703e+02, -3.4750444613e-01
-7.2770417095e+02, -3.4749637271e-01
-7.3085409217e+02, -3.4748840419e-01
-7.3400394163e+02, -3.4748053875e-01
-7.3715372025e+02, -3.4747277462e-01
-7.4030342894e+02, -3.4746511006e-01
-7.4345306860e+02, -3.4745754337e-01
-7.4660264010e+02, -3.4745007289e-01
-7.4975214432e+02, -3.4744269699e-01
-7.5290158210e+02, -3.4743541407e-01
-7.5605095428e+02, -3.4742822257e-01
-7.5920026168e+02, -3.4742112096e-01
-7.6234950511e+02, -3.4741410776e-01
-7.6549868536e+02, -3.4740718148e-01
-7.6864780321e+02, -3.4740034071e-01
-7.7179685943e+02, -3.4739358402e-01
-7.7494585479e+02, -3.4738691006e-01
-7.7809479001e+02, -3.4738031746e-01
-7.8124366584e+02, -3.4737380491e-01
-7.8439248300e+02, -3.4736737111e-01
-7.8754124218e+02, -3.4736101480e-01
-7.9068994409e+02, -3.4735473473e-01
-7.9383858942e+02, -3.4734852968e-01
-7.9698717884e+02, -3.4734239847e-01
-8.0013571300e+02, -3.4733633992e-01
-8.0328419258e+02, -3.4733035289e-01
-8.0643261820e+02, -3.4732443624e-01
-8.0958099051e+02, -3.4731858889e-01
-8.1272931012e+02, -3.4731280975e-01
-8.1587757765e+02, -3.4730709775e-01
-8.1902579370e+02, -3.4730145187e-01
-8.2217395887e+02, -3.4729587108e-01
-8.2532207374e+02, -3.4729035438e-01
-8.2847013890e+02, -3.4728490080e-01
-8.3161815490e+02, -3.4727950936e-01
-8.3476612230e+02, -3.4727417914e-01
-8.3791404166e+02, -3.4726890920e-01
-8.4106191353e+02, -3.4726369864e-01
-8.4420973842e+02, -3.4725854656e-01
-8.4735751688e+02, -3.4725345209e-01
-8.5050524941e+02, -3.4724841438e-01
-8.5365293653e+02, -3.4724343257e-01
-8.5680057875e+02, -3.4723850586e-01
-8.5994817655e+02, -3.4723363342e-01
-8.6309573042e+02, -3.4722881445e-01
-8.6624324086e+02, -3.4722404819e-01
-8.6939070832e+02, -3.4721933385e-01
-8.7253813329e+02, -3.4721467069e-01
-8.7568551621e+02, -3.4721005797e-01
-8.7883285754e+02, -3.4720549496e-01
-8.8198015774e+02, -3.4720098095e-01
-8.8512741723e+02, -3.4719651523e-01
-8.8827463647e+02, -3.4719209713e-01
-8.9142181586e+02, -3.4718772595e-01
-8.9456895585e+02, -3.4718340105e-01
-8.9771605683e+02, -3.4717912176e-01
-9.0086311923e+02, -3.4717488745e-01
-9.0401014345e+02, -3.4717069749e-01
-9.0715712989e+02, -3.4716655126e-01
-9.1030407894e+02, -3.4716244815e-01
-9.1345099099e+02, -3.4715838756e-01
-9.1659786642e+02, -3.4715436891e-01
-9.1974470561e+02, -3.4715039163e-01
-9.2289150893e+02, -3.4714645514e-01
-9.2603827675e+02, -3.4714255888e-01
-9.2918500944e+02, -3.4713870232e-01
-9.3233170734e+02, -3.4713488490e-01
-9.3547837081e+02, -3.4713110611e-01
-9.3862500021e+02, -3.4712736542e-01
-9.4177159587e+02, -3.4712366233e-01
-9.4491815812e+02, -3.4711999632e-01
-9.4806468732e+02, -3.4711636690e-01
-9.5121118377e+02, -3.4711277359e-01
-9.5435764782e+02, -3.4710921591e-01
-9.5750407978e+02, -3.4710569339e-01
-9.6065047996e+02, -3.4710220556e-01
-9.6379684868e+02, -3.4709875198e-01
-9.6694318626e+02, -3.4709533219e-01
-9.7008949298e+02, -3.4709194575e-01
-9.7323576916e+02, -3.4708859223e-01
-9.7638201508e+02, -3.4708527121e-01
-9.7952823105e+02, -3.4708198226e-01
-9.8267441734e+02, -3.4707872498e-01
-9.8582057425e+02, -3.4707549895e-01
-9.8896670206e+02, -3.4707230378e-01
-9.9211280105e+02, -3.4706913907e-01
-9.9525887148e+02, -3.4706600444e-01
-9.9840491364e+02, -3.4706289951e-01
-1.0015509278e+03, -3.4705982390e-01
-1.0046969142e+03, -3.4705677724e-01
-1.0078428731e+03, -3.4705375918e-01
-1.0109888048e+03, -3.4705076935e-01
-1.0141347095e+03, -3.4704780740e-01
-1.0172805874e+03, -3.4704487299e-01
-1.0204264389e+03, -3.4704196578e-01
-1.0235722642e+03, -3.4703908542e-01
-1.0267180635e+03, -3.4703623159e-01
-1.0298638370e+03, -3.4703340397e-01
-1.0330095850e+03, -3.4703060223e-01
-1.0361553078e+03, -3.4702782606e-01
-1.0393010055e+03, -3.4702507515e-01
-1.0424466783e+03, -3.4702234919e-01
-1.0455923266e+03, -3.4701964788e-01
-1.0487379505e+03, -3.4701697092e-01
-1.0518835502e+03, -3.4701431803e-01
-1.0550291260e+03, -3.4701168891e-01
-1.0581746781e+03, -3.4700908328e-01
-1.0613202066e+03, -3.4700650086e-01
-1.0644657119e+03, -3.4700394137e-01
-1.0676111940e+03, -3.4700140455e-01
-1.0707566533e+03, -3.4699889012e-01
-1.0739020898e+03, -3.4699639783e-01
-1.0770475039e+03, -3.4699392742e-01
-1.0801928957e+03, -3.4699147862e-01
-1.0833382654e+03, -3.4698905119e-01
-1.0864836131e+03, -3.4698664488e-01
-1.0896289392e+03, -3.4698425944e-01
-1.0927742437e+03, -3.4698189463e-01
-1.0959195269e+03, -3.4697955022e-01
-1.0990647889e+03, -3.4697722597e-01
-1.1022100299e+03, -3.4697492166e-01
-1.1053552502e+03, -3.4697263704e-01
-1.1085004498e+03, -3.4697037190e-01
-1.1116456290e+03, -3.4696812603e-01
-1.1147907879e+03, -3.4696589918e-01
-1.1179359267e+03, -3.4696369117e-01
-1.1210810455e+03, -3.4696150177e-01
-1.1242261447e+03, -3.4695933077e-01
-1.1273712242e+03, -3.4695717797e-01
-1.1305162842e+03, -3.4695504316e-01
-1.1336613250e+03, -3.4695292615e-01
-1.1368063467e+03, -3.4695082674e-01
-1.1399513495e+03, -3.4694874473e-01
-1.1430963334e+03, -3.4694667992e-01
-1.1462412988e+03, -3.4694463214e-01
-1.1493862456e+03, -3.4694260120e-01
-1.1525311741e+03, -3.4694058690e-01
-1.1556760844e+03, -3.4693858907e-01
-1.1588209767e+03, -3.4693660753e-01
-1.1619658510e+03, -3.4693464211e-01
-1.1651107077e+03, -3.4693269262e-01
-1.1682555467e+03, -3.4693075889e-01
-1.1714003683e+03, -3.4692884077e-01
-1.1745451726e+03, -3.4692693807e-01
-1.1776899596e+03, -3.4692505063e-01
-1.1808347297e+03, -3.4692317829e-01
-1.1839794828e+03, -3.4692132090e-01
-1.1871242192e+03, -3.4691947828e-01
-1.1902689389e+03, -3.4691765029e-01
-1.1934136422e+03, -3.4691583677e-01
-1.1965583290e+03, -3.4691403756e-01
-1.1997029996e+03, -3.4691225253e-01
-1.2028476541e+03, -3.4691048150e-01
-1.2059922926e+03, -3.4690872436e-01
-1.2091369153e+03, -3.4690698093e-01
-1.2122815222e+03, -3.4690525110e-01
-1.2154261134e+03, -3.4690353470e-01
-1.2185706892e+03, -3.4690183161e-01
-1.2217152496e+03, -3.4690014169e-01
-1.2248597948e+03, -3.4689846480e-01
-1.2280043248e+03, -3.4689680080e-01
-1.2311488397e+03, -3.4689514957e-01
-1.2342933398e+03, -3.4689351098e-01
-1.2374378251e+03, -3.4689188489e-01
-1.2405822956e+03, -3.4689027118e-01
-1.2437267517e+03, -3.4688866973e-01
-1.2468711932e+03, -3.4688708040e-01
-1.2500156204e+03, -3.4688550309e-01
-1.2531600333e+03, -3.4688393766e-01
-1.2563044322e+03, -3.4688238399e-01
-1.2594488169e+03, -3.4688084198e-01
-1.2625931878e+03, -3.4687931150e-01
-1.2657375448e+03, -3.4687779244e-01
-1.2688818882e+03, -3.4687628469e-01
-1.2720262179e+03, -3.4687478812e-01
-1.2751705340e+03, -3.4687330264e-01
-1.2783148368e+03, -3.4687182814e-01
-1.2814591263e+03, -3.4687036450e-01
-1.2846034025e+03, -3.4686891161e-01
-1.2877476656e+03, -3.4686746938e-01
-1.2908919157e+03, -3.4686603770e-01
-1.2940361529e+03, -3.4686461647e-01
-1.2971803772e+03, -3.4686320559e-01
-1.3003245888e+03, -3.4686180494e-01
-1.3034687877e+03, -3.4686041445e-01
-1.3066129741e+03, -3.4685903400e-01
-1.3097571480e+03, -3.4685766350e-01
-1.3129013095e+03, -3.4685630286e-01
-1.3160454587e+03, -3.4685495198e-01
-1.3191895958e+03, -3.4685361077e-01
-1.3223337207e+03, -3.4685227913e-01
-1.3254778336e+03, -3.4685095699e-01
-1.3286219345e+03, -3.4684964423e-01
-1.3317660236e+03, -3.4684834078e-01
-1.3349101009e+03, -3.4684704655e-01
-1.3380541665e+03, -3.4684576145e-01
-1.3411982206e+03, -3.4684448540e-01
-1.3443422631e+03, -3.4684321831e-01
-1.3474862941e+03, -3.4684196010e-01
-1.3506303138e+03, -3.4684071068e-01
-1.3537743222e+03, -3.4683946997e-01
-1.3569183194e+03, -3.4683823790e-01
-1.3600623054e+03, -3.4683701437e-01
-1.3632062804e+03, -3.4683579932e-01
-1.3663502445e+03, -3.4683459267e-01
-1.3694941976e+03, -3.4683339433e-01
-1.3726381399e+03, -3.4683220423e-01
-1.3757820714e+03, -3.4683102230e-01
-1.3789259923e+03, -3.4682984846e-01
-1.3820699026e+03, -3.4682868264e-01
-1.3852138023e+03, -3.4682752476e-01
-1.3883576916e+03, -3.4682637475e-01
-1.3915015705e+03, -3.4682523255e-01
-1.3946454391e+03, -3.4682409807e-01
-1.3977892974e+03, -3.4682297126e-01
-1.4009331455e+03, -3.4682185204e-01
-1.4040769836e+03, -3.4682074034e-01
-1.4072208116e+03, -3.4681963610e-01
-1.4103646296e+03, -3.4681853925e-01
-1.4135084377e+03, -3.4681744972e-01
-1.4166522359e+03, -3.4681636746e-01
-1.4197960244e+03, -3.4681529238e-01
-1.4229398032e+03, -3.4681422444e-01
-1.4260835723e+03, -3.4681316357e-01
-1.4292273319e+03, -3.4681210970e-01
-1.4323710819e+03, -3.4681106277e-01
-1.4355148224e+03, -3.4681002273e-01
-1.4386585536e+03, -3.4680898951e-01
-1.4418022754e+03, -3.4680796306e-01
-1.4449459880e+03, -3.4680694331e-01
-1.4480896913e+03, -3.4680593021e-01
-1.4512333855e+03, -3.4680492369e-01
-1.4543770706e+03, -3.4680392370e-01
-1.4575207466e+03, -3.4680293020e-01
-1.4606644137e+03, -3.4680194311e-01
-1.4638080719e+03, -3.4680096238e-01
-1.4669517212e+03, -3.4679998796e-01
-1.4700953616e+03, -3.4679901980e-01
-1.4732389934e+03, -3.4679805784e-01
-1.4763826164e+03, -3.4679710203e-01
-1.4795262309e+03, -3.4679615231e-01
-1.4826698367e+03, -3.4679520864e-01
-1.4858134340e+03, -3.4679427097e-01
-1.4889570228e+03, -3.4679333923e-01
-1.4921006032e+03, -3.4679241339e-01
-1.4952441753e+03, -3.4679149339e-01
-1.4983877390e+03, -3.4679057919e-01
-1.5015312945e+03, -3.4678967073e-01
-1.5046748418e+03, -3.4678876797e-01
-1.5078183809e+03, -3.4678787086e-01
-1.5109619119e+03, -3.4678697935e-01
-1.5141054348e+03, -3.4678609340e-01
-1.5172489498e+03, -3.4678521295e-01
-1.5203924568e+03, -3.4678433797e-01
-1.5235359558e+03, -3.4678346841e-01
-1.5266794471e+03, -3.4678260423e-01
-1.5298229305e+03, -3.4678174538e-01
-1.5329664061e+03, -3.4678089181e-01
-1.5361098740e+03, -3.4678004348e-01
-1.5392533343e+03, -3.4677920036e-01
-1.5423967870e+03, -3.4677836239e-01
-1.5455402320e+03, -3.4677752954e-01
-1.5486836696e+03, -3.4677670176e-01
-1.5518270997e+03, -3.4677587902e-01
-1.5549705223e+03, -3.4677506127e-01
-1.5581139375e+03, -3.4677424847e-01
-1.5612573454e+03, -3.4677344058e-01
-1.5644007460e+03, -3.4677263756e-01
-1.5675441394e+03, -3.4677183938e-01
-1.5706875255e+03, -3.4677104599e-01
-1.5738309045e+03, -3.4677025736e-01
-1.5769742763e+03, -3.4676947345e-01
-1.5801176410e+03, -3.4676869422e-01
-1.5832609987e+03, -3.4676791963e-01
-1.5864043494e+03, -3.4676714965e-01
-1.5895476932e+03, -3.4676638424e-01
-1.5926910300e+03, -3.4676562336e-01
-1.5958343599e+03, -3.4676486698e-01
-1.5989776831e+03, -3.4676411507e-01
-1.6021209994e+03, -3.4676336758e-01
-1.6052643089e+03, -3.4676262448e-01
-1.6084076118e+03, -3.4676188575e-01
-1.6115509079e+03, -3.4676115133e-01
-1.6146941975e+03, -3.4676042121e-01
-1.6178374804e+03, -3.4675969535e-01
-1.6209807568e+03, -3.4675897371e-01
-1.6241240266e+03, -3.4675825627e-01
-1.6272672900e+03, -3.4675754298e-01
-1.6304105469e+03, -3.4675683382e-01
-1.6335537974e+03, -3.4675612875e-01
-1.6366970415e+03, -3.4675542775e-01
-1.6398402793e+03, -3.4675473078e-01
-1.6429835108e+03, -3.4675403782e-01
-1.6461267361e+03, -3.4675334882e-01
-1.6492699551e+03, -3.4675266377e-01
-1.6524131679e+03, -3.4675198263e-01
+4.9377083860e+01, -5.7985447014e+00
+4.6484719350e+01, -9.8256418880e+00
+4.4001334016e+01, -1.2922247617e+01
+4.1720059422e+01, -1.5507616494e+01
+3.9563788461e+01, -1.7745479583e+01
+3.7493670649e+01, -1.9721704196e+01
+3.5486891026e+01, -2.1488532479e+01
+3.3528717931e+01, -2.3080774475e+01
+3.1608998096e+01, -2.4523095879e+01
+2.9720390205e+01, -2.5833763728e+01
+2.7857386219e+01, -2.7026760353e+01
+2.6015729320e+01, -2.8113062648e+01
+2.4192048080e+01, -2.9101459244e+01
+2.2383616053e+01, -2.9999095506e+01
+2.0588187878e+01, -3.0811849963e+01
+1.8803884012e+01, -3.1544601903e+01
+1.7029107452e+01, -3.2201426186e+01
+1.5262482119e+01, -3.2785737877e+01
+1.3502806271e+01, -3.3300401346e+01
+1.1749016558e+01, -3.3747813569e+01
+1.0000159741e+01, -3.4129968274e+01
+8.2553699963e+00, -3.4448505562e+01
+6.5138503247e+00, -3.4704750231e+01
+4.7748569790e+00, -3.4899741130e+01
+3.0376861058e+00, -3.5034253200e+01
+1.3016619635e+00, -3.5108813347e+01
-4.3387378424e-01, -3.5123710979e+01
-2.1695721272e+00, -3.5079003698e+01
-3.9060864964e+00, -3.4974518422e+01
-5.6440826425e+00, -3.4809847996e+01
-7.3842489681e+00, -3.4584343134e+01
-9.1273077149e+00, -3.4297099288e+01
-1.0874027465e+01, -3.3946937814e+01
-1.2625237516e+01, -3.3532380448e+01
-1.4381844849e+01, -3.3051615706e+01
-1.6144854612e+01, -3.2502455258e+01
-1.7915395395e+01, -3.1882277520e+01
-1.9694751032e+01, -3.1187954613e+01
-2.1484401427e+01, -3.0415757158e+01
-2.3286075987e+01, -2.9561228878e+01
-2.5101825052e+01, -2.8619019115e+01
-2.6934117569e+01, -2.7582655116e+01
-2.8785978040e+01, -2.6444225692e+01
-3.0661184194e+01, -2.5193930065e+01
-3.2564562058e+01, -2.3819413734e+01
-3.4502444581e+01, -2.2304752139e+01
-3.6483420555e+01, -2.0628818637e+01
-3.8519636237e+01, -1.8762498458e+01
-4.0629249465e+01, -1.6663534828e+01
-4.2841603440e+01, -1.4265881040e+01
-4.5210086353e+01, -1.1453802049e+01
-4.7854208258e+01, -7.9791172028e+00
-7.1475719044e+01, +5.9705736672e+01
-2.1484401427e+01, -3.0415757158e+01
-4.8984596083e+01, +6.3682040462e+01
-4.6156507108e+01, +6.4195372622e+01
-4.3364021823e+01, +6.4693540440e+01
-4.0605379033e+01, +6.5173761918e+01
-3.5181787234e+01, +6.6070738365e+01
+3.3528717931e+01, -2.3080774475e+01
+6.9884311287e+01, +5.9954552231e+01
+6.6770193228e+01, +6.0473699314e+01
+6.3704077961e+01, +6.1004724324e+01
+6.0680014408e+01, +6.1542614320e+01
+5.7696759028e+01, +6.2083184208e+01
+5.4753663572e+01, +6.2622448688e+01
+5.1849992053e+01, +6.3156593738e+01
+4.8984749688e+01, +6.3682012406e+01
+4.6156654992e+01, +6.4195345980e+01
+4.3364164308e+01, +6.4693515301e+01
+4.0605516434e+01, +6.5173738350e+01
+3.7878782723e+01, +6.5633534546e+01
+3.5181915359e+01, +6.6070718056e+01
+3.2512790103e+01, +6.6483382932e+01
+2.9869241977e+01, +6.6869882875e+01
+2.7249093563e+01, +6.7228808005e+01
+2.4650176324e+01, +6.7558960543e+01
+2.2070345721e+01, +6.7859330795e+01
+1.9507491040e+01, +6.8129074407e+01
+1.6959540848e+01, +6.8367491500e+01
+1.4424464937e+01, +6.8574008048e+01
+1.1900273499e+01, +6.8748159639e+01
+9.3850141665e+00, +6.8889577685e+01
+6.8767674399e+00, +6.8997978022e+01
+4.3736409185e+00, +6.9073151838e+01
+1.8737626847e+00, +6.9114958848e+01
-6.2472588838e-01, +6.9123322616e+01
-3.1236776726e+00, +6.9098227986e+01
-5.6249474628e+00, +6.9039720567e+01
-8.1303996074e+00, +6.8947908272e+01
-1.0641915399e+01, +6.8822964940e+01
-1.3161400010e+01, +6.8665136074e+01
-1.5690788725e+01, +6.8474746779e+01
-1.8232052152e+01, +6.8252211992e+01
-2.0787200055e+01, +6.7998049067e+01
-2.3358283315e+01, +6.7712892786e+01
-2.5947393455e+01, +6.7397512808e+01
-2.8556659041e+01, +6.7052833436e+01
-3.1188238151e+01, +6.6679955486e+01
-3.3844306023e+01, +6.6280179762e+01
-3.6527036943e+01, +6.5855031368e+01
-3.9238579512e+01, +6.5406283687e+01
-4.1981024674e+01, +6.4935980387e+01
-4.4756366394e+01, +6.4446453290e+01
-4.7566455849e+01, +6.3940333516e+01
-5.0412951601e+01, +6.3420553017e+01
-5.3297270985e+01, +6.2890333838e+01
-5.6220553000e+01, +6.2353163542e+01
-5.9183653970e+01, +6.1812758030e+01
-6.2187228187e+01, +6.1273019866e+01
-6.5232066248e+01, +6.0738020820e+01
-6.8320610894e+01, +6.0212155024e+01
-7.1475429794e+01, +5.9705777924e+01
-2.1484401427e+01, -3.0415757158e+01
+3.3528717931e+01, -2.3080774475e+01
+6.9884414601e+01, +5.9954535473e+01
+6.6770293231e+01, +6.0473682278e+01
+6.3704175198e+01, +6.1004707232e+01
+6.0680109014e+01, +6.1542597314e+01
+5.7696851089e+01, +6.2083167413e+01
+5.4753753170e+01, +6.2622432219e+01
+5.1850079272e+01, +6.3156577700e+01
+4.8984834618e+01, +6.3681996893e+01
+4.6156737728e+01, +6.4195331074e+01
+4.3364244950e+01, +6.4693501074e+01
+4.0605595082e+01, +6.5173724859e+01
+3.7878859480e+01, +6.5633521841e+01
+3.5181990326e+01, +6.6070706173e+01
+3.2512863379e+01, +6.6483371901e+01
+2.9869313659e+01, +6.6869872716e+01
+2.7249163743e+01, +6.7228798733e+01
+2.4650245093e+01, +6.7558952165e+01
+2.2070413165e+01, +6.7859323314e+01
+1.9507557241e+01, +6.8129067821e+01
+1.6959605883e+01, +6.8367485804e+01
+1.4424528882e+01, +6.8574003234e+01
+1.1900336424e+01, +6.8748155697e+01
+9.3850761406e+00, +6.8889574602e+01
+6.8768285277e+00, +6.8997975783e+01
+4.3737011823e+00, +6.9073150428e+01
+1.8738221844e+00, +6.9114958251e+01
-6.2466709518e-01, +6.9123322813e+01
-3.1236195301e+00, +6.9098228959e+01
-5.6248899168e+00, +6.9039722295e+01
-8.1303426052e+00, +6.8947910736e+01
-1.0641858889e+01, +6.8822968118e+01
-1.3161343943e+01, +6.8665139942e+01
-1.5690733049e+01, +6.8474751315e+01
-1.8231996820e+01, +6.8252217170e+01
-2.0787145020e+01, +6.7998054860e+01
-2.3358228528e+01, +6.7712899166e+01
-2.5947338869e+01, +6.7397519743e+01
-2.8556604610e+01, +6.7052840893e+01
-3.1188183831e+01, +6.6679963430e+01
-3.3844251771e+01, +6.6280188152e+01
-3.6526982716e+01, +6.5855040160e+01
-3.9238525270e+01, +6.5406292836e+01
-4.1980970379e+01, +6.4935989840e+01
-4.4756312014e+01, +6.4446462993e+01
-4.7566401354e+01, +6.3940343410e+01
-5.0412896966e+01, +6.3420563039e+01
-5.3297216192e+01, +6.2890343921e+01
-5.6220498037e+01, +6.2353173616e+01
-5.9183598829e+01, +6.1812768024e+01
-6.2187172863e+01, +6.1273029710e+01
-6.5232010727e+01, +6.0738030440e+01
-6.8320555094e+01, +6.0212164338e+01
-7.1475372162e+01, +5.9705786144e+01
-2.1484401427e+01, -3.0415757158e+01
+3.3528717931e+01, -2.3080774475e+01
+6.9884449202e+01, +5.9954529861e+01
+6.6770326930e+01, +6.0473676537e+01
+6.3704208166e+01, +6.1004701438e+01
+6.0680141284e+01, +6.1542591513e+01
+5.7696882680e+01, +6.2083161650e+01
+5.4753784097e+01, +6.2622426535e+01
+5.1850109553e+01, +6.3156572132e+01
+4.8984864275e+01, +6.3681991476e+01
+4.6156766784e+01, +6.4195325840e+01
+4.3364273430e+01, +6.4693496049e+01
+4.0605623013e+01, +6.5173720068e+01
+3.7878886889e+01, +6.5633517303e+01
+3.5182017242e+01, +6.6070701907e+01
+3.2512889829e+01, +6.6483367919e+01
+2.9869339671e+01, +6.6869869030e+01
+2.7249189345e+01, +6.7228795350e+01
+2.4650270310e+01, +6.7558949093e+01
+2.2070438023e+01, +6.7859320557e+01
+1.9507581765e+01, +6.8129065381e+01
+1.6959630097e+01, +6.8367483684e+01
+1.4424552808e+01, +6.8574001433e+01
+1.1900360085e+01, +6.8748154215e+01
+9.3850995571e+00, +6.8889573437e+01
+6.8768517206e+00, +6.8997974933e+01
+4.3737241714e+00, +6.9073149891e+01
+1.8738449890e+00, +6.9114958022e+01
-6.2464445608e-01, +6.9123322889e+01
-3.1235970381e+00, +6.9098229335e+01
-5.6248675538e+00, +6.9039722967e+01
-8.1303203533e+00, +6.8947911698e+01
-1.0641836731e+01, +6.8822969364e+01
-1.3161321860e+01, +6.8665141466e+01
-1.5690711025e+01, +6.8474753109e+01
-1.8231974837e+01, +6.8252219228e+01
-2.0787123060e+01, +6.7998057172e+01
-2.3358206574e+01, +6.7712901723e+01
-2.5947316904e+01, +6.7397522534e+01
-2.8556582616e+01, +6.7052843907e+01
-3.1188161792e+01, +6.6679966652e+01
-3.3844229668e+01, +6.6280191570e+01
-3.6526960533e+01, +6.5855043757e+01
-3.9238502992e+01, +6.5406296593e+01
-4.1980947992e+01, +6.4935993739e+01
-4.4756289503e+01, +6.4446467010e+01
-4.7566378707e+01, +6.3940347522e+01
-5.0412874174e+01, +6.3420567219e+01
-5.3297193246e+01, +6.2890348143e+01
-5.6220474932e+01, +6.2353177851e+01
-5.9183575562e+01, +6.1812772242e+01
-6.2187149433e+01, +6.1273033879e+01
-6.5231987126e+01, +6.0738034529e+01
-6.8320531288e+01, +6.0212168311e+01
-7.1475347484e+01, +5.9705789664e+01
-2.1484401427e+01, -3.0415757158e+01
+3.3528717931e+01, -2.3080774475e+01
+6.9884466532e+01, +5.9954527050e+01
+6.6770343849e+01, +6.0473673654e+01
+6.3704224757e+01, +6.1004698522e+01
+6.0680157561e+01, +6.1542588587e+01
+5.7696898650e+01, +6.2083158736e+01
+5.4753799768e+01, +6.2622423654e+01
+5.1850124932e+01, +6.3156569304e+01
+4.8984879370e+01, +6.3681988719e+01
+4.6156781605e+01, +6.4195323169e+01
+4.3364287990e+01, +6.4693493480e+01
+4.0605637324e+01, +6.5173717613e+01
+3.7878900964e+01, +6.5633514974e+01
+3.5182031092e+01, +6.6070699712e+01
+3.2512903470e+01, +6.6483365866e+01
+2.9869353114e+01, +6.6869867125e+01
+2.7249202604e+01, +6.7228793599e+01
+2.4650283398e+01, +6.7558947499e+01
+2.2070450952e+01, +6.7859319123e+01
+1.9507594546e+01, +6.8129064110e+01
+1.6959642743e+01, +6.8367482576e+01
+1.4424565329e+01, +6.8574000490e+01
+1.1900372493e+01, +6.8748153437e+01
+9.3851118617e+00, +6.8889572825e+01
+6.8768639321e+00, +6.8997974485e+01
+4.3737362999e+00, +6.9073149607e+01
+1.8738570442e+00, +6.9114957901e+01
-6.2463246475e-01, +6.9123322929e+01
-3.1235851013e+00, +6.9098229535e+01
-5.6248556623e+00, +6.9039723324e+01
-8.1303084979e+00, +6.8947912210e+01
-1.0641824902e+01, +6.8822970029e+01
-1.3161310050e+01, +6.8665142281e+01
-1.5690699223e+01, +6.8474754071e+01
-1.8231963035e+01, +6.8252220332e+01
-2.0787111248e+01, +6.7998058415e+01
-2.3358194744e+01, +6.7712903100e+01
-2.5947305045e+01, +6.7397524041e+01
-2.8556570720e+01, +6.7052845537e+01
-3.1188149849e+01, +6.6679968399e+01
-3.3844217669e+01, +6.6280193425e+01
-3.6526948470e+01, +6.5855045713e+01
-3.9238490855e+01, +6.5406298640e+01
-4.1980935773e+01, +6.4935995866e+01
-4.4756277194e+01, +6.4446469207e+01
-4.7566366303e+01, +6.3940349774e+01
-5.0412861667e+01, +6.3420569513e+01
-5.3297180633e+01, +6.2890350464e+01
-5.6220462210e+01, +6.2353180182e+01
-5.9183562729e+01, +6.1812774568e+01
-6.2187136487e+01, +6.1273036182e+01
-6.5231974064e+01, +6.0738036793e+01
-6.8320518090e+01, +6.0212170514e+01
-7.1475333781e+01, +5.9705791618e+01
-2.1484401427e+01, -3.0415757158e+01
-5.1215940382e+01, -2.9704239065e+00
-4.7854208258e+01, -7.9791172028e+00
-4.5210086353e+01, -1.1453802049e+01
-4.2841603440e+01, -1.4265881040e+01
-4.0629249465e+01, -1.6663534828e+01
-3.8519636237e+01, -1.8762498458e+01
-3.6483420555e+01, -2.0628818637e+01
-3.4502444581e+01, -2.2304752139e+01
-3.2564562058e+01, -2.3819413734e+01
-3.0661184194e+01, -2.5193930065e+01
-2.8785978040e+01, -2.6444225692e+01
-2.6934117569e+01, -2.7582655116e+01
-2.5101825052e+01, -2.8619019115e+01
-2.3286075987e+01, -2.9561228878e+01
-2.1484401427e+01, -3.0415757158e+01
-1.9694751032e+01, -3.1187954613e+01
-1.7915395395e+01, -3.1882277520e+01
-1.6144854612e+01, -3.2502455258e+01
-1.4381844849e+01, -3.3051615706e+01
-1.2625237516e+01, -3.3532380448e+01
-1.0874027465e+01, -3.3946937814e+01
-9.1273077149e+00, -3.4297099288e+01
-7.3842489681e+00, -3.4584343134e+01
-5.6440826425e+00, -3.4809847996e+01
-3.9060864964e+00, -3.4974518422e+01
-2.1695721272e+00, -3.5079003698e+01
-4.3387378424e-01, -3.5123710979e+01
+1.3016619635e+00, -3.5108813347e+01
+3.0376861058e+00, -3.5034253200e+01
+4.7748569790e+00, -3.4899741130e+01
+6.5138503247e+00, -3.4704750231e+01
+8.2553699963e+00, -3.4448505562e+01
+1.0000159741e+01, -3.4129968274e+01
+1.1749016558e+01, -3.3747813569e+01
+1.3502806271e+01, -3.3300401346e+01
+1.5262482119e+01, -3.2785737877e+01
+1.7029107452e+01, -3.2201426186e+01
+1.8803884012e+01, -3.1544601903e+01
+2.0588187878e+01, -3.0811849963e+01
+2.2383616053e+01, -2.9999095506e+01
+2.4192048080e+01, -2.9101459244e+01
+2.6015729320e+01, -2.8113062648e+01
+2.7857386219e+01, -2.7026760353e+01
+2.9720390205e+01, -2.5833763728e+01
+3.1608998096e+01, -2.4523095879e+01
+3.3528717931e+01, -2.3080774475e+01
+3.5486891026e+01, -2.1488532479e+01
+3.7493670649e+01, -1.9721704196e+01
+3.9563788461e+01, -1.7745479583e+01
+4.1720059422e+01, -1.5507616494e+01
+4.4001334016e+01, -1.2922247617e+01
+4.6484719350e+01, -9.8256418880e+00
+6.9884942291e+01, +5.9954449883e+01
+7.1474856731e+01, +5.9705859665e+01
+5.0412484150e+01, +6.3420638761e+01
+4.7565998983e+01, +6.3940416466e+01
+4.4755919563e+01, +6.4446533023e+01
+4.1980587318e+01, +6.4936056540e+01
+3.9238151064e+01, +6.5406355951e+01
+3.6526616839e+01, +6.5855099484e+01
-2.1484401427e+01, -3.0415757158e+01
-7.1475070781e+01, +5.9705829132e+01
-6.8320267835e+01, +6.0212212285e+01
-6.5231729339e+01, +6.0738079194e+01
-6.2186896814e+01, +6.1273078827e+01
-5.9183327938e+01, +6.1812817126e+01
-5.6220232176e+01, +6.2353222345e+01
-5.3296955225e+01, +6.2890391941e+01
-5.0412640738e+01, +6.3420610038e+01
-4.7566149686e+01, +6.3940389104e+01
-4.4756064708e+01, +6.4446507123e+01
-4.1980727222e+01, +6.4936032179e+01
-3.9238286037e+01, +6.5406333186e+01
-3.6526747176e+01, +6.5855078351e+01
-3.3844019691e+01, +6.6280224040e+01
-3.1187954978e+01, +6.6679996895e+01
-2.8556378753e+01, +6.7052871838e+01
-2.5947115781e+01, +6.7397548088e+01
-2.3358007988e+01, +6.7712924848e+01
-2.0786926814e+01, +6.7998077830e+01
-1.8231780740e+01, +6.8252237392e+01
-1.5690518892e+01, +6.8474768763e+01
-1.3161131512e+01, +6.8665154600e+01
-1.0641647996e+01, +6.8822979977e+01
-8.1301330635e+00, +6.8947919793e+01
-5.6246815464e+00, +6.9039728554e+01
-3.1234121542e+00, +6.9098232427e+01
-6.2446054021e-01, +6.9123323505e+01
+1.8740280896e+00, +6.9114956183e+01
+4.3739066074e+00, +6.9073145623e+01
+6.8770336412e+00, +6.8997968266e+01
+9.3852811108e+00, +6.8889564404e+01
+1.1900541420e+01, +6.8748142854e+01
+1.4424734072e+01, +6.8573987787e+01
+1.6959811440e+01, +6.8367467802e+01
+1.9507763336e+01, +6.8129047318e+01
+2.2070619973e+01, +6.7859300374e+01
+2.4650452791e+01, +6.7558926862e+01
+2.7249372510e+01, +6.7228771151e+01
+2.9869523673e+01, +6.6869842953e+01
+3.2513074821e+01, +6.6483340070e+01
+3.5182203374e+01, +6.6070672403e+01
+3.7879074310e+01, +6.5633486279e+01
+4.0605811864e+01, +6.5173687674e+01
+4.3364463846e+01, +6.4693462454e+01
+4.6156958887e+01, +6.4195291231e+01
+4.8985058175e+01, +6.3681956059e+01
+5.1850305341e+01, +6.3156536130e+01
+5.4753981845e+01, +6.2622390186e+01
+5.7697082439e+01, +6.2083125207e+01
+6.0680343093e+01, +6.1542555237e+01
+6.3704412069e+01, +6.1004665598e+01
+6.6770533065e+01, +6.0473641420e+01
+6.9884658526e+01, +5.9954495909e+01
+3.3528717931e+01, -2.3080774475e+01
-2.1484401427e+01, -3.0415757158e+01
-7.1475178188e+01, +5.9705813811e+01
-6.8320369345e+01, +6.0212195342e+01
-6.5231827935e+01, +6.0738062111e+01
-6.2186992723e+01, +6.1273061762e+01
-5.9183421262e+01, +6.1812800210e+01
-5.6220322995e+01, +6.2353205699e+01
-5.3297043623e+01, +6.2890375675e+01
-5.0412726801e+01, +6.3420594252e+01
-4.7566233507e+01, +6.3940373885e+01
-4.4756146385e+01, +6.4446492549e+01
-4.1980806855e+01, +6.4936018314e+01
-3.9238363727e+01, +6.5406320082e+01
-3.6526823025e+01, +6.5855066053e+01
-3.3844093800e+01, +6.6280212580e+01
-3.1188027445e+01, +6.6679986298e+01
-2.8556449673e+01, +6.7052862121e+01
-2.5947185245e+01, +6.7397539262e+01
-2.3358076084e+01, +6.7712916918e+01
-2.0786993626e+01, +6.7998070797e+01
-1.8231846348e+01, +6.8252231252e+01
-1.5690583373e+01, +6.8474763510e+01
-1.3161194939e+01, +6.8665150224e+01
-1.0641710437e+01, +6.8822976466e+01
-8.1301945865e+00, +6.8947917134e+01
-5.6247422145e+00, +6.9039726732e+01
-3.1234720286e+00, +6.9098231426e+01
-6.2451967955e-01, +6.9123323307e+01
+1.8739696286e+00, +6.9114956770e+01
+4.3738487698e+00, +6.9073146976e+01
+6.8769763736e+00, +6.8997970365e+01
+9.3852243612e+00, +6.8889567227e+01
+1.1900485137e+01, +6.8748146380e+01
+1.4424678207e+01, +6.8573991993e+01
+1.6959755943e+01, +6.8367472662e+01
+1.9507708158e+01, +6.8129052807e+01
+2.2070565067e+01, +6.7859306465e+01
+2.4650398110e+01, +6.7558933523e+01
+2.7249318008e+01, +6.7228778351e+01
+2.9869469304e+01, +6.6869850659e+01
+3.2513020541e+01, +6.6483348242e+01
+3.5182149140e+01, +6.6070681000e+01
+3.7879020080e+01, +6.5633495256e+01
+4.0605757600e+01, +6.5173696982e+01
+4.3364409512e+01, +6.4693472040e+01
+4.6156904453e+01, +6.4195301038e+01
+4.8985003613e+01, +6.3681966025e+01
+5.1850250629e+01, +6.3156546190e+01
+5.4753926968e+01, +6.2622400273e+01
+5.7697027388e+01, +6.2083135250e+01
+6.0680287861e+01, +6.1542565165e+01
+6.3704356649e+01, +6.1004675339e+01
+6.6770477426e+01, +6.0473650898e+01
+6.9884602416e+01, +5.9954505010e+01
+3.3528717931e+01, -2.3080774475e+01
-2.1484401427e+01, -3.0415757158e+01
-7.1475214046e+01, +5.9705808696e+01
-6.8320403446e+01, +6.0212189650e+01
-6.5231861262e+01, +6.0738056337e+01
-6.2187025340e+01, +6.1273055959e+01
-5.9183453190e+01, +6.1812794423e+01
-5.6220354252e+01, +6.2353199970e+01
-5.3297074225e+01, +6.2890370044e+01
-5.0412756768e+01, +6.3420588755e+01
-4.7566262861e+01, +6.3940368556e+01
-4.4756175149e+01, +6.4446487416e+01
-4.1980835057e+01, +6.4936013403e+01
-3.9238391393e+01, +6.5406315416e+01
-3.6526850184e+01, +6.5855061649e+01
-3.3844120480e+01, +6.6280208454e+01
-3.1188053673e+01, +6.6679982463e+01
-2.8556475476e+01, +6.7052858586e+01
-2.5947210651e+01, +6.7397536034e+01
-2.3358101119e+01, +6.7712914003e+01
-2.0787018314e+01, +6.7998068198e+01
-1.8231870714e+01, +6.8252228972e+01
-1.5690607440e+01, +6.8474761549e+01
-1.3161218729e+01, +6.8665148582e+01
-1.0641733973e+01, +6.8822975142e+01
-8.1302178887e+00, +6.8947916127e+01
-5.6247653031e+00, +6.9039726038e+01
-3.1234949231e+00, +6.9098231043e+01
-6.2454239911e-01, +6.9123323231e+01
+1.8739470654e+00, +6.9114956997e+01
+4.3738263445e+00, +6.9073147501e+01
+6.8769540684e+00, +6.8997971182e+01
+9.3852021583e+00, +6.8889568332e+01
+1.1900463019e+01, +6.8748147766e+01
+1.4424656156e+01, +6.8573993653e+01
+1.6959733941e+01, +6.8367474589e+01
+1.9507686189e+01, +6.8129054993e+01
+2.2070543113e+01, +6.7859308900e+01
+2.4650376153e+01, +6.7558936198e+01
+2.7249296030e+01, +6.7228781255e+01
+2.9869447289e+01, +6.6869853778e+01
+3.2512998471e+01, +6.6483351564e+01
+3.5182126999e+01, +6.6070684510e+01
+3.7878997852e+01, +6.5633498936e+01
+4.0605735269e+01, +6.5173700813e+01
+4.3364387065e+01, +6.4693476001e+01
+4.6156881875e+01, +6.4195305105e+01
+4.8984980894e+01, +6.3681970175e+01
+5.1850227761e+01, +6.3156550395e+01
+5.4753903943e+01, +6.2622404506e+01
+5.7697004202e+01, +6.2083139480e+01
+6.0680264513e+01, +6.1542569362e+01
+6.3704333135e+01, +6.1004679472e+01
+6.6770453731e+01, +6.0473654935e+01
+6.9884578433e+01, +5.9954508900e+01
+3.3528717931e+01, -2.3080774475e+01
-2.1484401427e+01, -3.0415757158e+01
-7.1475231986e+01, +5.9705806137e+01
-6.8320420547e+01, +6.0212186795e+01
-6.5231878013e+01, +6.0738053435e+01
-6.2187041772e+01, +6.1273053035e+01
-5.9183469313e+01, +6.1812791500e+01
-5.6220370072e+01, +6.2353197070e+01
-5.3297089748e+01, +6.2890367188e+01
-5.0412772003e+01, +6.3420585961e+01
-4.7566277818e+01, +6.3940365840e+01
-4.4756189839e+01, +6.4446484795e+01
-4.1980849490e+01, +6.4936010890e+01
-3.9238405584e+01, +6.5406313023e+01
-3.6526864145e+01, +6.5855059386e+01
-3.3844134224e+01, +6.6280206329e+01
-3.1188067213e+01, +6.6679980483e+01
-2.8556488826e+01, +6.7052856757e+01
-2.5947223823e+01, +6.7397534360e+01
-2.3358114126e+01, +6.7712912488e+01
-2.0787031167e+01, +6.7998066845e+01
-1.8231883426e+01, +6.8252227782e+01
-1.5690620022e+01, +6.8474760524e+01
-1.3161231193e+01, +6.8665147722e+01
-1.0641746328e+01, +6.8822974448e+01
-8.1302301455e+00, +6.8947915597e+01
-5.6247774719e+00, +6.9039725673e+01
-3.1235070138e+00, +6.9098230841e+01
-6.2455442119e-01, +6.9123323191e+01
+1.8739351024e+00, +6.9114957117e+01
+4.3738144315e+00, +6.9073147779e+01
+6.8769421961e+00, +6.8997971617e+01
+9.3851903175e+00, +6.8889568921e+01
+1.1900451201e+01, +6.8748148506e+01
+1.4424644351e+01, +6.8573994542e+01
+1.6959722140e+01, +6.8367475623e+01
+1.9507674383e+01, +6.8129056167e+01
+2.2070531293e+01, +6.7859310211e+01
+2.4650364310e+01, +6.7558937641e+01
+2.7249284154e+01, +6.7228782824e+01
+2.9869435371e+01, +6.6869855468e+01
+3.2512986502e+01, +6.6483353366e+01
+3.5182114969e+01, +6.6070686416e+01
+3.7878985753e+01, +6.5633500938e+01
+4.0605723092e+01, +6.5173702902e+01
+4.3364374802e+01, +6.4693478164e+01
+4.6156869519e+01, +6.4195307331e+01
+4.8984968439e+01, +6.3681972450e+01
+5.1850215202e+01, +6.3156552705e+01
+5.4753891276e+01, +6.2622406834e+01
+5.7696991425e+01, +6.2083141811e+01
+6.0680251623e+01, +6.1542571679e+01
+6.3704320132e+01, +6.1004681757e+01
+6.6770440606e+01, +6.0473657171e+01
+6.9884565127e+01, +5.9954511058e+01
+3.3528717931e+01, -2.3080774475e+01
