-7.3511477227e+01, -5.9847966528e-01
-9.3201657335e+01, +5.7050136988e+01
-8.7708888524e+01, -4.7499099325e-01
-9.1930441309e+01, -4.5733412755e-01
-9.6012322175e+01, -4.4386143827e-01
-9.9985629818e+01, -4.3319898845e-01
-1.0387181863e+02, -4.2452816520e-01
-1.0768640291e+02, -4.1732700632e-01
-1.1144101236e+02, -4.1124507094e-01
-1.1514461599e+02, -4.0603731444e-01
-1.1880429203e+02, -4.0152666421e-01
-1.2242573396e+02, -3.9758164434e-01
-1.2601359552e+02, -3.9410238300e-01
-1.2957173299e+02, -3.9101152710e-01
-1.3310337989e+02, -3.8824815257e-01
-1.4422661552e+02, +5.3346049214e+01
-1.4356485899e+02, -3.8148025585e-01
-1.5359888187e+02, +5.1723291109e+01
-1.9736825097e+02, -3.6378891150e-01
-1.3310337989e+02, -3.8824815257e-01
-1.4554570301e+02, +5.3369981432e+01
-1.5044766938e+02, -3.7792298612e-01
-1.5410687253e+02, +5.1720919682e+01
-1.6618249371e+02, +5.2274529562e+01
-1.6404471414e+02, -3.7237061301e-01
-1.6741491446e+02, -3.7123016009e-01
-1.7077514322e+02, -3.7016910679e-01
-1.7412608473e+02, -3.6917981230e-01
-1.7746835840e+02, -3.6825557669e-01
-1.8080252665e+02, -3.6739050008e-01
-1.8412910160e+02, -3.6657936659e-01
-1.8744855081e+02, -3.6581754795e-01
-1.9076130228e+02, -3.6510092309e-01
-1.9406774864e+02, -3.6442581054e-01
-1.9736825097e+02, -3.6378891150e-01
-2.0066314197e+02, -3.6318726149e-01
-2.0395272885e+02, -3.6261818919e-01
-2.0723729578e+02, -3.6207928122e-01
-2.1051710612e+02, -3.6156835188e-01
-2.1379240434e+02, -3.6108341708e-01
-2.1706341777e+02, -3.6062267178e-01
-2.2033035808e+02, -3.6018447032e-01
-2.2359342273e+02, -3.5976730938e-01
-2.2685279610e+02, -3.5936981302e-01
-2.3010865064e+02, -3.5899071959e-01
-2.3336114784e+02, -3.5862887023e-01
-2.3661043911e+02, -3.5828319867e-01
-2.3985666658e+02, -3.5795272230e-01
-2.4309996383e+02, -3.5763653420e-01
-2.4634045652e+02, -3.5733379605e-01
-2.4957826300e+02, -3.5704373188e-01
-2.5281349487e+02, -3.5676562243e-01
-2.5604625742e+02, -3.5649880011e-01
-2.5927665012e+02, -3.5624264455e-01
-2.6250476701e+02, -3.5599657850e-01
-2.6573069709e+02, -3.5576006426e-01
-2.6895452463e+02, -3.5553260035e-01
-2.7217632953e+02, -3.5531371858e-01
-2.7539618758e+02, -3.5510298138e-01
-2.7861417073e+02, -3.5489997936e-01
-2.8183034734e+02, -3.5470432914e-01
-2.8504478240e+02, -3.5451567132e-01
-2.8825753775e+02, -3.5433366868e-01
-2.9146867227e+02, -3.5415800455e-01
-2.9467824205e+02, -3.5398838125e-01
-2.9788630057e+02, -3.5382451875e-01
-3.0109289884e+02, -3.5366615338e-01
-3.0429808555e+02, -3.5351303670e-01
-3.0750190721e+02, -3.5336493442e-01
-3.1070440826e+02, -3.5322162543e-01
-3.1390563119e+02, -3.5308290091e-01
-3.1710561665e+02, -3.5294856350e-01
-3.2030440357e+02, -3.5281842654e-01
-3.2350202921e+02, -3.5269231337e-01
-3.2669852928e+02, -3.5257005669e-01
-3.2989393800e+02, -3.5245149795e-01
-3.3308828822e+02, -3.5233648682e-01
-3.3628161143e+02, -3.5222488064e-01
-3.3947393790e+02, -3.5211654397e-01
-3.4266529665e+02, -3.5201134817e-01
-3.4585571561e+02, -3.5190917094e-01
-3.4904522161e+02, -3.5180989598e-01
-3.5223384044e+02, -3.5171341262e-01
-3.5542159693e+02, -3.5161961550e-01
-3.5860851498e+02, -3.5152840426e-01
-3.6179461759e+02, -3.5143968325e-01
-3.6497992691e+02, -3.5135336126e-01
-3.6816446428e+02, -3.5126935128e-01
-3.7134825030e+02, -3.5118757027e-01
-3.7453130480e+02, -3.5110793893e-01
-3.7771364693e+02, -3.5103038152e-01
-3.8089529514e+02, -3.5095482562e-01
-3.8407626728e+02, -3.5088120201e-01
-3.8725658054e+02, -3.5080944447e-01
-3.9043625157e+02, -3.5073948963e-01
-3.9361529641e+02, -3.5067127681e-01
-3.9679373060e+02, -3.5060474790e-01
-3.9997156915e+02, -3.5053984724e-01
-4.0314882657e+02, -3.5047652144e-01
-4.0632551691e+02, -3.5041471935e-01
-4.0950165375e+02, -3.5035439188e-01
-4.1267725024e+02, -3.5029549191e-01
-4.1585231912e+02, -3.5023797425e-01
-4.1902687273e+02, -3.5018179546e-01
-4.2220092300e+02, -3.5012691384e-01
-4.2537448151e+02, -3.5007328931e-01
-4.2854755948e+02, -3.5002088335e-01
-4.3172016779e+02, -3.4996965890e-01
-4.3489231699e+02, -3.4991958034e-01
-4.3806401730e+02, -3.4987061337e-01
-4.4123527866e+02, -3.4982272499e-01
-4.4440611069e+02, -3.4977588343e-01
-4.4757652275e+02, -3.4973005809e-01
-4.5074652390e+02, -3.4968521949e-01
-4.5391612298e+02, -3.4964133923e-01
-4.5708532853e+02, -3.4959838991e-01
-4.6025414887e+02, -3.4955634513e-01
-4.6342259210e+02, -3.4951517943e-01
-4.6659066607e+02, -3.4947486825e-01
-4.6975837841e+02, -3.4943538787e-01
-4.7292573654e+02, -3.4939671542e-01
-4.7609274771e+02, -3.4935882879e-01
-4.7925941892e+02, -3.4932170666e-01
-4.8242575702e+02, -3.4928532840e-01
-4.8559176866e+02, -3.4924967411e-01
-4.8875746031e+02, -3.4921472454e-01
-4.9192283827e+02, -3.4918046107e-01
-4.9508790869e+02, -3.4914686572e-01
-4.9825267754e+02, -3.4911392109e-01
-5.0141715065e+02, -3.4908161033e-01
-5.0458133367e+02, -3.4904991717e-01
-5.0774523215e+02, -3.4901882583e-01
-5.1090885146e+02, -3.4898832106e-01
-5.1407219686e+02, -3.4895838807e-01
-5.1723527346e+02, -3.4892901257e-01
-5.2039808626e+02, -3.4890018067e-01
-5.2356064011e+02, -3.4887187896e-01
-5.2672293978e+02, -3.4884409442e-01
-5.2988498988e+02, -3.4881681442e-01
-5.3304679494e+02, -3.4879002675e-01
-5.3620835936e+02, -3.4876371953e-01
-5.3936968744e+02, -3.4873788127e-01
-5.4253078340e+02, -3.4871250080e-01
-5.4569165132e+02, -3.4868756731e-01
-5.4885229521e+02, -3.4866307029e-01
-5.5201271899e+02, -3.4863899953e-01
-5.5517292646e+02, -3.4861534514e-01
-5.5833292137e+02, -3.4859209752e-01
-5.6149270735e+02, -3.4856924731e-01
-5.6465228796e+02, -3.4854678547e-01
-5.6781166670e+02, -3.4852470318e-01
-5.7097084695e+02, -3.4850299188e-01
-5.7412983205e+02, -3.4848164326e-01
-5.7728862524e+02, -3.4846064924e-01
-5.8044722970e+02, -3.4844000196e-01
-5.8360564854e+02, -3.4841969377e-01
-5.8676388481e+02, -3.4839971725e-01
-5.8992194147e+02, -3.4838006517e-01
-5.9307982143e+02, -3.4836073051e-01
-5.9623752754e+02, -3.4834170642e-01
-5.9939506259e+02, -3.4832298625e-01
-6.0255242930e+02, -3.4830456352e-01
-6.0570963033e+02, -3.4828643194e-01
-6.0886666830e+02, -3.4826858536e-01
-6.1202354577e+02, -3.4825101781e-01
-6.1518026524e+02, -3.4823372346e-01
-6.1833682915e+02, -3.4821669667e-01
-6.2149323992e+02, -3.4819993189e-01
-6.2464949988e+02, -3.4818342377e-01
-6.2780561135e+02, -3.4816716705e-01
-6.3096157657e+02, -3.4815115663e-01
-6.3411739776e+02, -3.4813538754e-01
-6.3727307709e+02, -3.4811985492e-01
-6.4042861666e+02, -3.4810455405e-01
-6.4358401858e+02, -3.4808948031e-01
-6.4673928487e+02, -3.4807462922e-01
-6.4989441753e+02, -3.4805999638e-01
-6.5304941852e+02, -3.4804557753e-01
-6.5620428976e+02, -3.4803136848e-01
-6.5935903313e+02, -3.4801736516e-01
-6.6251365049e+02, -3.4800356362e-01
-6.6566814364e+02, -3.4798995996e-01
-6.6882251436e+02, -3.4797655041e-01
-6.7197676439e+02, -3.4796333128e-01
-6.7513089544e+02, -3.4795029895e-01
-6.7828490920e+02, -3.4793744992e-01
-6.8143880729e+02, -3.4792478074e-01
-6.8459259135e+02, -3.4791228807e-01
-6.8774626295e+02, -3.4789996861e-01
-6.9089982366e+02, -3.4788781917e-01
-6.9405327499e+02, -3.4787583663e-01
-6.9720661844e+02, -3.4786401792e-01
-7.0035985550e+02, -3.4785236006e-01
-7.0351298760e+02, -3.4784086013e-01
-7.0666601616e+02, -3.4782951529e-01
-7.0981894257e+02, -3.4781832274e-01
-7.1297176821e+02, -3.4780727975e-01
-7.1612449441e+02, -3.4779638368e-01
-7.1927712250e+02, -3.4778563190e-01
-7.2242965377e+02, -3.4777502187e-01
-7.2558208950e+02, -3.4776455111e-01
-7.2873443094e+02, -3.4775421717e-01
-7.3188667931e+02, -3.4774401768e-01
-7.3503883583e+02, -3.4773395030e-01
-7.3819090168e+02, -3.4772401275e-01
-7.4134287803e+02, -3.4771420281e-01
-7.4449476602e+02, -3.4770451828e-01
-7.4764656679e+02, -3.4769495703e-01
-7.5079828144e+02, -3.4768551697e-01
-7.5394991106e+02, -3.4767619605e-01
-7.5710145672e+02, -3.4766699227e-01
-7.6025291947e+02, -3.4765790366e-01
-7.6340430035e+02, -3.4764892832e-01
-7.6655560038e+02, -3.4764006435e-01
-7.6970682056e+02, -3.4763130991e-01
-7.7285796187e+02, -3.4762266320e-01
-7.7600902529e+02, -3.4761412246e-01
-7.7916001175e+02, -3.4760568595e-01
-7.8231092221e+02, -3.4759735198e-01
-7.8546175758e+02, -3.4758911889e-01
-7.8861251878e+02, -3.4758098505e-01
-7.9176320668e+02, -3.4757294887e-01
-7.9491382218e+02, -3.4756500878e-01
-7.9806436613e+02, -3.4755716325e-01
-8.0121483939e+02, -3.4754941079e-01
-8.0436524279e+02, -3.4754174992e-01
-8.0751557715e+02, -3.4753417920e-01
-8.1066584330e+02, -3.4752669722e-01
-8.1381604202e+02, -3.4751930259e-01
-8.1696617409e+02, -3.4751199395e-01
-8.2011624031e+02, -3.4750476997e-01
-8.2326624141e+02, -3.4749762935e-01
-8.2641617817e+02, -3.4749057080e-01
-8.2956605130e+02, -3.4748359306e-01
-8.3271586155e+02, -3.4747669491e-01
-8.3586560962e+02, -3.4746987513e-01
-8.3901529623e+02, -3.4746313254e-01
-8.4216492206e+02, -3.4745646597e-01
-8.4531448780e+02, -3.4744987429e-01
-8.4846399412e+02, -3.4744335636e-01
-8.5161344169e+02, -3.4743691110e-01
-8.5476283116e+02, -3.4743053742e-01
-8.5791216318e+02, -3.4742423426e-01
-8.6106143837e+02, -3.4741800059e-01
-8.6421065737e+02, -3.4741183538e-01
-8.6735982079e+02, -3.4740573763e-01
-8.7050892924e+02, -3.4739970636e-01
-8.7365798332e+02, -3.4739374061e-01
-8.7680698361e+02, -3.4738783942e-01
-8.7995593069e+02, -3.4738200186e-01
-8.8310482515e+02, -3.4737622702e-01
-8.8625366754e+02, -3.4737051401e-01
-8.8940245842e+02, -3.4736486194e-01
-8.9255119833e+02, -3.4735926994e-01
-8.9569988783e+02, -3.4735373716e-01
-8.9884852744e+02, -3.4734826278e-01
-9.0199711769e+02, -3.4734284596e-01
-9.0514565909e+02, -3.4733748590e-01
-9.0829415216e+02, -3.4733218182e-01
-9.1144259740e+02, -3.4732693292e-01
-9.1459099531e+02, -3.4732173845e-01
-9.1773934637e+02, -3.4731659766e-01
-9.2088765108e+02, -3.4731150979e-01
-9.2403590990e+02, -3.4730647414e-01
-9.2718412331e+02, -3.4730148999e-01
-9.3033229177e+02, -3.4729655663e-01
-9.3348041574e+02, -3.4729167337e-01
-9.3662849567e+02, -3.4728683954e-01
-9.3977653200e+02, -3.4728205447e-01
-9.4292452518e+02, -3.4727731751e-01
-9.4607247563e+02, -3.4727262801e-01
-9.4922038379e+02, -3.4726798533e-01
-9.5236825007e+02, -3.4726338886e-01
-9.5551607489e+02, -3.4725883799e-01
-9.5866385867e+02, -3.4725433210e-01
-9.6181160180e+02, -3.4724987061e-01
-9.6495930469e+02, -3.4724545294e-01
-9.6810696773e+02, -3.4724107850e-01
-9.7125459131e+02, -3.4723674675e-01
-9.7440217581e+02, -3.4723245712e-01
-9.7754972163e+02, -3.4722820907e-01
-9.8069722912e+02, -3.4722400206e-01
-9.8384469865e+02, -3.4721983556e-01
-9.8699213061e+02, -3.4721570905e-01
-9.9013952533e+02, -3.4721162203e-01
-9.9328688319e+02, -3.4720757399e-01
-9.9643420452e+02, -3.4720356443e-01
-9.9958148968e+02, -3.4719959287e-01
-1.0027287390e+03, -3.4719565882e-01
-1.0058759529e+03, -3.4719176182e-01
-1.0090231315e+03, -3.4718790140e-01
-1.0121702754e+03, -3.4718407710e-01
-1.0153173847e+03, -3.4718028848e-01
-1.0184644599e+03, -3.4717653508e-01
-1.0216115012e+03, -3.4717281648e-01
-1.0247585089e+03, -3.4716913224e-01
-1.0279054834e+03, -3.4716548194e-01
-1.0310524250e+03, -3.4716186517e-01
-1.0341993339e+03, -3.4715828151e-01
-1.0373462105e+03, -3.4715473057e-01
-1.0404930551e+03, -3.4715121193e-01
-1.0436398679e+03, -3.4714772522e-01
-1.0467866492e+03, -3.4714427004e-01
-1.0499333994e+03, -3.4714084602e-01
-1.0530801187e+03, -3.4713745278e-01
-1.0562268073e+03, -3.4713408995e-01
-1.0593734656e+03, -3.4713075717e-01
-1.0625200938e+03, -3.4712745409e-01
-1.0656666922e+03, -3.4712418034e-01
-1.0688132611e+03, -3.4712093559e-01
-1.0719598007e+03, -3.4711771949e-01
-1.0751063113e+03, -3.4711453170e-01
-1.0782527931e+03, -3.4711137190e-01
-1.0813992463e+03, -3.4710823975e-01
-1.0845456713e+03, -3.4710513493e-01
-1.0876920683e+03, -3.4710205713e-01
-1.0908384375e+03, -3.4709900602e-01
-1.0939847792e+03, -3.4709598132e-01
-1.0971310936e+03, -3.4709298270e-01
-1.1002773809e+03, -3.4709000987e-01
-1.1034236414e+03, -3.4708706253e-01
-1.1065698752e+03, -3.4708414040e-01
-1.1097160827e+03, -3.4708124319e-01
-1.1128622641e+03, -3.4707837060e-01
-1.1160084195e+03, -3.4707552238e-01
-1.1191545492e+03, -3.4707269823e-01
-1.1223006534e+03, -3.4706989788e-01
-1.1254467324e+03, -3.4706712108e-01
-1.1285927862e+03, -3.4706436756e-01
-1.1317388152e+03, -3.4706163705e-01
-1.1348848196e+03, -3.4705892931e-01
-1.1380307995e+03, -3.4705624407e-01
-1.1411767552e+03, -3.4705358109e-01
-1.1443226869e+03, -3.4705094013e-01
-1.1474685947e+03, -3.4704832094e-01
-1.1506144789e+03, -3.4704572328e-01
-1.1537603396e+03, -3.4704314691e-01
-1.1569061770e+03, -3.4704059161e-01
-1.1600519914e+03, -3.4703805714e-01
-1.1631977829e+03, -3.4703554329e-01
-1.1663435517e+03, -3.4703304981e-01
-1.1694892980e+03, -3.4703057651e-01
-1.1726350220e+03, -3.4702812315e-01
-1.1757807238e+03, -3.4702568952e-01
-1.1789264037e+03, -3.4702327541e-01
-1.1820720617e+03, -3.4702088062e-01
-1.1852176982e+03, -3.4701850494e-01
-1.1883633131e+03, -3.4701614816e-01
-1.1915089068e+03, -3.4701381009e-01
-1.1946544794e+03, -3.4701149052e-01
-1.1978000311e+03, -3.4700918926e-01
-1.2009455620e+03, -3.4700690613e-01
-1.2040910722e+03, -3.4700464092e-01
-1.2072365620e+03, -3.4700239345e-01
-1.2103820315e+03, -3.4700016354e-01
-1.2135274809e+03, -3.4699795101e-01
-1.2166729103e+03, -3.4699575567e-01
-1.2198183199e+03, -3.4699357734e-01
-1.2229637098e+03, -3.4699141585e-01
-1.2261090802e+03, -3.4698927103e-01
-1.2292544312e+03, -3.4698714271e-01
-1.2323997630e+03, -3.4698503071e-01
-1.2355450758e+03, -3.4698293487e-01
-1.2386903696e+03, -3.4698085503e-01
-1.2418356446e+03, -3.4697879102e-01
-1.2449809010e+03, -3.4697674268e-01
-1.2481261389e+03, -3.4697470986e-01
-1.2512713584e+03, -3.4697269239e-01
-1.2544165597e+03, -3.4697069013e-01
-1.2575617430e+03, -3.4696870291e-01
-1.2607069083e+03, -3.4696673060e-01
-1.2638520557e+03, -3.4696477303e-01
-1.2669971855e+03, -3.4696283007e-01
-1.2701422978e+03, -3.4696090157e-01
-1.2732873926e+03, -3.4695898738e-01
-1.2764324702e+03, -3.4695708737e-01
-1.2795775306e+03, -3.4695520139e-01
-1.2827225739e+03, -3.4695332930e-01
-1.2858676004e+03, -3.4695147098e-01
-1.2890126100e+03, -3.4694962628e-01
-1.2921576030e+03, -3.4694779508e-01
-1.2953025795e+03, -3.4694597723e-01
-1.2984475395e+03, -3.4694417261e-01
-1.3015924833e+03, -3.4694238110e-01
-1.3047374109e+03, -3.4694060256e-01
-1.3078823224e+03, -3.4693883688e-01
-1.3110272179e+03, -3.4693708392e-01
-1.3141720976e+03, -3.4693534356e-01
-1.3173169616e+03, -3.4693361569e-01
-1.3204618100e+03, -3.4693190018e-01
-1.3236066429e+03, -3.4693019692e-01
-1.3267514605e+03, -3.4692850579e-01
-1.3298962627e+03, -3.4692682668e-01
-1.3330410498e+03, -3.4692515947e-01
-1.3361858218e+03, -3.4692350405e-01
-1.3393305789e+03, -3.4692186030e-01
-1.3424753211e+03, -3.4692022813e-01
-1.3456200486e+03, -3.4691860741e-01
-1.3487647614e+03, -3.4691699805e-01
-1.3519094597e+03, -3.4691539994e-01
-1.3550541435e+03, -3.4691381296e-01
-1.3581988131e+03, -3.4691223703e-01
-1.3613434684e+03, -3.4691067203e-01
-1.3644881095e+03, -3.4690911787e-01
-1.3676327366e+03, -3.4690757445e-01
-1.3707773498e+03, -3.4690604166e-01
-1.3739219491e+03, -3.4690451941e-01
-1.3770665347e+03, -3.4690300761e-01
-1.3802111066e+03, -3.4690150615e-01
-1.3833556650e+03, -3.4690001495e-01
-1.3865002099e+03, -3.4689853390e-01
-1.3896447414e+03, -3.4689706292e-01
-1.3927892596e+03, -3.4689560192e-01
-1.3959337646e+03, -3.4689415081e-01
-1.3990782565e+03, -3.4689270949e-01
-1.4022227354e+03, -3.4689127788e-01
-1.4053672013e+03, -3.4688985590e-01
-1.4085116544e+03, -3.4688844345e-01
-1.4116560948e+03, -3.4688704045e-01
-1.4148005224e+03, -3.4688564682e-01
-1.4179449375e+03, -3.4688426247e-01
-1.4210893401e+03, -3.4688288732e-01
-1.4242337302e+03, -3.4688152130e-01
-1.4273781080e+03, -3.4688016431e-01
-1.4305224736e+03, -3.4687881628e-01
-1.4336668269e+03, -3.4687747713e-01
-1.4368111682e+03, -3.4687614678e-01
-1.4399554975e+03, -3.4687482516e-01
-1.4430998148e+03, -3.4687351219e-01
-1.4462441202e+03, -3.4687220780e-01
-1.4493884139e+03, -3.4687091190e-01
-1.4525326958e+03, -3.4686962443e-01
-1.4556769661e+03, -3.4686834531e-01
-1.4588212249e+03, -3.4686707447e-01
-1.4619654722e+03, -3.4686581184e-01
-1.4651097080e+03, -3.4686455735e-01
-1.4682539326e+03, -3.4686331093e-01
-1.4713981458e+03, -3.4686207251e-01
-1.4745423479e+03, -3.4686084202e-01
-1.4776865389e+03, -3.4685961939e-01
-1.4808307188e+03, -3.4685840456e-01
-1.4839748877e+03, -3.4685719746e-01
-1.4871190458e+03, -3.4685599802e-01
-1.4902631930e+03, -3.4685480619e-01
-1.4934073294e+03, -3.4685362189e-01
-1.4965514551e+03, -3.4685244506e-01
-1.4996955702e+03, -3.4685127564e-01
-1.5028396747e+03, -3.4685011357e-01
-1.5059837687e+03, -3.4684895879e-01
-1.5091278523e+03, -3.4684781123e-01
-1.5122719255e+03, -3.4684667084e-01
-1.5154159884e+03, -3.4684553755e-01
-1.5185600411e+03, -3.4684441131e-01
-1.5217040836e+03, -3.4684329206e-01
-1.5248481160e+03, -3.4684217974e-01
-1.5279921383e+03, -3.4684107429e-01
-1.5311361506e+03, -3.4683997566e-01
-1.5342801531e+03, -3.4683888378e-01
-1.5374241456e+03, -3.4683779862e-01
-1.5405681283e+03, -3.4683672010e-01
-1.5437121013e+03, -3.4683564818e-01
-1.5468560646e+03, -3.4683458280e-01
-1.5500000183e+03, -3.4683352392e-01
-1.5531439624e+03, -3.4683247147e-01
-1.5562878970e+03, -3.4683142540e-01
-1.5594318221e+03, -3.4683038567e-01
-1.5625757379e+03, -3.4682935221e-01
-1.5657196443e+03, -3.4682832499e-01
-1.5688635414e+03, -3.4682730395e-01
-1.5720074293e+03, -3.4682628905e-01
-1.5751513080e+03, -3.4682528022e-01
-1.5782951776e+03, -3.4682427743e-01
-1.5814390381e+03, -3.4682328063e-01
-1.5845828897e+03, -3.4682228976e-01
-1.5877267323e+03, -3.4682130479e-01
-1.5908705659e+03, -3.4682032566e-01
-1.5940143908e+03, -3.4681935233e-01
-1.5971582068e+03, -3.4681838475e-01
-1.6003020141e+03, -3.4681742288e-01
-1.6034458127e+03, -3.4681646667e-01
-1.6065896026e+03, -3.4681551608e-01
-1.6097333840e+03, -3.4681457107e-01
-1.6128771568e+03, -3.4681363158e-01
-1.6160209211e+03, -3.4681269758e-01
-1.6191646770e+03, -3.4681176903e-01
-1.6223084245e+03, -3.4681084588e-01
-1.6254521636e+03, -3.4680992810e-01
-1.6285958945e+03, -3.4680901563e-01
-1.6317396171e+03, -3.4680810844e-01
-1.6348833315e+03, -3.4680720648e-01
-1.6380270377e+03, -3.4680630973e-01
-1.6411707359e+03, -3.4680541813e-01
-1.6443144259e+03, -3.4680453165e-01
-1.6474581080e+03, -3.4680365025e-01
-1.6506017821e+03, -3.4680277389e-01
-1.6537454483e+03, -3.4680190253e-01
-1.6568891066e+03, -3.4680103613e-01
-1.6600327571e+03, -3.4680017467e-01
-1.6631763998e+03, -3.4679931808e-01
+5.6235507776e+01, -6.0630761494e+00
+5.3244569068e+01, -1.0300938963e+01
+5.0685159916e+01, -1.3578489158e+01
+4.8340177064e+01, -1.6330308598e+01
+4.6128502595e+01, -1.8725932805e+01
+4.4009174920e+01, -2.0854223053e+01
+4.1958090485e+01, -2.2769237323e+01
+3.9959657034e+01, -2.4507008644e+01
+3.8003111020e+01, -2.6093091539e+01
+3.6080659793e+01, -2.7546438639e+01
+3.4186451335e+01, -2.8881587643e+01
+3.2315961016e+01, -3.0109984452e+01
+3.0465605870e+01, -3.1240828342e+01
+2.8632490988e+01, -3.2281635794e+01
+2.6814236577e+01, -3.3238630206e+01
+2.5008856366e+01, -3.4117019308e+01
+2.3214669825e+01, -3.4921197572e+01
+2.1430237345e+01, -3.5654897008e+01
+1.9654311388e+01, -3.6321301519e+01
+1.7885798991e+01, -3.6923134908e+01
+1.6123732505e+01, -3.7462729450e+01
+1.4367246390e+01, -3.7942079856e+01
+1.2615558532e+01, -3.8362886043e+01
+1.0867954968e+01, -3.8726587195e+01
+9.1237771970e+00, -3.9034388918e+01
+7.3824114792e+00, -3.9287284826e+01
+5.6432796317e+00, -3.9486073556e+01
+3.9058309710e+00, -3.9631371928e+01
+2.1695351023e+00, -3.9723624816e+01
+4.3387531383e-01, -3.9763112102e+01
-1.3016576296e+00, -3.9749952977e+01
-3.0375714786e+00, -3.9684107761e+01
-4.7743784483e+00, -3.9565377297e+01
-6.5126012959e+00, -3.9393399907e+01
-8.2527797021e+00, -3.9167645786e+01
-9.9954771518e+00, -3.8887408635e+01
-1.1741288536e+01, -3.8551794201e+01
-1.3490848739e+01, -3.8159705265e+01
-1.5244842545e+01, -3.7709822453e+01
-1.7004016260e+01, -3.7200580003e+01
-1.8769191612e+01, -3.6630135354e+01
-2.0541282608e+01, -3.5996330993e+01
-2.2321316314e+01, -3.5296646443e+01
-2.4110458872e+01, -3.4528137507e+01
-2.5910048544e+01, -3.3687358681e+01
-2.7721638426e+01, -3.2770263012e+01
-2.9547052582e+01, -3.1772071043e+01
-3.1388461272e+01, -3.0687096524e+01
-3.3248483953e+01, -2.9508510117e+01
-3.5130333783e+01, -2.8228011699e+01
-3.7038026173e+01, -2.6835363482e+01
-3.8976689998e+01, -2.5317703059e+01
-4.0953050979e+01, -2.3658492266e+01
-4.2976220427e+01, -2.1835829034e+01
-4.5059064838e+01, -1.9819564595e+01
-4.7220785707e+01, -1.7565968128e+01
-4.9492352815e+01, -1.5006697567e+01
-5.1929994644e+01, -1.2021955693e+01
-7.6644734128e+01, +6.1659891312e+01
-7.9825623939e+01, +6.1086682224e+01
-2.5910048544e+01, -3.3687358681e+01
-5.7178719613e+01, +6.5622198358e+01
-5.4339253874e+01, +6.6220036154e+01
-5.1538077508e+01, +6.6804814325e+01
-4.8773531367e+01, +6.7373667724e+01
-4.6043781938e+01, +6.7924038445e+01
-4.3346872793e+01, +6.8453670061e+01
+3.9959657034e+01, -2.4507008644e+01
+7.8221188221e+01, +6.1368704694e+01
+7.5081372679e+01, +6.1955673337e+01
+7.1990823694e+01, +6.2556914421e+01
+6.8943997881e+01, +6.3167531560e+01
+6.5939911377e+01, +6.3783326754e+01
+6.2978118076e+01, +6.4400258547e+01
+6.0058050638e+01, +6.5014436752e+01
+5.7178859070e+01, +6.5622168930e+01
+5.4339388373e+01, +6.6220007928e+01
+5.1538207308e+01, +6.6804787397e+01
+4.8773656723e+01, +6.7373642167e+01
+4.6043903097e+01, +6.7924014314e+01
+4.3346989996e+01, +6.8453647392e+01
+4.0680883778e+01, +6.8960571874e+01
+3.8043511983e+01, +6.9443084698e+01
+3.5432794090e+01, +6.9899725437e+01
+3.2846665078e+01, +7.0329251071e+01
+3.0283092581e+01, +7.0730610821e+01
+2.7740088581e+01, +7.1102922050e+01
+2.5215716608e+01, +7.1445447874e+01
+2.2708095318e+01, +7.1757576822e+01
+2.0215399220e+01, +7.2038804714e+01
+1.7735857222e+01, +7.2288718765e+01
+1.5267749507e+01, +7.2506983841e+01
+1.2809403177e+01, +7.2693330760e+01
+1.0359186999e+01, +7.2847546479e+01
+7.9155054931e+00, +7.2969466045e+01
+5.4767925777e+00, +7.3058966150e+01
+3.0415048915e+00, +7.3115960190e+01
+6.0811491732e-01, +7.3140394716e+01
-1.8248960222e+00, +7.3132247214e+01
-4.2590448338e+00, +7.3091525166e+01
-6.6958537349e+00, +7.3018266355e+01
-9.1368572968e+00, +7.2912540453e+01
-1.1583609395e+01, +7.2774451890e+01
-1.4037689995e+01, +7.2604144090e+01
-1.6500711688e+01, +7.2401805152e+01
-1.8974325839e+01, +7.2167675079e+01
-2.1460228204e+01, +7.1902054695e+01
-2.3960163768e+01, +7.1605316378e+01
-2.6475930529e+01, +7.1277916768e+01
-2.9009381853e+01, +7.0920411576e+01
-3.1562426906e+01, +7.0533472584e+01
-3.4137028591e+01, +7.0117906890e+01
-3.6735198265e+01, +6.9674678301e+01
-3.9358986408e+01, +6.9204930636e+01
-4.2010468315e+01, +6.8710012461e+01
-4.4691723859e+01, +6.8191502438e+01
-4.7404810407e+01, +6.7651234065e+01
-5.0151728265e+01, +6.7091318104e+01
-5.2934378532e+01, +6.6514160428e+01
-5.5754514209e+01, +6.5922472564e+01
-5.8613687070e+01, +6.5319271908e+01
-6.1513195485e+01, +6.4707868744e+01
-6.4454043399e+01, +6.4091838229e+01
-6.7436931260e+01, +6.3474978073e+01
-7.0462329650e+01, +6.2861258780e+01
-7.3530803111e+01, +6.2254791127e+01
-7.6644481789e+01, +6.1659938537e+01
-7.9825366541e+01, +6.1086723830e+01
-2.5910048544e+01, -3.3687358681e+01
+3.9959657034e+01, -2.4507008644e+01
+7.8221280352e+01, +6.1368687934e+01
+7.5081461989e+01, +6.1955656266e+01
+7.1990910639e+01, +6.2556897231e+01
+6.8944082566e+01, +6.3167514376e+01
+6.5939993865e+01, +6.3783309691e+01
+6.2978198426e+01, +6.4400241712e+01
+6.0058128914e+01, +6.5014420242e+01
+5.7178935343e+01, +6.5622152834e+01
+5.4339462720e+01, +6.6219992326e+01
+5.1538279810e+01, +6.6804772356e+01
+4.8773727463e+01, +6.7373627745e+01
+4.6043972160e+01, +6.7924000558e+01
+4.3347057466e+01, +6.8453634342e+01
+4.0680949739e+01, +6.8960559560e+01
+3.8043576516e+01, +6.9443073142e+01
+3.5432857275e+01, +6.9899714657e+01
+3.2846726990e+01, +7.0329241077e+01
+3.0283153292e+01, +7.0730601618e+01
+2.7740148161e+01, +7.1102913642e+01
+2.5215775123e+01, +7.1445440258e+01
+2.2708152830e+01, +7.1757569995e+01
+2.0215455789e+01, +7.2038798669e+01
+1.7735912905e+01, +7.2288713494e+01
+1.5267804356e+01, +7.2506979335e+01
+1.2809457245e+01, +7.2693327007e+01
+1.0359240334e+01, +7.2847543469e+01
+7.9155581423e+00, +7.2969463765e+01
+5.4768445857e+00, +7.3058964587e+01
+3.0415563014e+00, +7.3115959330e+01
+6.0816577089e-01, +7.3140394546e+01
-1.8248456847e+00, +7.3132247720e+01
-4.2589949732e+00, +7.3091526333e+01
-6.6958043129e+00, +7.3018268169e+01
-9.1368082759e+00, +7.2912542899e+01
-1.1583560738e+01, +7.2774454952e+01
-1.4037641667e+01, +7.2604147753e+01
-1.6500663651e+01, +7.2401809400e+01
-1.8974278058e+01, +7.2167679895e+01
-2.1460180644e+01, +7.1902060061e+01
-2.3960116392e+01, +7.1605322275e+01
-2.6475883302e+01, +7.1277923177e+01
-2.9009334740e+01, +7.0920418474e+01
-3.1562379870e+01, +7.0533479949e+01
-3.4136981598e+01, +7.0117914696e+01
-3.6735151279e+01, +6.9674686520e+01
-3.9358939393e+01, +6.9204939239e+01
-4.2010421238e+01, +6.8710021414e+01
-4.4691676686e+01, +6.8191511703e+01
-4.7404763107e+01, +6.7651243603e+01
-5.0151680809e+01, +6.7091327871e+01
-5.2934330892e+01, +6.6514170376e+01
-5.5754466364e+01, +6.5922482640e+01
-5.8613639000e+01, +6.5319282056e+01
-6.1513147179e+01, +6.4707878907e+01
-6.4453994848e+01, +6.4091848345e+01
-6.7436882461e+01, +6.3474988079e+01
-7.0462280604e+01, +6.2861268612e+01
-7.3530753808e+01, +6.2254800722e+01
-7.6644432165e+01, +6.1659947824e+01
-7.9825315232e+01, +6.1086732124e+01
-2.5910048544e+01, -3.3687358681e+01
+3.9959657034e+01, -2.4507008644e+01
+7.8221311190e+01, +6.1368682324e+01
+7.5081492047e+01, +6.1955650521e+01
+7.1990940061e+01, +6.2556891415e+01
+6.8944111376e+01, +6.3167508530e+01
+6.5940022077e+01, +6.3783303855e+01
+6.2978226051e+01, +6.4400235924e+01
+6.0058155967e+01, +6.5014414536e+01
+5.7178961840e+01, +6.5622147243e+01
+5.4339488679e+01, +6.6219986878e+01
+5.1538305252e+01, +6.6804767077e+01
+4.8773752411e+01, +6.7373622659e+01
+4.6043996637e+01, +6.7923995683e+01
+4.3347081495e+01, +6.8453629695e+01
+4.0680973344e+01, +6.8960555153e+01
+3.8043599721e+01, +6.9443068987e+01
+3.5432880102e+01, +6.9899710762e+01
+3.2846749463e+01, +7.0329237449e+01
+3.0283175431e+01, +7.0730598263e+01
+2.7740169987e+01, +7.1102910562e+01
+2.5215796657e+01, +7.1445437456e+01
+2.2708174091e+01, +7.1757567471e+01
+2.0215476794e+01, +7.2038796425e+01
+1.7735933672e+01, +7.2288711529e+01
+1.5267824902e+01, +7.2506977647e+01
+1.2809477586e+01, +7.2693325596e+01
+1.0359260486e+01, +7.2847542331e+01
+7.9155781197e+00, +7.2969462899e+01
+5.4768644031e+00, +7.3058963991e+01
+3.0415759728e+00, +7.3115959001e+01
+6.0818530995e-01, +7.3140394480e+01
-1.8248262646e+00, +7.3132247915e+01
-4.2589756589e+00, +7.3091526785e+01
-6.6957850914e+00, +7.3018268875e+01
-9.1367891344e+00, +7.2912543854e+01
-1.1583541664e+01, +7.2774456153e+01
-1.4037622646e+01, +7.2604149195e+01
-1.6500644672e+01, +7.2401811078e+01
-1.8974259108e+01, +7.2167681805e+01
-2.1460161709e+01, +7.1902062197e+01
-2.3960097460e+01, +7.1605324632e+01
-2.6475864359e+01, +7.1277925748e+01
-2.9009315771e+01, +7.0920421252e+01
-3.1562360863e+01, +7.0533482925e+01
-3.4136962538e+01, +7.0117917862e+01
-3.6735132153e+01, +6.9674689866e+01
-3.9358920187e+01, +6.9204942753e+01
-4.2010401938e+01, +6.8710025084e+01
-4.4691657279e+01, +6.8191515515e+01
-4.7404743579e+01, +6.7651247541e+01
-5.0151661148e+01, +6.7091331918e+01
-5.2934311088e+01, +6.6514174511e+01
-5.5754446407e+01, +6.5922486843e+01
-5.8613618882e+01, +6.5319286304e+01
-6.1513126893e+01, +6.4707883175e+01
-6.4453974391e+01, +6.4091852607e+01
-6.7436861832e+01, +6.3474992309e+01
-7.0462259802e+01, +6.2861272782e+01
-7.3530732830e+01, +6.2254804805e+01
-7.6644410982e+01, +6.1659951788e+01
-7.9825293260e+01, +6.1086735676e+01
-2.5910048544e+01, -3.3687358681e+01
+3.9959657034e+01, -2.4507008644e+01
+7.8221326634e+01, +6.1368679515e+01
+7.5081507131e+01, +6.1955647638e+01
+7.1990954855e+01, +6.2556888490e+01
+6.8944125893e+01, +6.3167505584e+01
+6.5940036321e+01, +6.3783300909e+01
+6.2978240027e+01, +6.4400232995e+01
+6.0058169681e+01, +6.5014411643e+01
+5.7178975298e+01, +6.5622144403e+01
+5.4339501891e+01, +6.6219984106e+01
+5.1538318226e+01, +6.6804764386e+01
+4.8773765158e+01, +6.7373620060e+01
+4.6044009167e+01, +6.7923993188e+01
+4.3347093820e+01, +6.8453627311e+01
+4.0680985476e+01, +6.8960552888e+01
+3.8043611669e+01, +6.9443066848e+01
+3.5432891879e+01, +6.9899708753e+01
+3.2846761078e+01, +7.0329235574e+01
+3.0283186896e+01, +7.0730596525e+01
+2.7740181311e+01, +7.1102908964e+01
+2.5215807850e+01, +7.1445435999e+01
-5.8143451454e+01, -3.1007956223e+00
-5.4659289899e+01, -8.3546442447e+00
-5.1929994644e+01, -1.2021955693e+01
-4.9492352815e+01, -1.5006697567e+01
-4.7220785707e+01, -1.7565968128e+01
-4.5059064838e+01, -1.9819564595e+01
-4.2976220427e+01, -2.1835829034e+01
-4.0953050979e+01, -2.3658492266e+01
-3.8976689998e+01, -2.5317703059e+01
-3.7038026173e+01, -2.6835363482e+01
-3.5130333783e+01, -2.8228011699e+01
-3.3248483953e+01, -2.9508510117e+01
-3.1388461272e+01, -3.0687096524e+01
-2.9547052582e+01, -3.1772071043e+01
-2.7721638426e+01, -3.2770263012e+01
-2.5910048544e+01, -3.3687358681e+01
-2.4110458872e+01, -3.4528137507e+01
-2.2321316314e+01, -3.5296646443e+01
-2.0541282608e+01, -3.5996330993e+01
-1.8769191612e+01, -3.6630135354e+01
-1.7004016260e+01, -3.7200580003e+01
-1.5244842545e+01, -3.7709822453e+01
-1.3490848739e+01, -3.8159705265e+01
-1.1741288536e+01, -3.8551794201e+01
-9.9954771518e+00, -3.8887408635e+01
-8.2527797021e+00, -3.9167645786e+01
-6.5126012959e+00, -3.9393399907e+01
-4.7743784483e+00, -3.9565377297e+01
-3.0375714786e+00, -3.9684107761e+01
-1.3016576296e+00, -3.9749952977e+01
+4.3387531383e-01, -3.9763112102e+01
+2.1695351023e+00, -3.9723624816e+01
+3.9058309710e+00, -3.9631371928e+01
+5.6432796317e+00, -3.9486073556e+01
+7.3824114792e+00, -3.9287284826e+01
+9.1237771970e+00, -3.9034388918e+01
+1.0867954968e+01, -3.8726587195e+01
+1.2615558532e+01, -3.8362886043e+01
+1.4367246390e+01, -3.7942079856e+01
+1.6123732505e+01, -3.7462729450e+01
+1.7885798991e+01, -3.6923134908e+01
+1.9654311388e+01, -3.6321301519e+01
+2.1430237345e+01, -3.5654897008e+01
+2.3214669825e+01, -3.4921197572e+01
+2.5008856366e+01, -3.4117019308e+01
+2.6814236577e+01, -3.3238630206e+01
+2.8632490988e+01, -3.2281635794e+01
+3.0465605870e+01, -3.1240828342e+01
+3.2315961016e+01, -3.0109984452e+01
+3.4186451335e+01, -2.8881587643e+01
+3.6080659793e+01, -2.7546438639e+01
+3.8003111020e+01, -2.6093091539e+01
+3.9959657034e+01, -2.4507008644e+01
+4.1958090485e+01, -2.2769237323e+01
+4.4009174920e+01, -2.0854223053e+01
+4.6128502595e+01, -1.8725932805e+01
+4.8340177064e+01, -1.6330308598e+01
+5.0685159916e+01, -1.3578489158e+01
+8.6156412495e+01, +6.0073003245e+01
+7.8221749753e+01, +6.1368602545e+01
+7.9824856020e+01, +6.1086806360e+01
+5.5754105161e+01, +6.5922558708e+01
+5.2933978499e+01, +6.6514243959e+01
+5.0151336792e+01, +6.7091398674e+01
+4.7404427029e+01, +6.7651311377e+01
+4.4691348110e+01, +6.8191576243e+01
+3.9358624537e+01, +6.9204996851e+01
-2.5910048544e+01, -3.3687358681e+01
-7.9825046798e+01, +6.1086775518e+01
-7.6644176115e+01, +6.1659995743e+01
-7.3530502908e+01, +6.2254849550e+01
-7.0462034424e+01, +6.2861317964e+01
-6.7436640873e+01, +6.3475037615e+01
-6.4453757762e+01, +6.4091897743e+01
-6.1512914496e+01, +6.4707927860e+01
-5.8613410601e+01, +6.5319330279e+01
-5.5754242107e+01, +6.5922529868e+01
-5.2934110616e+01, +6.6514216372e+01
-5.0151464339e+01, +6.7091372423e+01
-4.7404550256e+01, +6.7651286527e+01
-4.4691467261e+01, +6.8191552839e+01
-4.2010215042e+01, +6.8710060626e+01
-3.9358736230e+01, +6.9204976414e+01
-3.6734950955e+01, +6.9674721564e+01
-3.4136783924e+01, +7.0117947532e+01
-3.1562184660e+01, +7.0533510515e+01
-2.9009141814e+01, +7.0920446723e+01
-2.6475692488e+01, +7.1277949071e+01
-2.3959927522e+01, +7.1605345786e+01
-2.1459993559e+01, +7.1902081170e+01
-1.8974092603e+01, +7.2167698589e+01
-1.6500479677e+01, +7.2401825671e+01
-1.4037459031e+01, +7.2604161599e+01
-1.1583379302e+01, +7.2774466373e+01
-9.1366279038e+00, +7.2912551899e+01
-6.6956248745e+00, +7.3018274755e+01
-4.2588163405e+00, +7.3091530514e+01
-1.8246677322e+00, +7.3132249507e+01
+6.0834316663e-01, +7.3140393952e+01
+3.0417332627e+00, +7.3115956370e+01
+5.4770212341e+00, +7.3058959276e+01
+7.9157345990e+00, +7.2969456121e+01
+1.0359416720e+01, +7.2847533513e+01
+1.2809633684e+01, +7.2693314762e+01
+1.5267980972e+01, +7.2506964825e+01
+1.7736089823e+01, +7.2288696748e+01
+2.0215633138e+01, +7.2038779718e+01
+2.2708330739e+01, +7.1757548875e+01
+2.5215953727e+01, +7.1445417013e+01
+2.7740327595e+01, +7.1102888319e+01
+3.0283333697e+01, +7.0730574273e+01
+3.2846908508e+01, +7.0329211774e+01
+3.5433040050e+01, +6.9899683472e+01
+3.8043760698e+01, +6.9443040163e+01
+4.0681135474e+01, +6.8960524885e+01
+4.3347244902e+01, +6.8453598089e+01
+4.6044161443e+01, +6.7923962858e+01
+4.8773918735e+01, +6.7373588749e+01
+5.1538473203e+01, +6.6804732234e+01
+5.4339658358e+01, +6.6219951270e+01
+5.7179133334e+01, +6.5622111054e+01
+6.0058329349e+01, +6.5014377966e+01
+6.2978401375e+01, +6.4400199188e+01
+6.5940199378e+01, +6.3783267179e+01
+6.8944290676e+01, +6.3167472148e+01
+7.1991121383e+01, +6.2556855566e+01
+7.5081675496e+01, +6.1955615457e+01
+7.8221497575e+01, +6.1368648419e+01
+3.9959657034e+01, -2.4507008644e+01
-2.5910048544e+01, -3.3687358681e+01
-7.9825142487e+01, +6.1086760049e+01
-7.6644266708e+01, +6.1659978789e+01
-7.3530591017e+01, +6.2254832403e+01
-7.0462120231e+01, +6.2861300762e+01
-6.7436724452e+01, +6.3475020478e+01
-6.4453839172e+01, +6.4091880781e+01
-6.1512993800e+01, +6.4707911176e+01
-5.8613487867e+01, +6.5319313965e+01
-5.5754317407e+01, +6.5922514010e+01
-5.2934184031e+01, +6.6514201042e+01
-5.0151535949e+01, +6.7091357685e+01
-4.7404620147e+01, +6.7651272433e+01
-4.4691535517e+01, +6.8191539432e+01
-4.2010281748e+01, +6.8710047941e+01
-3.9358801468e+01, +6.9204964476e+01
-3.6735014805e+01, +6.9674710394e+01
-3.4136846463e+01, +7.0117937144e+01
-3.1562245963e+01, +7.0533500916e+01
-2.9009201951e+01, +7.0920437918e+01
-2.6475751527e+01, +7.1277941059e+01
-2.3959985528e+01, +7.1605338566e+01
-2.1460050592e+01, +7.1902074735e+01
-1.8974148722e+01, +7.2167692932e+01
-1.6500534936e+01, +7.2401820784e+01
-1.4037513483e+01, +7.2604157471e+01
-1.1583432997e+01, +7.2774462993e+01
-9.1366808903e+00, +7.2912549255e+01
-6.6956771975e+00, +7.3018272835e+01
-4.2588680442e+00, +7.3091529304e+01
-1.8247188589e+00, +7.3132248994e+01
+6.0829257605e-01, +7.3140394121e+01
+3.0416831685e+00, +7.3115957208e+01
+5.4769715975e+00, +7.3058960768e+01
+7.9156853822e+00, +7.2969458253e+01
+1.0359367886e+01, +7.2847536270e+01
+1.2809585196e+01, +7.2693318127e+01
+1.5267932794e+01, +7.2506968783e+01
+1.7736041918e+01, +7.2288701282e+01
+2.0215585472e+01, +7.2038784812e+01
+2.2708283276e+01, +7.1757554510e+01
+2.5215906430e+01, +7.1445423169e+01
+2.7740280430e+01, +7.1102894975e+01
+3.0283286627e+01, +7.0730581408e+01
+3.2846861498e+01, +7.0329219363e+01
+3.5432993065e+01, +6.9899691489e+01
+3.8043713701e+01, +6.9443048578e+01
+4.0681088432e+01, +6.8960533668e+01
+4.3347197781e+01, +6.8453607203e+01
+4.6044114211e+01, +6.7923972266e+01
+4.8773871360e+01, +6.7373598408e+01
+5.1538425658e+01, +6.6804742098e+01
+5.4339610618e+01, +6.6219961288e+01
+5.7179085379e+01, +6.5622121174e+01
+6.0058281163e+01, +6.5014388130e+01
+6.2978352947e+01, +6.4400209335e+01
+6.5940150703e+01, +6.3783277248e+01
+6.8944241753e+01, +6.3167482075e+01
+7.1991072210e+01, +6.2556865288e+01
+7.5081626050e+01, +6.1955624908e+01
+7.8221447644e+01, +6.1368657502e+01
+3.9959657034e+01, -2.4507008644e+01
-2.5910048544e+01, -3.3687358681e+01
-7.9825174428e+01, +6.1086754886e+01
-7.6644297115e+01, +6.1659973098e+01
-7.3530620751e+01, +6.2254826616e+01
-7.0462149345e+01, +6.2861294926e+01
-6.7436752962e+01, +6.3475014632e+01
-6.4453867089e+01, +6.4091874964e+01
-6.1513021137e+01, +6.4707905424e+01
-5.8613514639e+01, +6.5319308313e+01
-5.5754343632e+01, +6.5922508487e+01
-5.2934209729e+01, +6.6514195676e+01
-5.0151561141e+01, +6.7091352500e+01
-4.7404644856e+01, +6.7651267450e+01
-4.4691559767e+01, +6.8191534669e+01
-4.2010305562e+01, +6.8710043412e+01
-3.9358824870e+01, +6.9204960194e+01
-3.6735037818e+01, +6.9674706369e+01
-3.4136869110e+01, +7.0117933382e+01
-3.1562268266e+01, +7.0533497424e+01
-2.9009223931e+01, +7.0920434699e+01
-2.6475773205e+01, +7.1277938118e+01
-2.3960006923e+01, +7.1605335902e+01
-2.1460071722e+01, +7.1902072351e+01
-1.8974169606e+01, +7.2167690827e+01
-1.6500555591e+01, +7.2401818957e+01
-1.4037533925e+01, +7.2604155921e+01
-1.1583453242e+01, +7.2774461719e+01
-9.1367009531e+00, +7.2912548254e+01
-6.6956970932e+00, +7.3018272105e+01
-4.2588877868e+00, +7.3091528842e+01
-1.8247384624e+00, +7.3132248797e+01
+6.0827309814e-01, +7.3140394186e+01
+3.0416638029e+00, +7.3115957532e+01
+5.4769523312e+00, +7.3058961348e+01
+7.9156662023e+00, +7.2969459084e+01
+1.0359348780e+01, +7.2847537348e+01
+1.2809566151e+01, +7.2693319449e+01
+1.5267913796e+01, +7.2506970344e+01
+1.7736022956e+01, +7.2288703077e+01
+2.0215566531e+01, +7.2038786836e+01
+2.2708264344e+01, +7.1757556757e+01
+2.5215887494e+01, +7.1445425633e+01
+2.7740261475e+01, +7.1102897650e+01
+3.0283267641e+01, +7.0730584286e+01
+3.2846842466e+01, +7.0329222435e+01
+3.5432973974e+01, +6.9899694746e+01
+3.8043694537e+01, +6.9443052009e+01
+4.0681069181e+01, +6.8960537262e+01
+4.3347178429e+01, +6.8453610946e+01
+4.6044094745e+01, +6.7923976143e+01
+4.8773851767e+01, +6.7373602402e+01
+5.1538405927e+01, +6.6804746191e+01
+5.4339590739e+01, +6.6219965460e+01
+5.7179065342e+01, +6.5622125402e+01
+6.0058260961e+01, +6.5014392391e+01
+6.2978332577e+01, +6.4400213603e+01
+6.5940130161e+01, +6.3783281497e+01
+6.8944221038e+01, +6.3167486278e+01
+7.1991051322e+01, +6.2556869418e+01
+7.5081604977e+01, +6.1955628936e+01
+7.8221426296e+01, +6.1368661385e+01
+3.9959657034e+01, -2.4507008644e+01
-2.5910048544e+01, -3.3687358681e+01
-7.9825190407e+01, +6.1086752302e+01
-7.6644312358e+01, +6.1659970245e+01
-7.3530635688e+01, +6.2254823710e+01
-7.0462164000e+01, +6.2861291988e+01
-6.7436767342e+01, +6.3475011684e+01
-6.4453881199e+01, +6.4091872024e+01
-6.1513034981e+01, +6.4707902512e+01
-5.8613528224e+01, +6.5319305445e+01
-5.5754356966e+01, +6.5922505679e+01
-5.2934222820e+01, +6.6514192942e+01
-5.0151574001e+01, +6.7091349854e+01
-4.7404657493e+01, +6.7651264902e+01
-4.4691572194e+01, +6.8191532228e+01
-4.2010317789e+01, +6.8710041087e+01
-3.9358836909e+01, +6.9204957992e+01
-3.6735049679e+01, +6.9674704294e+01
-3.4136880804e+01, +7.0117931439e+01
-3.1562279804e+01, +7.0533495617e+01
-2.9009235324e+01, +7.0920433031e+01
-2.6475784462e+01, +7.1277936590e+01
-2.3960018053e+01, +7.1605334517e+01
