-9.3765377406e+01, -5.6379433374e-01
-9.8679685349e+01, -5.2361003648e-01
-1.0329607862e+02, -4.9657422578e-01
-1.0770365561e+02, -4.7688013677e-01
-1.2371702660e+02, +5.9522472504e+01
-1.2406518292e+02, -4.3175739800e-01
-1.1134803816e+02, +5.6614865754e+01
-1.2169772865e+02, +5.8242969000e+01
-1.2406518292e+02, -4.3175739800e-01
-1.2794659676e+02, -4.2481147149e-01
-1.3176963943e+02, -4.1883905616e-01
-1.3554220467e+02, -4.1364524812e-01
-1.3927066061e+02, -4.0908504051e-01
-1.4296022749e+02, -4.0504806120e-01
-1.4661524342e+02, -4.0144865211e-01
-1.5023935622e+02, -3.9821921204e-01
-1.5383566497e+02, -3.9530560556e-01
-1.5740682650e+02, -3.9266392053e-01
-1.6095513695e+02, -3.9025812997e-01
-1.6448259495e+02, -3.8805837442e-01
-1.6799095154e+02, -3.8603967955e-01
-1.7148174973e+02, -3.8418098419e-01
-1.7495635651e+02, -3.8246439404e-01
-1.7841598881e+02, -3.8087460153e-01
-1.8139921564e+02, +6.4658824425e+01
-1.8871537886e+02, -3.7674279922e-01
-1.9314142814e+02, +5.1695245978e+01
-2.0222137586e+02, +5.1724070237e+01
-2.2573480079e+02, -3.6684329447e-01
-1.6799095154e+02, -3.8603967955e-01
-1.9053194128e+02, +5.1854007757e+01
-1.9836184841e+02, +5.5203286155e+01
-2.0229319022e+02, -3.7238020188e-01
-2.0566444629e+02, -3.7144860826e-01
-2.0504416339e+02, +5.3029826986e+01
-2.1967066994e+02, +5.1094832688e+01
-2.1907192679e+02, -3.6821454722e-01
-2.2240647024e+02, -3.6751096159e-01
-2.2573480079e+02, -3.6684329447e-01
-2.2905723234e+02, -3.6620901028e-01
-2.3237405687e+02, -3.6560580319e-01
-2.3568554642e+02, -3.6503157173e-01
-2.3899195480e+02, -3.6448439664e-01
-2.4229351919e+02, -3.6396252160e-01
-2.4559046153e+02, -3.6346433633e-01
-2.4888298974e+02, -3.6298836180e-01
-2.5217129892e+02, -3.6253323715e-01
-2.5545557228e+02, -3.6209770818e-01
-2.5873598214e+02, -3.6168061716e-01
-2.6201269072e+02, -3.6128089377e-01
-2.6528585091e+02, -3.6089754707e-01
-2.6855560692e+02, -3.6052965832e-01
-2.7182209497e+02, -3.6017637455e-01
-2.7508544381e+02, -3.5983690285e-01
-2.7834577525e+02, -3.5951050521e-01
-2.8160320465e+02, -3.5919649387e-01
-2.8485784136e+02, -3.5889422720e-01
-2.8810978907e+02, -3.5860310588e-01
-2.9135914625e+02, -3.5832256954e-01
-2.9460600645e+02, -3.5805209369e-01
-2.9785045861e+02, -3.5779118687e-01
-3.0109258736e+02, -3.5753938819e-01
-3.0433247327e+02, -3.5729626496e-01
-3.0757019313e+02, -3.5706141062e-01
-3.1080582014e+02, -3.5683444283e-01
-3.1403942414e+02, -3.5661500169e-01
-3.1727107181e+02, -3.5640274817e-01
-3.2050082683e+02, -3.5619736260e-01
-3.2372875008e+02, -3.5599854339e-01
-3.2695489978e+02, -3.5580600571e-01
-3.3017933164e+02, -3.5561948042e-01
-3.3340209899e+02, -3.5543871301e-01
-3.3662325292e+02, -3.5526346259e-01
-3.3984284241e+02, -3.5509350108e-01
-3.4306091440e+02, -3.5492861232e-01
-3.4627751394e+02, -3.5476859135e-01
-3.4949268427e+02, -3.5461324369e-01
-3.5270646690e+02, -3.5446238470e-01
-3.5591890172e+02, -3.5431583896e-01
-3.5913002707e+02, -3.5417343975e-01
-3.6233987980e+02, -3.5403502847e-01
-3.6554849538e+02, -3.5390045421e-01
-3.6875590794e+02, -3.5376957327e-01
-3.7196215032e+02, -3.5364224878e-01
-3.7516725417e+02, -3.5351835024e-01
-3.7837124997e+02, -3.5339775323e-01
-3.8157416712e+02, -3.5328033902e-01
-3.8477603393e+02, -3.5316599429e-01
-3.8797687775e+02, -3.5305461080e-01
-3.9117672494e+02, -3.5294608513e-01
-3.9437560096e+02, -3.5284031844e-01
-3.9757353038e+02, -3.5273721618e-01
-4.0077053694e+02, -3.5263668789e-01
-4.0396664358e+02, -3.5253864701e-01
-4.0716187248e+02, -3.5244301062e-01
-4.1035624505e+02, -3.5234969930e-01
-4.1354978204e+02, -3.5225863694e-01
-4.1674250349e+02, -3.5216975057e-01
-4.1993442881e+02, -3.5208297020e-01
-4.2312557678e+02, -3.5199822868e-01
-4.2631596560e+02, -3.5191546157e-01
-4.2950561287e+02, -3.5183460698e-01
-4.3269453566e+02, -3.5175560546e-01
-4.3588275050e+02, -3.5167839991e-01
-4.3907027344e+02, -3.5160293542e-01
-4.4225712000e+02, -3.5152915921e-01
-4.4544330527e+02, -3.5145702052e-01
-4.4862884385e+02, -3.5138647050e-01
-4.5181374994e+02, -3.5131746213e-01
-4.5499803731e+02, -3.5124995016e-01
-4.5818171932e+02, -3.5118389099e-01
-4.6136480895e+02, -3.5111924263e-01
-4.6454731880e+02, -3.5105596462e-01
-4.6772926112e+02, -3.5099401795e-01
-4.7091064781e+02, -3.5093336502e-01
-4.7409149041e+02, -3.5087396956e-01
-4.7727180019e+02, -3.5081579656e-01
-4.8045158805e+02, -3.5075881227e-01
-4.8363086464e+02, -3.5070298409e-01
-4.8680964027e+02, -3.5064828054e-01
-4.8998792502e+02, -3.5059467123e-01
-4.9316572867e+02, -3.5054212679e-01
-4.9634306073e+02, -3.5049061887e-01
-4.9951993049e+02, -3.5044012002e-01
-5.0269634696e+02, -3.5039060375e-01
-5.0587231893e+02, -3.5034204442e-01
-5.0904785498e+02, -3.5029441723e-01
-5.1222296343e+02, -3.5024769819e-01
-5.1539765241e+02, -3.5020186409e-01
-5.1857192985e+02, -3.5015689246e-01
-5.2174580346e+02, -3.5011276156e-01
-5.2491928077e+02, -3.5006945032e-01
-5.2809236911e+02, -3.5002693834e-01
-5.3126507565e+02, -3.4998520585e-01
-5.3443740734e+02, -3.4994423372e-01
-5.3760937102e+02, -3.4990400337e-01
-5.4078097331e+02, -3.4986449683e-01
-5.4395222070e+02, -3.4982569665e-01
-5.4712311952e+02, -3.4978758591e-01
-5.5029367594e+02, -3.4975014821e-01
-5.5346389598e+02, -3.4971336764e-01
-5.5663378554e+02, -3.4967722874e-01
-5.5980335037e+02, -3.4964171654e-01
-5.6297259607e+02, -3.4960681648e-01
-5.6614152813e+02, -3.4957251443e-01
-5.6931015191e+02, -3.4953879668e-01
-5.7247847265e+02, -3.4950564991e-01
-5.7564649547e+02, -3.4947306118e-01
-5.7881422536e+02, -3.4944101791e-01
-5.8198166721e+02, -3.4940950788e-01
-5.8514882580e+02, -3.4937851923e-01
-5.8831570581e+02, -3.4934804041e-01
-5.9148231180e+02, -3.4931806019e-01
-5.9464864826e+02, -3.4928856767e-01
-5.9781471954e+02, -3.4925955222e-01
-6.0098052993e+02, -3.4923100354e-01
-6.0414608361e+02, -3.4920291156e-01
-6.0731138468e+02, -3.4917526653e-01
-6.1047643714e+02, -3.4914805893e-01
-6.1364124492e+02, -3.4912127950e-01
-6.1680581186e+02, -3.4909491923e-01
-6.1997014172e+02, -3.4906896935e-01
-6.2313423818e+02, -3.4904342132e-01
-6.2629810485e+02, -3.4901826681e-01
-6.2946174524e+02, -3.4899349772e-01
-6.3262516283e+02, -3.4896910615e-01
-6.3578836100e+02, -3.4894508442e-01
-6.3895134307e+02, -3.4892142502e-01
-6.4211411229e+02, -3.4889812065e-01
-6.4527667184e+02, -3.4887516419e-01
-6.4843902485e+02, -3.4885254870e-01
-6.5160117437e+02, -3.4883026740e-01
-6.5476312341e+02, -3.4880831369e-01
-6.5792487491e+02, -3.4878668115e-01
-6.6108643175e+02, -3.4876536349e-01
-6.6424779675e+02, -3.4874435458e-01
-6.6740897269e+02, -3.4872364845e-01
-6.7056996229e+02, -3.4870323927e-01
-6.7373076820e+02, -3.4868312134e-01
-6.7689139305e+02, -3.4866328913e-01
-6.8005183941e+02, -3.4864373719e-01
-6.8321210978e+02, -3.4862446025e-01
-6.8637220663e+02, -3.4860545313e-01
-6.8953213240e+02, -3.4858671079e-01
-6.9269188946e+02, -3.4856822830e-01
-6.9585148013e+02, -3.4855000084e-01
-6.9901090672e+02, -3.4853202373e-01
-7.0217017147e+02, -3.4851429236e-01
-7.0532927658e+02, -3.4849680225e-01
-7.0848822423e+02, -3.4847954901e-01
-7.1164701654e+02, -3.4846252836e-01
-7.1480565560e+02, -3.4844573611e-01
-7.1796414346e+02, -3.4842916817e-01
-7.2112248215e+02, -3.4841282054e-01
-7.2428067362e+02, -3.4839668930e-01
-7.2743871984e+02, -3.4838077063e-01
-7.3059662272e+02, -3.4836506079e-01
-7.3375438411e+02, -3.4834955612e-01
-7.3691200588e+02, -3.4833425304e-01
-7.4006948984e+02, -3.4831914806e-01
-7.4322683775e+02, -3.4830423774e-01
-7.4638405138e+02, -3.4828951875e-01
-7.4954113244e+02, -3.4827498780e-01
-7.5269808262e+02, -3.4826064168e-01
-7.5585490358e+02, -3.4824647725e-01
-7.5901159695e+02, -3.4823249146e-01
-7.6216816435e+02, -3.4821868127e-01
-7.6532460735e+02, -3.4820504377e-01
-7.6848092750e+02, -3.4819157605e-01
-7.7163712633e+02, -3.4817827530e-01
-7.7479320533e+02, -3.4816513876e-01
-7.7794916599e+02, -3.4815216371e-01
-7.8110500976e+02, -3.4813934752e-01
-7.8426073806e+02, -3.4812668758e-01
-7.8741635231e+02, -3.4811418135e-01
-7.9057185387e+02, -3.4810182635e-01
-7.9372724412e+02, -3.4808962012e-01
-7.9688252438e+02, -3.4807756028e-01
-8.0003769598e+02, -3.4806564449e-01
-8.0319276022e+02, -3.4805387045e-01
-8.0634771835e+02, -3.4804223591e-01
-8.0950257165e+02, -3.4803073866e-01
-8.1265732134e+02, -3.4801937654e-01
-8.1581196865e+02, -3.4800814744e-01
-8.1896651476e+02, -3.4799704927e-01
-8.2212096085e+02, -3.4798608000e-01
-8.2527530808e+02, -3.4797523762e-01
-8.2842955761e+02, -3.4796452019e-01
-8.3158371054e+02, -3.4795392578e-01
-8.3473776798e+02, -3.4794345250e-01
-8.3789173103e+02, -3.4793309852e-01
-8.4104560076e+02, -3.4792286200e-01
-8.4419937822e+02, -3.4791274119e-01
-8.4735306446e+02, -3.4790273432e-01
-8.5050666050e+02, -3.4789283970e-01
-8.5366016735e+02, -3.4788305563e-01
-8.5681358600e+02, -3.4787338048e-01
-8.5996691744e+02, -3.4786381263e-01
-8.6312016263e+02, -3.4785435048e-01
-8.6627332252e+02, -3.4784499248e-01
-8.6942639805e+02, -3.4783573710e-01
-8.7257939014e+02, -3.4782658284e-01
-8.7573229970e+02, -3.4781752823e-01
-8.7888512763e+02, -3.4780857182e-01
-8.8203787482e+02, -3.4779971218e-01
-8.8519054213e+02, -3.4779094793e-01
-8.8834313042e+02, -3.4778227769e-01
-8.9149564053e+02, -3.4777370012e-01
-8.9464807331e+02, -3.4776521389e-01
-8.9780042958e+02, -3.4775681772e-01
-9.0095271013e+02, -3.4774851032e-01
-9.0410491578e+02, -3.4774029044e-01
-9.0725704732e+02, -3.4773215685e-01
-9.1040910551e+02, -3.4772410835e-01
-9.1356109112e+02, -3.4771614375e-01
-9.1671300491e+02, -3.4770826188e-01
-9.1986484763e+02, -3.4770046160e-01
-9.2301662000e+02, -3.4769274177e-01
-9.2616832276e+02, -3.4768510130e-01
-9.2931995661e+02, -3.4767753909e-01
-9.3247152227e+02, -3.4767005408e-01
-9.3562302042e+02, -3.4766264521e-01
-9.3877445175e+02, -3.4765531145e-01
-9.4192581695e+02, -3.4764805178e-01
-9.4507711666e+02, -3.4764086522e-01
-9.4822835156e+02, -3.4763375077e-01
-9.5137952230e+02, -3.4762670747e-01
-9.5453062950e+02, -3.4761973437e-01
-9.5768167382e+02, -3.4761283054e-01
-9.6083265586e+02, -3.4760599507e-01
-9.6398357624e+02, -3.4759922704e-01
-9.6713443558e+02, -3.4759252557e-01
-9.7028523447e+02, -3.4758588979e-01
-9.7343597350e+02, -3.4757931885e-01
-9.7658665326e+02, -3.4757281188e-01
-9.7973727433e+02, -3.4756636807e-01
-9.8288783726e+02, -3.4755998660e-01
-9.8603834263e+02, -3.4755366667e-01
-9.8918879098e+02, -3.4754740747e-01
-9.9233918287e+02, -3.4754120824e-01
-9.9548951884e+02, -3.4753506820e-01
-9.9863979941e+02, -3.4752898661e-01
-1.0017900251e+03, -3.4752296272e-01
-1.0049401965e+03, -3.4751699581e-01
-1.0080903140e+03, -3.4751108515e-01
-1.0112403782e+03, -3.4750523003e-01
-1.0143903896e+03, -3.4749942977e-01
-1.0175403486e+03, -3.4749368367e-01
-1.0206902558e+03, -3.4748799106e-01
-1.0238401117e+03, -3.4748235128e-01
-1.0269899166e+03, -3.4747676367e-01
-1.0301396711e+03, -3.4747122760e-01
-1.0332893757e+03, -3.4746574242e-01
-1.0364390308e+03, -3.4746030751e-01
-1.0395886369e+03, -3.4745492226e-01
-1.0427381943e+03, -3.4744958607e-01
-1.0458877036e+03, -3.4744429833e-01
-1.0490371652e+03, -3.4743905847e-01
-1.0521865795e+03, -3.4743386590e-01
-1.0553359470e+03, -3.4742872005e-01
-1.0584852680e+03, -3.4742362037e-01
-1.0616345430e+03, -3.4741856630e-01
-1.0647837724e+03, -3.4741355730e-01
-1.0679329566e+03, -3.4740859283e-01
-1.0710820960e+03, -3.4740367237e-01
-1.0742311909e+03, -3.4739879539e-01
-1.0773802419e+03, -3.4739396138e-01
-1.0805292492e+03, -3.4738916984e-01
-1.0836782133e+03, -3.4738442027e-01
-1.0868271346e+03, -3.4737971218e-01
-1.0899760133e+03, -3.4737504509e-01
-1.0931248499e+03, -3.4737041852e-01
-1.0962736448e+03, -3.4736583200e-01
-1.0994223982e+03, -3.4736128507e-01
-1.1025711107e+03, -3.4735677728e-01
-1.1057197824e+03, -3.4735230817e-01
-1.1088684138e+03, -3.4734787731e-01
-1.1120170052e+03, -3.4734348425e-01
-1.1151655570e+03, -3.4733912857e-01
-1.1183140694e+03, -3.4733480985e-01
-1.1214625429e+03, -3.4733052766e-01
-1.1246109777e+03, -3.4732628159e-01
-1.1277593741e+03, -3.4732207124e-01
-1.1309077326e+03, -3.4731789620e-01
-1.1340560534e+03, -3.4731375609e-01
-1.1372043368e+03, -3.4730965051e-01
-1.1403525832e+03, -3.4730557908e-01
-1.1435007928e+03, -3.4730154142e-01
-1.1466489659e+03, -3.4729753715e-01
-1.1497971029e+03, -3.4729356591e-01
-1.1529452041e+03, -3.4728962734e-01
-1.1560932697e+03, -3.4728572108e-01
-1.1592413000e+03, -3.4728184677e-01
-1.1623892954e+03, -3.4727800407e-01
-1.1655372560e+03, -3.4727419262e-01
-1.1686851823e+03, -3.4727041210e-01
-1.1718330744e+03, -3.4726666217e-01
-1.1749809327e+03, -3.4726294250e-01
-1.1781287574e+03, -3.4725925276e-01
-1.1812765488e+03, -3.4725559264e-01
-1.1844243071e+03, -3.4725196180e-01
-1.1875720327e+03, -3.4724835996e-01
-1.1907197257e+03, -3.4724478678e-01
-1.1938673865e+03, -3.4724124198e-01
-1.1970150152e+03, -3.4723772525e-01
-1.2001626123e+03, -3.4723423629e-01
-1.2033101778e+03, -3.4723077481e-01
-1.2064577120e+03, -3.4722734053e-01
-1.2096052153e+03, -3.4722393315e-01
-1.2127526878e+03, -3.4722055241e-01
-1.2159001297e+03, -3.4721719801e-01
-1.2190475414e+03, -3.4721386969e-01
-1.2221949230e+03, -3.4721056717e-01
-1.2253422748e+03, -3.4720729020e-01
-1.2284895970e+03, -3.4720403850e-01
-1.2316368899e+03, -3.4720081181e-01
-1.2347841536e+03, -3.4719760989e-01
-1.2379313884e+03, -3.4719443248e-01
-1.2410785945e+03, -3.4719127932e-01
-1.2442257721e+03, -3.4718815017e-01
-1.2473729215e+03, -3.4718504479e-01
-1.2505200428e+03, -3.4718196293e-01
-1.2536671363e+03, -3.4717890436e-01
-1.2568142022e+03, -3.4717586885e-01
-1.2599612407e+03, -3.4717285616e-01
-1.2631082519e+03, -3.4716986606e-01
-1.2662552362e+03, -3.4716689833e-01
-1.2694021936e+03, -3.4716395274e-01
-1.2725491245e+03, -3.4716102908e-01
-1.2756960290e+03, -3.4715812713e-01
-1.2788429072e+03, -3.4715524666e-01
-1.2819897594e+03, -3.4715238748e-01
-1.2851365858e+03, -3.4714954937e-01
-1.2882833866e+03, -3.4714673213e-01
-1.2914301619e+03, -3.4714393554e-01
-1.2945769120e+03, -3.4714115941e-01
-1.2977236370e+03, -3.4713840354e-01
-1.3008703371e+03, -3.4713566773e-01
-1.3040170125e+03, -3.4713295178e-01
-1.3071636634e+03, -3.4713025551e-01
-1.3103102899e+03, -3.4712757873e-01
-1.3134568923e+03, -3.4712492124e-01
-1.3166034706e+03, -3.4712228286e-01
-1.3197500251e+03, -3.4711966341e-01
-1.3228965560e+03, -3.4711706271e-01
-1.3260430633e+03, -3.4711448058e-01
-1.3291895474e+03, -3.4711191683e-01
-1.3323360083e+03, -3.4710937131e-01
-1.3354824462e+03, -3.4710684383e-01
-1.3386288612e+03, -3.4710433422e-01
-1.3417752536e+03, -3.4710184232e-01
-1.3449216235e+03, -3.4709936796e-01
-1.3480679710e+03, -3.4709691098e-01
-1.3512142964e+03, -3.4709447121e-01
-1.3543605997e+03, -3.4709204848e-01
-1.3575068811e+03, -3.4708964266e-01
-1.3606531408e+03, -3.4708725356e-01
-1.3637993789e+03, -3.4708488105e-01
-1.3669455955e+03, -3.4708252497e-01
-1.3700917909e+03, -3.4708018516e-01
-1.3732379652e+03, -3.4707786147e-01
-1.3763841184e+03, -3.4707555377e-01
-1.3795302508e+03, -3.4707326189e-01
-1.3826763625e+03, -3.4707098571e-01
-1.3858224537e+03, -3.4706872506e-01
-1.3889685244e+03, -3.4706647982e-01
-1.3921145748e+03, -3.4706424985e-01
-1.3952606051e+03, -3.4706203499e-01
-1.3984066154e+03, -3.4705983512e-01
-1.4015526058e+03, -3.4705765011e-01
-1.4046985765e+03, -3.4705547981e-01
-1.4078445276e+03, -3.4705332411e-01
-1.4109904592e+03, -3.4705118285e-01
-1.4141363714e+03, -3.4704905593e-01
-1.4172822644e+03, -3.4704694320e-01
-1.4204281384e+03, -3.4704484455e-01
-1.4235739934e+03, -3.4704275984e-01
-1.4267198295e+03, -3.4704068896e-01
-1.4298656470e+03, -3.4703863178e-01
-1.4330114458e+03, -3.4703658818e-01
-1.4361572262e+03, -3.4703455804e-01
-1.4393029882e+03, -3.4703254125e-01
-1.4424487321e+03, -3.4703053769e-01
-1.4455944578e+03, -3.4702854723e-01
-1.4487401655e+03, -3.4702656978e-01
-1.4518858554e+03, -3.4702460520e-01
-1.4550315275e+03, -3.4702265340e-01
-1.4581771820e+03, -3.4702071426e-01
-1.4613228190e+03, -3.4701878767e-01
-1.4644684385e+03, -3.4701687353e-01
-1.4676140408e+03, -3.4701497172e-01
-1.4707596259e+03, -3.4701308215e-01
-1.4739051939e+03, -3.4701120470e-01
-1.4770507449e+03, -3.4700933927e-01
-1.4801962791e+03, -3.4700748576e-01
-1.4833417965e+03, -3.4700564407e-01
-1.4864872973e+03, -3.4700381410e-01
-1.4896327816e+03, -3.4700199574e-01
-1.4927782494e+03, -3.4700018891e-01
-1.4959237009e+03, -3.4699839350e-01
-1.4990691362e+03, -3.4699660941e-01
-1.5022145554e+03, -3.4699483656e-01
-1.5053599585e+03, -3.4699307484e-01
-1.5085053457e+03, -3.4699132417e-01
-1.5116507171e+03, -3.4698958445e-01
-1.5147960728e+03, -3.4698785559e-01
-1.5179414129e+03, -3.4698613750e-01
-1.5210867374e+03, -3.4698443009e-01
-1.5242320465e+03, -3.4698273328e-01
-1.5273773403e+03, -3.4698104697e-01
-1.5305226188e+03, -3.4697937107e-01
-1.5336678822e+03, -3.4697770551e-01
-1.5368131305e+03, -3.4697605020e-01
-1.5399583639e+03, -3.4697440505e-01
-1.5431035824e+03, -3.4697276998e-01
-1.5462487861e+03, -3.4697114491e-01
-1.5493939752e+03, -3.4696952975e-01
-1.5525391496e+03, -3.4696792443e-01
-1.5556843096e+03, -3.4696632887e-01
-1.5588294551e+03, -3.4696474298e-01
-1.5619745863e+03, -3.4696316670e-01
-1.5651197032e+03, -3.4696159993e-01
-1.5682648060e+03, -3.4696004261e-01
-1.5714098947e+03, -3.4695849466e-01
-1.5745549695e+03, -3.4695695600e-01
-1.5777000303e+03, -3.4695542656e-01
-1.5808450773e+03, -3.4695390627e-01
-1.5839901105e+03, -3.4695239505e-01
-1.5871351301e+03, -3.4695089283e-01
-1.5902801362e+03, -3.4694939954e-01
-1.5934251287e+03, -3.4694791511e-01
-1.5965701078e+03, -3.4694643947e-01
-1.5997150736e+03, -3.4694497255e-01
-1.6028600261e+03, -3.4694351428e-01
-1.6060049654e+03, -3.4694206459e-01
-1.6091498916e+03, -3.4694062342e-01
-1.6122948048e+03, -3.4693919070e-01
-1.6154397051e+03, -3.4693776636e-01
-1.6185845925e+03, -3.4693635033e-01
-1.6217294671e+03, -3.4693494256e-01
-1.6248743289e+03, -3.4693354298e-01
-1.6280191781e+03, -3.4693215153e-01
-1.6311640148e+03, -3.4693076813e-01
-1.6343088389e+03, -3.4692939274e-01
-1.6374536506e+03, -3.4692802529e-01
-1.6405984499e+03, -3.4692666571e-01
-1.6437432370e+03, -3.4692531395e-01
-1.6468880118e+03, -3.4692396994e-01
-1.6500327745e+03, -3.4692263364e-01
-1.6531775251e+03, -3.4692130497e-01
-1.6563222637e+03, -3.4691998389e-01
-1.6594669904e+03, -3.4691867033e-01
-1.6626117052e+03, -3.4691736423e-01
-1.6657564081e+03, -3.4691606554e-01
-1.6689010994e+03, -3.4691477421e-01
-1.6720457789e+03, -3.4691349018e-01
-1.6751904469e+03, -3.4691221339e-01
-1.6783351033e+03, -3.4691094378e-01
-1.6814797483e+03, -3.4690968132e-01
-1.6846243818e+03, -3.4690842593e-01
+6.9981391030e+01, -6.5341058078e+00
+6.6812070957e+01, -1.1144888915e+01
+6.4114114413e+01, -1.4741053881e+01
+6.1652269788e+01, -1.7784740844e+01
+5.9338323168e+01, -2.0455905125e+01
+5.7127583220e+01, -2.2848758804e+01
+5.4993670831e+01, -2.5020580277e+01
+5.2919472885e+01, -2.7009547117e+01
+5.0893144984e+01, -2.8842748724e+01
+4.8906091908e+01, -3.0540298761e+01
+4.6951846088e+01, -3.2117653384e+01
+4.5025399126e+01, -3.3587012903e+01
+4.3122780808e+01, -3.4958216721e+01
+4.1240781986e+01, -3.6239340227e+01
+3.9376765431e+01, -3.7437107392e+01
+3.7528532740e+01, -3.8557184612e+01
+3.5694228232e+01, -3.9604395323e+01
+3.3872267994e+01, -4.0582880178e+01
+3.2061286449e+01, -4.1496218844e+01
+3.0260095442e+01, -4.2347524128e+01
+2.8467652410e+01, -4.3139515758e+01
+2.6683035272e+01, -4.3874578938e+01
+2.4905422387e+01, -4.4554811323e+01
+2.3134076338e+01, -4.5182061061e+01
+2.1368330699e+01, -4.5757957842e+01
+1.9607579094e+01, -4.6283938431e+01
+1.7851266084e+01, -4.6761267750e+01
+1.6098879479e+01, -4.7191056387e+01
+1.4349943800e+01, -4.7574275148e+01
+1.2604014664e+01, -4.7911767180e+01
+1.0860673898e+01, -4.8204258042e+01
+9.1195252447e+00, -4.8452364041e+01
+7.3801905538e+00, -4.8656599080e+01
+5.6423063376e+00, -4.8817380198e+01
+3.9055206313e+00, -4.8935031961e+01
+2.1694900772e+00, -4.9009789805e+01
+4.3387717490e-01, -4.9041802435e+01
-1.3016523573e+00, -4.9031133319e+01
-3.0374321600e+00, -4.8977761317e+01
-4.7737977994e+00, -4.8881580478e+01
-6.5110893691e+00, -4.8742398971e+01
-8.2496541775e+00, -4.8559937152e+01
-9.9898495738e+00, -4.8333824701e+01
-1.1732045968e+01, -4.8063596764e+01
-1.3476630112e+01, -4.7748689007e+01
-1.5224008716e+01, -4.7388431440e+01
-1.6974612489e+01, -4.6982040855e+01
-1.8728900709e+01, -4.6528611654e+01
-2.0487366455e+01, -4.6027104796e+01
-2.2250542658e+01, -4.5476334518e+01
-2.4019009185e+01, -4.4874952370e+01
-2.5793401193e+01, -4.4221428017e+01
-2.7574419104e+01, -4.3514026045e+01
-2.9362840627e+01, -4.2750777833e+01
-3.1159535378e+01, -4.1929447213e+01
-3.2965482892e+01, -4.1047488242e+01
-3.4781795014e+01, -4.0101992822e+01
-3.6609744130e+01, -3.9089625072e+01
-3.8450799183e+01, -3.8006538120e+01
-4.0306672338e+01, -3.6848267245e+01
-4.2179380414e+01, -3.5609590498e+01
-4.4071327246e+01, -3.4284343758e+01
-4.5985416441e+01, -3.2865170339e+01
-4.7925209496e+01, -3.1343173986e+01
-4.9895153791e+01, -2.9707424620e+01
-5.1900922461e+01, -2.7944231042e+01
-5.3949941648e+01, -2.6036027683e+01
-5.6052249704e+01, -2.3959585734e+01
-5.8221987079e+01, -2.1682956192e+01
-6.0480198660e+01, -1.9159807517e+01
-6.2860726922e+01, -1.6317709337e+01
-1.0430590320e+02, +6.2119192292e+01
-9.2972533203e+01, +6.4359816792e+01
-9.6211416572e+01, +6.3667873917e+01
-9.4577777820e+01, +6.4008893534e+01
-6.4694444448e+01, +7.1404279837e+01
-6.1942166145e+01, +7.2113998785e+01
-5.9227094786e+01, +7.2806101895e+01
-5.6547274350e+01, +7.3478511919e+01
-5.3900706740e+01, +7.4129433971e+01
-5.1285386241e+01, +7.4757331187e+01
-4.8699326339e+01, +7.5360898583e+01
-4.6140579720e+01, +7.5939036708e+01
+5.2919472885e+01, -2.7009547117e+01
+9.4577929072e+01, +6.4008860958e+01
+9.1380820042e+01, +6.4716360109e+01
+8.8234987700e+01, +6.5442344596e+01
+8.5135497608e+01, +6.6182062834e+01
+8.2081762619e+01, +6.6931261817e+01
+7.9073640570e+01, +6.7685778600e+01
+7.6110809687e+01, +6.8441571434e+01
+7.3192621462e+01, +6.9194783505e+01
+7.0318086871e+01, +6.9941801078e+01
+6.7485911866e+01, +7.0679296213e+01
+6.4694551706e+01, +7.1404252060e+01
+6.1942270038e+01, +7.2113972130e+01
+5.9227195489e+01, +7.2806076409e+01
+5.6547372034e+01, +7.3478487637e+01
+5.3900801566e+01, +7.4129410914e+01
+5.1285478367e+01, +7.4757309366e+01
+4.8699415912e+01, +7.5360878001e+01
+4.6140666880e+01, +7.5939017360e+01
+4.3607337359e+01, +7.6490808066e+01
+4.1097596268e+01, +7.7015486953e+01
+3.8609680943e+01, +7.7512425200e+01
+3.6141899718e+01, +7.7981108612e+01
+3.3692632203e+01, +7.8421120091e+01
+3.1260327837e+01, +7.8832124210e+01
+2.8843503188e+01, +7.9213853753e+01
+2.6440738353e+01, +7.9566098059e+01
+2.4050672743e+01, +7.9888692986e+01
+2.1672000483e+01, +8.0181512315e+01
+1.9303465552e+01, +8.0444460439e+01
+1.6943856813e+01, +8.0677466170e+01
+1.4592002989e+01, +8.0880477535e+01
+1.2246767645e+01, +8.1053457439e+01
+9.9070442108e+00, +8.1196380085e+01
+7.5717510681e+00, +8.1309228081e+01
+5.2398266901e+00, +8.1391990137e+01
+2.9102248492e+00, +8.1444659319e+01
+5.8190987368e-01, +8.1467231798e+01
-1.7461480564e+00, +8.1459706071e+01
-4.0749775922e+00, +8.1422082631e+01
-6.4056108936e+00, +8.1354364073e+01
-8.7390883210e+00, +8.1256555652e+01
-1.1076463157e+01, +8.1128666295e+01
-1.3418806373e+01, +8.0970710089e+01
-1.5767211455e+01, +8.0782708307e+01
-1.8122799288e+01, +8.0564691992e+01
-2.0486723107e+01, +8.0316705187e+01
-2.2860173494e+01, +8.0038808879e+01
-2.5244383405e+01, +7.9731085759e+01
-2.7640633175e+01, +7.9393645899e+01
-3.0050255447e+01, +7.9026633493e+01
-3.2474639916e+01, +7.8630234787e+01
-3.4915237762e+01, +7.8204687369e+01
-3.7373565585e+01, +7.7750291001e+01
-3.9851208598e+01, +7.7267420150e+01
-4.2349822750e+01, +7.6756538411e+01
-4.4871135375e+01, +7.6218214976e+01
-4.7416943845e+01, +7.5653143246e+01
-4.9989111579e+01, +7.5062161639e+01
-5.2589560653e+01, +7.4446276493e+01
-5.5220260106e+01, +7.3806686790e+01
-5.7883208968e+01, +7.3144810170e+01
-6.0580412964e+01, +7.2462309342e+01
-6.3313853970e+01, +7.1761117554e+01
-6.6085451507e+01, +7.1043461266e+01
-6.8897016171e+01, +7.0311877575e+01
-7.1750195844e+01, +6.9569223438e+01
-7.4646417218e+01, +6.8818673379e+01
-7.7586827867e+01, +6.8063702504e+01
-8.0572248919e+01, +6.7308052518e+01
-8.3603158580e+01, +6.6555680713e+01
-8.6679755142e+01, +6.5810696952e+01
-8.9802259666e+01, +6.5077307218e+01
-9.2972325974e+01, +6.4359862692e+01
-9.6211204322e+01, +6.3667915075e+01
-3.6609744130e+01, -3.9089625072e+01
+5.2919472885e+01, -2.7009547117e+01
+9.4578005273e+01, +6.4008844546e+01
+9.1380894070e+01, +6.4716343348e+01
+8.8235059899e+01, +6.5442327634e+01
+8.5135568042e+01, +6.6182045775e+01
+8.2081831323e+01, +6.6931244758e+01
+7.9073707579e+01, +6.7685761636e+01
+7.6110875043e+01, +6.8441554650e+01
+7.3192685212e+01, +6.9194766981e+01
+7.0318149067e+01, +6.9941784886e+01
+6.7485972568e+01, +7.0679280415e+01
+6.4694610973e+01, +7.1404236711e+01
+6.1942327935e+01, +7.2113957276e+01
+5.9227252079e+01, +7.2806062088e+01
+5.6547427380e+01, +7.3478473878e+01
+5.3900855732e+01, +7.4129397743e+01
+5.1285531412e+01, +7.4757296802e+01
+4.8699467895e+01, +7.5360866056e+01
+4.6140717857e+01, +7.5939006044e+01
+4.3607387384e+01, +7.6490797384e+01
+4.1097645391e+01, +7.7015476908e+01
+3.8609729212e+01, +7.7512415792e+01
+3.6141947179e+01, +7.7981099839e+01
+3.3692678898e+01, +7.8421111949e+01
+3.1260373808e+01, +7.8832116693e+01
+2.8843548473e+01, +7.9213846855e+01
+2.6440782988e+01, +7.9566091773e+01
+2.4050716763e+01, +7.9888687304e+01
+2.1672043920e+01, +8.0181507229e+01
+1.9303508437e+01, +8.0444455940e+01
+1.6943899177e+01, +8.0677462249e+01
+1.4592044859e+01, +8.0880474183e+01
+1.2246809047e+01, +8.1053454647e+01
+9.9070851721e+00, +8.1196377844e+01
+7.5717916129e+00, +8.1309226381e+01
+5.2398668421e+00, +8.1391988970e+01
+2.9102646314e+00, +8.1444658676e+01
+5.8194930864e-01, +8.1467231670e+01
-1.7461089470e+00, +8.1459706451e+01
-4.0749387869e+00, +8.1422083508e+01
-6.4055723716e+00, +8.1354365440e+01
-8.7390500617e+00, +8.1256557501e+01
-1.1076425140e+01, +8.1128668617e+01
-1.3418768578e+01, +8.0970712877e+01
-1.5767173862e+01, +8.0782711552e+01
-1.8122761877e+01, +8.0564695686e+01
-2.0486685858e+01, +8.0316709322e+01
-2.2860136386e+01, +8.0038813447e+01
-2.5244346417e+01, +7.9731090751e+01
-2.7640596287e+01, +7.9393651307e+01
-3.0050218638e+01, +7.9026639308e+01
-3.2474603164e+01, +7.8630240997e+01
-3.4915201045e+01, +7.8204693966e+01
-3.7373528880e+01, +7.7750297973e+01
-3.9851171882e+01, +7.7267427484e+01
-4.2349786000e+01, +7.6756546095e+01
-4.4871098567e+01, +7.6218222994e+01
-4.7416906953e+01, +7.5653151582e+01
-4.9989074580e+01, +7.5062170275e+01
-5.2589523521e+01, +7.4446285409e+01
-5.5220222817e+01, +7.3806695963e+01
-5.7883171496e+01, +7.3144819574e+01
-6.0580375287e+01, +7.2462318948e+01
-6.3313816063e+01, +7.1761127331e+01
-6.6085413350e+01, +7.1043471178e+01
-6.8896977744e+01, +7.0311887584e+01
-7.1750157132e+01, +6.9569233501e+01
-7.4646378209e+01, +6.8818683450e+01
-7.7586788553e+01, +6.8063712535e+01
-8.0572209297e+01, +6.7308062458e+01
-8.3603118652e+01, +6.6555690511e+01
-8.6679714910e+01, +6.5810706556e+01
-8.9802219130e+01, +6.5077316576e+01
-9.2972285090e+01, +6.4359871747e+01
-9.6211161986e+01, +6.3667923285e+01
-3.6609744130e+01, -3.9089625072e+01
+5.2919472885e+01, -2.7009547117e+01
+9.4578030760e+01, +6.4008839057e+01
+9.1380918940e+01, +6.4716337717e+01
+8.8235084261e+01, +6.5442321910e+01
+8.5135591913e+01, +6.6182039993e+01
+8.2081854710e+01, +6.6931238952e+01
+7.9073730487e+01, +6.7685755836e+01
+7.6110897481e+01, +6.8441548888e+01
+7.3192707191e+01, +6.9194761284e+01
+7.0318170601e+01, +6.9941779280e+01
+6.7485993671e+01, +7.0679274923e+01
+6.4694631663e+01, +7.1404231353e+01
+6.1942348229e+01, +7.2113952069e+01
+5.9227271995e+01, +7.2806057047e+01
+5.6547446937e+01, +7.3478469017e+01
+5.3900874948e+01, +7.4129393071e+01
+5.1285550305e+01, +7.4757292326e+01
+4.8699486482e+01, +7.5360861785e+01
+4.6140736156e+01, +7.5939001983e+01
+4.3607405410e+01, +7.6490793535e+01
+4.1097663160e+01, +7.7015473275e+01
+3.8609746738e+01, +7.7512412376e+01
+3.6141964476e+01, +7.7981096642e+01
+3.3692695980e+01, +7.8421108970e+01
+3.1260390687e+01, +7.8832113933e+01
+2.8843565162e+01, +7.9213844313e+01
+2.6440799497e+01, +7.9566089448e+01
+2.4050733104e+01, +7.9888685195e+01
+2.1672060103e+01, +8.0181505334e+01
+1.9303524471e+01, +8.0444454258e+01
+1.6943915072e+01, +8.0677460778e+01
+1.4592060624e+01, +8.0880472921e+01
+1.2246824690e+01, +8.1053453592e+01
+9.9071007018e+00, +8.1196376994e+01
+7.5718070373e+00, +8.1309225735e+01
+5.2398821691e+00, +8.1391988525e+01
+2.9102798686e+00, +8.1444658430e+01
+5.8196446335e-01, +8.1467231621e+01
-1.7460938674e+00, +8.1459706597e+01
-4.0749237752e+00, +8.1422083848e+01
-6.4055574207e+00, +8.1354365971e+01
-8.7390351644e+00, +8.1256558221e+01
-1.1076410289e+01, +8.1128669524e+01
-1.3418753767e+01, +8.0970713969e+01
-1.5767159083e+01, +8.0782712828e+01
-1.8122747123e+01, +8.0564697143e+01
-2.0486671122e+01, +8.0316710958e+01
-2.2860121660e+01, +8.0038815260e+01
-2.5244331694e+01, +7.9731092738e+01
-2.7640581559e+01, +7.9393653466e+01
-3.0050203896e+01, +7.9026641636e+01
-3.2474588400e+01, +7.8630243492e+01
-3.4915186250e+01, +7.8204696624e+01
-3.7373514047e+01, +7.7750300790e+01
-3.9851157001e+01, +7.7267430457e+01
-4.2349771060e+01, +7.6756549218e+01
-4.4871083560e+01, +7.6218226263e+01
-7.2013621345e+01, -3.3333798289e+00
-6.8308808376e+01, -9.0223118170e+00
-6.5424821344e+01, -1.3029585659e+01
-6.2860726922e+01, -1.6317709337e+01
-6.0480198660e+01, -1.9159807517e+01
-5.8221987079e+01, -2.1682956192e+01
-5.6052249704e+01, -2.3959585734e+01
-5.3949941648e+01, -2.6036027683e+01
-5.1900922461e+01, -2.7944231042e+01
-4.9895153791e+01, -2.9707424620e+01
-4.7925209496e+01, -3.1343173986e+01
-4.5985416441e+01, -3.2865170339e+01
-4.4071327246e+01, -3.4284343758e+01
-4.2179380414e+01, -3.5609590498e+01
-4.0306672338e+01, -3.6848267245e+01
-3.8450799183e+01, -3.8006538120e+01
-3.6609744130e+01, -3.9089625072e+01
-3.4781795014e+01, -4.0101992822e+01
-3.2965482892e+01, -4.1047488242e+01
-3.1159535378e+01, -4.1929447213e+01
-2.9362840627e+01, -4.2750777833e+01
-2.7574419104e+01, -4.3514026045e+01
-2.5793401193e+01, -4.4221428017e+01
-2.4019009185e+01, -4.4874952370e+01
-2.2250542658e+01, -4.5476334518e+01
-2.0487366455e+01, -4.6027104796e+01
-1.8728900709e+01, -4.6528611654e+01
-1.6974612489e+01, -4.6982040855e+01
-1.5224008716e+01, -4.7388431440e+01
-1.3476630112e+01, -4.7748689007e+01
-1.1732045968e+01, -4.8063596764e+01
-9.9898495738e+00, -4.8333824701e+01
-8.2496541775e+00, -4.8559937152e+01
-6.5110893691e+00, -4.8742398971e+01
-4.7737977994e+00, -4.8881580478e+01
-3.0374321600e+00, -4.8977761317e+01
-1.3016523573e+00, -4.9031133319e+01
+4.3387717490e-01, -4.9041802435e+01
+2.1694900772e+00, -4.9009789805e+01
+3.9055206313e+00, -4.8935031961e+01
+5.6423063376e+00, -4.8817380198e+01
+7.3801905538e+00, -4.8656599080e+01
+9.1195252447e+00, -4.8452364041e+01
+1.0860673898e+01, -4.8204258042e+01
+1.2604014664e+01, -4.7911767180e+01
+1.4349943800e+01, -4.7574275148e+01
+1.6098879479e+01, -4.7191056387e+01
+1.7851266084e+01, -4.6761267750e+01
+1.9607579094e+01, -4.6283938431e+01
+2.1368330699e+01, -4.5757957842e+01
+2.3134076338e+01, -4.5182061061e+01
+2.4905422387e+01, -4.4554811323e+01
+2.6683035272e+01, -4.3874578938e+01
+2.8467652410e+01, -4.3139515758e+01
+3.0260095442e+01, -4.2347524128e+01
+3.2061286449e+01, -4.1496218844e+01
+3.3872267994e+01, -4.0582880178e+01
+3.5694228232e+01, -3.9604395323e+01
+3.7528532740e+01, -3.8557184612e+01
+3.9376765431e+01, -3.7437107392e+01
+4.1240781986e+01, -3.6239340227e+01
+4.3122780808e+01, -3.4958216721e+01
+4.5025399126e+01, -3.3587012903e+01
+4.6951846088e+01, -3.2117653384e+01
+4.8906091908e+01, -3.0540298761e+01
+5.0893144984e+01, -2.8842748724e+01
+5.2919472885e+01, -2.7009547117e+01
+5.4993670831e+01, -2.5020580277e+01
+5.7127583220e+01, -2.2848758804e+01
+5.9338323168e+01, -2.0455905125e+01
+6.1652269788e+01, -1.7784740844e+01
+6.4114114413e+01, -1.4741053881e+01
+9.1381277660e+01, +6.4716256500e+01
+9.4578392129e+01, +6.4008761228e+01
+9.6210782683e+01, +6.3667996844e+01
+6.6085125642e+01, +7.1043545913e+01
+6.3313534930e+01, +7.1761199838e+01
+6.0580100404e+01, +7.2462389030e+01
+5.7882902540e+01, +7.3144887069e+01
+5.5219959470e+01, +7.3806760741e+01
+5.2589265474e+01, +7.4446347369e+01
+4.7416658621e+01, +7.5653207697e+01
-3.6609744130e+01, -3.9089625072e+01
-9.6210940350e+01, +6.3667966266e+01
-9.2972073443e+01, +6.4359918626e+01
-8.9802011630e+01, +6.5077364476e+01
-8.6679511258e+01, +6.5810755171e+01
-8.3602918778e+01, +6.6555739559e+01
-8.0572013158e+01, +6.7308111666e+01
-7.7586596093e+01, +6.8063761641e+01
-7.4646189351e+01, +6.8818732206e+01
-7.1749971780e+01, +6.9569281679e+01
-6.8896795783e+01, +7.0311934976e+01
-6.6085234649e+01, +7.1043517597e+01
-6.3313640483e+01, +7.1761172615e+01
-6.0580202680e+01, +7.2462362955e+01
-5.7883001713e+01, +7.3144862182e+01
-5.5220055705e+01, +7.3806737069e+01
-5.2589358931e+01, +7.4446324929e+01
-4.9988912365e+01, +7.5062208139e+01
-4.7416746971e+01, +7.5653187733e+01
-4.4870940678e+01, +7.6218257387e+01
-4.2349630073e+01, +7.6756578695e+01
-3.9851017791e+01, +7.7267458264e+01
-3.7373376504e+01, +7.7750326914e+01
-3.4915050267e+01, +7.8204721055e+01
-3.2474453875e+01, +7.8630266225e+01
-3.0050070734e+01, +7.9026662670e+01
-2.7640449668e+01, +7.9393672802e+01
-2.5244200988e+01, +7.9731110381e+01
-2.2859992056e+01, +8.0038831215e+01
-2.0486542540e+01, +8.0316725233e+01
-1.8122619489e+01, +8.0564709747e+01
-1.5767032322e+01, +8.0782723770e+01
-1.3418627810e+01, +8.0970723260e+01
-1.1076285068e+01, +8.1128677174e+01
-8.7389106130e+00, +8.1256564240e+01
-6.4054334756e+00, +8.1354370370e+01
-4.0748003741e+00, +8.1422086638e+01
-1.7459709492e+00, +8.1459707788e+01
+5.8208695875e-01, +8.1467231225e+01
+2.9104020007e+00, +8.1444656457e+01
+5.2400039970e+00, +8.1391984985e+01
+7.5719286198e+00, +8.1309220639e+01
+9.9072220980e+00, +8.1196370352e+01
+1.2246945959e+01, +8.1053445414e+01
+1.4592181826e+01, +8.0880463218e+01
+1.6944036267e+01, +8.0677449560e+01
+1.9303645722e+01, +8.0444441537e+01
+2.1672181472e+01, +8.0181491123e+01
+2.4050854657e+01, +7.9888669506e+01
+2.6440921300e+01, +7.9566072296e+01
+2.8843687284e+01, +7.9213825712e+01
+3.1260513198e+01, +7.8832093901e+01
+3.3692818954e+01, +7.8421087527e+01
+3.6142087990e+01, +7.7981073810e+01
+3.8609870870e+01, +7.7512388183e+01
+4.1097787992e+01, +7.7015447749e+01
+4.3607531027e+01, +7.6490766712e+01
+4.6140862645e+01, +7.5938973904e+01
+4.8699613935e+01, +7.5360832498e+01
+5.1285678813e+01, +7.4757261887e+01
+5.3901004606e+01, +7.4129361544e+01
+5.6547577840e+01, +7.3478436476e+01
+5.9227404237e+01, +7.2806023580e+01
+6.1942481902e+01, +7.2113917773e+01
+6.4694766858e+01, +7.1404196340e+01
+6.7486130471e+01, +7.0679239320e+01
+7.0318309080e+01, +6.9941743228e+01
+7.3192847413e+01, +6.9194724938e+01
+7.6111039497e+01, +6.8441512416e+01
+7.9073874330e+01, +6.7685719419e+01
+8.2082000396e+01, +6.6931202779e+01
+8.5135739447e+01, +6.6182004260e+01
+8.8235233645e+01, +6.5442286815e+01
+9.1381070236e+01, +6.4716303462e+01
+9.4578184583e+01, +6.4008805927e+01
+5.2919472885e+01, -2.7009547117e+01
-3.6609744130e+01, -3.9089625072e+01
-9.6211019385e+01, +6.3667950939e+01
-9.2972148458e+01, +6.4359902010e+01
-8.9802084731e+01, +6.5077347601e+01
-8.6679582569e+01, +6.5810738148e+01
-8.3602988342e+01, +6.6555722489e+01
-8.0572081010e+01, +6.7308094643e+01
-7.7586662270e+01, +6.8063744756e+01
-7.4646253898e+01, +6.8818715543e+01
-7.1750034746e+01, +6.9569265312e+01
-6.8896857224e+01, +7.0311918973e+01
-6.6085294625e+01, +7.1043502018e+01
-6.3313699057e+01, +7.1761157508e+01
-6.0580259915e+01, +7.2462348362e+01
-5.7883057673e+01, +7.3144848138e+01
-5.5220110454e+01, +7.3806723602e+01
-5.2589412529e+01, +7.4446312059e+01
-4.9988964872e+01, +7.5062195883e+01
-4.7416798444e+01, +7.5653176102e+01
-4.4870991172e+01, +7.6218246388e+01
-4.2349679640e+01, +7.6756568332e+01
-3.9851066481e+01, +7.7267448538e+01
-3.7373424362e+01, +7.7750317824e+01
-3.4915097339e+01, +7.8204712598e+01
-3.2474500203e+01, +7.8630258396e+01
-3.0050116357e+01, +7.9026655463e+01
-2.7640494624e+01, +7.9393666212e+01
-2.5244245312e+01, +7.9731104398e+01
-2.2860035781e+01, +8.0038825832e+01
-2.0486585698e+01, +8.0316720442e+01
-1.8122662110e+01, +8.0564705538e+01
-1.5767074436e+01, +8.0782720135e+01
-1.3418669442e+01, +8.0970720189e+01
-1.1076326246e+01, +8.1128674658e+01
-8.7389513629e+00, +8.1256562271e+01
-6.4054738210e+00, +8.1354368938e+01
-4.0748403384e+00, +8.1422085734e+01
-1.7460105551e+00, +8.1459707404e+01
+5.8204768923e-01, +8.1467231352e+01
+2.9103630460e+00, +8.1444657086e+01
+5.2399653359e+00, +8.1391986108e+01
+7.5718902318e+00, +8.1309222248e+01
+9.9071839624e+00, +8.1196372439e+01
+1.2246908056e+01, +8.1053447970e+01
+1.4592144134e+01, +8.0880466236e+01
+1.6943998768e+01, +8.0677453031e+01
+1.9303608395e+01, +8.0444445453e+01
+2.1672144296e+01, +8.0181495476e+01
+2.4050817612e+01, +7.9888674288e+01
+2.6440884365e+01, +7.9566077497e+01
+2.8843650438e+01, +7.9213831324e+01
+3.1260476421e+01, +7.8832099914e+01
+3.3692782222e+01, +7.8421093932e+01
+3.6142051282e+01, +7.7981080596e+01
+3.8609834163e+01, +7.7512395337e+01
+4.1097751262e+01, +7.7015455260e+01
+4.3607494251e+01, +7.6490774565e+01
+4.6140825799e+01, +7.5938982083e+01
+4.8699576993e+01, +7.5360840987e+01
+5.1285641751e+01, +7.4757270666e+01
+5.3900967399e+01, +7.4129370591e+01
+5.6547540462e+01, +7.3478445768e+01
+5.9227366665e+01, +7.2806033088e+01
+6.1942444113e+01, +7.2113927469e+01
+6.4694728828e+01, +7.1404206189e+01
+6.7486092181e+01, +7.0679249286e+01
+7.0318270512e+01, +6.9941753269e+01
+7.3192808554e+01, +6.9194735010e+01
+7.6111000336e+01, +6.8441522473e+01
+7.9073834862e+01, +6.7685729411e+01
+8.2081960620e+01, +6.6931212655e+01
+8.5135699366e+01, +6.6182013968e+01
+8.8235193263e+01, +6.5442296302e+01
+9.1381029539e+01, +6.4716312677e+01
+9.4578143411e+01, +6.4008814795e+01
+5.2919472885e+01, -2.7009547117e+01
-3.6609744130e+01, -3.9089625072e+01
-9.6211045760e+01, +6.3667945824e+01
-9.2972173604e+01, +6.4359896441e+01
-8.9802109343e+01, +6.5077341919e+01
-8.6679606685e+01, +6.5810732392e+01
-8.3603011970e+01, +6.6555716690e+01
-8.0572104156e+01, +6.7308088836e+01
-7.7586684942e+01, +6.8063738972e+01
-7.4646276105e+01, +6.8818709810e+01
-7.1750056501e+01, +6.9569259657e+01
-6.8896878541e+01, +7.0311913421e+01
-6.6085315520e+01, +7.1043496590e+01
-6.3313719547e+01, +7.1761152223e+01
-6.0580280018e+01, +7.2462343237e+01
-5.7883077408e+01, +7.3144843186e+01
-5.5220129838e+01, +7.3806718834e+01
-5.2589431582e+01, +7.4446307485e+01
-4.9988983610e+01, +7.5062191509e+01
-4.7416816885e+01, +7.5653171935e+01
-4.4871009333e+01, +7.6218242432e+01
-4.2349697536e+01, +7.6756564590e+01
-3.9851084127e+01, +7.7267445014e+01
-3.7373441773e+01, +7.7750314517e+01
-3.4915114528e+01, +7.8204709510e+01
-3.2474517183e+01, +7.8630255527e+01
-3.0050133140e+01, +7.9026652812e+01
-2.7640511222e+01, +7.9393663778e+01
-2.5244261736e+01, +7.9731102181e+01
-2.2860052041e+01, +8.0038823831e+01
-2.0486601805e+01, +8.0316718654e+01
-1.8122678073e+01, +8.0564703962e+01
-1.5767090264e+01, +8.0782718768e+01
-1.3418685145e+01, +8.0970719031e+01
-1.1076341832e+01, +8.1128673706e+01
-8.7389668390e+00, +8.1256561523e+01
-6.4054891957e+00, +8.1354368392e+01
-4.0748556195e+00, +8.1422085389e+01
-1.7460257500e+00, +8.1459707257e+01
+5.8203257298e-01, +8.1467231401e+01
+2.9103480012e+00, +8.1444657329e+01
+5.2399503555e+00, +8.1391986544e+01
+7.5718753086e+00, +8.1309222873e+01
+9.9071690893e+00, +8.1196373253e+01
+1.2246893226e+01, +8.1053448970e+01
+1.4592129340e+01, +8.0880467420e+01
+1.6943984002e+01, +8.0677454398e+01
+1.9303593651e+01, +8.0444447000e+01
+2.1672129566e+01, +8.0181497201e+01
+2.4050802888e+01, +7.9888676188e+01
+2.6440869640e+01, +7.9566079571e+01
+2.8843635703e+01, +7.9213833568e+01
+3.1260461668e+01, +7.8832102326e+01
+3.3692767444e+01, +7.8421096509e+01
+3.6142036469e+01, +7.7981083334e+01
+3.8609819306e+01, +7.7512398233e+01
+4.1097736352e+01, +7.7015458308e+01
+4.3607479279e+01, +7.6490777762e+01
+4.6140810754e+01, +7.5938985423e+01
