-9.6992920417e+01, -5.6940084344e-01
-1.0195450124e+02, -5.2848334089e-01
-1.0661258437e+02, -5.0092620317e-01
-1.1105772709e+02, -4.8083324354e-01
-1.1534345852e+02, -4.6540824411e-01
-1.2492750308e+02, +6.1452486794e+01
-1.3144973737e+02, -4.2759138494e-01
-1.0661258437e+02, -5.0092620317e-01
-1.2356501593e+02, -4.4308984635e-01
-1.3144973737e+02, -4.2759138494e-01
-1.3529728283e+02, -4.2146837658e-01
-1.3909306007e+02, -4.1613984167e-01
-1.4284356854e+02, -4.1145813829e-01
-1.4655413876e+02, -4.0731085090e-01
-1.5022920265e+02, -4.0361070627e-01
-1.5387248870e+02, -4.0028880539e-01
-1.5748716602e+02, -3.9728995496e-01
-1.6107595281e+02, -3.9456936972e-01
-1.6464119927e+02, -3.9209029396e-01
-1.6818495210e+02, -3.8982225402e-01
-1.7170900521e+02, -3.8773975328e-01
-1.7521494013e+02, -3.8582128289e-01
-1.7870415862e+02, -3.8404856208e-01
-1.8217790904e+02, -3.8240594742e-01
-1.8563730817e+02, -3.8087996870e-01
-1.8908335909e+02, -3.7945896032e-01
-2.0179747155e+02, +6.2627426584e+01
-1.9935004660e+02, -3.7573035433e-01
-2.0367249345e+02, +5.1571774019e+01
-2.1173062505e+02, +5.1967516049e+01
-2.2965505367e+02, -3.6786511785e-01
-1.6818495210e+02, -3.8982225402e-01
-1.9935004660e+02, -3.7573035433e-01
-2.0708312165e+02, +5.1476770789e+01
-2.1289829477e+02, -3.7173626561e-01
-2.1626404036e+02, -3.7087550583e-01
-2.1893315053e+02, +5.1141873530e+01
-2.3722437289e+02, +5.6426987898e+01
-2.2960172551e+02, +4.6671243302e+01
-2.3298663217e+02, -3.6720551375e-01
-2.3631237878e+02, -3.6657799826e-01
-2.3963257442e+02, -3.6598041198e-01
-2.4294748131e+02, -3.6541078216e-01
-2.4625734455e+02, -3.6486730297e-01
-2.4956239359e+02, -3.6434831826e-01
-2.5286284345e+02, -3.6385230637e-01
-2.5615889594e+02, -3.6337786685e-01
-2.5945074067e+02, -3.6292370859e-01
-2.6273855601e+02, -3.6248863947e-01
-2.6602250993e+02, -3.6207155705e-01
-2.6930276079e+02, -3.6167144036e-01
-2.7257945803e+02, -3.6128734252e-01
-2.7585274282e+02, -3.6091838422e-01
-2.7912274864e+02, -3.6056374783e-01
-2.8238960183e+02, -3.6022267211e-01
-2.8565342205e+02, -3.5989444746e-01
-2.8891432275e+02, -3.5957841168e-01
-2.9217241159e+02, -3.5927394611e-01
-2.9542779080e+02, -3.5898047210e-01
-2.9868055753e+02, -3.5869744790e-01
-3.0193080417e+02, -3.5842436580e-01
-3.0517861867e+02, -3.5816074947e-01
-3.0842408478e+02, -3.5790615166e-01
-3.1166728232e+02, -3.5766015203e-01
-3.1490828743e+02, -3.5742235513e-01
-3.1814717275e+02, -3.5719238867e-01
-3.2138400766e+02, -3.5696990184e-01
-3.2461885844e+02, -3.5675456379e-01
-3.2785178847e+02, -3.5654606228e-01
-3.3108285837e+02, -3.5634410239e-01
-3.3431212616e+02, -3.5614840536e-01
-3.3753964740e+02, -3.5595870750e-01
-3.4076547534e+02, -3.5577475921e-01
-3.4398966101e+02, -3.5559632408e-01
-3.4721225335e+02, -3.5542317801e-01
-3.5043329935e+02, -3.5525510847e-01
-3.5365284410e+02, -3.5509191374e-01
-3.5687093090e+02, -3.5493340227e-01
-3.6008760139e+02, -3.5477939204e-01
-3.6330289556e+02, -3.5462970999e-01
-3.6651685191e+02, -3.5448419150e-01
-3.6972950746e+02, -3.5434267985e-01
-3.7294089784e+02, -3.5420502581e-01
-3.7615105737e+02, -3.5407108718e-01
-3.7936001912e+02, -3.5394072838e-01
-3.8256781495e+02, -3.5381382011e-01
-3.8577447555e+02, -3.5369023895e-01
-3.8898003057e+02, -3.5356986709e-01
-3.9218450858e+02, -3.5345259197e-01
-3.9538793714e+02, -3.5333830603e-01
-3.9859034290e+02, -3.5322690642e-01
-4.0179175157e+02, -3.5311829478e-01
-4.0499218798e+02, -3.5301237697e-01
-4.0819167615e+02, -3.5290906287e-01
-4.1139023928e+02, -3.5280826616e-01
-4.1458789982e+02, -3.5270990414e-01
-4.1778467947e+02, -3.5261389753e-01
-4.2098059924e+02, -3.5252017033e-01
-4.2417567945e+02, -3.5242864961e-01
-4.2736993980e+02, -3.5233926539e-01
-4.3056339933e+02, -3.5225195050e-01
-4.3375607651e+02, -3.5216664041e-01
-4.3694798923e+02, -3.5208327316e-01
-4.4013915483e+02, -3.5200178919e-01
-4.4332959013e+02, -3.5192213122e-01
-4.4651931142e+02, -3.5184424419e-01
-4.4970833451e+02, -3.5176807514e-01
-4.5289667474e+02, -3.5169357308e-01
-4.5608434701e+02, -3.5162068895e-01
-4.5927136576e+02, -3.5154937549e-01
-4.6245774501e+02, -3.5147958718e-01
-4.6564349841e+02, -3.5141128019e-01
-4.6882863917e+02, -3.5134441224e-01
-4.7201318017e+02, -3.5127894258e-01
-4.7519713389e+02, -3.5121483193e-01
-4.7838051249e+02, -3.5115204237e-01
-4.8156332776e+02, -3.5109053734e-01
-4.8474559120e+02, -3.5103028154e-01
-4.8792731397e+02, -3.5097124089e-01
-4.9110850694e+02, -3.5091338247e-01
-4.9428918067e+02, -3.5085667451e-01
-4.9746934547e+02, -3.5080108628e-01
-5.0064901133e+02, -3.5074658811e-01
-5.0382818802e+02, -3.5069315131e-01
-5.0700688502e+02, -3.5064074813e-01
-5.1018511159e+02, -3.5058935174e-01
-5.1336287673e+02, -3.5053893619e-01
-5.1654018922e+02, -3.5048947637e-01
-5.1971705761e+02, -3.5044094796e-01
-5.2289349023e+02, -3.5039332745e-01
-5.2606949522e+02, -3.5034659205e-01
-5.2924508050e+02, -3.5030071969e-01
-5.3242025378e+02, -3.5025568901e-01
-5.3559502261e+02, -3.5021147929e-01
-5.3876939434e+02, -3.5016807047e-01
-5.4194337614e+02, -3.5012544311e-01
-5.4511697500e+02, -3.5008357834e-01
-5.4829019776e+02, -3.5004245787e-01
-5.5146305108e+02, -3.5000206397e-01
-5.5463554147e+02, -3.4996237944e-01
-5.5780767528e+02, -3.4992338759e-01
-5.6097945872e+02, -3.4988507221e-01
-5.6415089785e+02, -3.4984741757e-01
-5.6732199859e+02, -3.4981040843e-01
-5.7049276672e+02, -3.4977402995e-01
-5.7366320789e+02, -3.4973826773e-01
-5.7683332763e+02, -3.4970310780e-01
-5.8000313134e+02, -3.4966853657e-01
-5.8317262428e+02, -3.4963454084e-01
-5.8634181162e+02, -3.4960110778e-01
-5.8951069841e+02, -3.4956822492e-01
-5.9267928957e+02, -3.4953588015e-01
-5.9584758993e+02, -3.4950406166e-01
-5.9901560420e+02, -3.4947275800e-01
-6.0218333701e+02, -3.4944195802e-01
-6.0535079286e+02, -3.4941165087e-01
-6.0851797619e+02, -3.4938182600e-01
-6.1168489130e+02, -3.4935247312e-01
-6.1485154245e+02, -3.4932358226e-01
-6.1801793376e+02, -3.4929514367e-01
-6.2118406930e+02, -3.4926714789e-01
-6.2434995304e+02, -3.4923958568e-01
-6.2751558886e+02, -3.4921244807e-01
-6.3068098059e+02, -3.4918572629e-01
-6.3384613194e+02, -3.4915941184e-01
-6.3701104657e+02, -3.4913349640e-01
-6.4017572806e+02, -3.4910797187e-01
-6.4334017993e+02, -3.4908283038e-01
-6.4650440560e+02, -3.4905806424e-01
-6.4966840844e+02, -3.4903366594e-01
-6.5283219176e+02, -3.4900962818e-01
-6.5599575879e+02, -3.4898594385e-01
-6.5915911271e+02, -3.4896260598e-01
-6.6232225662e+02, -3.4893960780e-01
-6.6548519357e+02, -3.4891694271e-01
-6.6864792656e+02, -3.4889460425e-01
-6.7181045851e+02, -3.4887258612e-01
-6.7497279230e+02, -3.4885088219e-01
-6.7813493075e+02, -3.4882948647e-01
-6.8129687664e+02, -3.4880839309e-01
-6.8445863266e+02, -3.4878759636e-01
-6.8762020149e+02, -3.4876709069e-01
-6.9078158575e+02, -3.4874687064e-01
-6.9394278798e+02, -3.4872693089e-01
-6.9710381072e+02, -3.4870726625e-01
-7.0026465644e+02, -3.4868787165e-01
-7.0342532755e+02, -3.4866874212e-01
-7.0658582644e+02, -3.4864987284e-01
-7.0974615545e+02, -3.4863125906e-01
-7.1290631687e+02, -3.4861289617e-01
-7.1606631296e+02, -3.4859477965e-01
-7.1922614593e+02, -3.4857690507e-01
-7.2238581795e+02, -3.4855926813e-01
-7.2554533115e+02, -3.4854186460e-01
-7.2870468764e+02, -3.4852469035e-01
-7.3186388947e+02, -3.4850774135e-01
-7.3502293868e+02, -3.4849101366e-01
-7.3818183724e+02, -3.4847450341e-01
-7.4134058711e+02, -3.4845820682e-01
-7.4449919021e+02, -3.4844212021e-01
-7.4765764842e+02, -3.4842623995e-01
-7.5081596361e+02, -3.4841056252e-01
-7.5397413760e+02, -3.4839508445e-01
-7.5713217217e+02, -3.4837980236e-01
-7.6029006909e+02, -3.4836471294e-01
-7.6344783009e+02, -3.4834981293e-01
-7.6660545687e+02, -3.4833509916e-01
-7.6976295110e+02, -3.4832056854e-01
-7.7292031444e+02, -3.4830621800e-01
-7.7607754850e+02, -3.4829204457e-01
-7.7923465488e+02, -3.4827804533e-01
-7.8239163513e+02, -3.4826421743e-01
-7.8554849081e+02, -3.4825055806e-01
-7.8870522342e+02, -3.4823706448e-01
-7.9186183445e+02, -3.4822373400e-01
-7.9501832538e+02, -3.4821056400e-01
-7.9817469764e+02, -3.4819755188e-01
-8.0133095266e+02, -3.4818469514e-01
-8.0448709183e+02, -3.4817199128e-01
-8.0764311653e+02, -3.4815943788e-01
-8.1079902810e+02, -3.4814703256e-01
-8.1395482789e+02, -3.4813477299e-01
-8.1711051720e+02, -3.4812265689e-01
-8.2026609733e+02, -3.4811068201e-01
-8.2342156953e+02, -3.4809884615e-01
-8.2657693507e+02, -3.4808714717e-01
-8.2973219518e+02, -3.4807558294e-01
-8.3288735106e+02, -3.4806415140e-01
-8.3604240391e+02, -3.4805285052e-01
-8.3919735490e+02, -3.4804167830e-01
-8.4235220520e+02, -3.4803063278e-01
-8.4550695595e+02, -3.4801971205e-01
-8.4866160825e+02, -3.4800891423e-01
-8.5181616323e+02, -3.4799823747e-01
-8.5497062197e+02, -3.4798767996e-01
-8.5812498554e+02, -3.4797723991e-01
-8.6127925500e+02, -3.4796691560e-01
-8.6443343139e+02, -3.4795670530e-01
-8.6758751574e+02, -3.4794660734e-01
-8.7074150905e+02, -3.4793662006e-01
-8.7389541233e+02, -3.4792674185e-01
-8.7704922656e+02, -3.4791697112e-01
-8.8020295270e+02, -3.4790730631e-01
-8.8335659170e+02, -3.4789774587e-01
-8.8651014451e+02, -3.4788828832e-01
-8.8966361205e+02, -3.4787893218e-01
-8.9281699523e+02, -3.4786967598e-01
-8.9597029495e+02, -3.4786051832e-01
-8.9912351211e+02, -3.4785145778e-01
-9.0227664756e+02, -3.4784249299e-01
-9.0542970219e+02, -3.4783362261e-01
-9.0858267683e+02, -3.4782484531e-01
-9.1173557232e+02, -3.4781615978e-01
-9.1488838949e+02, -3.4780756475e-01
-9.1804112916e+02, -3.4779905895e-01
-9.2119379212e+02, -3.4779064116e-01
-9.2434637917e+02, -3.4778231015e-01
-9.2749889109e+02, -3.4777406473e-01
-9.3065132866e+02, -3.4776590373e-01
-9.3380369262e+02, -3.4775782600e-01
-9.3695598374e+02, -3.4774983040e-01
-9.4010820274e+02, -3.4774191581e-01
-9.4326035037e+02, -3.4773408115e-01
-9.4641242733e+02, -3.4772632534e-01
-9.4956443435e+02, -3.4771864732e-01
-9.5271637211e+02, -3.4771104605e-01
-9.5586824131e+02, -3.4770352049e-01
-9.5902004264e+02, -3.4769606966e-01
-9.6217177676e+02, -3.4768869256e-01
-9.6532344434e+02, -3.4768138821e-01
-9.6847504604e+02, -3.4767415566e-01
-9.7162658249e+02, -3.4766699397e-01
-9.7477805435e+02, -3.4765990221e-01
-9.7792946223e+02, -3.4765287947e-01
-9.8108080677e+02, -3.4764592485e-01
-9.8423208856e+02, -3.4763903748e-01
-9.8738330823e+02, -3.4763221648e-01
-9.9053446636e+02, -3.4762546101e-01
-9.9368556356e+02, -3.4761877022e-01
-9.9683660039e+02, -3.4761214328e-01
-9.9998757743e+02, -3.4760557939e-01
-1.0031384953e+03, -3.4759907775e-01
-1.0062893544e+03, -3.4759263756e-01
-1.0094401555e+03, -3.4758625806e-01
-1.0125908990e+03, -3.4757993848e-01
-1.0157415855e+03, -3.4757367806e-01
-1.0188922155e+03, -3.4756747608e-01
-1.0220427896e+03, -3.4756133180e-01
-1.0251933082e+03, -3.4755524451e-01
-1.0283437719e+03, -3.4754921350e-01
-1.0314941812e+03, -3.4754323808e-01
-1.0346445365e+03, -3.4753731757e-01
-1.0377948385e+03, -3.4753145129e-01
-1.0409450875e+03, -3.4752563858e-01
-1.0440952841e+03, -3.4751987878e-01
-1.0472454286e+03, -3.4751417127e-01
-1.0503955217e+03, -3.4750851539e-01
-1.0535455638e+03, -3.4750291054e-01
-1.0566955552e+03, -3.4749735609e-01
-1.0598454966e+03, -3.4749185144e-01
-1.0629953882e+03, -3.4748639600e-01
-1.0661452307e+03, -3.4748098918e-01
-1.0692950243e+03, -3.4747563041e-01
-1.0724447696e+03, -3.4747031910e-01
-1.0755944670e+03, -3.4746505471e-01
-1.0787441168e+03, -3.4745983667e-01
-1.0818937196e+03, -3.4745466446e-01
-1.0850432756e+03, -3.4744953752e-01
-1.0881927854e+03, -3.4744445533e-01
-1.0913422494e+03, -3.4743941737e-01
-1.0944916678e+03, -3.4743442313e-01
-1.0976410412e+03, -3.4742947210e-01
-1.1007903699e+03, -3.4742456378e-01
-1.1039396543e+03, -3.4741969768e-01
-1.1070888948e+03, -3.4741487332e-01
-1.1102380917e+03, -3.4741009022e-01
-1.1133872455e+03, -3.4740534790e-01
-1.1165363565e+03, -3.4740064592e-01
-1.1196854250e+03, -3.4739598380e-01
-1.1228344514e+03, -3.4739136110e-01
-1.1259834361e+03, -3.4738677737e-01
-1.1291323795e+03, -3.4738223217e-01
-1.1322812818e+03, -3.4737772508e-01
-1.1354301434e+03, -3.4737325567e-01
-1.1385789647e+03, -3.4736882351e-01
-1.1417277460e+03, -3.4736442820e-01
-1.1448764875e+03, -3.4736006932e-01
-1.1480251898e+03, -3.4735574648e-01
-1.1511738530e+03, -3.4735145927e-01
-1.1543224775e+03, -3.4734720731e-01
-1.1574710637e+03, -3.4734299020e-01
-1.1606196117e+03, -3.4733880757e-01
-1.1637681220e+03, -3.4733465904e-01
-1.1669165949e+03, -3.4733054424e-01
-1.1700650306e+03, -3.4732646280e-01
-1.1732134295e+03, -3.4732241437e-01
-1.1763617918e+03, -3.4731839859e-01
-1.1795101178e+03, -3.4731441510e-01
-1.1826584079e+03, -3.4731046356e-01
-1.1858066623e+03, -3.4730654364e-01
-1.1889548813e+03, -3.4730265499e-01
-1.1921030652e+03, -3.4729879727e-01
-1.1952512143e+03, -3.4729497017e-01
-1.1983993289e+03, -3.4729117336e-01
-1.2015474091e+03, -3.4728740651e-01
-1.2046954553e+03, -3.4728366932e-01
-1.2078434678e+03, -3.4727996147e-01
-1.2109914468e+03, -3.4727628265e-01
-1.2141393926e+03, -3.4727263257e-01
-1.2172873055e+03, -3.4726901091e-01
-1.2204351856e+03, -3.4726541740e-01
-1.2235830333e+03, -3.4726185173e-01
-1.2267308488e+03, -3.4725831362e-01
-1.2298786324e+03, -3.4725480278e-01
-1.2330263842e+03, -3.4725131894e-01
-1.2361741046e+03, -3.4724786182e-01
-1.2393217937e+03, -3.4724443114e-01
-1.2424694519e+03, -3.4724102663e-01
-1.2456170794e+03, -3.4723764804e-01
-1.2487646763e+03, -3.4723429509e-01
-1.2519122430e+03, -3.4723096752e-01
-1.2550597796e+03, -3.4722766509e-01
-1.2582072864e+03, -3.4722438753e-01
-1.2613547635e+03, -3.4722113460e-01
-1.2645022114e+03, -3.4721790605e-01
-1.2676496300e+03, -3.4721470164e-01
-1.2707970197e+03, -3.4721152113e-01
-1.2739443807e+03, -3.4720836427e-01
-1.2770917132e+03, -3.4720523084e-01
-1.2802390174e+03, -3.4720212060e-01
-1.2833862935e+03, -3.4719903333e-01
-1.2865335417e+03, -3.4719596879e-01
-1.2896807622e+03, -3.4719292677e-01
-1.2928279553e+03, -3.4718990705e-01
-1.2959751211e+03, -3.4718690940e-01
-1.2991222598e+03, -3.4718393361e-01
-1.3022693716e+03, -3.4718097947e-01
-1.3054164568e+03, -3.4717804677e-01
-1.3085635155e+03, -3.4717513530e-01
-1.3117105478e+03, -3.4717224486e-01
-1.3148575541e+03, -3.4716937525e-01
-1.3180045344e+03, -3.4716652625e-01
-1.3211514891e+03, -3.4716369769e-01
-1.3242984181e+03, -3.4716088936e-01
-1.3274453218e+03, -3.4715810106e-01
-1.3305922003e+03, -3.4715533262e-01
-1.3337390539e+03, -3.4715258383e-01
-1.3368858825e+03, -3.4714985452e-01
-1.3400326866e+03, -3.4714714450e-01
-1.3431794661e+03, -3.4714445359e-01
-1.3463262214e+03, -3.4714178160e-01
-1.3494729525e+03, -3.4713912837e-01
-1.3526196596e+03, -3.4713649371e-01
-1.3557663430e+03, -3.4713387746e-01
-1.3589130027e+03, -3.4713127944e-01
-1.3620596389e+03, -3.4712869948e-01
-1.3652062518e+03, -3.4712613741e-01
-1.3683528416e+03, -3.4712359308e-01
-1.3714994085e+03, -3.4712106630e-01
-1.3746459524e+03, -3.4711855694e-01
-1.3777924738e+03, -3.4711606482e-01
-1.3809389726e+03, -3.4711358978e-01
-1.3840854490e+03, -3.4711113168e-01
-1.3872319032e+03, -3.4710869035e-01
-1.3903783354e+03, -3.4710626564e-01
-1.3935247457e+03, -3.4710385741e-01
-1.3966711342e+03, -3.4710146550e-01
-1.3998175011e+03, -3.4709908977e-01
-1.4029638466e+03, -3.4709673007e-01
-1.4061101707e+03, -3.4709438625e-01
-1.4092564737e+03, -3.4709205818e-01
-1.4124027556e+03, -3.4708974571e-01
-1.4155490166e+03, -3.4708744870e-01
-1.4186952569e+03, -3.4708516702e-01
-1.4218414766e+03, -3.4708290052e-01
-1.4249876758e+03, -3.4708064909e-01
-1.4281338546e+03, -3.4707841257e-01
-1.4312800133e+03, -3.4707619084e-01
-1.4344261519e+03, -3.4707398377e-01
-1.4375722705e+03, -3.4707179124e-01
-1.4407183693e+03, -3.4706961310e-01
-1.4438644485e+03, -3.4706744924e-01
-1.4470105080e+03, -3.4706529954e-01
-1.4501565482e+03, -3.4706316386e-01
-1.4533025691e+03, -3.4706104209e-01
-1.4564485708e+03, -3.4705893410e-01
-1.4595945534e+03, -3.4705683978e-01
-1.4627405172e+03, -3.4705475901e-01
-1.4658864621e+03, -3.4705269167e-01
-1.4690323884e+03, -3.4705063765e-01
-1.4721782961e+03, -3.4704859683e-01
-1.4753241853e+03, -3.4704656910e-01
-1.4784700562e+03, -3.4704455434e-01
-1.4816159090e+03, -3.4704255246e-01
-1.4847617436e+03, -3.4704056332e-01
-1.4879075603e+03, -3.4703858684e-01
-1.4910533591e+03, -3.4703662290e-01
-1.4941991401e+03, -3.4703467139e-01
-1.4973449036e+03, -3.4703273221e-01
-1.5004906495e+03, -3.4703080526e-01
-1.5036363780e+03, -3.4702889044e-01
-1.5067820892e+03, -3.4702698763e-01
-1.5099277831e+03, -3.4702509675e-01
-1.5130734601e+03, -3.4702321769e-01
-1.5162191200e+03, -3.4702135035e-01
-1.5193647630e+03, -3.4701949464e-01
-1.5225103893e+03, -3.4701765046e-01
-1.5256559989e+03, -3.4701581772e-01
-1.5288015920e+03, -3.4701399631e-01
-1.5319471686e+03, -3.4701218615e-01
-1.5350927288e+03, -3.4701038714e-01
-1.5382382728e+03, -3.4700859919e-01
-1.5413838006e+03, -3.4700682222e-01
-1.5445293124e+03, -3.4700505613e-01
-1.5476748082e+03, -3.4700330083e-01
-1.5508202882e+03, -3.4700155623e-01
-1.5539657523e+03, -3.4699982226e-01
-1.5571112008e+03, -3.4699809881e-01
-1.5602566338e+03, -3.4699638581e-01
-1.5634020512e+03, -3.4699468318e-01
-1.5665474533e+03, -3.4699299082e-01
-1.5696928401e+03, -3.4699130866e-01
-1.5728382116e+03, -3.4698963661e-01
-1.5759835681e+03, -3.4698797460e-01
-1.5791289095e+03, -3.4698632254e-01
-1.5822742360e+03, -3.4698468035e-01
-1.5854195477e+03, -3.4698304796e-01
-1.5885648446e+03, -3.4698142529e-01
-1.5917101269e+03, -3.4697981225e-01
-1.5948553945e+03, -3.4697820878e-01
-1.5980006477e+03, -3.4697661480e-01
-1.6011458865e+03, -3.4697503023e-01
-1.6042911109e+03, -3.4697345500e-01
-1.6074363211e+03, -3.4697188903e-01
-1.6105815172e+03, -3.4697033226e-01
-1.6137266992e+03, -3.4696878461e-01
-1.6168718672e+03, -3.4696724601e-01
-1.6200170213e+03, -3.4696571639e-01
-1.6231621615e+03, -3.4696419568e-01
-1.6263072880e+03, -3.4696268381e-01
-1.6294524009e+03, -3.4696118071e-01
-1.6325975002e+03, -3.4695968632e-01
-1.6357425859e+03, -3.4695820056e-01
-1.6388876583e+03, -3.4695672338e-01
-1.6420327173e+03, -3.4695525470e-01
-1.6451777630e+03, -3.4695379446e-01
-1.6483227955e+03, -3.4695234259e-01
-1.6514678149e+03, -3.4695089904e-01
-1.6546128212e+03, -3.4694946373e-01
-1.6577578146e+03, -3.4694803660e-01
-1.6609027950e+03, -3.4694661760e-01
-1.6640477627e+03, -3.4694520666e-01
-1.6671927176e+03, -3.4694380373e-01
-1.6703376598e+03, -3.4694240872e-01
-1.6734825894e+03, -3.4694102160e-01
-1.6766275064e+03, -3.4693964230e-01
-1.6797724110e+03, -3.4693827077e-01
-1.6829173032e+03, -3.4693690693e-01
-1.6860621831e+03, -3.4693555074e-01
-1.6892070507e+03, -3.4693420214e-01
+7.2931063414e+01, -6.6268886863e+00
+6.9726221724e+01, -1.1310812075e+01
+6.7000546533e+01, -1.4969261939e+01
+6.4515221516e+01, -1.8069844386e+01
+6.2180641192e+01, -2.0794580388e+01
+5.9951383649e+01, -2.3238740621e+01
+5.7800624325e+01, -2.5460238206e+01
+5.5710952413e+01, -2.7497670975e+01
+5.3670311814e+01, -2.9378426749e+01
+5.1669949875e+01, -3.1122842628e+01
+4.9703277971e+01, -3.2746549288e+01
+4.7765192199e+01, -3.4261888223e+01
+4.5851645478e+01, -3.5678816536e+01
+4.3959365816e+01, -3.7005510341e+01
+4.2085663975e+01, -3.8248781847e+01
+4.0228298116e+01, -3.9414376382e+01
+3.8385376038e+01, -4.0507189343e+01
+3.6555282995e+01, -4.1531428128e+01
+3.4736627347e+01, -4.2490735288e+01
+3.2928198922e+01, -4.3388283725e+01
+3.1128936646e+01, -4.4226851351e+01
+2.9337903009e+01, -4.5008880363e+01
+2.7554263682e+01, -4.5736524843e+01
+2.5777271056e+01, -4.6411689345e+01
+2.4006250803e+01, -4.7036060443e+01
+2.2240590791e+01, -4.7611132709e+01
+2.0479731862e+01, -4.8138230248e+01
+1.8723160080e+01, -4.8618524617e+01
+1.6970400150e+01, -4.9053049815e+01
+1.5221009795e+01, -4.9442714832e+01
+1.3474574893e+01, -4.9788314177e+01
+1.1730705230e+01, -5.0090536692e+01
+9.9890307616e+00, -5.0349972907e+01
+8.2491982772e+00, -5.0567121141e+01
+6.5108683935e+00, -5.0742392497e+01
+4.7737128065e+00, -5.0876114886e+01
+3.0374117459e+00, -5.0968536166e+01
+1.3016515843e+00, -5.1019826484e+01
-4.3387744778e-01, -5.1030079858e+01
-2.1694834775e+00, -5.0999315049e+01
-3.9054751789e+00, -5.0927475731e+01
-5.6421639699e+00, -5.0814429976e+01
-7.3798662582e+00, -5.0659969025e+01
-9.1189057736e+00, -5.0463805335e+01
-1.0859616030e+01, -5.0225569844e+01
-1.2602342967e+01, -4.9944808403e+01
-1.4347447816e+01, -4.9620977278e+01
-1.6095310266e+01, -4.9253437617e+01
-1.7846331989e+01, -4.8841448753e+01
-1.9600940619e+01, -4.8384160138e+01
-2.1359594290e+01, -4.7880601711e+01
-2.3122786858e+01, -4.7329672404e+01
-2.4891053983e+01, -4.6730126430e+01
-2.6664980254e+01, -4.6080556900e+01
-2.8445207644e+01, -4.5379376186e+01
-3.0232445602e+01, -4.4624792291e+01
-3.2027483245e+01, -4.3814780241e+01
-3.3831204215e+01, -4.2947047229e+01
-3.5644604968e+01, -4.2018989808e+01
-3.7468817553e+01, -4.1027640841e+01
-3.9305138319e+01, -3.9969603073e+01
-4.1155064556e+01, -3.8840964973e+01
-4.3020341974e+01, -3.7637192654e+01
-4.4903027193e+01, -3.6352988971e+01
-4.6805571530e+01, -3.4982106557e+01
-4.8730935688e+01, -3.3517094711e+01
-5.0682750546e+01, -3.1948948628e+01
-5.2665548978e+01, -3.0266609772e+01
-5.4685111338e+01, -2.8456230605e+01
-5.6749001321e+01, -2.6500049030e+01
-5.8867438969e+01, -2.4374579523e+01
-6.1054814151e+01, -2.2047521586e+01
-6.3332532562e+01, -1.9472032428e+01
-6.5734999159e+01, -1.6574874189e+01
-1.0780853798e+02, +6.2588746741e+01
-9.6426507413e+01, +6.4907895144e+01
-9.9678365987e+01, +6.4192689604e+01
-9.8038225393e+01, +6.4545258654e+01
-6.8051405375e+01, +7.2212112555e+01
-6.5292529731e+01, +7.2952778944e+01
-6.2571620483e+01, +7.3676401491e+01
-5.9886728382e+01, +7.4380880613e+01
-5.7235860852e+01, +7.5064402402e+01
-5.4617017114e+01, +7.5725414201e+01
-5.2028215571e+01, +7.6362598318e+01
-4.9467514295e+01, +7.6974845482e+01
+5.5710952413e+01, -2.7497670975e+01
+9.8038371422e+01, +6.4545226281e+01
+9.4828433303e+01, +6.5276344885e+01
+9.1670142916e+01, +6.6026765136e+01
+8.8558671485e+01, +6.6791755452e+01
+8.5493502374e+01, +6.7567047387e+01
+8.2474546997e+01, +6.8348450739e+01
+7.9501525937e+01, +6.9131891204e+01
+7.6573824278e+01, +6.9913477274e+01
+7.3690479362e+01, +7.0689560368e+01
+7.0850217517e+01, +7.1456778897e+01
+6.8051509501e+01, +7.2212084508e+01
+6.5292630630e+01, +7.2952751965e+01
+6.2571718319e+01, +7.3676375630e+01
+5.9886823317e+01, +7.4380855905e+01
+5.7235953040e+01, +7.5064378869e+01
+5.4617106703e+01, +7.5725391858e+01
+5.2028302702e+01, +7.6362577169e+01
+4.9467599101e+01, +7.6974825524e+01
+4.6933108252e+01, +7.7561210388e+01
+4.4423006566e+01, +7.8120963879e+01
+4.1935540395e+01, +7.8653454663e+01
+3.9469028873e+01, +7.9158168014e+01
+3.7021864423e+01, +7.9634688065e+01
+3.4592511524e+01, +8.0082682175e+01
+3.2179504193e+01, +8.0501887270e+01
+2.9781442587e+01, +8.0892097994e+01
+2.7396988970e+01, +8.1253156488e+01
+2.5024863300e+01, +8.1584943610e+01
+2.2663838574e+01, +8.1887371442e+01
+2.0312736063e+01, +8.2160376908e+01
+1.7970420512e+01, +8.2403916378e+01
+1.5635795364e+01, +8.2617961115e+01
+1.3307798050e+01, +8.2802493483e+01
+1.0985395347e+01, +8.2957503792e+01
+8.6675788377e+00, +8.3082987733e+01
+6.3533604463e+00, +8.3178944304e+01
+4.0417680597e+00, +8.3245374215e+01
+1.7318412139e+00, +8.3282278692e+01
-5.7737316784e-01, +8.3289658671e+01
-2.8868250023e+00, +8.3267514363e+01
-5.1974652593e+00, +8.3215845159e+01
-7.5102501797e+00, +8.3134649902e+01
-9.8261455174e+00, +8.3023927500e+01
-1.2146130825e+01, +8.2883677923e+01
-1.4471203799e+01, +8.2713903600e+01
-1.6802384698e+01, +8.2514611241e+01
-1.9140720846e+01, +8.2285814153e+01
-2.1487291225e+01, +8.2027535092e+01
-2.3843211150e+01, +8.1739809722e+01
-2.6209637018e+01, +8.1422690779e+01
-2.8587771097e+01, +8.1076253028e+01
-3.0978866325e+01, +8.0700599136e+01
-3.3384231024e+01, +8.0295866595e+01
-3.5805233458e+01, +7.9862235830e+01
-3.8243306074e+01, +7.9399939687e+01
-4.0699949251e+01, +7.8909274437e+01
-4.3176734302e+01, +7.8390612513e+01
-4.5675305397e+01, +7.7844417134e+01
-4.8197379991e+01, +7.7271258986e+01
-5.0744747236e+01, +7.6671835054e+01
-5.3319263715e+01, +7.6046989666e+01
-5.5922845724e+01, +7.5397737619e+01
-5.8557457207e+01, +7.4725289134e+01
-6.1225092331e+01, +7.4031076077e+01
-6.3927751670e+01, +7.3316778549e+01
-6.6667411040e+01, +7.2584350471e+01
-6.9445982283e+01, +7.1836042294e+01
-7.2265265882e+01, +7.1074418334e+01
-7.5126896259e+01, +7.0302365731e+01
-7.8032282304e+01, +6.9523091678e+01
-8.0982548365e+01, +6.8740105670e+01
-8.3978485757e+01, +6.7957184382e+01
-8.7020534937e+01, +6.7178319031e+01
-9.0108846650e+01, +6.6407649901e+01
-9.3243581034e+01, +6.5649405559e+01
-9.6426307635e+01, +6.4907940686e+01
-9.9678161230e+01, +6.4192730555e+01
-3.9305138319e+01, -3.9969603073e+01
+5.5710952413e+01, -2.7497670975e+01
+9.8038444970e+01, +6.4545209977e+01
+9.4828504780e+01, +6.5276328227e+01
+9.1670212648e+01, +6.6026748265e+01
+8.8558739531e+01, +6.6791738468e+01
+8.5493568765e+01, +6.7567030385e+01
+8.2474611765e+01, +6.8348433810e+01
+7.9501589120e+01, +6.9131874432e+01
+7.6573885919e+01, +6.9913460738e+01
+7.3690539510e+01, +7.0689544137e+01
+7.0850276228e+01, +7.1456763033e+01
+6.8051566832e+01, +7.2212069065e+01
+6.5292686641e+01, +7.2952736989e+01
+6.2571773071e+01, +7.3676361157e+01
+5.9886876870e+01, +7.4380841966e+01
+5.7236005454e+01, +7.5064365489e+01
+5.4617158036e+01, +7.5725379055e+01
+5.2028353009e+01, +7.6362564958e+01
+4.9467648436e+01, +7.6974813914e+01
+4.6933156666e+01, +7.7561199385e+01
+4.4423054107e+01, +7.8120953486e+01
+4.1935587109e+01, +7.8653444880e+01
+3.9469074804e+01, +7.9158158840e+01
+3.7021909613e+01, +7.9634679496e+01
+3.4592556009e+01, +8.0082674206e+01
+3.2179548013e+01, +8.0501879896e+01
+2.9781485774e+01, +8.0892091209e+01
+2.7397031558e+01, +8.1253150284e+01
+2.5024905320e+01, +8.1584937979e+01
+2.2663880055e+01, +8.1887366376e+01
+2.0312777032e+01, +8.2160372399e+01
+1.7970460996e+01, +8.2403912416e+01
+1.5635835390e+01, +8.2617957693e+01
+1.3307837640e+01, +8.2802490592e+01
+1.0985434525e+01, +8.2957501424e+01
+8.6676176263e+00, +8.3082985878e+01
+6.3533988666e+00, +8.3178942955e+01
+4.0418061324e+00, +8.3245373364e+01
+1.7318789590e+00, +8.3282278330e+01
-5.7733573065e-01, +8.3289658791e+01
-2.8867878539e+00, +8.3267514956e+01
-5.1974283811e+00, +8.3215846219e+01
-7.5102135532e+00, +8.3134651421e+01
-9.8261091246e+00, +8.3023929470e+01
-1.2146094648e+01, +8.2883680338e+01
-1.4471167819e+01, +8.2713906452e+01
-1.6802348898e+01, +8.2514614523e+01
-1.9140685208e+01, +8.2285817859e+01
-2.1487255731e+01, +8.2027539214e+01
-2.3843175781e+01, +8.1739814253e+01
-2.6209601756e+01, +8.1422695711e+01
-2.8587735923e+01, +8.1076258354e+01
-3.0978831220e+01, +8.0700604849e+01
-3.3384195969e+01, +8.0295872685e+01
-3.5805198432e+01, +7.9862242290e+01
-3.8243271057e+01, +7.9399946506e+01
-4.0699914222e+01, +7.8909281605e+01
-4.3176699240e+01, +7.8390620019e+01
-4.5675270279e+01, +7.7844424966e+01
-4.8197344795e+01, +7.7271267129e+01
-5.0744711939e+01, +7.6671843494e+01
-5.3319228293e+01, +7.6046998386e+01
-5.5922810153e+01, +7.5397746598e+01
-5.8557421464e+01, +7.4725298351e+01
-6.1225056392e+01, +7.4031085508e+01
-6.3927715513e+01, +7.3316788166e+01
-6.6667374642e+01, +7.2584360244e+01
-6.9445945626e+01, +7.1836052189e+01
-7.2265228947e+01, +7.1074428313e+01
-7.5126859031e+01, +7.0302375753e+01
-7.8032244771e+01, +6.9523101700e+01
-8.0982510520e+01, +6.8740115644e+01
-8.3978447598e+01, +6.7957194260e+01
-8.7020496467e+01, +6.7178328764e+01
-9.0108807872e+01, +6.6407659437e+01
-9.3243541948e+01, +6.5649414848e+01
-9.6426268200e+01, +6.4907949676e+01
-9.9678120385e+01, +6.4192738724e+01
-3.9305138319e+01, -3.9969603073e+01
+5.5710952413e+01, -2.7497670975e+01
+9.8038469565e+01, +6.4545204525e+01
+9.4828528786e+01, +6.5276322632e+01
+9.1670236167e+01, +6.6026742574e+01
+8.8558762578e+01, +6.6791732715e+01
+8.5493591346e+01, +6.7567024602e+01
+8.2474633886e+01, +6.8348428028e+01
+7.9501610787e+01, +6.9131868680e+01
+7.6573907143e+01, +6.9913455044e+01
+7.3690560305e+01, +7.0689538525e+01
+7.0850296607e+01, +7.1456757527e+01
+6.8051586811e+01, +7.2212063683e+01
+6.5292706238e+01, +7.2952731749e+01
+6.2571792302e+01, +7.3676356074e+01
+5.9886895753e+01, +7.4380837052e+01
+5.7236024007e+01, +7.5064360754e+01
+5.4617176275e+01, +7.5725374507e+01
+5.2028370951e+01, +7.6362560603e+01
+4.9467666098e+01, +7.6974809758e+01
+4.6933174063e+01, +7.7561195431e+01
+4.4423071253e+01, +7.8120949737e+01
+4.1935604019e+01, +7.8653441339e+01
+3.9469091491e+01, +7.9158155507e+01
+3.7021926089e+01, +7.9634676372e+01
+3.4592572288e+01, +8.0082671291e+01
+3.2179564104e+01, +8.0501877189e+01
+2.9781501690e+01, +8.0892088709e+01
+2.7397047308e+01, +8.1253147989e+01
+2.5024920913e+01, +8.1584935889e+01
+2.2663895501e+01, +8.1887364489e+01
+2.0312792341e+01, +8.2160370714e+01
+1.7970476176e+01, +8.2403910931e+01
+1.5635850447e+01, +8.2617956406e+01
+1.3307852584e+01, +8.2802489501e+01
+1.0985449363e+01, +8.2957500527e+01
+8.6676323648e+00, +8.3082985173e+01
+6.3534135130e+00, +8.3178942441e+01
+4.0418206936e+00, +8.3245373038e+01
+1.7318934416e+00, +8.3282278191e+01
-7.4987946027e+01, -3.3792533009e+00
-7.1239313125e+01, -9.1536939631e+00
-6.8324447440e+01, -1.3227529089e+01
-6.5734999159e+01, -1.6574874189e+01
-6.3332532562e+01, -1.9472032428e+01
-6.1054814151e+01, -2.2047521586e+01
-5.8867438969e+01, -2.4374579523e+01
-5.6749001321e+01, -2.6500049030e+01
-5.4685111338e+01, -2.8456230605e+01
-5.2665548978e+01, -3.0266609772e+01
-5.0682750546e+01, -3.1948948628e+01
-4.8730935688e+01, -3.3517094711e+01
-4.6805571530e+01, -3.4982106557e+01
-4.4903027193e+01, -3.6352988971e+01
-4.3020341974e+01, -3.7637192654e+01
-4.1155064556e+01, -3.8840964973e+01
-3.9305138319e+01, -3.9969603073e+01
-3.7468817553e+01, -4.1027640841e+01
-3.5644604968e+01, -4.2018989808e+01
-3.3831204215e+01, -4.2947047229e+01
-3.2027483245e+01, -4.3814780241e+01
-3.0232445602e+01, -4.4624792291e+01
-2.8445207644e+01, -4.5379376186e+01
-2.6664980254e+01, -4.6080556900e+01
-2.4891053983e+01, -4.6730126430e+01
-2.3122786858e+01, -4.7329672404e+01
-2.1359594290e+01, -4.7880601711e+01
-1.9600940619e+01, -4.8384160138e+01
-1.7846331989e+01, -4.8841448753e+01
-1.6095310266e+01, -4.9253437617e+01
-1.4347447816e+01, -4.9620977278e+01
-1.2602342967e+01, -4.9944808403e+01
-1.0859616030e+01, -5.0225569844e+01
-9.1189057736e+00, -5.0463805335e+01
-7.3798662582e+00, -5.0659969025e+01
-5.6421639699e+00, -5.0814429976e+01
-3.9054751789e+00, -5.0927475731e+01
-2.1694834775e+00, -5.0999315049e+01
-4.3387744778e-01, -5.1030079858e+01
+1.3016515843e+00, -5.1019826484e+01
+3.0374117459e+00, -5.0968536166e+01
+4.7737128065e+00, -5.0876114886e+01
+6.5108683935e+00, -5.0742392497e+01
+8.2491982772e+00, -5.0567121141e+01
+9.9890307616e+00, -5.0349972907e+01
+1.1730705230e+01, -5.0090536692e+01
+1.3474574893e+01, -4.9788314177e+01
+1.5221009795e+01, -4.9442714832e+01
+1.6970400150e+01, -4.9053049815e+01
+1.8723160080e+01, -4.8618524617e+01
+2.0479731862e+01, -4.8138230248e+01
+2.2240590791e+01, -4.7611132709e+01
+2.4006250803e+01, -4.7036060443e+01
+2.5777271056e+01, -4.6411689345e+01
+2.7554263682e+01, -4.5736524843e+01
+2.9337903009e+01, -4.5008880363e+01
+3.1128936646e+01, -4.4226851351e+01
+3.2928198922e+01, -4.3388283725e+01
+3.4736627347e+01, -4.2490735288e+01
+3.6555282995e+01, -4.1531428128e+01
+3.8385376038e+01, -4.0507189343e+01
+4.0228298116e+01, -3.9414376382e+01
+4.2085663975e+01, -3.8248781847e+01
+4.3959365816e+01, -3.7005510341e+01
+4.5851645478e+01, -3.5678816536e+01
+4.7765192199e+01, -3.4261888223e+01
+4.9703277971e+01, -3.2746549288e+01
+5.1669949875e+01, -3.1122842628e+01
+5.3670311814e+01, -2.9378426749e+01
+5.5710952413e+01, -2.7497670975e+01
+5.7800624325e+01, -2.5460238206e+01
+5.9951383649e+01, -2.3238740621e+01
+6.2180641192e+01, -2.0794580388e+01
+6.4515221516e+01, -1.8069844386e+01
+9.1670580677e+01, +6.6026659222e+01
+6.9726221724e+01, -1.1310812075e+01
+9.8038818133e+01, +6.4545127254e+01
+9.9677754370e+01, +6.4192811932e+01
+6.9445667388e+01, +7.1836127292e+01
+6.6667102747e+01, +7.2584433250e+01
+6.3927449653e+01, +7.3316858882e+01
+6.1224796261e+01, +7.4031153773e+01
+5.8557166759e+01, +7.4725364035e+01
+5.5922560579e+01, +7.5397809599e+01
+5.3318983566e+01, +7.6047058627e+01
+4.8197108953e+01, +7.7271321699e+01
-3.9305138319e+01, -3.9969603073e+01
-9.9677906528e+01, +6.4192781498e+01
-9.6426063942e+01, +6.4907996240e+01
-9.3243341673e+01, +6.5649462448e+01
-9.0108611300e+01, +6.6407707778e+01
-8.7020303539e+01, +6.7178377574e+01
-8.3978258275e+01, +6.7957243274e+01
-8.0982324753e+01, +6.8740164608e+01
-7.8032062490e+01, +6.9523150372e+01
-7.5126680145e+01, +7.0302423912e+01
-7.2265053348e+01, +7.1074475755e+01
-6.9445773191e+01, +7.1836098733e+01
-6.6667205238e+01, +7.2584405731e+01
-6.3927549000e+01, +7.3316832457e+01
-6.1224892626e+01, +7.4031128484e+01
-5.8557260301e+01, +7.4725339912e+01
-5.5922651450e+01, +7.5397786661e+01
-5.3319071909e+01, +7.6047036881e+01
-5.0744557737e+01, +7.6671880367e+01
-4.8197192644e+01, +7.7271302334e+01
-4.5675120052e+01, +7.7844458470e+01
-4.3176550817e+01, +7.8390651794e+01
-4.0699767486e+01, +7.8909311633e+01
-3.8243125899e+01, +7.9399974773e+01
-3.5805054747e+01, +7.9862268788e+01
-3.3384053658e+01, +8.0295897409e+01
-3.0978690189e+01, +8.0700627798e+01
-2.8587596081e+01, +8.1076279530e+01
-2.6209463017e+01, +8.1422715117e+01
-2.3843038065e+01, +8.1739831894e+01
-2.1487118958e+01, +8.2027555096e+01
-1.9140549303e+01, +8.2285831990e+01
-1.6802213790e+01, +8.2514626910e+01
-1.4471033438e+01, +8.2713917104e+01
-1.2145960927e+01, +8.2883689264e+01
-9.8259759980e+00, +8.3023936678e+01
-7.5100809576e+00, +8.3134656919e+01
-5.1972962543e+00, +8.3215850016e+01
-2.8866561350e+00, +8.3267517061e+01
-5.7720435948e-01, +8.3289659211e+01
+1.7320100419e+00, +8.3282277073e+01
+4.0419369860e+00, +8.3245370438e+01
+6.3535295499e+00, +8.3178938367e+01
+8.6677481983e+00, +8.3082979635e+01
+1.0985565046e+01, +8.2957493534e+01
+1.3307968169e+01, +8.2802481061e+01
+1.5635965988e+01, +8.2617946528e+01
+1.7970591726e+01, +8.2403899625e+01
+2.0312907956e+01, +8.2160357988e+01
+2.2664011239e+01, +8.1887350354e+01
+2.5025036831e+01, +8.1584920355e+01
+2.7397163466e+01, +8.1253131067e+01
+2.9781618150e+01, +8.0892070412e+01
+3.2179680931e+01, +8.0501857530e+01
+3.4592689547e+01, +8.0082650287e+01
+3.7022043851e+01, +7.9634654041e+01
+3.9469209826e+01, +7.9158131870e+01
+4.1935723003e+01, +7.8653416421e+01
+4.4423190964e+01, +7.8120923566e+01
+4.6933294580e+01, +7.7561168041e+01
+4.9467787505e+01, +7.6974781187e+01
+5.2028493335e+01, +7.6362530897e+01
+5.4617299723e+01, +7.5725343719e+01
+5.7236148609e+01, +7.5064328947e+01
+5.9887021601e+01, +7.4380804297e+01
+6.2571919485e+01, +7.3676322455e+01
+6.5292834845e+01, +7.2952697361e+01
+6.8051716928e+01, +7.2212028635e+01
+7.0850428312e+01, +7.1456721940e+01
+7.3690693670e+01, +7.0689502537e+01
+7.6574042229e+01, +6.9913418804e+01
+7.9501747640e+01, +6.9131832353e+01
+8.2474772536e+01, +6.8348391787e+01
+8.5493731809e+01, +6.7566988631e+01
+8.8558904855e+01, +6.6791697203e+01
+9.1670380258e+01, +6.6026707712e+01
+9.4828674745e+01, +6.5276288615e+01
+9.8038617979e+01, +6.4545171624e+01
+5.5710952413e+01, -2.7497670975e+01
-3.9305138319e+01, -3.9969603073e+01
-9.9677982793e+01, +6.4192766244e+01
-9.6426136360e+01, +6.4907979731e+01
-9.3243412266e+01, +6.5649445670e+01
-9.0108680185e+01, +6.6407690838e+01
-8.7020370753e+01, +6.7178360569e+01
-8.3978323851e+01, +6.7957226297e+01
-8.0982388723e+01, +6.8740147747e+01
-7.8032124895e+01, +6.9523133709e+01
-7.5126741033e+01, +7.0302407520e+01
-7.2265112770e+01, +7.1074459701e+01
-6.9445831205e+01, +7.1836083074e+01
-6.6667261902e+01, +7.2584390516e+01
-6.3927604374e+01, +7.3316817728e+01
-6.1224946772e+01, +7.4031114275e+01
-5.8557313278e+01, +7.4725326250e+01
-5.5922703317e+01, +7.5397773568e+01
-5.3319122722e+01, +7.6047024373e+01
-5.0744607552e+01, +7.6671868455e+01
-4.8197241512e+01, +7.7271291027e+01
-4.5675168024e+01, +7.7844447771e+01
-4.3176597939e+01, +7.8390641706e+01
-4.0699813804e+01, +7.8909302155e+01
-3.8243171454e+01, +7.9399965902e+01
-3.5805099580e+01, +7.9862260520e+01
-3.3384097806e+01, +8.0295889739e+01
-3.0978733688e+01, +8.0700620720e+01
-2.8587638965e+01, +8.1076273036e+01
-2.6209505317e+01, +8.1422709201e+01
-2.3843079811e+01, +8.1739826546e+01
-2.1487160179e+01, +8.2027550310e+01
-1.9140590027e+01, +8.2285827755e+01
-1.6802254042e+01, +8.2514623220e+01
-1.4471073243e+01, +8.2713913949e+01
-1.2146000308e+01, +8.2883686635e+01
-9.8260149787e+00, +8.3023934567e+01
-7.5101195594e+00, +8.3134655319e+01
-5.1973344982e+00, +8.3215848917e+01
-2.8866940414e+00, +8.3267516455e+01
-5.7724194823e-01, +8.3289659091e+01
+1.7319727515e+00, +8.3282277431e+01
+4.0418999751e+00, +8.3245371266e+01
+6.3534927998e+00, +8.3178939657e+01
+8.6677116909e+00, +8.3082981381e+01
+1.0985528763e+01, +8.2957495727e+01
+1.3307932092e+01, +8.2802483695e+01
+1.5635930100e+01, +8.2617949596e+01
+1.7970556009e+01, +8.2403903119e+01
+2.0312872392e+01, +8.2160361903e+01
+2.2663975809e+01, +8.1887354681e+01
+2.5025001518e+01, +8.1584925087e+01
+2.7397128250e+01, +8.1253136198e+01
+2.9781583013e+01, +8.0892075932e+01
+3.2179645853e+01, +8.0501863433e+01
+3.4592654509e+01, +8.0082656563e+01
+3.7022008832e+01, +7.9634660681e+01
+3.9469174806e+01, +7.9158138865e+01
+4.1935687960e+01, +7.8653423760e+01
+4.4423155876e+01, +7.8120931237e+01
+4.6933259425e+01, +7.7561176030e+01
+4.9467752261e+01, +7.6974789481e+01
+5.2028457978e+01, +7.6362539480e+01
+5.4617264229e+01, +7.5725352571e+01
+5.7236112955e+01, +7.5064338048e+01
+5.9886985763e+01, +7.4380813625e+01
+6.2571883440e+01, +7.3676331983e+01
+6.5292798571e+01, +7.2952707060e+01
+6.8051680403e+01, +7.2212038473e+01
+7.0850391518e+01, +7.1456731882e+01
+7.3690656590e+01, +7.0689512543e+01
+7.6574004850e+01, +6.9913428832e+01
+7.9501709952e+01, +6.9131842357e+01
+8.2474734535e+01, +6.8348401720e+01
+8.5493693495e+01, +6.7566998443e+01
+8.8558866230e+01, +6.6791706844e+01
+9.1670341327e+01, +6.6026717132e+01
+9.4828635497e+01, +6.5276297762e+01
+9.8038578261e+01, +6.4545180429e+01
+5.5710952413e+01, -2.7497670975e+01
-3.9305138319e+01, -3.9969603073e+01
-9.9678008243e+01, +6.4192761153e+01
-9.6426160630e+01, +6.4907974198e+01
-9.3243436025e+01, +6.5649440023e+01
-9.0108703467e+01, +6.6407685112e+01
-8.7020393567e+01, +6.7178354797e+01
-8.3978346200e+01, +6.7957220511e+01
-8.0982410616e+01, +6.8740141977e+01
-7.8032146340e+01, +6.9523127983e+01
-7.5126762041e+01, +7.0302401864e+01
-7.2265133355e+01, +7.1074454140e+01
-6.9445851382e+01, +7.1836077628e+01
-6.6667281688e+01, +7.2584385203e+01
-6.3927623786e+01, +7.3316812564e+01
-6.1224965827e+01, +7.4031109275e+01
-5.8557331994e+01, +7.4725321424e+01
-5.5922721710e+01, +7.5397768924e+01
-5.3319140811e+01, +7.6047019920e+01
-5.0744625352e+01, +7.6671864199e+01
-4.8197259039e+01, +7.7271286972e+01
-4.5675185293e+01, +7.7844443920e+01
-4.3176614965e+01, +7.8390638061e+01
-4.0699830601e+01, +7.8909298718e+01
-3.8243188034e+01, +7.9399962673e+01
-3.5805115956e+01, +7.9862257500e+01
-3.3384113990e+01, +8.0295886928e+01
-3.0978749690e+01, +8.0700618116e+01
-2.8587654796e+01, +8.1076270639e+01
-2.6209520988e+01, +8.1422707009e+01
-2.3843095330e+01, +8.1739824558e+01
-2.1487175556e+01, +8.2027548524e+01
-1.9140605270e+01, +8.2285826170e+01
-1.6802269159e+01, +8.2514621834e+01
-1.4471088243e+01, +8.2713912760e+01
-1.2146015198e+01, +8.2883685641e+01
-9.8260297659e+00, +8.3023933767e+01
-7.5101342510e+00, +8.3134654709e+01
-5.1973491012e+00, +8.3215848498e+01
-2.8867085624e+00, +8.3267516223e+01
-5.7725639392e-01, +8.3289659045e+01
