-1.3332763355e+02, -5.7107557487e-01
-1.4951529299e+02, +6.8058298461e+01
-1.5836483986e+02, +6.1249633109e+01
-9.3649892278e+01, -1.8752583988e+01
-1.4312633188e+02, -5.1566524276e-01
-1.5215707311e+02, -4.8302911469e-01
-1.5647975255e+02, -4.7109161541e-01
-1.6070332259e+02, -4.6106869137e-01
-1.6484298493e+02, -4.5251410928e-01
-1.6891054586e+02, -4.4511439551e-01
-1.7291538756e+02, -4.3864198152e-01
-1.7686510865e+02, -4.3292711713e-01
-1.8076596235e+02, -4.2784026044e-01
-1.8462316523e+02, -4.2328061433e-01
-1.8844112054e+02, -4.1916842278e-01
-1.9222358331e+02, -4.1543965036e-01
-1.9597378482e+02, -4.1204221921e-01
-2.0715641175e+02, +5.6250827711e+01
-2.1070306390e+02, -4.0100915578e-01
-1.7686510865e+02, -4.3292711713e-01
-2.0338826158e+02, -4.0607727023e-01
-2.1579503685e+02, +6.0295939901e+01
-2.1432772992e+02, -3.9875032341e-01
-2.1793264935e+02, -3.9664936771e-01
-2.2151917934e+02, -3.9469037442e-01
-2.2508854263e+02, -3.9285953014e-01
-2.2864184494e+02, -3.9114478151e-01
-2.3218008966e+02, -3.8953555945e-01
-2.3570419025e+02, -3.8802255434e-01
-2.3921498078e+02, -3.8659753127e-01
-2.4271322495e+02, -3.8525317731e-01
-2.4619962388e+02, -3.8398297439e-01
-2.4967482281e+02, -3.8278109286e-01
-2.5313941689e+02, -3.8164230191e-01
-2.5659395631e+02, -3.8056189377e-01
-2.6003895067e+02, -3.7953561926e-01
-2.6347487297e+02, -3.7855963271e-01
-2.6690216297e+02, -3.7763044478e-01
-2.7032123025e+02, -3.7674488169e-01
-2.7373245696e+02, -3.7590005014e-01
-2.7713620013e+02, -3.7509330665e-01
-2.8053279390e+02, -3.7432223110e-01
-2.8392255136e+02, -3.7358460335e-01
-2.8730576633e+02, -3.7287838298e-01
-2.9068271488e+02, -3.7220169129e-01
-2.9405365670e+02, -3.7155279557e-01
-2.9481353579e+02, +5.1848469142e+01
-3.0784204866e+02, +5.1766170917e+01
-3.0748204568e+02, -3.6920488698e-01
-3.1082635878e+02, -3.6867319425e-01
-3.1498894728e+02, +5.5291397876e+01
-3.2083161274e+02, -3.6719277623e-01
-3.3079873475e+02, -3.6586485058e-01
-3.6050725771e+02, -3.6260136185e-01
-2.6347487297e+02, -3.7855963271e-01
-3.0748204568e+02, -3.6920488698e-01
-3.1750097219e+02, -3.6766813072e-01
-3.2415802164e+02, -3.6673432658e-01
-3.3219427564e+02, +5.0792359109e+01
-3.3411331625e+02, -3.6545230799e-01
-3.3742422152e+02, -3.6505362977e-01
-3.4073157329e+02, -3.6466816979e-01
-3.4226904508e+02, +5.0475109439e+01
-3.4032554281e+02, +8.6448143652e+01
-3.5775465912e+02, +5.0327533078e+01
-3.5602089461e+02, +4.8238802846e+01
-3.6050725771e+02, -3.6260136185e-01
-3.6379273377e+02, -3.6229326824e-01
-3.6707545921e+02, -3.6199440961e-01
-3.7035551600e+02, -3.6170440432e-01
-3.7363298274e+02, -3.6142289099e-01
-3.7690793484e+02, -3.6114952719e-01
-3.8018044470e+02, -3.6088398821e-01
-3.8345058182e+02, -3.6062596593e-01
-3.8671841301e+02, -3.6037516781e-01
-3.8998400248e+02, -3.6013131589e-01
-3.9324741199e+02, -3.5989414592e-01
-3.9650870097e+02, -3.5966340655e-01
-3.9976792660e+02, -3.5943885851e-01
-4.0302514397e+02, -3.5922027395e-01
-4.0628040614e+02, -3.5900743575e-01
-4.0953376427e+02, -3.5880013690e-01
-4.1278526765e+02, -3.5859817992e-01
-4.1603496385e+02, -3.5840137635e-01
-4.1928289876e+02, -3.5820954622e-01
-4.2252911668e+02, -3.5802251758e-01
-4.2577366038e+02, -3.5784012611e-01
-4.2901657119e+02, -3.5766221463e-01
-4.3225788901e+02, -3.5748863280e-01
-4.3549765245e+02, -3.5731923668e-01
-4.3873589881e+02, -3.5715388847e-01
-4.4197266419e+02, -3.5699245614e-01
-4.4520798350e+02, -3.5683481316e-01
-4.4844189054e+02, -3.5668083821e-01
-4.5167441802e+02, -3.5653041492e-01
-4.5490559764e+02, -3.5638343162e-01
-4.5813546009e+02, -3.5623978112e-01
-4.6136403511e+02, -3.5609936049e-01
-4.6459135151e+02, -3.5596207084e-01
-4.6781743726e+02, -3.5582781713e-01
-4.7104231946e+02, -3.5569650800e-01
-4.7426602439e+02, -3.5556805557e-01
-4.7748857756e+02, -3.5544237534e-01
-4.8071000374e+02, -3.5531938594e-01
-4.8393032695e+02, -3.5519900906e-01
-4.8714957054e+02, -3.5508116929e-01
-4.9036775717e+02, -3.5496579399e-01
-4.9358490886e+02, -3.5485281313e-01
-4.9680104702e+02, -3.5474215926e-01
-5.0001619242e+02, -3.5463376730e-01
-5.0323036531e+02, -3.5452757450e-01
-5.0644358532e+02, -3.5442352032e-01
-5.0965587159e+02, -3.5432154634e-01
-5.1286724270e+02, -3.5422159615e-01
-5.1607771677e+02, -3.5412361530e-01
-5.1928731139e+02, -3.5402755118e-01
-5.2249604372e+02, -3.5393335298e-01
-5.2570393043e+02, -3.5384097158e-01
-5.2891098780e+02, -3.5375035952e-01
-5.3211723163e+02, -3.5366147090e-01
-5.3532267736e+02, -3.5357426133e-01
-5.3852734001e+02, -3.5348868787e-01
-5.4173123422e+02, -3.5340470897e-01
-5.4493437426e+02, -3.5332228442e-01
-5.4813677405e+02, -3.5324137529e-01
-5.5133844714e+02, -3.5316194390e-01
-5.5453940677e+02, -3.5308395374e-01
-5.5773966584e+02, -3.5300736944e-01
-5.6093923693e+02, -3.5293215674e-01
-5.6413813234e+02, -3.5285828243e-01
-5.6733636405e+02, -3.5278571432e-01
-5.7053394374e+02, -3.5271442120e-01
-5.7373088285e+02, -3.5264437281e-01
-5.7692719252e+02, -3.5257553979e-01
-5.8012288364e+02, -3.5250789365e-01
-5.8331796685e+02, -3.5244140676e-01
-5.8651245252e+02, -3.5237605230e-01
-5.8970635081e+02, -3.5231180421e-01
-5.9289967162e+02, -3.5224863723e-01
-5.9609242466e+02, -3.5218652680e-01
-5.9928461937e+02, -3.5212544907e-01
-6.0247626503e+02, -3.5206538087e-01
-6.0566737068e+02, -3.5200629970e-01
-6.0885794517e+02, -3.5194818368e-01
-6.1204799714e+02, -3.5189101154e-01
-6.1523753507e+02, -3.5183476261e-01
-6.1842656722e+02, -3.5177941680e-01
-6.2161510170e+02, -3.5172495455e-01
-6.2480314643e+02, -3.5167135684e-01
-6.2799070916e+02, -3.5161860520e-01
-6.3117779748e+02, -3.5156668161e-01
-6.3436441881e+02, -3.5151556856e-01
-6.3755058043e+02, -3.5146524900e-01
-6.4073628944e+02, -3.5141570635e-01
-6.4392155283e+02, -3.5136692444e-01
-6.4710637741e+02, -3.5131888754e-01
-6.5029076987e+02, -3.5127158034e-01
-6.5347473676e+02, -3.5122498790e-01
-6.5665828448e+02, -3.5117909568e-01
-6.5984141933e+02, -3.5113388953e-01
-6.6302414744e+02, -3.5108935563e-01
-6.6620647487e+02, -3.5104548053e-01
-6.6938840752e+02, -3.5100225112e-01
-6.7256995119e+02, -3.5095965460e-01
-6.7575111155e+02, -3.5091767852e-01
-6.7893189418e+02, -3.5087631071e-01
-6.8211230453e+02, -3.5083553932e-01
-6.8529234796e+02, -3.5079535278e-01
-6.8847202972e+02, -3.5075573981e-01
-6.9165135496e+02, -3.5071668940e-01
-6.9483032873e+02, -3.5067819080e-01
-6.9800895597e+02, -3.5064023354e-01
-7.0118724157e+02, -3.5060280737e-01
-7.0436519027e+02, -3.5056590232e-01
-7.0754280676e+02, -3.5052950862e-01
-7.1072009564e+02, -3.5049361675e-01
-7.1389706141e+02, -3.5045821742e-01
-7.1707370849e+02, -3.5042330154e-01
-7.2025004123e+02, -3.5038886024e-01
-7.2342606388e+02, -3.5035488485e-01
-7.2660178064e+02, -3.5032136690e-01
-7.2977719561e+02, -3.5028829813e-01
-7.3295231282e+02, -3.5025567044e-01
-7.3612713625e+02, -3.5022347593e-01
-7.3930166977e+02, -3.5019170688e-01
-7.4247591721e+02, -3.5016035574e-01
-7.4564988234e+02, -3.5012941512e-01
-7.4882356883e+02, -3.5009887781e-01
-7.5199698030e+02, -3.5006873675e-01
-7.5517012033e+02, -3.5003898504e-01
-7.5834299241e+02, -3.5000961592e-01
-7.6151559997e+02, -3.4998062279e-01
-7.6468794640e+02, -3.4995199919e-01
-7.6786003501e+02, -3.4992373879e-01
-7.7103186907e+02, -3.4989583542e-01
-7.7420345180e+02, -3.4986828302e-01
-7.7737478634e+02, -3.4984107566e-01
-7.8054587579e+02, -3.4981420755e-01
-7.8371672320e+02, -3.4978767301e-01
-7.8688733158e+02, -3.4976146649e-01
-7.9005770387e+02, -3.4973558254e-01
-7.9322784298e+02, -3.4971001584e-01
-7.9639775174e+02, -3.4968476117e-01
-7.9956743298e+02, -3.4965981343e-01
-8.0273688944e+02, -3.4963516761e-01
-8.0590612384e+02, -3.4961081882e-01
-8.0907513886e+02, -3.4958676224e-01
-8.1224393712e+02, -3.4956299318e-01
-8.1541252120e+02, -3.4953950704e-01
-8.1858089366e+02, -3.4951629929e-01
-8.2174905699e+02, -3.4949336551e-01
-8.2491701365e+02, -3.4947070136e-01
-8.2808476608e+02, -3.4944830260e-01
-8.3125231666e+02, -3.4942616506e-01
-8.3441966773e+02, -3.4940428465e-01
-8.3758682162e+02, -3.4938265738e-01
-8.4075378059e+02, -3.4936127931e-01
-8.4392054689e+02, -3.4934014660e-01
-8.4708712273e+02, -3.4931925548e-01
-8.5025351027e+02, -3.4929860224e-01
-8.5341971167e+02, -3.4927818325e-01
-8.5658572902e+02, -3.4925799496e-01
-8.5975156440e+02, -3.4923803386e-01
-8.6291721985e+02, -3.4921829654e-01
-8.6608269740e+02, -3.4919877964e-01
-8.6924799902e+02, -3.4917947985e-01
-8.7241312666e+02, -3.4916039394e-01
-8.7557808225e+02, -3.4914151874e-01
-8.7874286768e+02, -3.4912285112e-01
-8.8190748483e+02, -3.4910438804e-01
-8.8507193553e+02, -3.4908612648e-01
-8.8823622160e+02, -3.4906806351e-01
-8.9140034482e+02, -3.4905019623e-01
-8.9456430696e+02, -3.4903252180e-01
-8.9772810974e+02, -3.4901503744e-01
-9.0089175489e+02, -3.4899774040e-01
-9.0405524408e+02, -3.4898062800e-01
-9.0721857898e+02, -3.4896369760e-01
-9.1038176122e+02, -3.4894694661e-01
-9.1354479243e+02, -3.4893037248e-01
-9.1670767419e+02, -3.4891397272e-01
-9.1987040807e+02, -3.4889774486e-01
-9.2303299562e+02, -3.4888168650e-01
-9.2619543836e+02, -3.4886579526e-01
-9.2935773780e+02, -3.4885006881e-01
-9.3251989543e+02, -3.4883450488e-01
-9.3568191270e+02, -3.4881910120e-01
-9.3884379106e+02, -3.4880385558e-01
-9.4200553193e+02, -3.4878876583e-01
-9.4516713671e+02, -3.4877382984e-01
-9.4832860679e+02, -3.4875904550e-01
-9.5148994354e+02, -3.4874441074e-01
-9.5465114830e+02, -3.4872992355e-01
-9.5781222239e+02, -3.4871558194e-01
-9.6097316714e+02, -3.4870138394e-01
-9.6413398383e+02, -3.4868732763e-01
-9.6729467373e+02, -3.4867341113e-01
-9.7045523812e+02, -3.4865963256e-01
-9.7361567822e+02, -3.4864599010e-01
-9.7677599527e+02, -3.4863248195e-01
-9.7993619047e+02, -3.4861910634e-01
-9.8309626502e+02, -3.4860586154e-01
-9.8625622010e+02, -3.4859274582e-01
-9.8941605687e+02, -3.4857975752e-01
-9.9257577647e+02, -3.4856689496e-01
-9.9573538004e+02, -3.4855415653e-01
-9.9889486870e+02, -3.4854154062e-01
-1.0020542435e+03, -3.4852904565e-01
-1.0052135057e+03, -3.4851667007e-01
-1.0083726561e+03, -3.4850441237e-01
-1.0115316960e+03, -3.4849227103e-01
-1.0146906264e+03, -3.4848024457e-01
-1.0178494483e+03, -3.4846833155e-01
-1.0210081626e+03, -3.4845653054e-01
-1.0241667705e+03, -3.4844484012e-01
-1.0273252730e+03, -3.4843325891e-01
-1.0304836709e+03, -3.4842178554e-01
-1.0336419653e+03, -3.4841041868e-01
-1.0368001572e+03, -3.4839915699e-01
-1.0399582475e+03, -3.4838799919e-01
-1.0431162370e+03, -3.4837694398e-01
-1.0462741269e+03, -3.4836599010e-01
-1.0494319178e+03, -3.4835513632e-01
-1.0525896109e+03, -3.4834438141e-01
-1.0557472069e+03, -3.4833372417e-01
-1.0589047067e+03, -3.4832316341e-01
-1.0620621113e+03, -3.4831269796e-01
-1.0652194214e+03, -3.4830232667e-01
-1.0683766379e+03, -3.4829204842e-01
-1.0715337616e+03, -3.4828186208e-01
-1.0746907935e+03, -3.4827176655e-01
-1.0778477342e+03, -3.4826176076e-01
-1.0810045846e+03, -3.4825184364e-01
-1.0841613455e+03, -3.4824201413e-01
-1.0873180178e+03, -3.4823227120e-01
-1.0904746021e+03, -3.4822261384e-01
-1.0936310992e+03, -3.4821304104e-01
-1.0967875099e+03, -3.4820355180e-01
-1.0999438350e+03, -3.4819414516e-01
-1.1031000752e+03, -3.4818482015e-01
-1.1062562313e+03, -3.4817557583e-01
-1.1094123039e+03, -3.4816641126e-01
-1.1125682938e+03, -3.4815732552e-01
-1.1157242017e+03, -3.4814831771e-01
-1.1188800282e+03, -3.4813938694e-01
-1.1220357742e+03, -3.4813053231e-01
-1.1251914403e+03, -3.4812175298e-01
-1.1283470271e+03, -3.4811304807e-01
-1.1315025353e+03, -3.4810441675e-01
-1.1346579656e+03, -3.4809585819e-01
-1.1378133187e+03, -3.4808737156e-01
-1.1409685951e+03, -3.4807895606e-01
-1.1441237956e+03, -3.4807061090e-01
-1.1472789208e+03, -3.4806233528e-01
-1.1504339712e+03, -3.4805412843e-01
-1.1535889476e+03, -3.4804598959e-01
-1.1567438505e+03, -3.4803791800e-01
-1.1598986806e+03, -3.4802991293e-01
-1.1630534383e+03, -3.4802197364e-01
-1.1662081244e+03, -3.4801409940e-01
-1.1693627395e+03, -3.4800628952e-01
-1.1725172840e+03, -3.4799854327e-01
-1.1756717586e+03, -3.4799085998e-01
-1.1788261638e+03, -3.4798323895e-01
-1.1819805002e+03, -3.4797567952e-01
-1.1851347684e+03, -3.4796818102e-01
-1.1882889688e+03, -3.4796074278e-01
-1.1914431021e+03, -3.4795336418e-01
-1.1945971688e+03, -3.4794604456e-01
-1.1977511694e+03, -3.4793878329e-01
-1.2009051045e+03, -3.4793157976e-01
-1.2040589745e+03, -3.4792443335e-01
-1.2072127800e+03, -3.4791734346e-01
-1.2103665215e+03, -3.4791030949e-01
-1.2135201994e+03, -3.4790333085e-01
-1.2166738144e+03, -3.4789640696e-01
-1.2198273668e+03, -3.4788953724e-01
-1.2229808572e+03, -3.4788272114e-01
-1.2261342861e+03, -3.4787595808e-01
-1.2292876539e+03, -3.4786924753e-01
-1.2324409611e+03, -3.4786258892e-01
-1.2355942082e+03, -3.4785598174e-01
-1.2387473956e+03, -3.4784942544e-01
-1.2419005238e+03, -3.4784291951e-01
-1.2450535933e+03, -3.4783646343e-01
-1.2482066045e+03, -3.4783005668e-01
-1.2513595578e+03, -3.4782369877e-01
-1.2545124537e+03, -3.4781738919e-01
-1.2576652926e+03, -3.4781112746e-01
-1.2608180750e+03, -3.4780491309e-01
-1.2639708012e+03, -3.4779874560e-01
-1.2671234718e+03, -3.4779262453e-01
-1.2702760871e+03, -3.4778654939e-01
-1.2734286475e+03, -3.4778051975e-01
-1.2765811535e+03, -3.4777453513e-01
-1.2797336054e+03, -3.4776859509e-01
-1.2828860037e+03, -3.4776269919e-01
-1.2860383487e+03, -3.4775684698e-01
-1.2891906409e+03, -3.4775103805e-01
-1.2923428806e+03, -3.4774527195e-01
-1.2954950683e+03, -3.4773954827e-01
-1.2986472042e+03, -3.4773386659e-01
-1.3017992889e+03, -3.4772822650e-01
-1.3049513226e+03, -3.4772262759e-01
-1.3081033057e+03, -3.4771706947e-01
-1.3112552386e+03, -3.4771155172e-01
-1.3144071217e+03, -3.4770607398e-01
-1.3175589553e+03, -3.4770063583e-01
-1.3207107399e+03, -3.4769523691e-01
-1.3238624756e+03, -3.4768987684e-01
-1.3270141629e+03, -3.4768455524e-01
-1.3301658022e+03, -3.4767927174e-01
-1.3333173937e+03, -3.4767402599e-01
-1.3364689379e+03, -3.4766881761e-01
-1.3396204350e+03, -3.4766364626e-01
-1.3427718854e+03, -3.4765851158e-01
-1.3459232894e+03, -3.4765341322e-01
-1.3490746474e+03, -3.4764835085e-01
-1.3522259597e+03, -3.4764332413e-01
-1.3553772265e+03, -3.4763833271e-01
-1.3585284483e+03, -3.4763337627e-01
-1.3616796252e+03, -3.4762845448e-01
-1.3648307578e+03, -3.4762356701e-01
-1.3679818461e+03, -3.4761871356e-01
-1.3711328907e+03, -3.4761389379e-01
-1.3742838917e+03, -3.4760910741e-01
-1.3774348494e+03, -3.4760435409e-01
-1.3805857642e+03, -3.4759963355e-01
-1.3837366364e+03, -3.4759494546e-01
-1.3868874662e+03, -3.4759028955e-01
-1.3900382540e+03, -3.4758566550e-01
-1.3931890000e+03, -3.4758107304e-01
-1.3963397045e+03, -3.4757651186e-01
-1.3994903678e+03, -3.4757198170e-01
-1.4026409902e+03, -3.4756748226e-01
-1.4057915719e+03, -3.4756301327e-01
-1.4089421133e+03, -3.4755857446e-01
-1.4120926145e+03, -3.4755416554e-01
-1.4152430759e+03, -3.4754978626e-01
-1.4183934978e+03, -3.4754543635e-01
-1.4215438803e+03, -3.4754111554e-01
-1.4246942239e+03, -3.4753682357e-01
-1.4278445286e+03, -3.4753256019e-01
-1.4309947948e+03, -3.4752832515e-01
-1.4341450228e+03, -3.4752411818e-01
-1.4372952128e+03, -3.4751993905e-01
-1.4404453650e+03, -3.4751578751e-01
-1.4435954797e+03, -3.4751166331e-01
-1.4467455571e+03, -3.4750756622e-01
-1.4498955975e+03, -3.4750349599e-01
-1.4530456012e+03, -3.4749945240e-01
-1.4561955683e+03, -3.4749543520e-01
-1.4593454991e+03, -3.4749144417e-01
-1.4624953938e+03, -3.4748747908e-01
-1.4656452528e+03, -3.4748353971e-01
-1.4687950761e+03, -3.4747962584e-01
-1.4719448641e+03, -3.4747573723e-01
-1.4750946169e+03, -3.4747187369e-01
-1.4782443348e+03, -3.4746803498e-01
-1.4813940180e+03, -3.4746422090e-01
-1.4845436668e+03, -3.4746043123e-01
-1.4876932814e+03, -3.4745666578e-01
-1.4908428619e+03, -3.4745292432e-01
-1.4939924086e+03, -3.4744920667e-01
-1.4971419217e+03, -3.4744551260e-01
-1.5002914014e+03, -3.4744184194e-01
-1.5034408480e+03, -3.4743819447e-01
-1.5065902616e+03, -3.4743457000e-01
-1.5097396424e+03, -3.4743096835e-01
-1.5128889907e+03, -3.4742738930e-01
-1.5160383067e+03, -3.4742383269e-01
-1.5191875905e+03, -3.4742029832e-01
-1.5223368424e+03, -3.4741678600e-01
-1.5254860626e+03, -3.4741329555e-01
-1.5286352512e+03, -3.4740982679e-01
-1.5317844084e+03, -3.4740637955e-01
-1.5349335345e+03, -3.4740295363e-01
-1.5380826297e+03, -3.4739954886e-01
-1.5412316941e+03, -3.4739616508e-01
-1.5443807279e+03, -3.4739280211e-01
-1.5475297313e+03, -3.4738945978e-01
-1.5506787045e+03, -3.4738613791e-01
-1.5538276477e+03, -3.4738283634e-01
-1.5569765611e+03, -3.4737955491e-01
-1.5601254448e+03, -3.4737629346e-01
-1.5632742990e+03, -3.4737305181e-01
-1.5664231239e+03, -3.4736982981e-01
-1.5695719197e+03, -3.4736662731e-01
-1.5727206866e+03, -3.4736344413e-01
-1.5758694247e+03, -3.4736028014e-01
-1.5790181342e+03, -3.4735713516e-01
-1.5821668153e+03, -3.4735400906e-01
-1.5853154681e+03, -3.4735090168e-01
-1.5884640929e+03, -3.4734781286e-01
-1.5916126897e+03, -3.4734474247e-01
-1.5947612588e+03, -3.4734169036e-01
-1.5979098003e+03, -3.4733865638e-01
-1.6010583144e+03, -3.4733564038e-01
-1.6042068012e+03, -3.4733264222e-01
-1.6073552609e+03, -3.4732966177e-01
-1.6105036937e+03, -3.4732669889e-01
-1.6136520997e+03, -3.4732375343e-01
-1.6168004791e+03, -3.4732082526e-01
-1.6199488320e+03, -3.4731791424e-01
-1.6230971586e+03, -3.4731502025e-01
-1.6262454591e+03, -3.4731214314e-01
-1.6293937335e+03, -3.4730928278e-01
-1.6325419821e+03, -3.4730643906e-01
-1.6356902050e+03, -3.4730361182e-01
-1.6388384024e+03, -3.4730080096e-01
-1.6419865743e+03, -3.4729800634e-01
-1.6451347210e+03, -3.4729522784e-01
-1.6482828426e+03, -3.4729246533e-01
-1.6514309391e+03, -3.4728971869e-01
-1.6545790109e+03, -3.4728698780e-01
-1.6577270580e+03, -3.4728427254e-01
-1.6608750805e+03, -3.4728157279e-01
-1.6640230787e+03, -3.4727888843e-01
-1.6671710526e+03, -3.4727621934e-01
-1.6703190023e+03, -3.4727356541e-01
-1.6734669281e+03, -3.4727092652e-01
-1.6766148300e+03, -3.4726830257e-01
-1.6797627082e+03, -3.4726569342e-01
-1.6829105628e+03, -3.4726309899e-01
-1.6860583939e+03, -3.4726051915e-01
-1.6892062018e+03, -3.4725795379e-01
-1.6923539864e+03, -3.4725540282e-01
-1.6955017480e+03, -3.4725286611e-01
-1.6986494866e+03, -3.4725034356e-01
-1.7017972025e+03, -3.4724783507e-01
-1.7049448957e+03, -3.4724534053e-01
-1.7080925663e+03, -3.4724285984e-01
-1.7112402145e+03, -3.4724039290e-01
-1.7143878404e+03, -3.4723793961e-01
-1.7175354441e+03, -3.4723549985e-01
-1.7206830258e+03, -3.4723307355e-01
-1.7238305855e+03, -3.4723066059e-01
-1.7269781235e+03, -3.4722826087e-01
-1.7301256397e+03, -3.4722587431e-01
-1.7332731343e+03, -3.4722350080e-01
+1.0149952947e+02, -7.4168637659e+00
+9.7987963082e+01, -1.2720007916e+01
+9.5021507901e+01, -1.6903534967e+01
+9.2331107832e+01, -2.0482030909e+01
+8.9815378196e+01, -2.3655273769e+01
+8.7422723577e+01, -2.6527622307e+01
+8.5122560122e+01, -2.9162422867e+01
+8.2894966591e+01, -3.1601853843e+01
+8.0726101905e+01, -3.3875828681e+01
+7.8605885328e+01, -3.6006558949e+01
+7.6526705663e+01, -3.8011123351e+01
+7.4482650437e+01, -3.9903019226e+01
+7.2469019555e+01, -4.1693152134e+01
+7.0482004603e+01, -4.3390495278e+01
+6.8518469573e+01, -4.5002544982e+01
+6.6575796316e+01, -4.6535644890e+01
+6.4651772794e+01, -4.7995222669e+01
+6.2744510443e+01, -4.9385966656e+01
+6.0852381899e+01, -5.0711960219e+01
+5.8973973251e+01, -5.1976785670e+01
+5.7108046891e+01, -5.3183605812e+01
+5.5253512210e+01, -5.4335228797e+01
+5.3409402212e+01, -5.5434160295e+01
+5.1574854645e+01, -5.6482645921e+01
+4.9749096618e+01, -5.7482706056e+01
+4.7931431960e+01, -5.8436164673e+01
+4.6121230732e+01, -5.9344673399e+01
+4.4317920464e+01, -6.0209731727e+01
+4.2520978789e+01, -6.1032704119e+01
+4.0729927191e+01, -6.1814834558e+01
+3.8944325684e+01, -6.2557258991e+01
+3.7163768247e+01, -6.3261016033e+01
+3.5387878886e+01, -6.3927056208e+01
+3.3616308225e+01, -6.4556249954e+01
+3.1848730528e+01, -6.5149394596e+01
+3.0084841095e+01, -6.5707220422e+01
+2.8324353973e+01, -6.6230396011e+01
+2.6566999925e+01, -6.6719532893e+01
+2.4812524630e+01, -6.7175189651e+01
+2.3060687075e+01, -6.7597875523e+01
+2.1311258112e+01, -6.7988053576e+01
+1.9564019150e+01, -6.8346143498e+01
+1.7818760984e+01, -6.8672524046e+01
+1.6075282709e+01, -6.8967535207e+01
+1.4333390741e+01, -6.9231480071e+01
+1.2592897902e+01, -6.9464626482e+01
+1.0853622577e+01, -6.9667208446e+01
+9.1153879274e+00, -6.9839427358e+01
+7.3780211435e+00, -6.9981453024e+01
+5.6413527443e+00, -7.0093424522e+01
+3.9052159042e+00, -7.0175450892e+01
+2.1694458048e+00, -7.0227611678e+01
+4.3387900590e-01, -7.0249957312e+01
-1.3016471709e+00, -7.0242509366e+01
-3.0372952520e+00, -7.0205260652e+01
-4.7732282202e+00, -7.0138175190e+01
-6.5096101269e+00, -7.0041188032e+01
-8.2466067147e+00, -6.9914204943e+01
-9.9843860546e+00, -6.9757101941e+01
-1.1723119206e+01, -6.9569724681e+01
-1.3462980902e+01, -6.9351887680e+01
-1.5204150275e+01, -6.9103373377e+01
-1.6946811620e+01, -6.8823931012e+01
-1.8691155207e+01, -6.8513275309e+01
-2.0437378163e+01, -6.8171084948e+01
-2.2185685415e+01, -6.7797000810e+01
-2.3936290719e+01, -6.7390623958e+01
-2.5689417791e+01, -6.6951513343e+01
-2.7445301539e+01, -6.6479183183e+01
-2.9204189442e+01, -6.5973099989e+01
-3.0966343065e+01, -6.5432679186e+01
-3.2732039765e+01, -6.4857281265e+01
-3.4501574599e+01, -6.4246207414e+01
-3.6275262480e+01, -6.3598694536e+01
-3.8053440617e+01, -6.2913909563e+01
-3.9836471299e+01, -6.2190942945e+01
-4.1624745076e+01, -6.1428801187e+01
-4.3418684421e+01, -6.0626398247e+01
-4.5218747972e+01, -5.9782545601e+01
-4.7025435451e+01, -5.8895940703e+01
-4.8839293431e+01, -5.7965153542e+01
-5.0660922115e+01, -5.6988610876e+01
-5.2490983365e+01, -5.5964577653e+01
-5.4330210276e+01, -5.4891134976e+01
-5.6179418685e+01, -5.3766153794e+01
-5.8039521095e+01, -5.2587263248e+01
-5.9911543694e+01, -5.1351812282e+01
-6.1796647338e+01, -5.0056822651e+01
-6.3696153685e+01, -4.8698930840e+01
-6.5611578142e+01, -4.7274315444e+01
-6.7544671908e+01, -4.5778605276e+01
-6.9497476391e+01, -4.4206761437e+01
-7.1472394786e+01, -4.2552923603e+01
-7.3472287922e+01, -4.0810206052e+01
-7.5500605295e+01, -3.8970421468e+01
-7.7561568506e+01, -3.7023697983e+01
-7.9660435360e+01, -3.4957933370e+01
-8.1803892835e+01, -3.2757991200e+01
-8.4000665632e+01, -3.0404469242e+01
-8.6262505986e+01, -2.7871718247e+01
-8.8605906766e+01, -2.5124452211e+01
-9.1055317299e+01, -2.2111461290e+01
-1.2266926986e+02, +7.1662938169e+01
-1.2592537506e+02, +7.0696072958e+01
-1.2923288603e+02, +6.9752815661e+01
-1.3261228364e+02, +6.8842169882e+01
-1.3090814608e+02, +6.9291743795e+01
-8.8760142188e+01, +8.3130862676e+01
-8.6085924853e+01, +8.4064478047e+01
-8.3447343942e+01, +8.4977875794e+01
-8.0842426196e+01, +8.5869841529e+01
-7.8269255024e+01, +8.6739366392e+01
-7.5725982730e+01, +8.7585621074e+01
-7.3210838374e+01, +8.8407931850e+01
-7.0722132221e+01, +8.9205758882e+01
-6.8258257557e+01, +8.9978676804e+01
-6.3398988527e+01, +9.1448555404e+01
+8.2894966591e+01, -3.1601853843e+01
+1.3090825677e+02, +6.9291713771e+01
+1.2757215156e+02, +7.0221306083e+01
+1.2429068918e+02, +7.1176930389e+01
+1.2105980142e+02, +7.2153934240e+01
+1.1787950284e+02, +7.3147867194e+01
+1.1475010700e+02, +7.4154269188e+01
+1.1167164530e+02, +7.5168756938e+01
+1.0864373980e+02, +7.6187115210e+01
+1.0566560249e+02, +7.7205372600e+01
+1.0273608185e+02, +7.8219856493e+01
+9.9853727327e+01, +7.9227226830e+01
+9.7016857947e+01, +8.0224490909e+01
+9.4223627664e+01, +8.1209002709e+01
+9.1472083602e+01, +8.2178450589e+01
+8.8760215537e+01, +8.3130836982e+01
+8.6085996295e+01, +8.4064453201e+01
+8.3447413572e+01, +8.4977851812e+01
+8.0842494105e+01, +8.5869818421e+01
+7.8269321299e+01, +8.6739344162e+01
+7.5726047451e+01, +8.7585599720e+01
+7.3210901619e+01, +8.8407911369e+01
+7.0722194064e+01, +8.9205739265e+01
+6.8258318064e+01, +8.9978658041e+01
+6.5817749759e+01, +9.0726339651e+01
+6.3399046551e+01, +9.1448538311e+01
+6.1000844479e+01, +9.2145077392e+01
+5.8621854907e+01, +9.2815838043e+01
+5.6260860764e+01, +9.3460749379e+01
+5.3916712542e+01, +9.4079780034e+01
+5.1588324176e+01, +9.4672930913e+01
+4.9274668922e+01, +9.5240228979e+01
+4.6974775303e+01, +9.5781721951e+01
+4.4687723170e+01, +9.6297473765e+01
+4.2412639912e+01, +9.6787560715e+01
+4.0148696845e+01, +9.7252068157e+01
+3.7895105767e+01, +9.7691087704e+01
+3.5651115711e+01, +9.8104714843e+01
+3.3416009869e+01, +9.8493046911e+01
+3.1189102699e+01, +9.8856181370e+01
+2.8969737193e+01, +9.9194214348e+01
+2.6757282309e+01, +9.9507239405e+01
+2.4551130550e+01, +9.9795346480e+01
+2.2350695671e+01, +1.0005862101e+02
+2.0155410520e+01, +1.0029714319e+02
+1.7964724986e+01, +1.0051098731e+02
+1.5778104051e+01, +1.0070022131e+02
+1.3595025930e+01, +1.0086490623e+02
+1.1414980294e+01, +1.0100509594e+02
+9.2374665551e+00, +1.0112083680e+02
+7.0619922209e+00, +1.0121216744e+02
+4.8880712863e+00, +1.0127911854e+02
+2.7152226722e+00, +1.0132171272e+02
+5.4296869021e-01, +1.0133996441e+02
-1.6291664705e+00, +1.0133387982e+02
-3.8016582458e+00, +1.0130345688e+02
-5.9749831972e+00, +1.0124868527e+02
-8.1496205183e+00, +1.0116954644e+02
-1.0326053558e+01, +1.0106601373e+02
-1.2504771368e+01, +1.0093805246e+02
-1.4686270285e+01, +1.0078562011e+02
-1.6871055559e+01, +1.0060866654e+02
-1.9059643030e+01, +1.0040713424e+02
-2.1252560872e+01, +1.0018095867e+02
-2.3450351412e+01, +9.9930068667e+01
-2.5653573035e+01, +9.9654386906e+01
-2.7862802176e+01, +9.9353830488e+01
-3.0078635430e+01, +9.9028311624e+01
-3.2301691773e+01, +9.8677738443e+01
-3.4532614921e+01, +9.8302015960e+01
-3.6772075818e+01, +9.7901047210e+01
-3.9020775290e+01, +9.7474734596e+01
-4.1279446853e+01, +9.7022981475e+01
-4.3548859700e+01, +9.6545694020e+01
-4.5829821857e+01, +9.6042783425e+01
-4.8123183534e+01, +9.5514168487e+01
-5.0429840649e+01, +9.4959778646e+01
-5.2750738535e+01, +9.4379557552e+01
-5.5086875806e+01, +9.3773467252e+01
-5.7439308356e+01, +9.3141493098e+01
-5.9809153459e+01, +9.2483649484e+01
-6.2197593898e+01, +9.1799986561e+01
-6.4605882041e+01, +9.1090598060e+01
-6.7035343743e+01, +9.0355630407e+01
-6.9487381912e+01, +8.9595293285e+01
-7.1963479509e+01, +8.8809871857e+01
-7.4465201708e+01, +8.7999740826e+01
-7.6994196834e+01, +8.7165380521e+01
-7.9552195607e+01, +8.6307395164e+01
-8.2141008104e+01, +8.5426533428e+01
-8.4762517709e+01, +8.4523711283e+01
-8.7418671195e+01, +8.3600037011e+01
-9.0111463935e+01, +8.2656838034e+01
-9.2842919142e+01, +8.1695688900e+01
-9.5615060011e+01, +8.0718439399e+01
-9.8429873703e+01, +7.9727241245e+01
-1.0128926643e+02, +7.8724571168e+01
-1.0419500947e+02, +7.7713247650e+01
-1.0714867707e+02, +7.6696437884e+01
-1.1015157881e+02, +7.5677651188e+01
-1.1320469179e+02, +7.4660715105e+01
-1.1630860282e+02, +7.3649731192e+01
-1.1946348013e+02, +7.2649009365e+01
-1.2266912084e+02, +7.1662983241e+01
-1.2592522565e+02, +7.0696116480e+01
-1.2923273610e+02, +6.9752857467e+01
-1.3261212928e+02, +6.8842208132e+01
-6.3696153685e+01, -4.8698930840e+01
+8.2894966591e+01, -3.1601853843e+01
+1.3090831240e+02, +6.9291698679e+01
+1.2757220577e+02, +7.0221290619e+01
+1.2429074218e+02, +7.1176914648e+01
+1.2105985323e+02, +7.2153918299e+01
+1.1787955348e+02, +7.3147851129e+01
+1.1475015647e+02, +7.4154253070e+01
+1.1167169364e+02, +7.5168740836e+01
+1.0864378701e+02, +7.6187099190e+01
+1.0566564861e+02, +7.7205356721e+01
+1.0273612691e+02, +7.8219840807e+01
+9.9853771370e+01, +7.9227211384e+01
+9.7016901010e+01, +8.0224475743e+01
+9.4223669789e+01, +8.1208987857e+01
+9.1472124831e+01, +8.2178436079e+01
+8.8760255910e+01, +8.3130822839e+01
+8.6086035854e+01, +8.4064439443e+01
+8.3447452357e+01, +8.4977838454e+01
+8.0842532153e+01, +8.5869805474e+01
+7.8269358646e+01, +8.6739331634e+01
+7.5726084133e+01, +8.7585587617e+01
+7.3210937668e+01, +8.8407899694e+01
+7.0722229511e+01, +8.9205728020e+01
+6.8258352939e+01, +8.9978647227e+01
+6.5817784090e+01, +9.0726329265e+01
+6.3399080364e+01, +9.1448528351e+01
+6.1000877798e+01, +9.2145067855e+01
+5.8621887755e+01, +9.2815828924e+01
+5.6260893163e+01, +9.3460740675e+01
+5.3916744512e+01, +9.4079771740e+01
+5.1588355736e+01, +9.4672923023e+01
+4.9274700091e+01, +9.5240221488e+01
+4.6974806097e+01, +9.5781714853e+01
+4.4687753605e+01, +9.6297467054e+01
+4.2412670005e+01, +9.6787554386e+01
+4.0148726609e+01, +9.7252062204e+01
+3.7895135216e+01, +9.7691082121e+01
+3.5651144858e+01, +9.8104709624e+01
+3.3416038726e+01, +9.8493042051e+01
+3.1189131277e+01, +9.8856176863e+01
+2.8969765503e+01, +9.9194210189e+01
+2.6757310364e+01, +9.9507235588e+01
+2.4551158358e+01, +9.9795343000e+01
+2.2350723243e+01, +1.0005861786e+02
+2.0155437864e+01, +1.0029714036e+02
+1.7964752112e+01, +1.0051098482e+02
+1.5778130967e+01, +1.0070021913e+02
+1.3595052645e+01, +1.0086490436e+02
+1.1415006815e+01, +1.0100509438e+02
+9.2374928916e+00, +1.0112083555e+02
+7.0620183798e+00, +1.0121216649e+02
+4.8880972751e+00, +1.0127911788e+02
+2.7152484981e+00, +1.0132171235e+02
+5.4299436041e-01, +1.0133996434e+02
-1.6291409490e+00, +1.0133388004e+02
-3.8016328662e+00, +1.0130345738e+02
-5.9749579526e+00, +1.0124868605e+02
-8.1495954020e+00, +1.0116954750e+02
-1.0326028563e+01, +1.0106601506e+02
-1.2504746488e+01, +1.0093805406e+02
-1.4686245514e+01, +1.0078562198e+02
-1.6871030890e+01, +1.0060866867e+02
-1.9059618455e+01, +1.0040713664e+02
-2.1252536386e+01, +1.0018096133e+02
-2.3450327008e+01, +9.9930071587e+01
-2.5653548706e+01, +9.9654390083e+01
-2.7862777915e+01, +9.9353833921e+01
-3.0078611229e+01, +9.9028315310e+01
-3.2301667627e+01, +9.8677742381e+01
-3.4532590821e+01, +9.8302020147e+01
-3.6772051756e+01, +9.7901051645e+01
-3.9020751260e+01, +9.7474739278e+01
-4.1279422847e+01, +9.7022986401e+01
-4.3548835708e+01, +9.6545699189e+01
-4.5829797872e+01, +9.6042788834e+01
-4.8123159546e+01, +9.5514174135e+01
-5.0429816649e+01, +9.4959784531e+01
-1.0376820718e+02, -3.7704908773e+00
-9.9642509903e+01, -1.0270822574e+01
-9.6460187028e+01, -1.4906914218e+01
-9.3649892278e+01, -1.8752583988e+01
-9.1055317299e+01, -2.2111461290e+01
-8.8605906766e+01, -2.5124452211e+01
-8.6262505986e+01, -2.7871718247e+01
-8.4000665632e+01, -3.0404469242e+01
-8.1803892835e+01, -3.2757991200e+01
-7.9660435360e+01, -3.4957933370e+01
-7.7561568506e+01, -3.7023697983e+01
-7.5500605295e+01, -3.8970421468e+01
-7.3472287922e+01, -4.0810206052e+01
-7.1472394786e+01, -4.2552923603e+01
-6.9497476391e+01, -4.4206761437e+01
-6.7544671908e+01, -4.5778605276e+01
-6.5611578142e+01, -4.7274315444e+01
-6.3696153685e+01, -4.8698930840e+01
-6.1796647338e+01, -5.0056822651e+01
-5.9911543694e+01, -5.1351812282e+01
-5.8039521095e+01, -5.2587263248e+01
-5.6179418685e+01, -5.3766153794e+01
-5.4330210276e+01, -5.4891134976e+01
-5.2490983365e+01, -5.5964577653e+01
-5.0660922115e+01, -5.6988610876e+01
-4.8839293431e+01, -5.7965153542e+01
-4.7025435451e+01, -5.8895940703e+01
-4.5218747972e+01, -5.9782545601e+01
-4.3418684421e+01, -6.0626398247e+01
-4.1624745076e+01, -6.1428801187e+01
-3.9836471299e+01, -6.2190942945e+01
-3.8053440617e+01, -6.2913909563e+01
-3.6275262480e+01, -6.3598694536e+01
-3.4501574599e+01, -6.4246207414e+01
-3.2732039765e+01, -6.4857281265e+01
-3.0966343065e+01, -6.5432679186e+01
-2.9204189442e+01, -6.5973099989e+01
-2.7445301539e+01, -6.6479183183e+01
-2.5689417791e+01, -6.6951513343e+01
-2.3936290719e+01, -6.7390623958e+01
-2.2185685415e+01, -6.7797000810e+01
-2.0437378163e+01, -6.8171084948e+01
-1.8691155207e+01, -6.8513275309e+01
-1.6946811620e+01, -6.8823931012e+01
-1.5204150275e+01, -6.9103373377e+01
-1.3462980902e+01, -6.9351887680e+01
-1.1723119206e+01, -6.9569724681e+01
-9.9843860546e+00, -6.9757101941e+01
-8.2466067147e+00, -6.9914204943e+01
-6.5096101269e+00, -7.0041188032e+01
-4.7732282202e+00, -7.0138175190e+01
-3.0372952520e+00, -7.0205260652e+01
-1.3016471709e+00, -7.0242509366e+01
+4.3387900590e-01, -7.0249957312e+01
+2.1694458048e+00, -7.0227611678e+01
+3.9052159042e+00, -7.0175450892e+01
+5.6413527443e+00, -7.0093424522e+01
+7.3780211435e+00, -6.9981453024e+01
+9.1153879274e+00, -6.9839427358e+01
+1.0853622577e+01, -6.9667208446e+01
+1.2592897902e+01, -6.9464626482e+01
+1.4333390741e+01, -6.9231480071e+01
+1.6075282709e+01, -6.8967535207e+01
+1.7818760984e+01, -6.8672524046e+01
+1.9564019150e+01, -6.8346143498e+01
+2.1311258112e+01, -6.7988053576e+01
+2.3060687075e+01, -6.7597875523e+01
+2.4812524630e+01, -6.7175189651e+01
+2.6566999925e+01, -6.6719532893e+01
+2.8324353973e+01, -6.6230396011e+01
+3.0084841095e+01, -6.5707220422e+01
+3.1848730528e+01, -6.5149394596e+01
+3.3616308225e+01, -6.4556249954e+01
+3.5387878886e+01, -6.3927056208e+01
+3.7163768247e+01, -6.3261016033e+01
+3.8944325684e+01, -6.2557258991e+01
+4.0729927191e+01, -6.1814834558e+01
+4.2520978789e+01, -6.1032704119e+01
+4.4317920464e+01, -6.0209731727e+01
+4.6121230732e+01, -5.9344673399e+01
+4.7931431960e+01, -5.8436164673e+01
+4.9749096618e+01, -5.7482706056e+01
+5.1574854645e+01, -5.6482645921e+01
+5.3409402212e+01, -5.5434160295e+01
+5.5253512210e+01, -5.4335228797e+01
+5.7108046891e+01, -5.3183605812e+01
+5.8973973251e+01, -5.1976785670e+01
+6.0852381899e+01, -5.0711960219e+01
+6.2744510443e+01, -4.9385966656e+01
+6.4651772794e+01, -4.7995222669e+01
+6.6575796316e+01, -4.6535644890e+01
+6.8518469573e+01, -4.5002544982e+01
+7.0482004603e+01, -4.3390495278e+01
+7.2469019555e+01, -4.1693152134e+01
+7.4482650437e+01, -3.9903019226e+01
+7.6526705663e+01, -3.8011123351e+01
+7.8605885328e+01, -3.6006558949e+01
+8.0726101905e+01, -3.3875828681e+01
+8.2894966591e+01, -3.1601853843e+01
+8.5122560122e+01, -2.9162422867e+01
+8.7422723577e+01, -2.6527622307e+01
+8.9815378196e+01, -2.3655273769e+01
+9.2331107832e+01, -2.0482030909e+01
+1.4280244492e+02, +6.6379224167e+01
+1.2757248364e+02, +7.0221211350e+01
+1.3090859355e+02, +6.9291622414e+01
+1.3261182200e+02, +6.8842284277e+01
+1.2923244323e+02, +6.9752939131e+01
+9.0111242444e+01, +8.2656915828e+01
+8.7418453865e+01, +8.3600112892e+01
+8.4762304324e+01, +8.4523785156e+01
+8.2140798456e+01, +8.5426605220e+01
+7.9551989495e+01, +8.6307464818e+01
+7.6993994067e+01, +8.7165447994e+01
+7.4465002103e+01, +8.7999806089e+01
+7.1963282894e+01, +8.8809934891e+01
+6.9487188123e+01, +8.9595354079e+01
+6.2197407697e+01, +9.1800040643e+01
-6.3696153685e+01, -4.8698930840e+01
-1.3261193700e+02, +6.8842255778e+01
-1.2923255199e+02, +6.9752908806e+01
-1.2592504476e+02, +7.0696169169e+01
-1.2266894300e+02, +7.1663037028e+01
-1.1946330533e+02, +7.2649064005e+01
-1.1630843106e+02, +7.3649786438e+01
-1.1320452306e+02, +7.4660770718e+01
-1.1015141308e+02, +7.5677706937e+01
-1.0714851428e+02, +7.6696493552e+01
-1.0419484955e+02, +7.7713303040e+01
-1.0128910928e+02, +7.8724626099e+01
-9.8429719226e+01, +7.9727295557e+01
-9.5614908094e+01, +8.0718492952e+01
-9.2842769667e+01, +8.1695741570e+01
-9.0111316784e+01, +8.2656889718e+01
-8.7418526248e+01, +8.3600087620e+01
-8.4762374848e+01, +8.4523760741e+01
-8.2140867214e+01, +8.5426581674e+01
-7.9552056576e+01, +8.6307442149e+01
-7.6994059555e+01, +8.7165426202e+01
-7.4465066077e+01, +8.7999785172e+01
-7.1963345429e+01, +8.8809914842e+01
-6.9487249290e+01, +8.9595334890e+01
-6.7035212490e+01, +9.0355670619e+01
-6.4605752073e+01, +9.1090636869e+01
-6.2197465136e+01, +9.1800023959e+01
-5.9809025829e+01, +9.2483685470e+01
-5.7439181786e+01, +9.3141527671e+01
-5.5086750231e+01, +9.3773500414e+01
-5.2750613891e+01, +9.4379589305e+01
-5.0429716876e+01, +9.4959808995e+01
-4.8123060575e+01, +9.5514197437e+01
-4.5829699660e+01, +9.6042810982e+01
-4.3548738213e+01, +9.6545720191e+01
-4.1279326027e+01, +9.7023006266e+01
-3.9020655079e+01, +9.7474758015e+01
-3.6771956178e+01, +9.7901069262e+01
-3.4532495810e+01, +9.8302036654e+01
-3.2301573151e+01, +9.8677757787e+01
-3.0078517257e+01, +9.9028329623e+01
-2.7862684416e+01, +9.9353847149e+01
-2.5653455652e+01, +9.9654402235e+01
-2.3450234371e+01, +9.9930082671e+01
-2.1252444138e+01, +1.0018097135e+02
-1.9059526571e+01, +1.0040714561e+02
-1.6870939344e+01, +1.0060867660e+02
-1.4686154283e+01, +1.0078562886e+02
-1.2504655547e+01, +1.0093805991e+02
-1.0325937889e+01, +1.0106601988e+02
-8.1495049713e+00, +1.0116955129e+02
-5.9748677434e+00, +1.0124868883e+02
-3.8015428564e+00, +1.0130345915e+02
-1.6290511167e+00, +1.0133388079e+02
+5.4308403682e-01, +1.0133996409e+02
+2.7153380402e+00, +1.0132171110e+02
+4.8881867043e+00, +1.0127911563e+02
+7.0621077176e+00, +1.0121216324e+02
+9.2375821595e+00, +1.0112083130e+02
+1.1415096035e+01, +1.0100508914e+02
+1.3595141838e+01, +1.0086489813e+02
+1.5778220156e+01, +1.0070021190e+02
+1.7964841319e+01, +1.0051097660e+02
+2.0155527112e+01, +1.0029713116e+02
+2.2350812555e+01, +1.0005860767e+02
+2.4551247759e+01, +9.9795331814e+01
+2.6757399877e+01, +9.9507223410e+01
+2.8969855154e+01, +9.9194197019e+01
+3.1189221091e+01, +9.8856162699e+01
+3.3416128731e+01, +9.8493026893e+01
+3.5651235081e+01, +9.8104693470e+01
+3.7895225687e+01, +9.7691064969e+01
+4.0148817358e+01, +9.7252044053e+01
+4.2412761063e+01, +9.6787535236e+01
+4.4687845006e+01, +9.6297446902e+01
+4.6974897874e+01, +9.5781693698e+01
+4.9274792281e+01, +9.5240199330e+01
+5.1588448377e+01, +9.4672899862e+01
+5.3916837644e+01, +9.4079747577e+01
+5.6260986828e+01, +9.3460715511e+01
+5.8621981998e+01, +9.2815802763e+01
+6.1000972666e+01, +9.2145040699e+01
+6.3399175906e+01, +9.1448500207e+01
+6.5817880360e+01, +9.0726300140e+01
+6.8258449991e+01, +8.9978617131e+01
+7.0722327403e+01, +8.9205696967e+01
+7.3211036462e+01, +8.8407867700e+01
+7.5726183893e+01, +8.7585554702e+01
+7.8269459440e+01, +8.6739297824e+01
+8.0842634051e+01, +8.5869770799e+01
+8.3447555433e+01, +8.4977802953e+01
+8.6086140184e+01, +8.4064403159e+01
+8.8760361571e+01, +8.3130785826e+01
+9.1472231900e+01, +8.2178398400e+01
+9.4223778345e+01, +8.1208949584e+01
+9.7017011130e+01, +8.0224436961e+01
+9.9853883126e+01, +7.9227172190e+01
+1.0273624037e+02, +7.8219801311e+01
+1.0566576384e+02, +7.7205317047e+01
+1.0864390405e+02, +7.6187059476e+01
+1.1167181253e+02, +7.5168701229e+01
+1.1475027724e+02, +7.4154213729e+01
+1.1787967612e+02, +7.3147812220e+01
+1.2105997774e+02, +7.2153879995e+01
+1.2429086854e+02, +7.1176877120e+01
+1.2757233401e+02, +7.0221254036e+01
+1.3090844298e+02, +6.9291663257e+01
+8.2894966591e+01, -3.1601853843e+01
-6.3696153685e+01, -4.8698930840e+01
-1.3261199461e+02, +6.8842241504e+01
-1.2923260684e+02, +6.9752893510e+01
-1.2592509836e+02, +7.0696153557e+01
-1.2266899541e+02, +7.1663021178e+01
-1.1946335655e+02, +7.2649047993e+01
-1.1630848112e+02, +7.3649770337e+01
-1.1320457197e+02, +7.4660754600e+01
-1.1015146085e+02, +7.5677690868e+01
-1.0714856094e+02, +7.6696477596e+01
-1.0419489513e+02, +7.7713287251e+01
-1.0128915383e+02, +7.8724610528e+01
-9.8429762774e+01, +7.9727280246e+01
-9.5614950683e+01, +8.0718477939e+01
-9.2842811339e+01, +8.1695726886e+01
-9.0111357580e+01, +8.2656875389e+01
-8.7418566210e+01, +8.3600073667e+01
-8.4762414015e+01, +8.4523747181e+01
-8.2140905625e+01, +8.5426568521e+01
-7.9552094269e+01, +8.6307429411e+01
-7.6994096565e+01, +8.7165413887e+01
-7.4465102439e+01, +8.7999773283e+01
-7.1963381174e+01, +8.8809903383e+01
-6.9487284447e+01, +8.9595323861e+01
-6.7035247090e+01, +9.0355660019e+01
-6.4605786141e+01, +9.1090626696e+01
-6.2197498699e+01, +9.1800014211e+01
-5.9809058909e+01, +9.2483676143e+01
-5.7439214407e+01, +9.3141518761e+01
-5.5086782412e+01, +9.3773491916e+01
-5.2750645653e+01, +9.4379581213e+01
-5.0429748238e+01, +9.4959801305e+01
-4.8123091555e+01, +9.5514190144e+01
-4.5829730273e+01, +9.6042804079e+01
-4.3548768475e+01, +9.6545713672e+01
-4.1279355954e+01, +9.7023000126e+01
-3.9020684683e+01, +9.7474752247e+01
-3.6771985474e+01, +9.7901063862e+01
-3.4532524810e+01, +9.8302031616e+01
-3.2301601867e+01, +9.8677753104e+01
-3.0078545700e+01, +9.9028325291e+01
-2.7862712597e+01, +9.9353843162e+01
-2.5653483582e+01, +9.9654398588e+01
-2.3450262059e+01, +9.9930079358e+01
-2.1252471594e+01, +1.0018096837e+02
-1.9059553805e+01, +1.0040714295e+02
-1.6870966364e+01, +1.0060867426e+02
-1.4686181097e+01, +1.0078562684e+02
-1.2504682164e+01, +1.0093805819e+02
-1.0325964317e+01, +1.0106601847e+02
-8.1495312181e+00, +1.0116955019e+02
-5.9748938164e+00, +1.0124868802e+02
-3.8015687628e+00, +1.0130345864e+02
-1.6290768639e+00, +1.0133388058e+02
+5.4305844185e-01, +1.0133996416e+02
+2.7153125905e+00, +1.0132171146e+02
+4.8881613931e+00, +1.0127911627e+02
+7.0620825380e+00, +1.0121216415e+02
+9.2375571049e+00, +1.0112083249e+02
+1.1415071099e+01, +1.0100509060e+02
+1.3595117014e+01, +1.0086489986e+02
+1.5778195437e+01, +1.0070021390e+02
+1.7964816698e+01, +1.0051097887e+02
+2.0155502583e+01, +1.0029713369e+02
+2.2350788111e+01, +1.0005861046e+02
+2.4551223393e+01, +9.9795334863e+01
+2.6757375582e+01, +9.9507226715e+01
+2.8969830924e+01, +9.9194200578e+01
+3.1189196919e+01, +9.8856166511e+01
+3.3416104609e+01, +9.8493030955e+01
+3.5651211002e+01, +9.8104697782e+01
+3.7895201643e+01, +9.7691069527e+01
+4.0148793340e+01, +9.7252048857e+01
+4.2412737065e+01, +9.6787540283e+01
+4.4687821018e+01, +9.6297452191e+01
+4.6974873889e+01, +9.5781699226e+01
+4.9274768288e+01, +9.5240205097e+01
+5.1588424369e+01, +9.4672905865e+01
