-1.3869468413e+02, -5.7773389053e-01
-1.4377507688e+02, -5.4511487033e-01
-1.4860249073e+02, -5.2114973251e-01
-1.6035571252e+02, +6.4866233178e+01
-1.6993058927e+02, +6.0664096862e+01
-1.2015181179e+02, -8.9592153514e-01
-1.5772547155e+02, -4.8776752346e-01
-1.6635253328e+02, -4.6527149034e-01
-1.7052928293e+02, -4.5649881151e-01
-1.7463206864e+02, -4.4890536556e-01
-1.7867047246e+02, -4.4225918000e-01
-1.8265225816e+02, -4.3638717251e-01
-1.8658381749e+02, -4.3115722242e-01
-1.9047048478e+02, -4.2646649819e-01
-1.9431676454e+02, -4.2223361206e-01
-1.9812649970e+02, -4.1839320077e-01
-2.0190299849e+02, -4.1489209221e-01
-2.0564913174e+02, -4.1168653656e-01
-2.0936740856e+02, -4.0874016929e-01
-2.1802462258e+02, +6.2198691341e+01
-2.2302621361e+02, +5.5057227601e+01
-2.4891875713e+02, -3.8720056444e-01
-2.1306003602e+02, -4.0602248762e-01
-2.2187375930e+02, +5.5190264213e+01
-2.2761004975e+02, -3.9697590031e-01
-2.3119983984e+02, -3.9508146630e-01
-2.3477300725e+02, -3.9330633052e-01
-2.3833058324e+02, -3.9163967252e-01
-2.4187350699e+02, -3.9007195867e-01
-2.4540263636e+02, -3.8859475362e-01
-2.4891875713e+02, -3.8720056444e-01
-2.5242259094e+02, -3.8588271078e-01
-2.5591480215e+02, -3.8463521625e-01
-2.5939600378e+02, -3.8345271693e-01
-2.6286676272e+02, -3.8233038395e-01
-2.6632760423e+02, -3.8126385764e-01
-2.6977901601e+02, -3.8024919130e-01
-2.7322145164e+02, -3.7928280291e-01
-2.7665533373e+02, -3.7836143359e-01
-2.8008105669e+02, -3.7748211160e-01
-2.8349898916e+02, -3.7664212112e-01
-2.8690947624e+02, -3.7583897511e-01
-2.9031284140e+02, -3.7507039147e-01
-2.9370938830e+02, -3.7433427224e-01
-2.9709940233e+02, -3.7362868528e-01
-3.0048315208e+02, -3.7295184807e-01
-3.0386089058e+02, -3.7230211349e-01
-3.0723285651e+02, -3.7167795705e-01
-3.1059927524e+02, -3.7107796570e-01
-3.1396035980e+02, -3.7050082778e-01
-3.1354829792e+02, +5.2228780922e+01
-3.2721118428e+02, +5.1407045220e+01
-3.2735523196e+02, -3.6839764863e-01
-3.3069246645e+02, -3.6791807317e-01
-3.3327329604e+02, +5.2178735252e+01
-3.4067912646e+02, -3.6657618907e-01
-3.4913642165e+02, +5.1089589894e+01
-3.6714940196e+02, -3.6358759183e-01
-3.2066732199e+02, -3.6941031957e-01
-3.3637171515e+02, +5.1583430094e+01
-3.4400013350e+02, -3.6615864826e-01
-3.4683631488e+02, +5.1158576995e+01
-3.5394130246e+02, -3.6498592629e-01
-3.5724812859e+02, -3.6461968269e-01
-3.6055168703e+02, -3.6426487073e-01
-3.6385207915e+02, -3.6392099604e-01
-3.6485735181e+02, +5.0477123548e+01
-3.8266470478e+02, +8.9195814352e+01
-3.8083467218e+02, +5.0233513298e+01
-3.7729229052e+02, +4.7306433516e+01
-3.8359309578e+02, -3.6206299367e-01
-3.8687382441e+02, -3.6178393317e-01
-3.9015205918e+02, -3.6151270628e-01
-3.9342786973e+02, -3.6124900996e-01
-3.9670132299e+02, -3.6099255624e-01
-3.9997248336e+02, -3.6074307128e-01
-4.0324141283e+02, -3.6050029454e-01
-4.0650817107e+02, -3.6026397796e-01
-4.0977281556e+02, -3.6003388525e-01
-4.1303540168e+02, -3.5980979122e-01
-4.1629598283e+02, -3.5959148110e-01
-4.1955461051e+02, -3.5937874999e-01
-4.2281133439e+02, -3.5917140226e-01
-4.2606620242e+02, -3.5896925109e-01
-4.2931926089e+02, -3.5877211796e-01
-4.3257055450e+02, -3.5857983217e-01
-4.3582012645e+02, -3.5839223048e-01
-4.3906801849e+02, -3.5820915666e-01
-4.4231427097e+02, -3.5803046115e-01
-4.4555892294e+02, -3.5785600070e-01
-4.4880201215e+02, -3.5768563804e-01
-4.5204357515e+02, -3.5751924161e-01
-4.5528364731e+02, -3.5735668523e-01
-4.5852226290e+02, -3.5719784782e-01
-4.6175945509e+02, -3.5704261321e-01
-4.6499525603e+02, -3.5689086985e-01
-4.6822969688e+02, -3.5674251057e-01
-4.7146280784e+02, -3.5659743244e-01
-4.7469461821e+02, -3.5645553648e-01
-4.7792515641e+02, -3.5631672754e-01
-4.8115444998e+02, -3.5618091409e-01
-4.8438252569e+02, -3.5604800806e-01
-4.8760940950e+02, -3.5591792466e-01
-4.9083512663e+02, -3.5579058228e-01
-4.9405970157e+02, -3.5566590230e-01
-4.9728315809e+02, -3.5554380895e-01
-5.0050551933e+02, -3.5542422924e-01
-5.0372680774e+02, -3.5530709277e-01
-5.0694704515e+02, -3.5519233167e-01
-5.1016625281e+02, -3.5507988046e-01
-5.1338445137e+02, -3.5496967594e-01
-5.1660166090e+02, -3.5486165714e-01
-5.1981790096e+02, -3.5475576516e-01
-5.2303319056e+02, -3.5465194313e-01
-5.2624754822e+02, -3.5455013613e-01
-5.2946099197e+02, -3.5445029106e-01
-5.3267353934e+02, -3.5435235661e-01
-5.3588520744e+02, -3.5425628319e-01
-5.3909601292e+02, -3.5416202282e-01
-5.4230597199e+02, -3.5406952909e-01
-5.4551510048e+02, -3.5397875712e-01
-5.4872341378e+02, -3.5388966346e-01
-5.5193092692e+02, -3.5380220606e-01
-5.5513765455e+02, -3.5371634419e-01
-5.5834361095e+02, -3.5363203842e-01
-5.6154881005e+02, -3.5354925055e-01
-5.6475326544e+02, -3.5346794357e-01
-5.6795699039e+02, -3.5338808163e-01
-5.7115999782e+02, -3.5330962994e-01
-5.7436230038e+02, -3.5323255482e-01
-5.7756391039e+02, -3.5315682356e-01
-5.8076483989e+02, -3.5308240448e-01
-5.8396510064e+02, -3.5300926682e-01
-5.8716470411e+02, -3.5293738073e-01
-5.9036366151e+02, -3.5286671725e-01
-5.9356198381e+02, -3.5279724828e-01
-5.9675968170e+02, -3.5272894651e-01
-5.9995676564e+02, -3.5266178544e-01
-6.0315324586e+02, -3.5259573933e-01
-6.0634913235e+02, -3.5253078317e-01
-6.0954443489e+02, -3.5246689265e-01
-6.1273916301e+02, -3.5240404417e-01
-6.1593332606e+02, -3.5234221477e-01
-6.1912693319e+02, -3.5228138215e-01
-6.2231999332e+02, -3.5222152459e-01
-6.2551251520e+02, -3.5216262102e-01
-6.2870450738e+02, -3.5210465090e-01
-6.3189597823e+02, -3.5204759427e-01
-6.3508693595e+02, -3.5199143171e-01
-6.3827738855e+02, -3.5193614432e-01
-6.4146734389e+02, -3.5188171370e-01
-6.4465680964e+02, -3.5182812195e-01
-6.4784579334e+02, -3.5177535162e-01
-6.5103430234e+02, -3.5172338574e-01
-6.5422234388e+02, -3.5167220778e-01
-6.5740992501e+02, -3.5162180163e-01
-6.6059705266e+02, -3.5157215160e-01
-6.6378373362e+02, -3.5152324241e-01
-6.6696997453e+02, -3.5147505916e-01
-6.7015578191e+02, -3.5142758732e-01
-6.7334116215e+02, -3.5138081275e-01
-6.7652612149e+02, -3.5133472165e-01
-6.7971066608e+02, -3.5128930057e-01
-6.8289480192e+02, -3.5124453639e-01
-6.8607853492e+02, -3.5120041632e-01
-6.8926187086e+02, -3.5115692787e-01
-6.9244481540e+02, -3.5111405887e-01
-6.9562737411e+02, -3.5107179744e-01
-6.9880955245e+02, -3.5103013200e-01
-7.0199135575e+02, -3.5098905122e-01
-7.0517278928e+02, -3.5094854407e-01
-7.0835385818e+02, -3.5090859977e-01
-7.1153456751e+02, -3.5086920779e-01
-7.1471492223e+02, -3.5083035786e-01
-7.1789492720e+02, -3.5079203994e-01
-7.2107458721e+02, -3.5075424424e-01
-7.2425390694e+02, -3.5071696117e-01
-7.2743289100e+02, -3.5068018140e-01
-7.3061154390e+02, -3.5064389577e-01
-7.3378987010e+02, -3.5060809537e-01
-7.3696787394e+02, -3.5057277147e-01
-7.4014555970e+02, -3.5053791554e-01
-7.4332293160e+02, -3.5050351925e-01
-7.4649999375e+02, -3.5046957445e-01
-7.4967675023e+02, -3.5043607318e-01
-7.5285320500e+02, -3.5040300763e-01
-7.5602936199e+02, -3.5037037021e-01
-7.5920522504e+02, -3.5033815346e-01
-7.6238079794e+02, -3.5030635009e-01
-7.6555608439e+02, -3.5027495298e-01
-7.6873108806e+02, -3.5024395515e-01
-7.7190581252e+02, -3.5021334978e-01
-7.7508026131e+02, -3.5018313021e-01
-7.7825443789e+02, -3.5015328989e-01
-7.8142834566e+02, -3.5012382243e-01
-7.8460198800e+02, -3.5009472159e-01
-7.8777536817e+02, -3.5006598122e-01
-7.9094848944e+02, -3.5003759534e-01
-7.9412135498e+02, -3.5000955807e-01
-7.9729396793e+02, -3.4998186367e-01
-8.0046633137e+02, -3.4995450651e-01
-8.0363844834e+02, -3.4992748107e-01
-8.0681032181e+02, -3.4990078196e-01
-8.0998195472e+02, -3.4987440388e-01
-8.1315334995e+02, -3.4984834166e-01
-8.1632451035e+02, -3.4982259021e-01
-8.1949543871e+02, -3.4979714457e-01
-8.2266613778e+02, -3.4977199987e-01
-8.2583661027e+02, -3.4974715132e-01
-8.2900685883e+02, -3.4972259425e-01
-8.3217688610e+02, -3.4969832406e-01
-8.3534669465e+02, -3.4967433627e-01
-8.3851628702e+02, -3.4965062646e-01
-8.4168566571e+02, -3.4962719032e-01
-8.4485483318e+02, -3.4960402360e-01
-8.4802379186e+02, -3.4958112216e-01
-8.5119254413e+02, -3.4955848191e-01
-8.5436109234e+02, -3.4953609887e-01
-8.5752943880e+02, -3.4951396911e-01
-8.6069758580e+02, -3.4949208878e-01
-8.6386553558e+02, -3.4947045413e-01
-8.6703329034e+02, -3.4944906146e-01
-8.7020085227e+02, -3.4942790712e-01
-8.7336822351e+02, -3.4940698757e-01
-8.7653540617e+02, -3.4938629931e-01
-8.7970240233e+02, -3.4936583890e-01
-8.8286921404e+02, -3.4934560300e-01
-8.8603584333e+02, -3.4932558829e-01
-8.8920229218e+02, -3.4930579154e-01
-8.9236856255e+02, -3.4928620955e-01
-8.9553465638e+02, -3.4926683922e-01
-8.9870057557e+02, -3.4924767748e-01
-9.0186632200e+02, -3.4922872131e-01
-9.0503189751e+02, -3.4920996775e-01
-9.0819730394e+02, -3.4919141392e-01
-9.1136254308e+02, -3.4917305695e-01
-9.1452761670e+02, -3.4915489405e-01
-9.1769252654e+02, -3.4913692246e-01
-9.2085727434e+02, -3.4911913950e-01
-9.2402186178e+02, -3.4910154251e-01
-9.2718629055e+02, -3.4908412887e-01
-9.3035056228e+02, -3.4906689604e-01
-9.3351467862e+02, -3.4904984150e-01
-9.3667864116e+02, -3.4903296277e-01
-9.3984245148e+02, -3.4901625744e-01
-9.4300611116e+02, -3.4899972310e-01
-9.4616962172e+02, -3.4898335743e-01
-9.4933298469e+02, -3.4896715811e-01
-9.5249620156e+02, -3.4895112288e-01
-9.5565927381e+02, -3.4893524951e-01
-9.5882220290e+02, -3.4891953583e-01
-9.6198499026e+02, -3.4890397966e-01
-9.6514763732e+02, -3.4888857891e-01
-9.6831014547e+02, -3.4887333149e-01
-9.7147251609e+02, -3.4885823536e-01
-9.7463475055e+02, -3.4884328851e-01
-9.7779685019e+02, -3.4882848896e-01
-9.8095881634e+02, -3.4881383477e-01
-9.8412065030e+02, -3.4879932403e-01
-9.8728235337e+02, -3.4878495485e-01
-9.9044392682e+02, -3.4877072540e-01
-9.9360537192e+02, -3.4875663384e-01
-9.9676668989e+02, -3.4874267840e-01
-9.9992788197e+02, -3.4872885730e-01
-1.0030889494e+03, -3.4871516883e-01
-1.0062498933e+03, -3.4870161128e-01
-1.0094107149e+03, -3.4868818297e-01
-1.0125714154e+03, -3.4867488225e-01
-1.0157319958e+03, -3.4866170750e-01
-1.0188924574e+03, -3.4864865712e-01
-1.0220528013e+03, -3.4863572955e-01
-1.0252130285e+03, -3.4862292323e-01
-1.0283731402e+03, -3.4861023665e-01
-1.0315331374e+03, -3.4859766830e-01
-1.0346930213e+03, -3.4858521672e-01
-1.0378527927e+03, -3.4857288045e-01
-1.0410124529e+03, -3.4856065806e-01
-1.0441720028e+03, -3.4854854814e-01
-1.0473314434e+03, -3.4853654932e-01
-1.0504907758e+03, -3.4852466022e-01
-1.0536500009e+03, -3.4851287951e-01
-1.0568091196e+03, -3.4850120586e-01
-1.0599681331e+03, -3.4848963797e-01
-1.0631270421e+03, -3.4847817456e-01
-1.0662858477e+03, -3.4846681437e-01
-1.0694445508e+03, -3.4845555616e-01
-1.0726031523e+03, -3.4844439869e-01
-1.0757616531e+03, -3.4843334077e-01
-1.0789200542e+03, -3.4842238120e-01
-1.0820783563e+03, -3.4841151882e-01
-1.0852365604e+03, -3.4840075248e-01
-1.0883946673e+03, -3.4839008103e-01
-1.0915526779e+03, -3.4837950336e-01
-1.0947105931e+03, -3.4836901837e-01
-1.0978684136e+03, -3.4835862497e-01
-1.1010261403e+03, -3.4834832209e-01
-1.1041837741e+03, -3.4833810868e-01
-1.1073413156e+03, -3.4832798370e-01
-1.1104987658e+03, -3.4831794612e-01
-1.1136561254e+03, -3.4830799494e-01
-1.1168133951e+03, -3.4829812916e-01
-1.1199705759e+03, -3.4828834780e-01
-1.1231276683e+03, -3.4827864989e-01
-1.1262846732e+03, -3.4826903449e-01
-1.1294415913e+03, -3.4825950066e-01
-1.1325984233e+03, -3.4825004746e-01
-1.1357551701e+03, -3.4824067400e-01
-1.1389118322e+03, -3.4823137936e-01
-1.1420684104e+03, -3.4822216266e-01
-1.1452249054e+03, -3.4821302304e-01
-1.1483813179e+03, -3.4820395962e-01
-1.1515376486e+03, -3.4819497156e-01
-1.1546938982e+03, -3.4818605802e-01
-1.1578500673e+03, -3.4817721818e-01
-1.1610061566e+03, -3.4816845121e-01
-1.1641621667e+03, -3.4815975633e-01
-1.1673180984e+03, -3.4815113273e-01
-1.1704739522e+03, -3.4814257963e-01
-1.1736297288e+03, -3.4813409626e-01
-1.1767854288e+03, -3.4812568187e-01
-1.1799410529e+03, -3.4811733571e-01
-1.1830966016e+03, -3.4810905703e-01
-1.1862520755e+03, -3.4810084510e-01
-1.1894074754e+03, -3.4809269921e-01
-1.1925628016e+03, -3.4808461865e-01
-1.1957180550e+03, -3.4807660272e-01
-1.1988732359e+03, -3.4806865072e-01
-1.2020283451e+03, -3.4806076197e-01
-1.2051833830e+03, -3.4805293580e-01
-1.2083383503e+03, -3.4804517156e-01
-1.2114932474e+03, -3.4803746858e-01
-1.2146480750e+03, -3.4802982621e-01
-1.2178028336e+03, -3.4802224383e-01
-1.2209575238e+03, -3.4801472080e-01
-1.2241121460e+03, -3.4800725649e-01
-1.2272667008e+03, -3.4799985031e-01
-1.2304211888e+03, -3.4799250164e-01
-1.2335756104e+03, -3.4798520989e-01
-1.2367299661e+03, -3.4797797446e-01
-1.2398842566e+03, -3.4797079478e-01
-1.2430384821e+03, -3.4796367027e-01
-1.2461926434e+03, -3.4795660037e-01
-1.2493467408e+03, -3.4794958452e-01
-1.2525007749e+03, -3.4794262216e-01
-1.2556547461e+03, -3.4793571275e-01
-1.2588086548e+03, -3.4792885575e-01
-1.2619625017e+03, -3.4792205063e-01
-1.2651162871e+03, -3.4791529687e-01
-1.2682700116e+03, -3.4790859395e-01
-1.2714236755e+03, -3.4790194135e-01
-1.2745772793e+03, -3.4789533858e-01
-1.2777308235e+03, -3.4788878513e-01
-1.2808843085e+03, -3.4788228052e-01
-1.2840377347e+03, -3.4787582425e-01
-1.2871911027e+03, -3.4786941585e-01
-1.2903444128e+03, -3.4786305483e-01
-1.2934976654e+03, -3.4785674075e-01
-1.2966508610e+03, -3.4785047312e-01
-1.2998040000e+03, -3.4784425150e-01
-1.3029570828e+03, -3.4783807543e-01
-1.3061101099e+03, -3.4783194447e-01
-1.3092630815e+03, -3.4782585818e-01
-1.3124159982e+03, -3.4781981613e-01
-1.3155688604e+03, -3.4781381787e-01
-1.3187216683e+03, -3.4780786300e-01
-1.3218744225e+03, -3.4780195109e-01
-1.3250271232e+03, -3.4779608173e-01
-1.3281797710e+03, -3.4779025450e-01
-1.3313323661e+03, -3.4778446901e-01
-1.3344849090e+03, -3.4777872485e-01
-1.3376373999e+03, -3.4777302164e-01
-1.3407898394e+03, -3.4776735897e-01
-1.3439422277e+03, -3.4776173647e-01
-1.3470945653e+03, -3.4775615376e-01
-1.3502468524e+03, -3.4775061045e-01
-1.3533990894e+03, -3.4774510619e-01
-1.3565512767e+03, -3.4773964059e-01
-1.3597034147e+03, -3.4773421331e-01
-1.3628555036e+03, -3.4772882397e-01
-1.3660075438e+03, -3.4772347223e-01
-1.3691595357e+03, -3.4771815773e-01
-1.3723114796e+03, -3.4771288013e-01
-1.3754633758e+03, -3.4770763909e-01
-1.3786152247e+03, -3.4770243427e-01
-1.3817670265e+03, -3.4769726533e-01
-1.3849187817e+03, -3.4769213195e-01
-1.3880704905e+03, -3.4768703379e-01
-1.3912221532e+03, -3.4768197054e-01
-1.3943737702e+03, -3.4767694187e-01
-1.3975253418e+03, -3.4767194748e-01
-1.4006768682e+03, -3.4766698704e-01
-1.4038283498e+03, -3.4766206026e-01
-1.4069797870e+03, -3.4765716681e-01
-1.4101311799e+03, -3.4765230642e-01
-1.4132825289e+03, -3.4764747877e-01
-1.4164338343e+03, -3.4764268357e-01
-1.4195850964e+03, -3.4763792053e-01
-1.4227363154e+03, -3.4763318937e-01
-1.4258874917e+03, -3.4762848979e-01
-1.4290386255e+03, -3.4762382152e-01
-1.4321897172e+03, -3.4761918427e-01
-1.4353407670e+03, -3.4761457778e-01
-1.4384917751e+03, -3.4761000177e-01
-1.4416427419e+03, -3.4760545597e-01
-1.4447936677e+03, -3.4760094011e-01
-1.4479445526e+03, -3.4759645394e-01
-1.4510953970e+03, -3.4759199719e-01
-1.4542462011e+03, -3.4758756960e-01
-1.4573969653e+03, -3.4758317092e-01
-1.4605476897e+03, -3.4757880089e-01
-1.4636983746e+03, -3.4757445928e-01
-1.4668490202e+03, -3.4757014582e-01
-1.4699996270e+03, -3.4756586028e-01
-1.4731501949e+03, -3.4756160242e-01
-1.4763007245e+03, -3.4755737199e-01
-1.4794512157e+03, -3.4755316877e-01
-1.4826016690e+03, -3.4754899251e-01
-1.4857520846e+03, -3.4754484300e-01
-1.4889024627e+03, -3.4754071999e-01
-1.4920528035e+03, -3.4753662326e-01
-1.4952031073e+03, -3.4753255259e-01
-1.4983533744e+03, -3.4752850776e-01
-1.5015036048e+03, -3.4752448855e-01
-1.5046537990e+03, -3.4752049473e-01
-1.5078039571e+03, -3.4751652611e-01
-1.5109540793e+03, -3.4751258247e-01
-1.5141041658e+03, -3.4750866359e-01
-1.5172542170e+03, -3.4750476926e-01
-1.5204042330e+03, -3.4750089929e-01
-1.5235542140e+03, -3.4749705347e-01
-1.5267041602e+03, -3.4749323160e-01
-1.5298540719e+03, -3.4748943348e-01
-1.5330039493e+03, -3.4748565891e-01
-1.5361537926e+03, -3.4748190770e-01
-1.5393036020e+03, -3.4747817966e-01
-1.5424533777e+03, -3.4747447459e-01
-1.5456031199e+03, -3.4747079230e-01
-1.5487528288e+03, -3.4746713261e-01
-1.5519025047e+03, -3.4746349533e-01
-1.5550521477e+03, -3.4745988029e-01
-1.5582017580e+03, -3.4745628729e-01
-1.5613513359e+03, -3.4745271616e-01
-1.5645008814e+03, -3.4744916672e-01
-1.5676503949e+03, -3.4744563880e-01
-1.5707998766e+03, -3.4744213222e-01
-1.5739493265e+03, -3.4743864681e-01
-1.5770987449e+03, -3.4743518240e-01
-1.5802481320e+03, -3.4743173881e-01
-1.5833974880e+03, -3.4742831589e-01
-1.5865468131e+03, -3.4742491347e-01
-1.5896961074e+03, -3.4742153138e-01
-1.5928453712e+03, -3.4741816946e-01
-1.5959946045e+03, -3.4741482755e-01
-1.5991438077e+03, -3.4741150550e-01
-1.6022929808e+03, -3.4740820313e-01
-1.6054421241e+03, -3.4740492031e-01
-1.6085912377e+03, -3.4740165687e-01
-1.6117403219e+03, -3.4739841267e-01
-1.6148893767e+03, -3.4739518754e-01
-1.6180384023e+03, -3.4739198134e-01
-1.6211873990e+03, -3.4738879393e-01
-1.6243363669e+03, -3.4738562515e-01
-1.6274853061e+03, -3.4738247486e-01
-1.6306342169e+03, -3.4737934292e-01
-1.6337830993e+03, -3.4737622919e-01
-1.6369319536e+03, -3.4737313351e-01
-1.6400807800e+03, -3.4737005576e-01
-1.6432295785e+03, -3.4736699579e-01
-1.6463783493e+03, -3.4736395347e-01
-1.6495270927e+03, -3.4736092866e-01
-1.6526758087e+03, -3.4735792123e-01
-1.6558244975e+03, -3.4735493104e-01
-1.6589731593e+03, -3.4735195796e-01
-1.6621217942e+03, -3.4734900186e-01
-1.6652704024e+03, -3.4734606262e-01
-1.6684189841e+03, -3.4734314010e-01
-1.6715675393e+03, -3.4734023417e-01
-1.6747160683e+03, -3.4733734472e-01
-1.6778645711e+03, -3.4733447161e-01
-1.6810130480e+03, -3.4733161472e-01
-1.6841614990e+03, -3.4732877394e-01
-1.6873099244e+03, -3.4732594914e-01
-1.6904583242e+03, -3.4732314019e-01
-1.6936066986e+03, -3.4732034699e-01
-1.6967550478e+03, -3.4731756941e-01
-1.6999033719e+03, -3.4731480733e-01
-1.7030516710e+03, -3.4731206065e-01
-1.7061999453e+03, -3.4730932924e-01
-1.7093481949e+03, -3.4730661300e-01
-1.7124964200e+03, -3.4730391181e-01
-1.7156446206e+03, -3.4730122556e-01
-1.7187927969e+03, -3.4729855413e-01
-1.7219409491e+03, -3.4729589743e-01
-1.7250890773e+03, -3.4729325534e-01
-1.7282371816e+03, -3.4729062775e-01
-1.7313852622e+03, -3.4728801457e-01
-1.7345333191e+03, -3.4728541567e-01
-1.7376813525e+03, -3.4728283097e-01
-1.7408293626e+03, -3.4728026035e-01
+1.0643320640e+02, -7.5375065998e+00
+1.0287420386e+02, -1.2934731413e+01
+9.9870314753e+01, -1.7197727325e+01
+9.7147880041e+01, -2.0848317860e+01
+9.4603725646e+01, -2.4089018085e+01
+9.2185319870e+01, -2.7025586820e+01
+8.9861509480e+01, -2.9722206011e+01
+8.7611993375e+01, -3.2221603112e+01
+8.5422660548e+01, -3.4554077191e+01
+8.3283229447e+01, -3.6742124362e+01
+8.1185934199e+01, -3.8803041506e+01
+7.9124739900e+01, -4.0750498527e+01
+7.7094847415e+01, -4.2595541031e+01
+7.5092366770e+01, -4.4347258407e+01
+7.3114093795e+01, -4.6013245223e+01
+7.1157352675e+01, -4.7599929610e+01
+6.9219882070e+01, -4.9112812998e+01
+6.7299750904e+01, -5.0556649010e+01
+6.5395294878e+01, -5.1935579529e+01
+6.3505067794e+01, -5.3253239916e+01
+6.1627803671e+01, -5.4512841591e+01
+5.9762386868e+01, -5.5717237702e+01
+5.7907828224e+01, -5.6868975953e+01
+5.6063245813e+01, -5.7970341571e+01
+5.4227849251e+01, -5.9023392566e+01
+5.2400926804e+01, -6.0029988939e+01
+5.0581834681e+01, -6.0991817045e+01
+4.8769988105e+01, -6.1910410090e+01
+4.6964853790e+01, -6.2787165462e+01
+4.5165943569e+01, -6.3623359487e+01
+4.3372808971e+01, -6.4420160063e+01
+4.1585036568e+01, -6.5178637527e+01
+3.9802243960e+01, -6.5899774042e+01
+3.8024076309e+01, -6.6584471752e+01
+3.6250203308e+01, -6.7233559880e+01
+3.4480316541e+01, -6.7847800933e+01
+3.2714127152e+01, -6.8427896147e+01
+3.0951363795e+01, -6.8974490265e+01
+2.9191770814e+01, -6.9488175755e+01
+2.7435106619e+01, -6.9969496532e+01
+2.5681142238e+01, -7.0418951241e+01
+2.3929660010e+01, -7.0836996170e+01
+2.2180452410e+01, -7.1224047822e+01
+2.0433320981e+01, -7.1580485197e+01
+1.8688075363e+01, -7.1906651803e+01
+1.6944532400e+01, -7.2202857435e+01
+1.5202515320e+01, -7.2469379741e+01
+1.3461852978e+01, -7.2706465590e+01
+1.1722379150e+01, -7.2914332266e+01
+9.9839318668e+00, -7.3093168506e+01
+8.2463527965e+00, -7.3243135375e+01
+6.5094866482e+00, -7.3364367014e+01
+4.7731806085e+00, -7.3456971251e+01
+3.0372837967e+00, -7.3521030083e+01
+1.3016467367e+00, -7.3556600049e+01
-4.3387915920e-01, -7.3563712478e+01
-2.1694420993e+00, -7.3542373628e+01
-3.9051904182e+00, -7.3492564716e+01
-5.6412730839e+00, -7.3414241833e+01
-7.3778402095e+00, -7.3307335749e+01
-9.1150435753e+00, -7.3171751605e+01
-1.0853037164e+01, -7.3007368485e+01
-1.2591977715e+01, -7.2814038870e+01
-1.4332025303e+01, -7.2591587962e+01
-1.6073343944e+01, -7.2339812868e+01
-1.7816102238e+01, -7.2058481651e+01
-1.9560474052e+01, -7.1747332213e+01
-2.1306639251e+01, -7.1406071015e+01
-2.3054784486e+01, -7.1034371614e+01
-2.4805104050e+01, -7.0631872992e+01
-2.6557800807e+01, -7.0198177666e+01
-2.8313087209e+01, -6.9732849543e+01
-3.0071186419e+01, -6.9235411496e+01
-3.1832333545e+01, -6.8705342634e+01
-3.3596777021e+01, -6.8142075201e+01
-3.5364780132e+01, -6.7544991087e+01
-3.7136622737e+01, -6.6913417860e+01
-3.8912603201e+01, -6.6246624289e+01
-4.0693040575e+01, -6.5543815231e+01
-4.2478277079e+01, -6.4804125833e+01
-4.4268680928e+01, -6.4026614890e+01
-4.6064649569e+01, -6.3210257243e+01
-4.7866613415e+01, -6.2353935035e+01
-4.9675040157e+01, -6.1456427615e+01
-5.1490439789e+01, -6.0516399827e+01
-5.3313370480e+01, -5.9532388370e+01
-5.5144445492e+01, -5.8502785812e+01
-5.6984341371e+01, -5.7425821758e+01
-5.8833807711e+01, -5.6299540527e+01
-6.0693678897e+01, -5.5121774497e+01
-6.2564888308e+01, -5.3890112048e+01
-6.4448485682e+01, -5.2601858680e+01
-6.6345658509e+01, -5.1253989436e+01
-6.8257758697e+01, -4.9843090081e+01
-7.0186336163e+01, -4.8365283570e+01
-7.2133181695e+01, -4.6816137003e+01
-7.4100382439e+01, -4.5190542200e+01
-7.6090394846e+01, -4.3482560031e+01
-7.8106142353e+01, -4.1685213853e+01
-8.0151148888e+01, -3.9790209748e+01
-8.2229725751e+01, -3.7787548614e+01
-8.4347240593e+01, -3.5664973223e+01
-8.6510517588e+01, -3.3407153793e+01
-8.8728457007e+01, -3.0994439995e+01
-9.1013042764e+01, -2.8400853105e+01
-9.3381085827e+01, -2.5590650212e+01
-9.5857496263e+01, -2.2511950718e+01
-1.5020293432e+02, +6.6632141301e+01
-1.3147648030e+02, +7.1490767396e+01
-1.3480536353e+02, +7.0517175661e+01
-1.3820657215e+02, +6.9577147860e+01
-1.3649147969e+02, +7.0041301798e+01
-9.4101240367e+01, +8.4375497744e+01
-9.1415364705e+01, +8.5349311093e+01
-8.8765869077e+01, +8.6303363619e+01
-8.6150768044e+01, +8.7236421661e+01
-8.3568132806e+01, +8.8147460488e+01
-8.1016103751e+01, +8.9035638028e+01
-7.8492898583e+01, +8.9900270616e+01
-7.5996816965e+01, +9.0740811023e+01
-7.3526242476e+01, +9.1556828792e+01
-6.6252645559e+01, +9.3854842969e+01
-6.3869584169e+01, +9.4570236105e+01
+8.7611993375e+01, -3.2221603112e+01
+1.3649158612e+02, +7.0041272191e+01
+1.3313390026e+02, +7.1000706807e+01
+1.2983130182e+02, +7.1987166758e+01
+1.2657982114e+02, +7.2995999692e+01
+1.2337954552e+02, +7.4022720731e+01
+1.2023084366e+02, +7.5062823613e+01
+1.1713378881e+02, +7.6111873661e+01
+1.1408803378e+02, +7.7165602436e+01
+1.1109281183e+02, +7.8219985752e+01
+1.0814698460e+02, +7.9271300204e+01
+1.0524910794e+02, +8.0316158017e+01
+1.0239750179e+02, +8.1351522554e+01
+9.9590316664e+01, +8.2374708033e+01
+9.6825592959e+01, +8.3383367389e+01
+9.4101311322e+01, +8.4375471950e+01
+9.1415433836e+01, +8.5349286105e+01
+8.8765936473e+01, +8.6303339453e+01
+8.6150833792e+01, +8.7236398327e+01
+8.3568196988e+01, +8.8147437992e+01
+8.1016166445e+01, +8.9035616370e+01
+7.8492959863e+01, +8.9900249794e+01
+7.5996876898e+01, +9.0740791029e+01
+7.3526301129e+01, +9.1556809618e+01
+7.1079700006e+01, +9.2347974494e+01
+6.8655623336e+01, +9.3114038717e+01
+6.6252700719e+01, +9.3854826185e+01
+6.3869638270e+01, +9.4570220089e+01
+6.1505214899e+01, +9.5260152965e+01
+5.9158278324e+01, +9.5924598117e+01
+5.6827740966e+01, +9.6563562258e+01
+5.4512575848e+01, +9.7177079210e+01
+5.2211812544e+01, +9.7765204511e+01
+4.9924533261e+01, +9.8328010811e+01
+4.7649869058e+01, +9.8865583951e+01
+4.5386996253e+01, +9.9378019610e+01
+4.3135133001e+01, +9.9865420461e+01
+4.0893536069e+01, +1.0032789375e+02
+3.8661497790e+01, +1.0076554922e+02
+3.6438343204e+01, +1.0117849739e+02
+3.4223427366e+01, +1.0156684805e+02
+3.2016132828e+01, +1.0193070899e+02
+2.9815867262e+01, +1.0227018498e+02
+2.7622061235e+01, +1.0258537679e+02
+2.5434166114e+01, +1.0287638052e+02
+2.3251652090e+01, +1.0314328688e+02
+2.1074006311e+01, +1.0338618068e+02
+1.8900731120e+01, +1.0360514039e+02
+1.6731342378e+01, +1.0380023770e+02
+1.4565367863e+01, +1.0397153730e+02
+1.2402345748e+01, +1.0411909651e+02
+1.0241823134e+01, +1.0424296514e+02
+8.0833546357e+00, +1.0434318529e+02
+5.9265010114e+00, +1.0441979119e+02
+3.7708278325e+00, +1.0447280912e+02
+1.6159041760e+00, +1.0450225734e+02
-5.3869865937e-01, +1.0450814600e+02
-2.6934084251e+00, +1.0449047713e+02
-4.8486531892e+00, +1.0444924463e+02
-7.0048626043e+00, +1.0438443430e+02
-9.1624691849e+00, +1.0429602387e+02
-1.1321909601e+01, +1.0418398305e+02
-1.3483625999e+01, +1.0404827367e+02
-1.5648067346e+01, +1.0388884977e+02
-1.7815690827e+01, +1.0370565773e+02
-1.9986963280e+01, +1.0349863654e+02
-2.2162362690e+01, +1.0326771796e+02
-2.4342379754e+01, +1.0301282687e+02
-2.6527519510e+01, +1.0273388158e+02
-2.8718303063e+01, +1.0243079426e+02
-3.0915269397e+01, +1.0210347144e+02
-3.3118977290e+01, +1.0175181460e+02
-3.5330007354e+01, +1.0137572085e+02
-3.7548964192e+01, +1.0097508380e+02
-3.9776478697e+01, +1.0054979451e+02
-4.2013210496e+01, +1.0009974266e+02
-4.4259850558e+01, +9.9624817916e+01
-4.6517123966e+01, +9.9124911543e+01
-4.8785792870e+01, +9.8599918304e+01
-5.1066659620e+01, +9.8049738696e+01
-5.3360570090e+01, +9.7474281574e+01
-5.5668417190e+01, +9.6873467241e+01
-5.7991144551e+01, +9.6247231073e+01
-6.0329750377e+01, +9.5595527769e+01
-6.2685291439e+01, +9.4918336334e+01
-6.5058887155e+01, +9.4215665912e+01
-6.7451723708e+01, +9.3487562594e+01
-6.9865058103e+01, +9.2734117363e+01
-7.2300222044e+01, +9.1955475340e+01
-7.4758625460e+01, +9.1151846502e+01
-7.7241759463e+01, +9.0323518076e+01
-7.9751198435e+01, +8.9470868793e+01
-8.2288600868e+01, +8.8594385191e+01
-8.4855708485e+01, +8.7694680127e+01
-8.7454343026e+01, +8.6772513590e+01
-9.0086399973e+01, +8.5828815829e+01
-9.2753838339e+01, +8.4864712662e+01
-9.5458665507e+01, +8.3881552593e+01
-9.8202915996e+01, +8.2880935083e+01
-1.0098862302e+02, +8.1864738916e+01
-1.0381778178e+02, +8.0835149055e+01
-1.0669230369e+02, +7.9794679834e+01
-1.0961396144e+02, +7.8746191613e+01
-1.1258432576e+02, +7.7692897476e+01
-1.1560469660e+02, +7.6638356105e+01
-1.1867603404e+02, +7.5586446991e+01
-1.2179889905e+02, +7.4541324914e+01
-1.2497342377e+02, +7.3507352423e+01
-1.2819935720e+02, +7.2489012467e+01
-1.3147633688e+02, +7.1490810243e+01
-1.3480521953e+02, +7.0517216836e+01
-1.3820642382e+02, +6.9577185606e+01
-6.8257758697e+01, -4.9843090081e+01
+8.7611993375e+01, -3.2221603112e+01
+1.3649163960e+02, +7.0041257313e+01
+1.3313395240e+02, +7.1000691556e+01
+1.2983135280e+02, +7.1987151226e+01
+1.2657987099e+02, +7.2995983952e+01
+1.2337959425e+02, +7.4022704856e+01
+1.2023089128e+02, +7.5062807673e+01
+1.1713383534e+02, +7.6111857722e+01
+1.1408807924e+02, +7.7165586563e+01
+1.1109285624e+02, +7.8219970002e+01
+1.0814702799e+02, +7.9271284627e+01
+1.0524915036e+02, +8.0316142660e+01
+1.0239754327e+02, +8.1351507456e+01
+9.9590357246e+01, +8.2374693228e+01
+9.6825632680e+01, +8.3383352904e+01
+9.4101350222e+01, +8.4375457809e+01
+9.1415471954e+01, +8.5349272327e+01
+8.8765973846e+01, +8.6303326052e+01
+8.6150870458e+01, +8.7236385315e+01
+8.3568232980e+01, +8.8147425377e+01
+8.1016201797e+01, +8.9035604158e+01
+7.8492994606e+01, +8.9900237988e+01
+7.5996911063e+01, +9.0740779632e+01
+7.3526334743e+01, +9.1556798630e+01
+7.1079733096e+01, +9.2347963913e+01
+6.8655655927e+01, +9.3114028542e+01
+6.6252732834e+01, +9.3854816412e+01
+6.3869669932e+01, +9.4570210716e+01
+6.1505246128e+01, +9.5260143987e+01
+5.9158309139e+01, +9.5924589530e+01
+5.6827771386e+01, +9.6563554057e+01
+5.4512605890e+01, +9.7177071389e+01
+5.2211842225e+01, +9.7765197065e+01
+4.9924562595e+01, +9.8328003735e+01
+4.7649898061e+01, +9.8865577240e+01
+4.5387024937e+01, +9.9378013257e+01
+4.3135161381e+01, +9.9865414462e+01
+4.0893564156e+01, +1.0032788810e+02
+3.8661525596e+01, +1.0076554391e+02
+3.6438370739e+01, +1.0117849242e+02
+3.4223454642e+01, +1.0156684341e+02
+3.2016159854e+01, +1.0193070468e+02
+2.9815894048e+01, +1.0227018099e+02
+2.7622087790e+01, +1.0258537312e+02
+2.5434192447e+01, +1.0287637716e+02
+2.3251678209e+01, +1.0314328383e+02
+2.1074032224e+01, +1.0338617793e+02
+1.8900756836e+01, +1.0360513793e+02
+1.6731367903e+01, +1.0380023555e+02
+1.4565393205e+01, +1.0397153543e+02
+1.2402370914e+01, +1.0411909493e+02
+1.0241848131e+01, +1.0424296384e+02
+8.0833794694e+00, +1.0434318427e+02
+5.9265256890e+00, +1.0441979044e+02
+3.7708523601e+00, +1.0447280865e+02
+1.6159285600e+00, +1.0450225714e+02
-5.3867441299e-01, +1.0450814607e+02
-1.0873449209e+02, -3.8303310220e+00
-1.0455066026e+02, -1.0441221493e+01
-1.0132686128e+02, -1.5162564462e+01
-9.8482148608e+01, -1.9083527247e+01
-9.5857496263e+01, -2.2511950718e+01
-9.3381085827e+01, -2.5590650212e+01
-9.1013042764e+01, -2.8400853105e+01
-8.8728457007e+01, -3.0994439995e+01
-8.6510517588e+01, -3.3407153793e+01
-8.4347240593e+01, -3.5664973223e+01
-8.2229725751e+01, -3.7787548614e+01
-8.0151148888e+01, -3.9790209748e+01
-7.8106142353e+01, -4.1685213853e+01
-7.6090394846e+01, -4.3482560031e+01
-7.4100382439e+01, -4.5190542200e+01
-7.2133181695e+01, -4.6816137003e+01
-7.0186336163e+01, -4.8365283570e+01
-6.8257758697e+01, -4.9843090081e+01
-6.6345658509e+01, -5.1253989436e+01
-6.4448485682e+01, -5.2601858680e+01
-6.2564888308e+01, -5.3890112048e+01
-6.0693678897e+01, -5.5121774497e+01
-5.8833807711e+01, -5.6299540527e+01
-5.6984341371e+01, -5.7425821758e+01
-5.5144445492e+01, -5.8502785812e+01
-5.3313370480e+01, -5.9532388370e+01
-5.1490439789e+01, -6.0516399827e+01
-4.9675040157e+01, -6.1456427615e+01
-4.7866613415e+01, -6.2353935035e+01
-4.6064649569e+01, -6.3210257243e+01
-4.4268680928e+01, -6.4026614890e+01
-4.2478277079e+01, -6.4804125833e+01
-4.0693040575e+01, -6.5543815231e+01
-3.8912603201e+01, -6.6246624289e+01
-3.7136622737e+01, -6.6913417860e+01
-3.5364780132e+01, -6.7544991087e+01
-3.3596777021e+01, -6.8142075201e+01
-3.1832333545e+01, -6.8705342634e+01
-3.0071186419e+01, -6.9235411496e+01
-2.8313087209e+01, -6.9732849543e+01
-2.6557800807e+01, -7.0198177666e+01
-2.4805104050e+01, -7.0631872992e+01
-2.3054784486e+01, -7.1034371614e+01
-2.1306639251e+01, -7.1406071015e+01
-1.9560474052e+01, -7.1747332213e+01
-1.7816102238e+01, -7.2058481651e+01
-1.6073343944e+01, -7.2339812868e+01
-1.4332025303e+01, -7.2591587962e+01
-1.2591977715e+01, -7.2814038870e+01
-1.0853037164e+01, -7.3007368485e+01
-9.1150435753e+00, -7.3171751605e+01
-7.3778402095e+00, -7.3307335749e+01
-5.6412730839e+00, -7.3414241833e+01
-3.9051904182e+00, -7.3492564716e+01
-2.1694420993e+00, -7.3542373628e+01
-4.3387915920e-01, -7.3563712478e+01
+1.3016467367e+00, -7.3556600049e+01
+3.0372837967e+00, -7.3521030083e+01
+4.7731806085e+00, -7.3456971251e+01
+6.5094866482e+00, -7.3364367014e+01
+8.2463527965e+00, -7.3243135375e+01
+9.9839318668e+00, -7.3093168506e+01
+1.1722379150e+01, -7.2914332266e+01
+1.3461852978e+01, -7.2706465590e+01
+1.5202515320e+01, -7.2469379741e+01
+1.6944532400e+01, -7.2202857435e+01
+1.8688075363e+01, -7.1906651803e+01
+2.0433320981e+01, -7.1580485197e+01
+2.2180452410e+01, -7.1224047822e+01
+2.3929660010e+01, -7.0836996170e+01
+2.5681142238e+01, -7.0418951241e+01
+2.7435106619e+01, -6.9969496532e+01
+2.9191770814e+01, -6.9488175755e+01
+3.0951363795e+01, -6.8974490265e+01
+3.2714127152e+01, -6.8427896147e+01
+3.4480316541e+01, -6.7847800933e+01
+3.6250203308e+01, -6.7233559880e+01
+3.8024076309e+01, -6.6584471752e+01
+3.9802243960e+01, -6.5899774042e+01
+4.1585036568e+01, -6.5178637527e+01
+4.3372808971e+01, -6.4420160063e+01
+4.5165943569e+01, -6.3623359487e+01
+4.6964853790e+01, -6.2787165462e+01
+4.8769988105e+01, -6.1910410090e+01
+5.0581834681e+01, -6.0991817045e+01
+5.2400926804e+01, -6.0029988939e+01
+5.4227849251e+01, -5.9023392566e+01
+5.6063245813e+01, -5.7970341571e+01
+5.7907828224e+01, -5.6868975953e+01
+5.9762386868e+01, -5.5717237702e+01
+6.1627803671e+01, -5.4512841591e+01
+6.3505067794e+01, -5.3253239916e+01
+6.5395294878e+01, -5.1935579529e+01
+6.7299750904e+01, -5.0556649010e+01
+6.9219882070e+01, -4.9112812998e+01
+7.1157352675e+01, -4.7599929610e+01
+7.3114093795e+01, -4.6013245223e+01
+7.5092366770e+01, -4.4347258407e+01
+7.7094847415e+01, -4.2595541031e+01
+7.9124739900e+01, -4.0750498527e+01
+8.1185934199e+01, -3.8803041506e+01
+8.3283229447e+01, -3.6742124362e+01
+8.5422660548e+01, -3.4554077191e+01
+8.7611993375e+01, -3.2221603112e+01
+8.9861509480e+01, -2.9722206011e+01
+9.2185319870e+01, -2.7025586820e+01
+9.4603725646e+01, -2.4089018085e+01
+1.2658013332e+02, +7.2995901126e+01
+1.4846589710e+02, +6.7031693633e+01
+1.3313421931e+02, +7.1000613469e+01
+1.3649190975e+02, +7.0041182161e+01
+1.3820612848e+02, +6.9577260763e+01
+1.3480493794e+02, +7.0517297351e+01
+9.5458452335e+01, +8.3881630232e+01
+9.2753629181e+01, +8.4864788504e+01
+9.0086194622e+01, +8.5828889780e+01
+8.7454141285e+01, +8.6772585576e+01
+8.4855510162e+01, +8.7694750092e+01
+8.2288405780e+01, +8.8594453091e+01
+7.9751006407e+01, +8.9470934599e+01
+7.7241570331e+01, +9.0323581768e+01
+7.4758439067e+01, +9.1151908069e+01
+7.2300038243e+01, +9.1955534778e+01
+6.7451544682e+01, +9.3487617786e+01
+6.5058710328e+01, +9.4215718997e+01
-6.6345658509e+01, -5.1253989436e+01
-1.3820623902e+02, +6.9577232632e+01
-1.3480504255e+02, +7.0517267440e+01
-1.3147616300e+02, +7.1490862190e+01
-1.2819918625e+02, +7.2489065516e+01
-1.2497325575e+02, +7.3507406338e+01
-1.2179873396e+02, +7.4541379457e+01
-1.1867587188e+02, +7.5586501929e+01
-1.1560453734e+02, +7.6638411215e+01
-1.1258416934e+02, +7.7692952549e+01
-1.0961380779e+02, +7.8746246457e+01
-1.0669215273e+02, +7.9794734274e+01
-1.0381763341e+02, +8.0835202936e+01
-1.0098847713e+02, +8.1864792100e+01
-9.8202772470e+01, +8.2880987452e+01
-9.5458524238e+01, +8.3881604044e+01
-9.2753699212e+01, +8.4864763110e+01
-9.0086262875e+01, +8.5828865201e+01
-8.7454207846e+01, +8.6772561825e+01
-8.4855575117e+01, +8.7694727177e+01
-8.2288469209e+01, +8.8594431015e+01
-7.9751068385e+01, +8.9470913359e+01
-7.7241630929e+01, +9.0323561361e+01
-7.4758498352e+01, +9.1151888487e+01
-7.2300096278e+01, +9.1955516011e+01
-6.9864933599e+01, +9.2734156710e+01
-6.7451600390e+01, +9.3487600612e+01
-6.5058764952e+01, +9.4215702598e+01
-6.2685170282e+01, +9.4918371688e+01
-6.0329630204e+01, +9.5595561792e+01
-5.7991025301e+01, +9.6247263768e+01
-5.5668298807e+01, +9.6873498613e+01
-5.3360452520e+01, +9.7474311628e+01
-5.1066542811e+01, +9.8049767438e+01
-4.8785676774e+01, +9.8599945741e+01
-4.6517008538e+01, +9.9124937682e+01
-4.4259735753e+01, +9.9624842765e+01
-4.2013096274e+01, +1.0009976623e+02
-3.9776365017e+01, +1.0054981680e+02
-3.7548851017e+01, +1.0097510482e+02
-3.5329894648e+01, +1.0137574061e+02
-3.3118865017e+01, +1.0175183311e+02
-3.0915157525e+01, +1.0210348870e+02
-2.8718191560e+01, +1.0243081028e+02
-2.6527408343e+01, +1.0273389637e+02
-2.4342268894e+01, +1.0301284043e+02
-2.2162252109e+01, +1.0326773029e+02
-1.9986852949e+01, +1.0349864765e+02
-1.7815580718e+01, +1.0370566763e+02
-1.5647957432e+01, +1.0388885846e+02
-1.3483516254e+01, +1.0404828116e+02
-1.1321800000e+01, +1.0418398934e+02
-9.1623597015e+00, +1.0429602895e+02
-7.0047532134e+00, +1.0438443819e+02
-4.8485438660e+00, +1.0444924732e+02
-2.6932991449e+00, +1.0449047862e+02
-5.3858939754e-01, +1.0450814630e+02
+1.6160134439e+00, +1.0450225645e+02
+3.7709371311e+00, +1.0447280703e+02
+5.9266103654e+00, +1.0441978790e+02
+8.0834640697e+00, +1.0434318080e+02
+1.0241932674e+01, +1.0424295946e+02
+1.2402455418e+01, +1.0411908963e+02
+1.4565477689e+01, +1.0397152921e+02
+1.6731452386e+01, +1.0380022841e+02
+1.8900841337e+01, +1.0360512988e+02
+2.1074116763e+01, +1.0338616896e+02
+2.3251762806e+01, +1.0314327394e+02
+2.5434277123e+01, +1.0287636635e+02
+2.7622172567e+01, +1.0258536139e+02
+2.9815978946e+01, +1.0227016834e+02
+3.2016244896e+01, +1.0193069111e+02
+3.4223539852e+01, +1.0156682892e+02
+3.6438456140e+01, +1.0117847700e+02
+3.8661611213e+01, +1.0076552756e+02
+4.0893650015e+01, +1.0032787082e+02
+4.3135247510e+01, +9.9865396255e+01
+4.5387111364e+01, +9.9377994117e+01
+4.7649984814e+01, +9.8865557164e+01
+4.9924649707e+01, +9.8327982723e+01
+5.2211929728e+01, +9.7765175113e+01
+5.4512693818e+01, +9.7177048498e+01
+5.6827859775e+01, +9.6563530225e+01
+5.9158398027e+01, +9.5924564759e+01
+6.1505335556e+01, +9.5260118277e+01
+6.3869759941e+01, +9.4570184069e+01
+6.6252823471e+01, +9.3854788832e+01
+6.8655747238e+01, +9.3114000034e+01
+7.1079825131e+01, +9.2347934483e+01
+7.3526427555e+01, +9.1556768289e+01
+7.5997004708e+01, +9.0740748392e+01
+7.8493089143e+01, +8.9900205865e+01
+8.1016297287e+01, +8.9035571171e+01
+8.3568329489e+01, +8.8147391551e+01
+8.6150968053e+01, +8.7236350679e+01
+8.8766072598e+01, +8.6303290643e+01
+9.1415571934e+01, +8.5349236187e+01
+9.4101451506e+01, +8.4375420991e+01
+9.6825735342e+01, +8.3383315467e+01
+9.9590461361e+01, +8.2374655243e+01
+1.0239764891e+02, +8.1351469006e+01
+1.0524925760e+02, +8.0316103839e+01
+1.0814713689e+02, +7.9271245541e+01
+1.1109296686e+02, +7.8219930771e+01
+1.1408819162e+02, +7.7165547319e+01
+1.1713394952e+02, +7.6111818609e+01
+1.2023100728e+02, +7.5062768844e+01
+1.2337971207e+02, +7.4022666473e+01
+1.2657999062e+02, +7.2995946180e+01
+1.2983147423e+02, +7.1987114230e+01
+1.3313407564e+02, +7.1000655500e+01
+1.3649176510e+02, +7.0041222400e+01
+8.7611993375e+01, -3.2221603112e+01
-1.0132686128e+02, -1.5162564462e+01
-1.3820629439e+02, +6.9577218542e+01
-1.3480509529e+02, +7.0517252358e+01
-1.3147621455e+02, +7.1490846789e+01
-1.2819923667e+02, +7.2489049871e+01
-1.2497330504e+02, +7.3507390521e+01
-1.2179878214e+02, +7.4541363540e+01
-1.1867591895e+02, +7.5586485981e+01
-1.1560458332e+02, +7.6638395302e+01
-1.1258421426e+02, +7.7692936731e+01
-1.0961385169e+02, +7.8746230787e+01
-1.0669219563e+02, +7.9794718802e+01
-1.0381767535e+02, +8.0835187704e+01
-1.0098851815e+02, +8.1864777144e+01
-9.8202812617e+01, +8.2880972803e+01
-9.5458563543e+01, +8.3881589729e+01
-9.2753737716e+01, +8.4864749148e+01
-9.0086300616e+01, +8.5828851609e+01
-8.7454244861e+01, +8.6772548617e+01
-8.4855611442e+01, +8.7694714362e+01
-8.2288504877e+01, +8.8594418601e+01
-7.9751103429e+01, +8.9470901350e+01
-7.7241665380e+01, +9.0323549759e+01
-7.4758532238e+01, +9.1151877294e+01
-7.2300129627e+01, +9.1955505226e+01
-6.9864966437e+01, +9.2734146333e+01
-6.7451632741e+01, +9.3487590638e+01
-6.5058796837e+01, +9.4215693026e+01
-6.2685201725e+01, +9.4918362513e+01
-6.0329661224e+01, +9.5595553009e+01
-5.7991055917e+01, +9.6247255374e+01
-5.5668329036e+01, +9.6873490603e+01
-5.3360482379e+01, +9.7474303995e+01
-5.1066572316e+01, +9.8049760178e+01
-4.8785705941e+01, +9.8599938848e+01
-4.6517037380e+01, +9.9124931151e+01
-4.4259764284e+01, +9.9624836590e+01
-4.2013124505e+01, +1.0009976040e+02
-3.9776392962e+01, +1.0054981132e+02
-3.7548878686e+01, +1.0097509968e+02
-3.5329922052e+01, +1.0137573581e+02
-3.3118892167e+01, +1.0175182863e+02
-3.0915184429e+01, +1.0210348455e+02
-2.8718218229e+01, +1.0243080645e+02
-2.6527434786e+01, +1.0273389285e+02
-2.4342295119e+01, +1.0301283722e+02
-2.2162278124e+01, +1.0326772739e+02
-1.9986878762e+01, +1.0349864505e+02
-1.7815606337e+01, +1.0370566533e+02
-1.5647982865e+01, +1.0388885645e+02
-1.3483541507e+01, +1.0404827944e+02
-1.1321825080e+01, +1.0418398790e+02
-9.1623846157e+00, +1.0429602779e+02
-7.0047779683e+00, +1.0438443731e+02
-4.8485684678e+00, +1.0444924671e+02
-2.6933235999e+00, +1.0449047829e+02
-5.3861371197e-01, +1.0450814623e+02
+1.6159892641e+00, +1.0450225665e+02
