-1.8121834315e+02, -5.5158716882e-01
-2.0861811581e+02, -4.7021428968e-01
-1.8774276203e+02, +6.7195324265e+01
-1.9912679512e+02, +6.8182825511e+01
-1.9085438577e+02, -5.1418452478e-01
-1.9545094216e+02, -5.0041225547e-01
-1.9993292801e+02, -4.8880167659e-01
-2.0431752682e+02, -4.7885291845e-01
-2.0861811581e+02, -4.7021428968e-01
-2.1284535055e+02, -4.6263008882e-01
-2.1700788112e+02, -4.5590929213e-01
-2.2111284251e+02, -4.4990590378e-01
-2.2516620052e+02, -4.4450615337e-01
-2.2917300229e+02, -4.3961988499e-01
-2.3313756172e+02, -4.3517460505e-01
-2.4468418197e+02, +6.3097498637e+01
-2.4864098005e+02, -4.2076564242e-01
-2.2516620052e+02, -4.4450615337e-01
-2.4095434956e+02, -4.2738123546e-01
-2.4864098005e+02, -4.2076564242e-01
-2.5244156800e+02, -4.1781730010e-01
-2.5621637936e+02, -4.1507443962e-01
-2.5996717866e+02, -4.1251596623e-01
-2.6369555263e+02, -4.1012364725e-01
-2.6740293384e+02, -4.0788163325e-01
-2.7109062055e+02, -4.0577607356e-01
-2.7475979331e+02, -4.0379480496e-01
-2.7841152912e+02, -4.0192709763e-01
-2.8204681339e+02, -4.0016344618e-01
-2.8566655027e+02, -3.9849539686e-01
-2.8927157151e+02, -3.9691540348e-01
-2.9286264408e+02, -3.9541670679e-01
-2.9644047689e+02, -3.9399323279e-01
-2.9998648306e+02, +5.4329821388e+01
-3.0710087138e+02, -3.9012196614e-01
-3.1415246467e+02, -3.8782973863e-01
-3.4887575235e+02, -3.7889602608e-01
-2.9644047689e+02, -3.9399323279e-01
-3.1063186122e+02, -3.8894959008e-01
-3.1190210977e+02, +5.9001468636e+01
-3.2116432505e+02, -3.8573433844e-01
-3.2465641730e+02, -3.8475284422e-01
-3.2813979847e+02, -3.8381192668e-01
-3.3161482532e+02, -3.8290918108e-01
-3.3508183369e+02, -3.8204239010e-01
-3.3854114007e+02, -3.8120950568e-01
-3.4199304312e+02, -3.8040863299e-01
-3.4543782495e+02, -3.7963801626e-01
-3.4887575235e+02, -3.7889602608e-01
-3.5230707786e+02, -3.7818114815e-01
-3.5573204077e+02, -3.7749197319e-01
-3.5915086804e+02, -3.7682718792e-01
-3.6256377515e+02, -3.7618556693e-01
-3.6597096683e+02, -3.7556596542e-01
-3.6937263775e+02, -3.7496731264e-01
-3.7276897323e+02, -3.7438860590e-01
-3.7616014976e+02, -3.7382890529e-01
-3.7954633558e+02, -3.7328732875e-01
-3.8292769118e+02, -3.7276304767e-01
-3.8630436978e+02, -3.7225528293e-01
-3.8967651773e+02, -3.7176330116e-01
-3.9304427494e+02, -3.7128641149e-01
-3.9640777523e+02, -3.7082396246e-01
-3.9976714668e+02, -3.7037533925e-01
-4.0312251197e+02, -3.6993996112e-01
-4.0647398865e+02, -3.6951727912e-01
-4.0982168942e+02, -3.6910677387e-01
-4.1316572241e+02, -3.6870795363e-01
-4.1650619142e+02, -3.6832035250e-01
-4.1984319612e+02, -3.6794352869e-01
-4.2317683229e+02, -3.6757706302e-01
-4.2650719200e+02, -3.6722055748e-01
-4.2983436381e+02, -3.6687363392e-01
-4.3315843293e+02, -3.6653593280e-01
-4.3647948140e+02, -3.6620711206e-01
-4.3724966978e+02, +5.0798271771e+01
-4.6053711824e+02, +6.2369224537e+01
-4.4973500654e+02, -3.6497434779e-01
-4.5304208127e+02, -3.6468534123e-01
-4.5634656881e+02, -3.6440347629e-01
-4.5964853277e+02, -3.6412850778e-01
-4.6745291334e+02, +5.6437906007e+01
-4.6953988731e+02, -3.6334268867e-01
-4.7612257857e+02, -3.6284925960e-01
-4.8424744077e+02, +5.0428177336e+01
-5.0236979034e+02, -3.6108741735e-01
-4.3647948140e+02, -3.6620711206e-01
-4.6326459634e+02, +4.4100267413e+01
-4.7227844241e+02, +5.1647604882e+01
-4.7930065461e+02, +5.3470977542e+01
-4.8269653087e+02, -3.6237837552e-01
-4.8323816793e+02, +5.5816192142e+01
-4.9254193263e+02, -3.6171126145e-01
-4.9581977690e+02, -3.6149870326e-01
-4.9909571561e+02, -3.6129080218e-01
-5.0236979034e+02, -3.6108741735e-01
-5.0564204140e+02, -3.6088841339e-01
-5.1061426662e+02, +4.6806949101e+01
-5.0771270685e+02, +5.0372809108e+01
-5.4501437846e+02, +8.6863289571e+01
-5.2694537083e+02, +5.0014845554e+01
-5.2849988163e+02, -3.5960771532e-01
-5.2891415636e+02, +4.7887543577e+01
-5.3175885969e+02, -3.5943946268e-01
-5.3501632794e+02, -3.5927458049e-01
-5.3827231651e+02, -3.5911297597e-01
-5.4152685469e+02, -3.5895455958e-01
-5.4477997101e+02, -3.5879924494e-01
-5.4803169318e+02, -3.5864694866e-01
-5.5128204821e+02, -3.5849759024e-01
-5.5453106237e+02, -3.5835109192e-01
-5.5777876124e+02, -3.5820737858e-01
-5.6102516974e+02, -3.5806637762e-01
-5.6427031214e+02, -3.5792801887e-01
-5.6751421208e+02, -3.5779223448e-01
-5.7075689259e+02, -3.5765895885e-01
-5.7399837612e+02, -3.5752812849e-01
-5.7723868457e+02, -3.5739968198e-01
-5.8047783927e+02, -3.5727355987e-01
-5.8371586102e+02, -3.5714970462e-01
-5.8695277013e+02, -3.5702806049e-01
-5.9018858639e+02, -3.5690857350e-01
-5.9342332911e+02, -3.5679119137e-01
-5.9665701714e+02, -3.5667586341e-01
-5.9988966888e+02, -3.5656254050e-01
-6.0312130230e+02, -3.5645117504e-01
-6.0635193491e+02, -3.5634172084e-01
-6.0958158385e+02, -3.5623413314e-01
-6.1281026583e+02, -3.5612836847e-01
-6.1603799719e+02, -3.5602438470e-01
-6.1926479388e+02, -3.5592214091e-01
-6.2249067150e+02, -3.5582159739e-01
-6.2571564528e+02, -3.5572271559e-01
-6.2893973012e+02, -3.5562545807e-01
-6.3216294057e+02, -3.5552978846e-01
-6.3538529087e+02, -3.5543567144e-01
-6.3860679493e+02, -3.5534307267e-01
-6.4182746636e+02, -3.5525195881e-01
-6.4504731848e+02, -3.5516229743e-01
-6.4826636431e+02, -3.5507405700e-01
-6.5148461660e+02, -3.5498720688e-01
-6.5470208779e+02, -3.5490171725e-01
-6.5791879011e+02, -3.5481755912e-01
-6.6113473549e+02, -3.5473470428e-01
-6.6434993561e+02, -3.5465312528e-01
-6.6756440193e+02, -3.5457279540e-01
-6.7077814564e+02, -3.5449368866e-01
-6.7399117772e+02, -3.5441577972e-01
-6.7720350891e+02, -3.5433904395e-01
-6.8041514974e+02, -3.5426345734e-01
-6.8362611052e+02, -3.5418899651e-01
-6.8683640136e+02, -3.5411563870e-01
-6.9004603214e+02, -3.5404336171e-01
-6.9325501256e+02, -3.5397214393e-01
-6.9646335214e+02, -3.5390196428e-01
-6.9967106019e+02, -3.5383280222e-01
-7.0287814584e+02, -3.5376463773e-01
-7.0608461805e+02, -3.5369745130e-01
-7.0929048559e+02, -3.5363122387e-01
-7.1249575708e+02, -3.5356593689e-01
-7.1570044095e+02, -3.5350157225e-01
-7.1890454549e+02, -3.5343811228e-01
-7.2210807882e+02, -3.5337553974e-01
-7.2531104890e+02, -3.5331383781e-01
-7.2851346356e+02, -3.5325299008e-01
-7.3171533046e+02, -3.5319298051e-01
-7.3491665713e+02, -3.5313379347e-01
-7.3811745096e+02, -3.5307541369e-01
-7.4131771920e+02, -3.5301782625e-01
-7.4451746895e+02, -3.5296101659e-01
-7.4771670722e+02, -3.5290497048e-01
-7.5091544085e+02, -3.5284967404e-01
-7.5411367659e+02, -3.5279511369e-01
-7.5731142103e+02, -3.5274127616e-01
-7.6050868068e+02, -3.5268814849e-01
-7.6370546191e+02, -3.5263571803e-01
-7.6690177099e+02, -3.5258397239e-01
-7.7009761407e+02, -3.5253289948e-01
-7.7329299719e+02, -3.5248248745e-01
-7.7648792629e+02, -3.5243272476e-01
-7.7968240721e+02, -3.5238360008e-01
-7.8287644567e+02, -3.5233510236e-01
-7.8607004732e+02, -3.5228722078e-01
-7.8926321769e+02, -3.5223994476e-01
-7.9245596222e+02, -3.5219326395e-01
-7.9564828626e+02, -3.5214716822e-01
-7.9884019507e+02, -3.5210164766e-01
-8.0203169382e+02, -3.5205669257e-01
-8.0522278760e+02, -3.5201229347e-01
-8.0841348139e+02, -3.5196844107e-01
-8.1160378011e+02, -3.5192512628e-01
-8.1479368861e+02, -3.5188234018e-01
-8.1798321162e+02, -3.5184007408e-01
-8.2117235383e+02, -3.5179831943e-01
-8.2436111983e+02, -3.5175706789e-01
-8.2754951414e+02, -3.5171631127e-01
-8.3073754122e+02, -3.5167604155e-01
-8.3392520545e+02, -3.5163625088e-01
-8.3711251113e+02, -3.5159693157e-01
-8.4029946249e+02, -3.5155807609e-01
-8.4348606372e+02, -3.5151967706e-01
-8.4667231891e+02, -3.5148172724e-01
-8.4985823211e+02, -3.5144421955e-01
-8.5304380728e+02, -3.5140714703e-01
-8.5622904836e+02, -3.5137050287e-01
-8.5941395917e+02, -3.5133428041e-01
-8.6259854353e+02, -3.5129847309e-01
-8.6578280517e+02, -3.5126307450e-01
-8.6896674775e+02, -3.5122807836e-01
-8.7215037491e+02, -3.5119347849e-01
-8.7533369020e+02, -3.5115926884e-01
-8.7851669714e+02, -3.5112544349e-01
-8.8169939918e+02, -3.5109199661e-01
-8.8488179972e+02, -3.5105892250e-01
-8.8806390213e+02, -3.5102621557e-01
-8.9124570970e+02, -3.5099387031e-01
-8.9442722569e+02, -3.5096188133e-01
-8.9760845330e+02, -3.5093024337e-01
-9.0078939570e+02, -3.5089895121e-01
-9.0397005599e+02, -3.5086799978e-01
-9.0715043724e+02, -3.5083738408e-01
-9.1033054247e+02, -3.5080709919e-01
-9.1351037466e+02, -3.5077714032e-01
-9.1668993673e+02, -3.5074750273e-01
-9.1986923159e+02, -3.5071818179e-01
-9.2304826209e+02, -3.5068917293e-01
-9.2622703102e+02, -3.5066047169e-01
-9.2940554116e+02, -3.5063207368e-01
-9.3258379524e+02, -3.5060397458e-01
-9.3576179595e+02, -3.5057617016e-01
-9.3893954594e+02, -3.5054865626e-01
-9.4211704782e+02, -3.5052142880e-01
-9.4529430418e+02, -3.5049448376e-01
-9.4847131756e+02, -3.5046781721e-01
-9.5164809045e+02, -3.5044142526e-01
-9.5482462535e+02, -3.5041530411e-01
-9.5800092467e+02, -3.5038945004e-01
-9.6117699083e+02, -3.5036385935e-01
-9.6435282620e+02, -3.5033852845e-01
-9.6752843312e+02, -3.5031345379e-01
-9.7070381389e+02, -3.5028863188e-01
-9.7387897079e+02, -3.5026405929e-01
-9.7705390606e+02, -3.5023973266e-01
-9.8022862192e+02, -3.5021564868e-01
-9.8340312055e+02, -3.5019180409e-01
-9.8657740412e+02, -3.5016819570e-01
-9.8975147473e+02, -3.5014482035e-01
-9.9292533450e+02, -3.5012167496e-01
-9.9609898550e+02, -3.5009875648e-01
-9.9927242976e+02, -3.5007606193e-01
-1.0024456693e+03, -3.5005358836e-01
-1.0056187061e+03, -3.5003133288e-01
-1.0087915422e+03, -3.5000929265e-01
-1.0119641794e+03, -3.4998746487e-01
-1.0151366198e+03, -3.4996584679e-01
-1.0183088651e+03, -3.4994443570e-01
-1.0214809172e+03, -3.4992322893e-01
-1.0246527780e+03, -3.4990222388e-01
-1.0278244494e+03, -3.4988141796e-01
-1.0309959330e+03, -3.4986080863e-01
-1.0341672307e+03, -3.4984039340e-01
-1.0373383442e+03, -3.4982016981e-01
-1.0405092752e+03, -3.4980013546e-01
-1.0436800255e+03, -3.4978028795e-01
-1.0468505967e+03, -3.4976062495e-01
-1.0500209905e+03, -3.4974114416e-01
-1.0531912085e+03, -3.4972184330e-01
-1.0563612524e+03, -3.4970272015e-01
-1.0595311237e+03, -3.4968377252e-01
-1.0627008241e+03, -3.4966499822e-01
-1.0658703550e+03, -3.4964639515e-01
-1.0690397181e+03, -3.4962796120e-01
-1.0722089149e+03, -3.4960969430e-01
-1.0753779468e+03, -3.4959159243e-01
-1.0785468153e+03, -3.4957365358e-01
-1.0817155220e+03, -3.4955587578e-01
-1.0848840683e+03, -3.4953825709e-01
-1.0880524555e+03, -3.4952079561e-01
-1.0912206852e+03, -3.4950348944e-01
-1.0943887587e+03, -3.4948633674e-01
-1.0975566774e+03, -3.4946933568e-01
-1.1007244427e+03, -3.4945248445e-01
-1.1038920559e+03, -3.4943578129e-01
-1.1070595184e+03, -3.4941922445e-01
-1.1102268314e+03, -3.4940281221e-01
-1.1133939963e+03, -3.4938654288e-01
-1.1165610144e+03, -3.4937041478e-01
-1.1197278869e+03, -3.4935442628e-01
-1.1228946151e+03, -3.4933857575e-01
-1.1260612003e+03, -3.4932286159e-01
-1.1292276436e+03, -3.4930728223e-01
-1.1323939463e+03, -3.4929183612e-01
-1.1355601095e+03, -3.4927652174e-01
-1.1387261346e+03, -3.4926133756e-01
-1.1418920226e+03, -3.4924628211e-01
-1.1450577747e+03, -3.4923135393e-01
-1.1482233920e+03, -3.4921655157e-01
-1.1513888758e+03, -3.4920187361e-01
-1.1545542270e+03, -3.4918731865e-01
-1.1577194469e+03, -3.4917288531e-01
-1.1608845364e+03, -3.4915857222e-01
-1.1640494968e+03, -3.4914437803e-01
-1.1672143290e+03, -3.4913030144e-01
-1.1703790342e+03, -3.4911634112e-01
-1.1735436133e+03, -3.4910249580e-01
-1.1767080675e+03, -3.4908876419e-01
-1.1798723977e+03, -3.4907514506e-01
-1.1830366049e+03, -3.4906163716e-01
-1.1862006902e+03, -3.4904823928e-01
-1.1893646545e+03, -3.4903495021e-01
-1.1925284989e+03, -3.4902176877e-01
-1.1956922243e+03, -3.4900869380e-01
-1.1988558316e+03, -3.4899572413e-01
-1.2020193218e+03, -3.4898285864e-01
-1.2051826959e+03, -3.4897009620e-01
-1.2083459547e+03, -3.4895743571e-01
-1.2115090993e+03, -3.4894487606e-01
-1.2146721304e+03, -3.4893241620e-01
-1.2178350491e+03, -3.4892005505e-01
-1.2209978561e+03, -3.4890779157e-01
-1.2241605524e+03, -3.4889562473e-01
-1.2273231389e+03, -3.4888355349e-01
-1.2304856163e+03, -3.4887157686e-01
-1.2336479857e+03, -3.4885969384e-01
-1.2368102477e+03, -3.4884790346e-01
-1.2399724033e+03, -3.4883620474e-01
-1.2431344532e+03, -3.4882459673e-01
-1.2462963983e+03, -3.4881307849e-01
-1.2494582394e+03, -3.4880164908e-01
-1.2526199774e+03, -3.4879030760e-01
-1.2557816128e+03, -3.4877905313e-01
-1.2589431467e+03, -3.4876788478e-01
-1.2621045797e+03, -3.4875680166e-01
-1.2652659127e+03, -3.4874580292e-01
-1.2684271463e+03, -3.4873488767e-01
-1.2715882813e+03, -3.4872405508e-01
-1.2747493186e+03, -3.4871330431e-01
-1.2779102587e+03, -3.4870263454e-01
-1.2810711025e+03, -3.4869204493e-01
-1.2842318506e+03, -3.4868153469e-01
-1.2873925039e+03, -3.4867110302e-01
-1.2905530629e+03, -3.4866074913e-01
-1.2937135284e+03, -3.4865047225e-01
-1.2968739012e+03, -3.4864027161e-01
-1.3000341817e+03, -3.4863014645e-01
-1.3031943709e+03, -3.4862009602e-01
-1.3063544693e+03, -3.4861011959e-01
-1.3095144776e+03, -3.4860021643e-01
-1.3126743964e+03, -3.4859038581e-01
-1.3158342264e+03, -3.4858062702e-01
-1.3189939684e+03, -3.4857093937e-01
-1.3221536228e+03, -3.4856132216e-01
-1.3253131903e+03, -3.4855177469e-01
-1.3284726717e+03, -3.4854229630e-01
-1.3316320674e+03, -3.4853288632e-01
-1.3347913781e+03, -3.4852354408e-01
-1.3379506045e+03, -3.4851426893e-01
-1.3411097470e+03, -3.4850506022e-01
-1.3442688064e+03, -3.4849591733e-01
-1.3474277833e+03, -3.4848683962e-01
-1.3505866781e+03, -3.4847782646e-01
-1.3537454915e+03, -3.4846887725e-01
-1.3569042241e+03, -3.4845999137e-01
-1.3600628764e+03, -3.4845116824e-01
-1.3632214490e+03, -3.4844240724e-01
-1.3663799425e+03, -3.4843370780e-01
-1.3695383574e+03, -3.4842506934e-01
-1.3726966942e+03, -3.4841649129e-01
-1.3758549536e+03, -3.4840797307e-01
-1.3790131360e+03, -3.4839951414e-01
-1.3821712421e+03, -3.4839111394e-01
-1.3853292722e+03, -3.4838277193e-01
-1.3884872270e+03, -3.4837448756e-01
-1.3916451070e+03, -3.4836626030e-01
-1.3948029126e+03, -3.4835808963e-01
-1.3979606444e+03, -3.4834997503e-01
-1.4011183029e+03, -3.4834191597e-01
-1.4042758886e+03, -3.4833391195e-01
-1.4074334020e+03, -3.4832596248e-01
-1.4105908436e+03, -3.4831806704e-01
-1.4137482139e+03, -3.4831022516e-01
-1.4169055133e+03, -3.4830243633e-01
-1.4200627424e+03, -3.4829470009e-01
-1.4232199015e+03, -3.4828701596e-01
-1.4263769913e+03, -3.4827938347e-01
-1.4295340121e+03, -3.4827180215e-01
-1.4326909644e+03, -3.4826427155e-01
-1.4358478486e+03, -3.4825679121e-01
-1.4390046653e+03, -3.4824936068e-01
-1.4421614148e+03, -3.4824197952e-01
-1.4453180977e+03, -3.4823464729e-01
-1.4484747143e+03, -3.4822736356e-01
-1.4516312651e+03, -3.4822012789e-01
-1.4547877506e+03, -3.4821293987e-01
-1.4579441711e+03, -3.4820579907e-01
-1.4611005271e+03, -3.4819870508e-01
-1.4642568189e+03, -3.4819165749e-01
-1.4674130472e+03, -3.4818465588e-01
-1.4705692121e+03, -3.4817769987e-01
-1.4737253142e+03, -3.4817078906e-01
-1.4768813539e+03, -3.4816392304e-01
-1.4800373315e+03, -3.4815710144e-01
-1.4831932475e+03, -3.4815032386e-01
-1.4863491022e+03, -3.4814358994e-01
-1.4895048961e+03, -3.4813689928e-01
-1.4926606296e+03, -3.4813025153e-01
-1.4958163030e+03, -3.4812364631e-01
-1.4989719167e+03, -3.4811708325e-01
-1.5021274710e+03, -3.4811056201e-01
-1.5052829665e+03, -3.4810408222e-01
-1.5084384034e+03, -3.4809764353e-01
-1.5115937822e+03, -3.4809124558e-01
-1.5147491031e+03, -3.4808488805e-01
-1.5179043666e+03, -3.4807857058e-01
-1.5210595730e+03, -3.4807229284e-01
-1.5242147227e+03, -3.4806605449e-01
-1.5273698159e+03, -3.4805985521e-01
-1.5305248532e+03, -3.4805369466e-01
-1.5336798348e+03, -3.4804757253e-01
-1.5368347611e+03, -3.4804148848e-01
-1.5399896324e+03, -3.4803544222e-01
-1.5431444491e+03, -3.4802943341e-01
-1.5462992115e+03, -3.4802346176e-01
-1.5494539199e+03, -3.4801752695e-01
-1.5526085746e+03, -3.4801162868e-01
-1.5557631761e+03, -3.4800576665e-01
-1.5589177246e+03, -3.4799994056e-01
-1.5620722205e+03, -3.4799415012e-01
-1.5652266640e+03, -3.4798839503e-01
-1.5683810555e+03, -3.4798267501e-01
-1.5715353953e+03, -3.4797698978e-01
-1.5746896837e+03, -3.4797133904e-01
-1.5778439211e+03, -3.4796572252e-01
-1.5809981077e+03, -3.4796013994e-01
-1.5841522439e+03, -3.4795459103e-01
-1.5873063299e+03, -3.4794907552e-01
-1.5904603661e+03, -3.4794359314e-01
-1.5936143527e+03, -3.4793814361e-01
-1.5967682901e+03, -3.4793272669e-01
-1.5999221785e+03, -3.4792734210e-01
-1.6030760182e+03, -3.4792198959e-01
-1.6062298096e+03, -3.4791666891e-01
-1.6093835529e+03, -3.4791137980e-01
-1.6125372484e+03, -3.4790612201e-01
-1.6156908963e+03, -3.4790089529e-01
-1.6188444971e+03, -3.4789569940e-01
-1.6219980508e+03, -3.4789053409e-01
-1.6251515579e+03, -3.4788539913e-01
-1.6283050186e+03, -3.4788029427e-01
-1.6314584331e+03, -3.4787521929e-01
-1.6346118018e+03, -3.4787017394e-01
-1.6377651249e+03, -3.4786515799e-01
-1.6409184026e+03, -3.4786017122e-01
-1.6440716353e+03, -3.4785521340e-01
-1.6472248231e+03, -3.4785028431e-01
-1.6503779664e+03, -3.4784538371e-01
-1.6535310654e+03, -3.4784051140e-01
-1.6566841204e+03, -3.4783566715e-01
-1.6598371315e+03, -3.4783085075e-01
-1.6629900992e+03, -3.4782606199e-01
-1.6661430235e+03, -3.4782130064e-01
-1.6692959048e+03, -3.4781656651e-01
-1.6724487434e+03, -3.4781185938e-01
-1.6756015394e+03, -3.4780717905e-01
-1.6787542930e+03, -3.4780252532e-01
-1.6819070047e+03, -3.4779789798e-01
-1.6850596744e+03, -3.4779329683e-01
-1.6882123026e+03, -3.4778872167e-01
-1.6913648895e+03, -3.4778417232e-01
-1.6945174352e+03, -3.4777964856e-01
-1.6976699400e+03, -3.4777515022e-01
-1.7008224042e+03, -3.4777067710e-01
-1.7039748279e+03, -3.4776622901e-01
-1.7071272114e+03, -3.4776180577e-01
-1.7102795550e+03, -3.4775740718e-01
-1.7134318588e+03, -3.4775303307e-01
-1.7165841230e+03, -3.4774868326e-01
-1.7197363479e+03, -3.4774435755e-01
-1.7228885337e+03, -3.4774005579e-01
-1.7260406807e+03, -3.4773577778e-01
-1.7291927889e+03, -3.4773152335e-01
-1.7323448587e+03, -3.4772729233e-01
-1.7354968903e+03, -3.4772308455e-01
-1.7386488838e+03, -3.4771889983e-01
-1.7418008395e+03, -3.4771473801e-01
-1.7449527575e+03, -3.4771059892e-01
-1.7481046382e+03, -3.4770648240e-01
-1.7512564816e+03, -3.4770238827e-01
-1.7544082880e+03, -3.4769831639e-01
-1.7575600576e+03, -3.4769426657e-01
-1.7607117906e+03, -3.4769023868e-01
-1.7638634872e+03, -3.4768623254e-01
-1.7670151476e+03, -3.4768224800e-01
-1.7701667719e+03, -3.4767828490e-01
-1.7733183604e+03, -3.4767434310e-01
-1.7764699133e+03, -3.4767042243e-01
-1.7796214308e+03, -3.4766652275e-01
-1.7827729129e+03, -3.4766264391e-01
-1.7859243601e+03, -3.4765878575e-01
+1.3607128618e+02, -8.1929238038e+00
+1.3225230772e+02, -1.4099416449e+01
+1.2904251706e+02, -1.8791419574e+01
+1.2614330575e+02, -2.2830324064e+01
+1.2344181415e+02, -2.6433618484e+01
+1.2088044881e+02, -2.9714721831e+01
+1.1842498149e+02, -3.2742385841e+01
+1.1605306141e+02, -3.5562337523e+01
+1.1374912206e+02, -3.8206979043e+01
+1.1150179961e+02, -4.0700354611e+01
+1.0930249476e+02, -4.3060944387e+01
+1.0714451298e+02, -4.5303350440e+01
+1.0502252138e+02, -4.7439371257e+01
+1.0293219018e+02, -4.9478717254e+01
+1.0086994735e+02, -5.1429504647e+01
+9.8832805420e+01, -5.3298606768e+01
+9.6818236161e+01, -5.5091910412e+01
+9.4824077829e+01, -5.6814507049e+01
+9.2848465166e+01, -5.8470838190e+01
+9.0889775690e+01, -6.0064807764e+01
+8.8946587872e+01, -6.1599870289e+01
+8.7017648109e+01, -6.3079100968e+01
+8.5101844348e+01, -6.4505252075e+01
+8.3198184787e+01, -6.5880798804e+01
+8.1305780506e+01, -6.7207976904e+01
+7.9423831172e+01, -6.8488813845e+01
+7.7551613187e+01, -6.9725154846e+01
+7.5688469782e+01, -7.0918684752e+01
+7.3833802672e+01, -7.2070946566e+01
+7.1987065003e+01, -7.3183357237e+01
+7.0147755325e+01, -7.4257221183e+01
+6.8315412441e+01, -7.5293741948e+01
+6.6489610969e+01, -7.6294032293e+01
+6.4669957491e+01, -7.7259122969e+01
+6.2856087217e+01, -7.8189970387e+01
+6.1047661068e+01, -7.9087463340e+01
+5.9244363115e+01, -7.9952428924e+01
+5.7445898327e+01, -8.0785637764e+01
+5.5651990585e+01, -8.1587808652e+01
+5.3862380915e+01, -8.2359612664e+01
+5.2076825923e+01, -8.3101676834e+01
+5.0295096392e+01, -8.3814587438e+01
+4.8516976031e+01, -8.4498892934e+01
+4.6742260348e+01, -8.5155106602e+01
+4.4970755638e+01, -8.5783708924e+01
+4.3202278069e+01, -8.6385149724e+01
+4.1436652850e+01, -8.6959850103e+01
+3.9673713482e+01, -8.7508204189e+01
+3.7913301070e+01, -8.8030580724e+01
+3.6155263698e+01, -8.8527324496e+01
+3.4399455856e+01, -8.8998757646e+01
+3.2645737914e+01, -8.9445180850e+01
+3.0893975636e+01, -8.9866874394e+01
+2.9144039736e+01, -9.0264099149e+01
+2.7395805460e+01, -9.0637097461e+01
+2.5649152204e+01, -9.0986093953e+01
+2.3903963155e+01, -9.1311296257e+01
+2.2160124957e+01, -9.1612895674e+01
+2.0417527393e+01, -9.1891067771e+01
+1.8676063096e+01, -9.2145972925e+01
+1.6935627267e+01, -9.2377756800e+01
+1.5196117411e+01, -9.2586550786e+01
+1.3457433085e+01, -9.2772472381e+01
+1.1719475661e+01, -9.2935625534e+01
+9.9821480931e+00, -9.3076100941e+01
+8.2453546985e+00, -9.3193976303e+01
+6.5090009419e+00, -9.3289316545e+01
+4.7729932276e+00, -9.3362173997e+01
+3.0372386966e+00, -9.3412588536e+01
+1.3016450269e+00, -9.3440587704e+01
-4.3387976289e-01, -9.3446186774e+01
-2.1694275086e+00, -9.3429388800e+01
-3.9050900946e+00, -9.3390184621e+01
-5.6409596481e+00, -9.3328552837e+01
-7.3771287348e+00, -9.3244459750e+01
-9.1136905570e+00, -9.3137859273e+01
-1.0850739154e+01, -9.3008692797e+01
-1.2588369610e+01, -9.2856889037e+01
-1.4326678261e+01, -9.2682363821e+01
-1.6065762916e+01, -9.2485019864e+01
-1.7805723080e+01, -9.2264746481e+01
-1.9546660193e+01, -9.2021419273e+01
-2.1288677869e+01, -9.1754899764e+01
-2.3031882158e+01, -9.1465034991e+01
-2.4776381816e+01, -9.1151657047e+01
-2.6522288590e+01, -9.0814582568e+01
-2.8269717526e+01, -9.0453612165e+01
-3.0018787288e+01, -9.0068529799e+01
-3.1769620509e+01, -8.9659102081e+01
-3.3522344159e+01, -8.9225077507e+01
-3.5277089945e+01, -8.8766185616e+01
-3.7033994743e+01, -8.8282136055e+01
-3.8793201058e+01, -8.7772617555e+01
-4.0554857536e+01, -8.7237296809e+01
-4.2319119508e+01, -8.6675817220e+01
-4.4086149588e+01, -8.6087797544e+01
-4.5856118332e+01, -8.5472830373e+01
-4.7629204953e+01, -8.4830480474e+01
-4.9405598110e+01, -8.4160282949e+01
-5.1185496783e+01, -8.3461741199e+01
-5.2969111228e+01, -8.2734324667e+01
-5.4756664051e+01, -8.1977466336e+01
-5.6548391394e+01, -8.1190559937e+01
-5.8344544255e+01, -8.0372956849e+01
-6.0145389972e+01, -7.9523962623e+01
-6.1951213888e+01, -7.8642833097e+01
-6.3762321217e+01, -7.7728770024e+01
-6.5579039165e+01, -7.6780916154e+01
-6.7401719325e+01, -7.5798349674e+01
-6.9230740412e+01, -7.4780077897e+01
-7.1066511378e+01, -7.3725030090e+01
-7.2909474998e+01, -7.2632049276e+01
-7.4760111999e+01, -7.1499882825e+01
-7.6618945837e+01, -7.0327171620e+01
-7.8486548271e+01, -6.9112437508e+01
-8.0363545869e+01, -6.7854068696e+01
-8.2250627684e+01, -6.6550302662e+01
-8.4148554331e+01, -6.5199206034e+01
-8.6058168814e+01, -6.3798650750e+01
-8.7980409533e+01, -6.2346285606e+01
-8.9916326023e+01, -6.0839502036e+01
-9.1867098161e+01, -5.9275392630e+01
-9.3834059844e+01, -5.7650700346e+01
-9.5818728460e+01, -5.5961755732e+01
-9.7822841992e+01, -5.4204398433e+01
-9.9848406334e+01, -5.2373877823e+01
-1.0189775648e+02, -5.0464725443e+01
-1.0397363693e+02, -4.8470588653e+01
-1.0607930922e+02, -4.6384009796e+01
-1.0821869882e+02, -4.4196126984e+01
-1.1039660054e+02, -4.1896258996e+01
-1.1261897391e+02, -3.9471313245e+01
-1.1489338230e+02, -3.6904913276e+01
-1.1722967207e+02, -3.4176060952e+01
-1.1964107603e+02, -3.1256982684e+01
-1.2214612094e+02, -2.8109441361e+01
-1.8750056292e+02, +6.9307704168e+01
-1.2756308930e+02, -2.0875269655e+01
-1.6442504755e+02, +7.5897694823e+01
-1.6787864799e+02, +7.4761641350e+01
-1.7140706380e+02, +7.3664241889e+01
-1.6962804386e+02, +7.4206475006e+01
-1.6614449917e+02, +7.5325762332e+01
-1.1498377291e+02, +9.5812031647e+01
-1.1237220909e+02, +9.6920624899e+01
-1.0979290935e+02, +9.8007454761e+01
-1.0724409704e+02, +9.9071921964e+01
-1.0472408347e+02, +1.0011355605e+02
-1.0223126843e+02, +1.0113199669e+02
-9.9764138985e+01, +1.0212697735e+02
-9.7321267194e+01, +1.0309831090e+02
-9.4901306925e+01, +1.0404587723e+02
-9.2502990215e+01, +1.0496961247e+02
-9.0125123299e+01, +1.0586949977e+02
-8.7766582487e+01, +1.0674556129e+02
-8.5426310021e+01, +1.0759785139e+02
-8.0796644266e+01, +1.0923146156e+02
-7.8505428840e+01, +1.1001300286e+02
+1.1605306141e+02, -3.5562337523e+01
+1.6962813097e+02, +7.4206447753e+01
+1.6614458376e+02, +7.5325734502e+01
+1.6271853811e+02, +7.6477299417e+01
+1.5934649996e+02, +7.7656449231e+01
+1.5602892521e+02, +7.8858489360e+01
+1.5276646308e+02, +8.0078645748e+01
+1.4955939779e+02, +8.1312190434e+01
+1.4640753401e+02, +8.2554553480e+01
+1.4331020572e+02, +8.3801412540e+01
+1.4026633149e+02, +8.5048757583e+01
+1.3727448744e+02, +8.6292931415e+01
+1.3433298385e+02, +8.7530648821e+01
+1.3143993788e+02, +8.8758998300e+01
+1.2859333850e+02, +8.9975430666e+01
+1.2579110168e+02, +9.1177738546e+01
+1.2303111575e+02, +9.2364030191e+01
+1.2031127723e+02, +9.3532700367e+01
+1.1762951833e+02, +9.4682400358e+01
+1.1498382719e+02, +9.5812008536e+01
+1.1237226217e+02, +9.6920602446e+01
+1.0979296130e+02, +9.8007432967e+01
+1.0724414790e+02, +9.9071900829e+01
+1.0472413330e+02, +1.0011353557e+02
+1.0223131727e+02, +1.0113197687e+02
+9.9764186884e+01, +1.0212695817e+02
+9.7321314195e+01, +1.0309829235e+02
+9.4901353068e+01, +1.0404585930e+02
+9.2503035538e+01, +1.0496959517e+02
+9.0125167836e+01, +1.0586948307e+02
+8.7766626271e+01, +1.0674554519e+02
+8.5426353083e+01, +1.0759783587e+02
+8.3103352342e+01, +1.0842643584e+02
+8.0796685969e+01, +1.0923144717e+02
+7.8505469902e+01, +1.1001298902e+02
+7.6228870447e+01, +1.1077119401e+02
+7.3966100812e+01, +1.1150620511e+02
+7.1716417846e+01, +1.1221817302e+02
+6.9479118978e+01, +1.1290725392e+02
+6.7253539344e+01, +1.1357360758e+02
+6.5039049111e+01, +1.1421739572e+02
+6.2835050976e+01, +1.1483878066e+02
+6.0640977837e+01, +1.1543792420e+02
+5.8456290633e+01, +1.1601498658e+02
+5.6280476318e+01, +1.1657012572e+02
+5.4113045995e+01, +1.1710349648e+02
+5.1953533169e+01, +1.1761525012e+02
+4.9801492119e+01, +1.1810553381e+02
+4.7656496392e+01, +1.1857449022e+02
+4.5518137395e+01, +1.1902225718e+02
+4.3386023073e+01, +1.1944896743e+02
+4.1259776692e+01, +1.1985474837e+02
+3.9139035685e+01, +1.2023972190e+02
+3.7023450583e+01, +1.2060400425e+02
+3.4912684005e+01, +1.2094770590e+02
+3.2806409713e+01, +1.2127093145e+02
+3.0704311723e+01, +1.2157377954e+02
+2.8606083467e+01, +1.2185634287e+02
+2.6511426995e+01, +1.2211870805e+02
+2.4420052230e+01, +1.2236095567e+02
+2.2331676251e+01, +1.2258316023e+02
+2.0246022616e+01, +1.2278539014e+02
+1.8162820709e+01, +1.2296770770e+02
+1.6081805122e+01, +1.2313016913e+02
+1.4002715058e+01, +1.2327282456e+02
+1.1925293750e+01, +1.2339571799e+02
+9.8492879104e+00, +1.2349888738e+02
+7.7744471810e+00, +1.2358236456e+02
+5.7005236095e+00, +1.2364617534e+02
+3.6272711295e+00, +1.2369033940e+02
+1.5544450512e+00, +1.2371487040e+02
-5.1819844239e-01, +1.2371977591e+02
-2.5909027945e+00, +1.2370505744e+02
-4.6639115731e+00, +1.2367071045e+02
-6.7374689689e+00, +1.2361672433e+02
-8.8118202968e+00, +1.2354308241e+02
-1.0887212502e+01, +1.2344976194e+02
-1.2963894675e+01, +1.2333673410e+02
-1.5042118571e+01, +1.2320396400e+02
-1.7122139149e+01, +1.2305141067e+02
-1.9204215121e+01, +1.2287902702e+02
-2.1288609516e+01, +1.2268675990e+02
-2.3375590270e+01, +1.2247455003e+02
-2.5465430833e+01, +1.2224233207e+02
-2.7558410803e+01, +1.2199003456e+02
-2.9654816595e+01, +1.2171757995e+02
-3.1754942128e+01, +1.2142488463e+02
-3.3859089567e+01, +1.2111185895e+02
-3.5967570086e+01, +1.2077840724e+02
-3.8080704689e+01, +1.2042442785e+02
-4.0198825070e+01, +1.2004981325e+02
-4.2322274533e+01, +1.1965445006e+02
-4.4451408968e+01, +1.1923821921e+02
-4.6586597886e+01, +1.1880099602e+02
-4.8728225535e+01, +1.1834265039e+02
-5.0876692080e+01, +1.1786304702e+02
-5.3032414876e+01, +1.1736204560e+02
-5.5195829828e+01, +1.1683950119e+02
-5.7367392848e+01, +1.1629526450e+02
-5.9547581425e+01, +1.1572918241e+02
-6.1736896304e+01, +1.1514109846e+02
-6.3935863296e+01, +1.1453085346e+02
-6.6145035224e+01, +1.1389828629e+02
-6.8364994010e+01, +1.1324323475e+02
-7.0596352923e+01, +1.1256553667e+02
-7.2839758988e+01, +1.1186503111e+02
-7.5095895580e+01, +1.1114155989e+02
-7.7365485189e+01, +1.1039496930e+02
-7.9649292393e+01, +1.0962511221e+02
-8.1948127017e+01, +1.0883185047e+02
-8.4262847497e+01, +1.0801505777e+02
-8.6594364437e+01, +1.0717462299e+02
-8.8943644355e+01, +1.0631045418e+02
-9.1311713593e+01, +1.0542248311e+02
-9.3699662361e+01, +1.0451067074e+02
-9.6108648874e+01, +1.0357501349e+02
-9.8539903493e+01, +1.0261555067e+02
-1.0099473279e+02, +1.0163237300e+02
-1.0347452338e+02, +1.0062563267e+02
-1.0598074535e+02, +9.9595554858e+01
-1.0851495506e+02, +9.8542451081e+01
-1.1107879690e+02, +9.7466734549e+01
-1.1367400374e+02, +9.6368937656e+01
-1.1630239541e+02, +9.5249731821e+01
-1.1896587463e+02, +9.4109949752e+01
-1.2166641962e+02, +9.2950610130e+01
-1.2440607233e+02, +9.1772944535e+01
-1.2718692136e+02, +9.0578426211e+01
-1.3001107820e+02, +8.9368799926e+01
-1.3288064578e+02, +8.8146111743e+01
-1.3579767788e+02, +8.6912736966e+01
-1.3876412898e+02, +8.5671403869e+01
-1.4178179401e+02, +8.4425210125e+01
-1.4485223922e+02, +8.3177628157e+01
-1.4797672684e+02, +8.1932495238e+01
-1.5115613900e+02, +8.0693984102e+01
-1.5439091135e+02, +7.9466550562e+01
-1.5768099569e+02, +7.8254856270e+01
-1.6102589687e+02, +7.7063667424e+01
-1.6442493110e+02, +7.5897733969e+01
-1.6787853076e+02, +7.4761679041e+01
-1.7140694274e+02, +7.3664276738e+01
-9.3834059844e+01, -5.7650700346e+01
-1.3855072679e+02, -4.1557738916e+00
-1.3404896514e+02, -1.1366164772e+01
-1.3059742775e+02, -1.6548319428e+01
-1.2756308930e+02, -2.0875269655e+01
-1.2477220401e+02, -2.4677889766e+01
-1.2214612094e+02, -2.8109441361e+01
-1.1964107603e+02, -3.1256982684e+01
-1.1722967207e+02, -3.4176060952e+01
-1.1489338230e+02, -3.6904913276e+01
-1.1261897391e+02, -3.9471313245e+01
-1.1039660054e+02, -4.1896258996e+01
-1.0821869882e+02, -4.4196126984e+01
-1.0607930922e+02, -4.6384009796e+01
-1.0397363693e+02, -4.8470588653e+01
-1.0189775648e+02, -5.0464725443e+01
-9.9848406334e+01, -5.2373877823e+01
-9.7822841992e+01, -5.4204398433e+01
-9.5818728460e+01, -5.5961755732e+01
-9.3834059844e+01, -5.7650700346e+01
-9.1867098161e+01, -5.9275392630e+01
-8.9916326023e+01, -6.0839502036e+01
-8.7980409533e+01, -6.2346285606e+01
-8.6058168814e+01, -6.3798650750e+01
-8.4148554331e+01, -6.5199206034e+01
-8.2250627684e+01, -6.6550302662e+01
-8.0363545869e+01, -6.7854068696e+01
-7.8486548271e+01, -6.9112437508e+01
-7.6618945837e+01, -7.0327171620e+01
-7.4760111999e+01, -7.1499882825e+01
-7.2909474998e+01, -7.2632049276e+01
-7.1066511378e+01, -7.3725030090e+01
-6.9230740412e+01, -7.4780077897e+01
-6.7401719325e+01, -7.5798349674e+01
-6.5579039165e+01, -7.6780916154e+01
-6.3762321217e+01, -7.7728770024e+01
-6.1951213888e+01, -7.8642833097e+01
-6.0145389972e+01, -7.9523962623e+01
-5.8344544255e+01, -8.0372956849e+01
-5.6548391394e+01, -8.1190559937e+01
-5.4756664051e+01, -8.1977466336e+01
-5.2969111228e+01, -8.2734324667e+01
-5.1185496783e+01, -8.3461741199e+01
-4.9405598110e+01, -8.4160282949e+01
-4.7629204953e+01, -8.4830480474e+01
-4.5856118332e+01, -8.5472830373e+01
-4.4086149588e+01, -8.6087797544e+01
-4.2319119508e+01, -8.6675817220e+01
-4.0554857536e+01, -8.7237296809e+01
-3.8793201058e+01, -8.7772617555e+01
-3.7033994743e+01, -8.8282136055e+01
-3.5277089945e+01, -8.8766185616e+01
-3.3522344159e+01, -8.9225077507e+01
-3.1769620509e+01, -8.9659102081e+01
-3.0018787288e+01, -9.0068529799e+01
-2.8269717526e+01, -9.0453612165e+01
-2.6522288590e+01, -9.0814582568e+01
-2.4776381816e+01, -9.1151657047e+01
-2.3031882158e+01, -9.1465034991e+01
-2.1288677869e+01, -9.1754899764e+01
-1.9546660193e+01, -9.2021419273e+01
-1.7805723080e+01, -9.2264746481e+01
-1.6065762916e+01, -9.2485019864e+01
-1.4326678261e+01, -9.2682363821e+01
-1.2588369610e+01, -9.2856889037e+01
-1.0850739154e+01, -9.3008692797e+01
-9.1136905570e+00, -9.3137859273e+01
-7.3771287348e+00, -9.3244459750e+01
-5.6409596481e+00, -9.3328552837e+01
-3.9050900946e+00, -9.3390184621e+01
-2.1694275086e+00, -9.3429388800e+01
-4.3387976289e-01, -9.3446186774e+01
+1.3016450269e+00, -9.3440587704e+01
+3.0372386966e+00, -9.3412588536e+01
+4.7729932276e+00, -9.3362173997e+01
+6.5090009419e+00, -9.3289316545e+01
+8.2453546985e+00, -9.3193976303e+01
+9.9821480931e+00, -9.3076100941e+01
+1.1719475661e+01, -9.2935625534e+01
+1.3457433085e+01, -9.2772472381e+01
+1.5196117411e+01, -9.2586550786e+01
+1.6935627267e+01, -9.2377756800e+01
+1.8676063096e+01, -9.2145972925e+01
+2.0417527393e+01, -9.1891067771e+01
+2.2160124957e+01, -9.1612895674e+01
+2.3903963155e+01, -9.1311296257e+01
+2.5649152204e+01, -9.0986093953e+01
+2.7395805460e+01, -9.0637097461e+01
+2.9144039736e+01, -9.0264099149e+01
+3.0893975636e+01, -8.9866874394e+01
+3.2645737914e+01, -8.9445180850e+01
+3.4399455856e+01, -8.8998757646e+01
+3.6155263698e+01, -8.8527324496e+01
+3.7913301070e+01, -8.8030580724e+01
+3.9673713482e+01, -8.7508204189e+01
+4.1436652850e+01, -8.6959850103e+01
+4.3202278069e+01, -8.6385149724e+01
+4.4970755638e+01, -8.5783708924e+01
+4.6742260348e+01, -8.5155106602e+01
+4.8516976031e+01, -8.4498892934e+01
+5.0295096392e+01, -8.3814587438e+01
+5.2076825923e+01, -8.3101676834e+01
+5.3862380915e+01, -8.2359612664e+01
+5.5651990585e+01, -8.1587808652e+01
+5.7445898327e+01, -8.0785637764e+01
+5.9244363115e+01, -7.9952428924e+01
+6.1047661068e+01, -7.9087463340e+01
+6.2856087217e+01, -7.8189970387e+01
+6.4669957491e+01, -7.7259122969e+01
+6.6489610969e+01, -7.6294032293e+01
+6.8315412441e+01, -7.5293741948e+01
+7.0147755325e+01, -7.4257221183e+01
+7.1987065003e+01, -7.3183357237e+01
+7.3833802672e+01, -7.2070946566e+01
+7.5688469782e+01, -7.0918684752e+01
+7.7551613187e+01, -6.9725154846e+01
+7.9423831172e+01, -6.8488813845e+01
+8.1305780506e+01, -6.7207976904e+01
+8.3198184787e+01, -6.5880798804e+01
+8.5101844348e+01, -6.4505252075e+01
+8.7017648109e+01, -6.3079100968e+01
+8.8946587872e+01, -6.1599870289e+01
+9.0889775690e+01, -6.0064807764e+01
+9.2848465166e+01, -5.8470838190e+01
+9.4824077829e+01, -5.6814507049e+01
+9.6818236161e+01, -5.5091910412e+01
+9.8832805420e+01, -5.3298606768e+01
+1.0086994735e+02, -5.1429504647e+01
+1.0293219018e+02, -4.9478717254e+01
+1.0502252138e+02, -4.7439371257e+01
+1.0714451298e+02, -4.5303350440e+01
+1.0930249476e+02, -4.3060944387e+01
+1.1150179961e+02, -4.0700354611e+01
+1.1374912206e+02, -3.8206979043e+01
+1.1605306141e+02, -3.5562337523e+01
+1.1842498149e+02, -3.2742385841e+01
+1.2088044881e+02, -2.9714721831e+01
+1.5602917585e+02, +7.8858397039e+01
+1.8568297150e+02, +6.9753474241e+01
+1.6271879509e+02, +7.6477211252e+01
+1.6614484388e+02, +7.5325648913e+01
+1.6962839509e+02, +7.4206365121e+01
+1.7140670149e+02, +7.3664346192e+01
+7.7551613187e+01, -6.9725154846e+01
+1.1630223252e+02, +9.5249801370e+01
+1.1367384356e+02, +9.6369005653e+01
+1.1107863929e+02, +9.7466800962e+01
+1.0851479989e+02, +9.8542515887e+01
+1.0598059249e+02, +9.9595618043e+01
+1.0347437271e+02, +1.0062569423e+02
+1.0099458421e+02, +1.0163243293e+02
+9.8539756893e+01, +1.0261560896e+02
+9.6108504153e+01, +1.0357507016e+02
+9.3699519427e+01, +1.0451072579e+02
+9.1311572357e+01, +1.0542253656e+02
+8.8943504737e+01, +1.0631050604e+02
+8.6594226358e+01, +1.0717467328e+02
+7.9649158512e+01, +1.0962515788e+02
-9.3834059844e+01, -5.7650700346e+01
-1.7140679182e+02, +7.3664320185e+01
-1.6787838615e+02, +7.4761725530e+01
-1.6442478901e+02, +7.5897781740e+01
-1.6102575717e+02, +7.7063716283e+01
-1.5768085839e+02, +7.8254906023e+01
-1.5439077649e+02, +7.9466601009e+01
-1.5115600657e+02, +8.0694035047e+01
-1.4797659683e+02, +8.1932546493e+01
-1.4485211159e+02, +8.3177679543e+01
-1.4178166871e+02, +8.4425261478e+01
-1.3876400595e+02, +8.5671455039e+01
-1.3579755704e+02, +8.6912787819e+01
-1.3288052704e+02, +8.8146162162e+01
-1.3001096149e+02, +8.9368849807e+01
-1.2718680657e+02, +9.0578475466e+01
-1.2440595938e+02, +9.1772993089e+01
-1.2166630841e+02, +9.2950657919e+01
-1.1896576507e+02, +9.4109996724e+01
-1.1630228742e+02, +9.5249777931e+01
-1.1367389723e+02, +9.6368982870e+01
-1.1107869180e+02, +9.7466778838e+01
-1.0851485128e+02, +9.8542494423e+01
-1.0598064283e+02, +9.9595597237e+01
-1.0347442204e+02, +1.0062567408e+02
-1.0099463257e+02, +1.0163241342e+02
-9.8539804338e+01, +1.0261559009e+02
-9.6108550721e+01, +1.0357505193e+02
-9.3699565155e+01, +1.0451070818e+02
-9.1311617283e+01, +1.0542251956e+02
-8.8943548893e+01, +1.0631048964e+02
-8.6594269777e+01, +1.0717465747e+02
-8.4262753596e+01, +1.0801509126e+02
-8.1948033835e+01, +1.0883188299e+02
-7.9649199892e+01, +1.0962514377e+02
-7.7365393333e+01, +1.1039499989e+02
-7.5095804335e+01, +1.1114158953e+02
-7.2839668323e+01, +1.1186505981e+02
-7.0596262806e+01, +1.1256556443e+02
-6.8364904413e+01, +1.1324326158e+02
-6.6144946119e+01, +1.1389831219e+02
-6.3935774657e+01, +1.1453087845e+02
-6.1736808106e+01, +1.1514112254e+02
-5.9547493646e+01, +1.1572920560e+02
-5.7367305465e+01, +1.1629528680e+02
-5.5195742819e+01, +1.1683952260e+02
-5.3032328221e+01, +1.1736206614e+02
-5.0876605759e+01, +1.1786306668e+02
-4.8728139530e+01, +1.1834266920e+02
-4.6586512179e+01, +1.1880101396e+02
-4.4451323540e+01, +1.1923823630e+02
-4.2322189369e+01, +1.1965446631e+02
-4.0198740154e+01, +1.2004982866e+02
-3.8080620005e+01, +1.2042444243e+02
-3.5967485619e+01, +1.2077842099e+02
-3.3859005303e+01, +1.2111187188e+02
-3.1754858052e+01, +1.2142489674e+02
-2.9654732693e+01, +1.2171759125e+02
-2.7558327063e+01, +1.2199004505e+02
-2.5465347241e+01, +1.2224234176e+02
-2.3375506814e+01, +1.2247455891e+02
-2.1288526183e+01, +1.2268676798e+02
-1.9204131899e+01, +1.2287903430e+02
-1.7122056026e+01, +1.2305141716e+02
-1.5042035535e+01, +1.2320396970e+02
-1.2963811715e+01, +1.2333673901e+02
-1.0887129607e+01, +1.2344976606e+02
-8.8117374541e+00, +1.2354308574e+02
-6.7373861678e+00, +1.2361672688e+02
-4.6638288025e+00, +1.2367071221e+02
-2.5908200433e+00, +1.2370505842e+02
-5.1811569941e-01, +1.2371977610e+02
+1.5545277969e+00, +1.2371486981e+02
+3.6273538891e+00, +1.2369033803e+02
+5.7006063939e+00, +1.2364617318e+02
+7.7745300014e+00, +1.2358236162e+02
+9.8493707781e+00, +1.2349888365e+02
+1.1925376677e+01, +1.2339571348e+02
+1.4002798054e+01, +1.2327281925e+02
+1.6081888199e+01, +1.2313016304e+02
+1.8162903879e+01, +1.2296770081e+02
+2.0246105892e+01, +1.2278538245e+02
+2.2331759644e+01, +1.2258315175e+02
+2.4420135752e+01, +1.2236094639e+02
+2.6511510659e+01, +1.2211869796e+02
+2.8606167286e+01, +1.2185633197e+02
+3.0704395711e+01, +1.2157376784e+02
+3.2806493882e+01, +1.2127091893e+02
+3.4912768369e+01, +1.2094769256e+02
+3.7023535157e+01, +1.2060399009e+02
+3.9139120484e+01, +1.2023970690e+02
+4.1259861730e+01, +1.1985473254e+02
+4.3386108366e+01, +1.1944895075e+02
+4.5518222960e+01, +1.1902223966e+02
+4.7656582247e+01, +1.1857447185e+02
+4.9801578279e+01, +1.1810551458e+02
+5.1953619654e+01, +1.1761523002e+02
+5.4113132825e+01, +1.1710347550e+02
+5.6280563512e+01, +1.1657010386e+02
+5.8456378211e+01, +1.1601496384e+02
+6.0641065823e+01, +1.1543790056e+02
+6.2835139391e+01, +1.1483875613e+02
+6.5039137980e+01, +1.1421737027e+02
+6.7253628693e+01, +1.1357358122e+02
+6.9479208832e+01, +1.1290722663e+02
+7.1716508234e+01, +1.1221814480e+02
+7.3966191763e+01, +1.1150617594e+02
+7.6228961993e+01, +1.1077116389e+02
+7.8505562076e+01, +1.1001295795e+02
+8.0796778805e+01, +1.0923141513e+02
+8.3103445878e+01, +1.0842640284e+02
+8.5426447358e+01, +1.0759780189e+02
+8.7766721327e+01, +1.0674551022e+02
+9.0125263716e+01, +1.0586944712e+02
+9.2503132290e+01, +1.0496955822e+02
+9.4901450742e+01, +1.0404582137e+02
+9.7321412843e+01, +1.0309825342e+02
+9.9764286561e+01, +1.0212691825e+02
+1.0223141803e+02, +1.0113193596e+02
+1.0472423522e+02, +1.0011349368e+02
+1.0724425104e+02, +9.9071857967e+01
+1.0979306573e+02, +9.8007389149e+01
+1.1237236796e+02, +9.6920557691e+01
+1.1498393442e+02, +9.5811962870e+01
+1.1762962709e+02, +9.4682353812e+01
+1.2031138760e+02, +9.3532652981e+01
+1.2303122782e+02, +9.2363982012e+01
+1.2579121554e+02, +9.1177689632e+01
+1.2859345424e+02, +8.9975381088e+01
+1.3144005560e+02, +8.8758948138e+01
+1.3433310362e+02, +8.7530598171e+01
+1.3727460936e+02, +8.6292880388e+01
+1.4026645564e+02, +8.5048706304e+01
+1.4331033217e+02, +8.3801361151e+01
+1.4640766283e+02, +8.2554502138e+01
+1.4955952901e+02, +8.1312139311e+01
+1.5276659672e+02, +8.0078595028e+01
+1.5602906129e+02, +7.8858439235e+01
+1.5934663846e+02, +7.7656399900e+01
+1.6271867901e+02, +7.6477251078e+01
+1.6614472707e+02, +7.5325687347e+01
+1.6962827718e+02, +7.4206402009e+01
+1.1605306141e+02, -3.5562337523e+01
+7.7551613187e+01, -6.9725154846e+01
