-1.9022028896e+02, +6.7054173497e+01
-1.8829890629e+02, -5.3262240875e-01
-1.8338012192e+02, -5.5348494838e-01
-2.0377097893e+02, +6.4670845943e+01
-1.9765931510e+02, -5.0197120197e-01
-2.0215505417e+02, -4.9027912412e-01
-2.0655271419e+02, -4.8025878023e-01
-2.1086575284e+02, -4.7155651486e-01
-2.1510489085e+02, -4.6391518181e-01
-2.1927883210e+02, -4.5714266559e-01
-2.2339475663e+02, -4.5109212654e-01
-2.2745866854e+02, -4.4564912935e-01
-2.3147564786e+02, -4.4072298546e-01
-2.3545003699e+02, -4.3624076832e-01
-2.3938558143e+02, -4.3214307690e-01
-2.5083953033e+02, +5.8094161011e+01
-2.5858174452e+02, -4.1596428587e-01
-2.3938558143e+02, -4.3214307690e-01
-2.4947798875e+02, +5.8852589480e+01
-2.5479875440e+02, -4.1873222654e-01
-2.5858174452e+02, -4.1596428587e-01
-2.6234050146e+02, -4.1338208389e-01
-2.6607662365e+02, -4.1096726976e-01
-2.6979155437e+02, -4.0870389031e-01
-2.7348660169e+02, -4.0657800335e-01
-2.7716295520e+02, -4.0457736451e-01
-2.8082170023e+02, -4.0269117168e-01
-2.8446382993e+02, -4.0090985486e-01
-2.8809025560e+02, -3.9922490229e-01
-2.9170181566e+02, -3.9762871548e-01
-2.9529928331e+02, -3.9611448795e-01
-2.9888337325e+02, -3.9467610285e-01
-3.0245474754e+02, -3.9330804643e-01
-3.0606458643e+02, +5.4169015109e+01
-3.1309851058e+02, -3.8957828285e-01
-3.2088255819e+02, +5.3582208909e+01
-3.4795637474e+02, -3.8016027301e-01
-3.0601402069e+02, -3.9200533429e-01
-3.1662475670e+02, -3.8844609749e-01
-3.1893690737e+02, +5.5063160844e+01
-3.2714499332e+02, -3.8533469215e-01
-3.3063359979e+02, -3.8438302934e-01
-3.3411375614e+02, -3.8346988562e-01
-3.3758580124e+02, -3.8259302647e-01
-3.4105005454e+02, -3.8175038782e-01
-3.4450681745e+02, -3.8094005991e-01
-3.4795637474e+02, -3.8016027301e-01
-3.5139899571e+02, -3.7940938468e-01
-3.5483493531e+02, -3.7868586838e-01
-3.5826443515e+02, -3.7798830338e-01
-3.6168772438e+02, -3.7731536562e-01
-3.6510502059e+02, -3.7666581959e-01
-3.6851653052e+02, -3.7603851096e-01
-3.7192245079e+02, -3.7543235999e-01
-3.7532296856e+02, -3.7484635554e-01
-3.7871826211e+02, -3.7427954969e-01
-3.8210850139e+02, -3.7373105281e-01
-3.8549384853e+02, -3.7320002917e-01
-3.8887445832e+02, -3.7268569285e-01
-3.9225047866e+02, -3.7218730407e-01
-3.9562205089e+02, -3.7170416586e-01
-3.9898931026e+02, -3.7123562099e-01
-4.0235238620e+02, -3.7078104913e-01
-4.0571140271e+02, -3.7033986433e-01
-4.0906647859e+02, -3.6991151265e-01
-4.1241772778e+02, -3.6949546999e-01
-4.1576525958e+02, -3.6909124009e-01
-4.1910917892e+02, -3.6869835273e-01
-4.2244958657e+02, -3.6831636202e-01
-4.2578657939e+02, -3.6794484487e-01
-4.2912025046e+02, -3.6758339952e-01
-4.3245068935e+02, -3.6723164421e-01
-4.3577798222e+02, -3.6688921598e-01
-4.3910221206e+02, -3.6655576952e-01
-4.4242345877e+02, -3.6623097607e-01
-4.4574179936e+02, -3.6591452251e-01
-4.4532937033e+02, +5.1124656399e+01
-4.6387846034e+02, +5.3276663110e+01
-4.5898754630e+02, -3.6472634077e-01
-4.6229241875e+02, -3.6444737496e-01
-4.6559479320e+02, -3.6417515079e-01
-4.6889472971e+02, -3.6390944200e-01
-4.7790205515e+02, +5.2759071981e+01
-4.7878048287e+02, -3.6314928909e-01
-4.8535981032e+02, -3.6267136721e-01
-4.9413375598e+02, +5.0392608761e+01
-5.1159608097e+02, -3.6096098270e-01
-4.4574179936e+02, -3.6591452251e-01
-4.6921490980e+02, +4.8387857366e+01
-4.8032443311e+02, +5.1732703288e+01
-4.8598054672e+02, +5.3280349897e+01
-4.9193066933e+02, -3.6221483872e-01
-4.9291467064e+02, +5.2057133504e+01
-5.0177189524e+02, -3.6156731347e-01
-5.0504846229e+02, -3.6136081043e-01
-5.0832317766e+02, -3.6115874403e-01
-5.1159608097e+02, -3.6096098270e-01
-5.1486721066e+02, -3.6076739989e-01
-5.1813660406e+02, -3.6057787384e-01
-5.1824819950e+02, +5.0043200620e+01
-5.0137469261e+02, +6.5371756588e+01
-5.3804753243e+02, +5.0434583247e+01
-5.3771846082e+02, -3.5951964052e-01
-5.3445875934e+02, -3.5968714147e-01
-5.4097665909e+02, -3.5935546080e-01
-5.4423338382e+02, -3.5919451177e-01
-5.4748866390e+02, -3.5903670605e-01
-5.5074252746e+02, -3.5888195930e-01
-5.5399500183e+02, -3.5873019009e-01
-5.5724611366e+02, -3.5858131977e-01
-5.6049588888e+02, -3.5843527232e-01
-5.6374435274e+02, -3.5829197433e-01
-5.6699152983e+02, -3.5815135479e-01
-5.7023744413e+02, -3.5801334505e-01
-5.7348211899e+02, -3.5787787874e-01
-5.7672557717e+02, -3.5774489161e-01
-5.7996784087e+02, -3.5761432152e-01
-5.8320893171e+02, -3.5748610831e-01
-5.8644887080e+02, -3.5736019373e-01
-5.8968767871e+02, -3.5723652138e-01
-5.9292537553e+02, -3.5711503664e-01
-5.9616198084e+02, -3.5699568657e-01
-5.9939751375e+02, -3.5687841987e-01
-6.0263199294e+02, -3.5676318684e-01
-6.0586543660e+02, -3.5664993926e-01
-6.0909786253e+02, -3.5653863040e-01
-6.1232928809e+02, -3.5642921492e-01
-6.1555973025e+02, -3.5632164883e-01
-6.1878920557e+02, -3.5621588946e-01
-6.2201773025e+02, -3.5611189539e-01
-6.2524532010e+02, -3.5600962640e-01
-6.2847199058e+02, -3.5590904346e-01
-6.3169775681e+02, -3.5581010865e-01
-6.3492263355e+02, -3.5571278515e-01
-6.3814663525e+02, -3.5561703717e-01
-6.4136977603e+02, -3.5552282996e-01
-6.4459206971e+02, -3.5543012973e-01
-6.4781352979e+02, -3.5533890362e-01
-6.5103416950e+02, -3.5524911973e-01
-6.5425400175e+02, -3.5516074699e-01
-6.5747303922e+02, -3.5507375520e-01
-6.6069129428e+02, -3.5498811500e-01
-6.6390877905e+02, -3.5490379781e-01
-6.6712550541e+02, -3.5482077580e-01
-6.7034148496e+02, -3.5473902193e-01
-6.7355672908e+02, -3.5465850984e-01
-6.7677124892e+02, -3.5457921388e-01
-6.7998505538e+02, -3.5450110908e-01
-6.8319815915e+02, -3.5442417112e-01
-6.8641057070e+02, -3.5434837630e-01
-6.8962230028e+02, -3.5427370155e-01
-6.9283335795e+02, -3.5420012438e-01
-6.9604375355e+02, -3.5412762287e-01
-6.9925349675e+02, -3.5405617567e-01
-7.0246259699e+02, -3.5398576196e-01
-7.0567106357e+02, -3.5391636145e-01
-7.0887890556e+02, -3.5384795434e-01
-7.1208613190e+02, -3.5378052135e-01
-7.1529275132e+02, -3.5371404363e-01
-7.1849877239e+02, -3.5364850285e-01
-7.2170420354e+02, -3.5358388108e-01
-7.2490905301e+02, -3.5352016084e-01
-7.2811332889e+02, -3.5345732509e-01
-7.3131703913e+02, -3.5339535717e-01
-7.3452019153e+02, -3.5333424084e-01
-7.3772279372e+02, -3.5327396024e-01
-7.4092485321e+02, -3.5321449987e-01
-7.4412637737e+02, -3.5315584462e-01
-7.4732737344e+02, -3.5309797972e-01
-7.5052784850e+02, -3.5304089073e-01
-7.5372780953e+02, -3.5298456358e-01
-7.5692726337e+02, -3.5292898449e-01
-7.6012621674e+02, -3.5287414000e-01
-7.6332467625e+02, -3.5282001698e-01
-7.6652264836e+02, -3.5276660258e-01
-7.6972013945e+02, -3.5271388423e-01
-7.7291715578e+02, -3.5266184967e-01
-7.7611370348e+02, -3.5261048690e-01
-7.7930978859e+02, -3.5255978417e-01
-7.8250541704e+02, -3.5250973002e-01
-7.8570059467e+02, -3.5246031323e-01
-7.8889532719e+02, -3.5241152281e-01
-7.9208962024e+02, -3.5236334804e-01
-7.9528347935e+02, -3.5231577840e-01
-7.9847690996e+02, -3.5226880362e-01
-8.0166991741e+02, -3.5222241366e-01
-8.0486250697e+02, -3.5217659866e-01
-8.0805468380e+02, -3.5213134899e-01
-8.1124645297e+02, -3.5208665524e-01
-8.1443781950e+02, -3.5204250816e-01
-8.1762878829e+02, -3.5199889873e-01
-8.2081936417e+02, -3.5195581811e-01
-8.2400955191e+02, -3.5191325763e-01
-8.2719935617e+02, -3.5187120881e-01
-8.3038878156e+02, -3.5182966334e-01
-8.3357783260e+02, -3.5178861309e-01
-8.3676651375e+02, -3.5174805009e-01
-8.3995482938e+02, -3.5170796653e-01
-8.4314278381e+02, -3.5166835476e-01
-8.4633038129e+02, -3.5162920729e-01
-8.4951762598e+02, -3.5159051677e-01
-8.5270452199e+02, -3.5155227601e-01
-8.5589107338e+02, -3.5151447795e-01
-8.5907728411e+02, -3.5147711567e-01
-8.6226315812e+02, -3.5144018240e-01
-8.6544869926e+02, -3.5140367150e-01
-8.6863391132e+02, -3.5136757645e-01
-8.7181879806e+02, -3.5133189085e-01
-8.7500336315e+02, -3.5129660846e-01
-8.7818761021e+02, -3.5126172312e-01
-8.8137154283e+02, -3.5122722881e-01
-8.8455516452e+02, -3.5119311962e-01
-8.8773847874e+02, -3.5115938975e-01
-8.9092148891e+02, -3.5112603353e-01
-8.9410419838e+02, -3.5109304536e-01
-8.9728661048e+02, -3.5106041978e-01
-9.0046872845e+02, -3.5102815142e-01
-9.0365055552e+02, -3.5099623501e-01
-9.0683209486e+02, -3.5096466537e-01
-9.1001334957e+02, -3.5093343742e-01
-9.1319432274e+02, -3.5090254620e-01
-9.1637501741e+02, -3.5087198680e-01
-9.1955543654e+02, -3.5084175442e-01
-9.2273558309e+02, -3.5081184436e-01
-9.2591545996e+02, -3.5078225198e-01
-9.2909507000e+02, -3.5075297273e-01
-9.3227441604e+02, -3.5072400217e-01
-9.3545350085e+02, -3.5069533591e-01
-9.3863232718e+02, -3.5066696964e-01
-9.4181089771e+02, -3.5063889913e-01
-9.4498921512e+02, -3.5061112024e-01
-9.4816728202e+02, -3.5058362889e-01
-9.5134510102e+02, -3.5055642108e-01
-9.5452267465e+02, -3.5052949286e-01
-9.5770000544e+02, -3.5050284037e-01
-9.6087709587e+02, -3.5047645981e-01
-9.6405394838e+02, -3.5045034745e-01
-9.6723056539e+02, -3.5042449962e-01
-9.7040694929e+02, -3.5039891271e-01
-9.7358310241e+02, -3.5037358319e-01
-9.7675902709e+02, -3.5034850756e-01
-9.7993472560e+02, -3.5032368241e-01
-9.8311020020e+02, -3.5029910437e-01
-9.8628545311e+02, -3.5027477013e-01
-9.8946048653e+02, -3.5025067644e-01
-9.9263530263e+02, -3.5022682011e-01
-9.9580990354e+02, -3.5020319798e-01
-9.9898429138e+02, -3.5017980696e-01
-1.0021584682e+03, -3.5015664403e-01
-1.0053324361e+03, -3.5013370618e-01
-1.0085061971e+03, -3.5011099047e-01
-1.0116797531e+03, -3.5008849402e-01
-1.0148531063e+03, -3.5006621398e-01
-1.0180262584e+03, -3.5004414755e-01
-1.0211992115e+03, -3.5002229197e-01
-1.0243719674e+03, -3.5000064455e-01
-1.0275445279e+03, -3.4997920262e-01
-1.0307168951e+03, -3.4995796355e-01
-1.0338890706e+03, -3.4993692476e-01
-1.0370610564e+03, -3.4991608373e-01
-1.0402328541e+03, -3.4989543794e-01
-1.0434044655e+03, -3.4987498495e-01
-1.0465758924e+03, -3.4985472234e-01
-1.0497471364e+03, -3.4983464771e-01
-1.0529181994e+03, -3.4981475875e-01
-1.0560890828e+03, -3.4979505312e-01
-1.0592597885e+03, -3.4977552857e-01
-1.0624303180e+03, -3.4975618287e-01
-1.0656006730e+03, -3.4973701380e-01
-1.0687708550e+03, -3.4971801920e-01
-1.0719408655e+03, -3.4969919695e-01
-1.0751107063e+03, -3.4968054495e-01
-1.0782803787e+03, -3.4966206111e-01
-1.0814498843e+03, -3.4964374342e-01
-1.0846192246e+03, -3.4962558986e-01
-1.0877884011e+03, -3.4960759845e-01
-1.0909574153e+03, -3.4958976727e-01
-1.0941262685e+03, -3.4957209438e-01
-1.0972949623e+03, -3.4955457790e-01
-1.1004634979e+03, -3.4953721598e-01
-1.1036318769e+03, -3.4952000679e-01
-1.1068001006e+03, -3.4950294851e-01
-1.1099681703e+03, -3.4948603938e-01
-1.1131360874e+03, -3.4946927765e-01
-1.1163038532e+03, -3.4945266159e-01
-1.1194714690e+03, -3.4943618949e-01
-1.1226389362e+03, -3.4941985970e-01
-1.1258062560e+03, -3.4940367055e-01
-1.1289734297e+03, -3.4938762043e-01
-1.1321404585e+03, -3.4937170773e-01
-1.1353073437e+03, -3.4935593087e-01
-1.1384740865e+03, -3.4934028829e-01
-1.1416406881e+03, -3.4932477847e-01
-1.1448071497e+03, -3.4930939989e-01
-1.1479734725e+03, -3.4929415107e-01
-1.1511396577e+03, -3.4927903052e-01
-1.1543057063e+03, -3.4926403682e-01
-1.1574716196e+03, -3.4924916852e-01
-1.1606373987e+03, -3.4923442422e-01
-1.1638030447e+03, -3.4921980254e-01
-1.1669685587e+03, -3.4920530211e-01
-1.1701339418e+03, -3.4919092158e-01
-1.1732991951e+03, -3.4917665961e-01
-1.1764643197e+03, -3.4916251491e-01
-1.1796293165e+03, -3.4914848617e-01
-1.1827941868e+03, -3.4913457212e-01
-1.1859589314e+03, -3.4912077151e-01
-1.1891235514e+03, -3.4910708309e-01
-1.1922880478e+03, -3.4909350564e-01
-1.1954524217e+03, -3.4908003795e-01
-1.1986166739e+03, -3.4906667884e-01
-1.2017808056e+03, -3.4905342714e-01
-1.2049448176e+03, -3.4904028167e-01
-1.2081087109e+03, -3.4902724131e-01
-1.2112724865e+03, -3.4901430493e-01
-1.2144361453e+03, -3.4900147141e-01
-1.2175996883e+03, -3.4898873966e-01
-1.2207631162e+03, -3.4897610860e-01
-1.2239264302e+03, -3.4896357715e-01
-1.2270896310e+03, -3.4895114427e-01
-1.2302527195e+03, -3.4893880892e-01
-1.2334156966e+03, -3.4892657007e-01
-1.2365785633e+03, -3.4891442672e-01
-1.2397413203e+03, -3.4890237785e-01
-1.2429039685e+03, -3.4889042249e-01
-1.2460665087e+03, -3.4887855967e-01
-1.2492289419e+03, -3.4886678842e-01
-1.2523912687e+03, -3.4885510780e-01
-1.2555534901e+03, -3.4884351687e-01
-1.2587156068e+03, -3.4883201471e-01
-1.2618776196e+03, -3.4882060041e-01
-1.2650395294e+03, -3.4880927307e-01
-1.2682013369e+03, -3.4879803180e-01
-1.2713630428e+03, -3.4878687573e-01
-1.2745246480e+03, -3.4877580399e-01
-1.2776861533e+03, -3.4876481572e-01
-1.2808475593e+03, -3.4875391009e-01
-1.2840088668e+03, -3.4874308627e-01
-1.2871700766e+03, -3.4873234342e-01
-1.2903311893e+03, -3.4872168074e-01
-1.2934922058e+03, -3.4871109743e-01
-1.2966531267e+03, -3.4870059269e-01
-1.2998139527e+03, -3.4869016575e-01
-1.3029746845e+03, -3.4867981583e-01
-1.3061353229e+03, -3.4866954217e-01
-1.3092958685e+03, -3.4865934402e-01
-1.3124563220e+03, -3.4864922064e-01
-1.3156166841e+03, -3.4863917128e-01
-1.3187769553e+03, -3.4862919524e-01
-1.3219371365e+03, -3.4861929178e-01
-1.3250972283e+03, -3.4860946021e-01
-1.3282572312e+03, -3.4859969982e-01
-1.3314171460e+03, -3.4859000992e-01
-1.3345769733e+03, -3.4858038984e-01
-1.3377367137e+03, -3.4857083889e-01
-1.3408963678e+03, -3.4856135642e-01
-1.3440559363e+03, -3.4855194177e-01
-1.3472154197e+03, -3.4854259428e-01
-1.3503748187e+03, -3.4853331332e-01
-1.3535341339e+03, -3.4852409825e-01
-1.3566933659e+03, -3.4851494844e-01
-1.3598525152e+03, -3.4850586329e-01
-1.3630115824e+03, -3.4849684216e-01
-1.3661705681e+03, -3.4848788447e-01
-1.3693294730e+03, -3.4847898961e-01
-1.3724882974e+03, -3.4847015700e-01
-1.3756470421e+03, -3.4846138605e-01
-1.3788057076e+03, -3.4845267618e-01
-1.3819642944e+03, -3.4844402683e-01
-1.3851228031e+03, -3.4843543743e-01
-1.3882812341e+03, -3.4842690743e-01
-1.3914395881e+03, -3.4841843627e-01
-1.3945978656e+03, -3.4841002342e-01
-1.3977560671e+03, -3.4840166833e-01
-1.4009141931e+03, -3.4839337048e-01
-1.4040722442e+03, -3.4838512934e-01
-1.4072302208e+03, -3.4837694439e-01
-1.4103881235e+03, -3.4836881513e-01
-1.4135459527e+03, -3.4836074103e-01
-1.4167037090e+03, -3.4835272161e-01
-1.4198613928e+03, -3.4834475636e-01
-1.4230190047e+03, -3.4833684480e-01
-1.4261765451e+03, -3.4832898644e-01
-1.4293340145e+03, -3.4832118080e-01
-1.4324914134e+03, -3.4831342742e-01
-1.4356487422e+03, -3.4830572582e-01
-1.4388060015e+03, -3.4829807553e-01
-1.4419631917e+03, -3.4829047611e-01
-1.4451203131e+03, -3.4828292710e-01
-1.4482773664e+03, -3.4827542805e-01
-1.4514343520e+03, -3.4826797852e-01
-1.4545912702e+03, -3.4826057807e-01
-1.4577481216e+03, -3.4825322627e-01
-1.4609049065e+03, -3.4824592270e-01
-1.4640616255e+03, -3.4823866692e-01
-1.4672182789e+03, -3.4823145853e-01
-1.4703748671e+03, -3.4822429709e-01
-1.4735313907e+03, -3.4821718222e-01
-1.4766878500e+03, -3.4821011350e-01
-1.4798442454e+03, -3.4820309053e-01
-1.4830005773e+03, -3.4819611292e-01
-1.4861568463e+03, -3.4818918027e-01
-1.4893130525e+03, -3.4818229219e-01
-1.4924691966e+03, -3.4817544831e-01
-1.4956252788e+03, -3.4816864825e-01
-1.4987812995e+03, -3.4816189162e-01
-1.5019372592e+03, -3.4815517806e-01
-1.5050931582e+03, -3.4814850720e-01
-1.5082489970e+03, -3.4814187867e-01
-1.5114047759e+03, -3.4813529213e-01
-1.5145604952e+03, -3.4812874720e-01
-1.5177161554e+03, -3.4812224355e-01
-1.5208717569e+03, -3.4811578082e-01
-1.5240272999e+03, -3.4810935867e-01
-1.5271827849e+03, -3.4810297675e-01
-1.5303382122e+03, -3.4809663474e-01
-1.5334935823e+03, -3.4809033229e-01
-1.5366488953e+03, -3.4808406907e-01
-1.5398041518e+03, -3.4807784477e-01
-1.5429593521e+03, -3.4807165905e-01
-1.5461144964e+03, -3.4806551160e-01
-1.5492695852e+03, -3.4805940211e-01
-1.5524246187e+03, -3.4805333024e-01
-1.5555795975e+03, -3.4804729571e-01
-1.5587345216e+03, -3.4804129819e-01
-1.5618893916e+03, -3.4803533739e-01
-1.5650442077e+03, -3.4802941301e-01
-1.5681989703e+03, -3.4802352475e-01
-1.5713536796e+03, -3.4801767231e-01
-1.5745083361e+03, -3.4801185540e-01
-1.5776629400e+03, -3.4800607373e-01
-1.5808174916e+03, -3.4800032703e-01
-1.5839719913e+03, -3.4799461500e-01
-1.5871264394e+03, -3.4798893737e-01
-1.5902808362e+03, -3.4798329385e-01
-1.5934351819e+03, -3.4797768419e-01
-1.5965894770e+03, -3.4797210809e-01
-1.5997437217e+03, -3.4796656531e-01
-1.6028979163e+03, -3.4796105556e-01
-1.6060520611e+03, -3.4795557859e-01
-1.6092061564e+03, -3.4795013413e-01
-1.6123602024e+03, -3.4794472193e-01
-1.6155141996e+03, -3.4793934173e-01
-1.6186681481e+03, -3.4793399328e-01
-1.6218220483e+03, -3.4792867633e-01
-1.6249759005e+03, -3.4792339064e-01
-1.6281297049e+03, -3.4791813594e-01
-1.6312834618e+03, -3.4791291201e-01
-1.6344371714e+03, -3.4790771860e-01
-1.6375908342e+03, -3.4790255547e-01
-1.6407444502e+03, -3.4789742239e-01
-1.6438980199e+03, -3.4789231913e-01
-1.6470515434e+03, -3.4788724544e-01
-1.6502050211e+03, -3.4788220111e-01
-1.6533584532e+03, -3.4787718590e-01
-1.6565118400e+03, -3.4787219960e-01
-1.6596651817e+03, -3.4786724197e-01
-1.6628184785e+03, -3.4786231280e-01
-1.6659717309e+03, -3.4785741187e-01
-1.6691249389e+03, -3.4785253896e-01
-1.6722781029e+03, -3.4784769386e-01
-1.6754312231e+03, -3.4784287636e-01
-1.6785842997e+03, -3.4783808625e-01
-1.6817373331e+03, -3.4783332332e-01
-1.6848903233e+03, -3.4782858736e-01
-1.6880432708e+03, -3.4782387816e-01
-1.6911961758e+03, -3.4781919554e-01
-1.6943490383e+03, -3.4781453928e-01
-1.6975018589e+03, -3.4780990919e-01
-1.7006546375e+03, -3.4780530507e-01
-1.7038073745e+03, -3.4780072672e-01
-1.7069600702e+03, -3.4779617396e-01
-1.7101127247e+03, -3.4779164660e-01
-1.7132653382e+03, -3.4778714443e-01
-1.7164179111e+03, -3.4778266729e-01
-1.7195704435e+03, -3.4777821497e-01
-1.7227229357e+03, -3.4777378730e-01
-1.7258753878e+03, -3.4776938409e-01
-1.7290278001e+03, -3.4776500517e-01
-1.7321801729e+03, -3.4776065035e-01
-1.7353325062e+03, -3.4775631946e-01
-1.7384848005e+03, -3.4775201232e-01
-1.7416370557e+03, -3.4774772876e-01
-1.7447892723e+03, -3.4774346860e-01
-1.7479414504e+03, -3.4773923168e-01
-1.7510935901e+03, -3.4773501782e-01
-1.7542456918e+03, -3.4773082686e-01
-1.7573977555e+03, -3.4772665864e-01
-1.7605497816e+03, -3.4772251297e-01
-1.7637017702e+03, -3.4771838971e-01
-1.7668537216e+03, -3.4771428869e-01
-1.7700056358e+03, -3.4771020976e-01
-1.7731575132e+03, -3.4770615274e-01
-1.7763093539e+03, -3.4770211749e-01
-1.7794611581e+03, -3.4769810385e-01
-1.7826129261e+03, -3.4769411166e-01
-1.7857646579e+03, -3.4769014078e-01
-1.7889163539e+03, -3.4768619104e-01
+1.3804902403e+02, -8.2330940562e+00
+1.3421399846e+02, -1.4170707568e+01
+1.3099146163e+02, -1.8888868857e+01
+1.2808127877e+02, -2.2951406404e+01
+1.2536999837e+02, -2.6576731824e+01
+1.2279971798e+02, -2.9878736445e+01
+1.2033602182e+02, -3.2926453736e+01
+1.1795643419e+02, -3.5765795526e+01
+1.1564529992e+02, -3.8429293437e+01
+1.1339118928e+02, -4.0941086828e+01
+1.1118545228e+02, -4.3319728444e+01
+1.0902135423e+02, -4.5579877387e+01
+1.0689352978e+02, -4.7733378069e+01
+1.0479762240e+02, -4.9789978643e+01
+1.0273003763e+02, -5.1757826888e+01
+1.0068776904e+02, -5.3643822937e+01
+9.8668272127e+01, -5.5453876649e+01
+9.6669371067e+01, -5.7193099588e+01
+9.4689188314e+01, -5.8865950954e+01
+9.2726090590e+01, -6.0476350410e+01
+9.0778646816e+01, -6.2027766590e+01
+8.8845594896e+01, -6.3523287473e+01
+8.6925815187e+01, -6.4965676985e+01
+8.5018309074e+01, -6.6357421025e+01
+8.3122181498e+01, -6.7700765241e+01
+8.1236626577e+01, -6.8997746323e+01
+7.9360915684e+01, -7.0250218122e+01
+7.7494387476e+01, -7.1459873620e+01
+7.5636439511e+01, -7.2628263526e+01
+7.3786521133e+01, -7.3756812125e+01
+7.1944127427e+01, -7.4846830858e+01
+7.0108794028e+01, -7.5899530020e+01
+6.8280092651e+01, -7.6916028892e+01
+6.6457627228e+01, -7.7897364552e+01
+6.4641030544e+01, -7.8844499567e+01
+6.2829961301e+01, -7.9758328754e+01
+6.1024101547e+01, -8.0639685114e+01
+5.9223154406e+01, -8.1489345091e+01
+5.7426842082e+01, -8.2308033222e+01
+5.5634904084e+01, -8.3096426279e+01
+5.3847095644e+01, -8.3855156956e+01
+5.2063186316e+01, -8.4584817170e+01
+5.0282958709e+01, -8.5285961017e+01
+4.8506207363e+01, -8.5959107427e+01
+4.6732737723e+01, -8.6604742556e+01
+4.4962365227e+01, -8.7223321937e+01
+4.3194914465e+01, -8.7815272435e+01
+4.1430218432e+01, -8.8380994002e+01
+3.9668117834e+01, -8.8920861279e+01
+3.7908460461e+01, -8.9435225042e+01
+3.6151100614e+01, -8.9924413516e+01
+3.4395898576e+01, -9.0388733573e+01
+3.2642720129e+01, -9.0828471818e+01
+3.0891436103e+01, -9.1243895578e+01
+2.9141921966e+01, -9.1635253799e+01
+2.7394057437e+01, -9.2002777868e+01
+2.5647726130e+01, -9.2346682351e+01
+2.3902815221e+01, -9.2667165674e+01
+2.2159215135e+01, -9.2964410728e+01
+2.0416819253e+01, -9.3238585430e+01
+1.8675523636e+01, -9.3489843215e+01
+1.6935226767e+01, -9.3718323490e+01
+1.5195829297e+01, -9.3924152038e+01
+1.3457233818e+01, -9.4107441369e+01
+1.1719344628e+01, -9.4268291043e+01
+9.9820675232e+00, -9.4406787945e+01
+8.2453095838e+00, -9.4523006523e+01
+6.5089789749e+00, -9.4617008993e+01
+4.7729847492e+00, -9.4688845508e+01
+3.0372366553e+00, -9.4738554291e+01
+1.3016449495e+00, -9.4766161740e+01
-4.3387979022e-01, -9.4771682499e+01
-2.1694268481e+00, -9.4755119492e+01
-3.9050855545e+00, -9.4716463940e+01
-5.6409454689e+00, -9.4655695328e+01
-7.3770965658e+00, -9.4572781356e+01
-9.1136294206e+00, -9.4467677851e+01
-1.0850635400e+01, -9.4340328649e+01
-1.2588206857e+01, -9.4190665439e+01
-1.4326437328e+01, -9.4018607583e+01
-1.6065421738e+01, -9.3824061891e+01
-1.7805256615e+01, -9.3606922365e+01
-1.9546040310e+01, -9.3367069900e+01
-2.1287873224e+01, -9.3104371949e+01
-2.3030858055e+01, -9.2818682145e+01
-2.4775100047e+01, -9.2509839869e+01
-2.6520707262e+01, -9.2177669785e+01
-2.8267790862e+01, -9.1821981306e+01
-3.0016465411e+01, -9.1442568017e+01
-3.1766849201e+01, -9.1039207029e+01
-3.3519064590e+01, -9.0611658273e+01
-3.5273238381e+01, -9.0159663721e+01
-3.7029502213e+01, -8.9682946523e+01
-3.8787992997e+01, -8.9181210072e+01
-4.0548853376e+01, -8.8654136960e+01
-4.2312232237e+01, -8.8101387844e+01
-4.4078285255e+01, -8.7522600188e+01
-4.5847175500e+01, -8.6917386885e+01
-4.7619074089e+01, -8.6285334737e+01
-4.9394160907e+01, -8.5626002775e+01
-5.1172625406e+01, -8.4938920411e+01
-5.2954667470e+01, -8.4223585386e+01
-5.4740498392e+01, -8.3479461500e+01
-5.6530341942e+01, -8.2705976099e+01
-5.8324435559e+01, -8.1902517265e+01
-6.0123031687e+01, -8.1068430701e+01
-6.1926399262e+01, -8.0203016241e+01
-6.3734825384e+01, -7.9305523942e+01
-6.5548617201e+01, -7.8375149699e+01
-6.7368104036e+01, -7.7411030300e+01
-6.9193639804e+01, -7.6412237844e+01
-7.1025605755e+01, -7.5377773406e+01
-7.2864413614e+01, -7.4306559836e+01
-7.4710509188e+01, -7.3197433525e+01
-7.6564376517e+01, -7.2049134961e+01
-7.8426542689e+01, -7.0860297853e+01
-8.0297583432e+01, -6.9629436534e+01
-8.2178129680e+01, -6.8354931298e+01
-8.4068875276e+01, -6.7035011249e+01
-8.5970586118e+01, -6.5667734100e+01
-8.7884111044e+01, -6.4250962244e+01
-8.9810394918e+01, -6.2782334187e+01
-9.1750494462e+01, -6.1259230210e+01
-9.3705597578e+01, -5.9678730711e+01
-9.5677047164e+01, -5.8037565232e+01
-9.7666370753e+01, -5.6332049435e+01
-9.9675317835e+01, -5.4558006300e+01
-1.0170590745e+02, -5.2710666374e+01
-1.0376048970e+02, -5.0784539701e+01
-1.0584182665e+02, -4.8773248816e+01
-1.0795320041e+02, -4.6669307030e+01
-1.1009856090e+02, -4.4463818014e+01
-1.1228273234e+02, -4.2146059013e+01
-1.1451171029e+02, -3.9702886405e+01
-1.1679310308e+02, -3.7117859606e+01
-1.1913681467e+02, -3.4369897718e+01
-1.2155615389e+02, -3.1431116744e+01
-1.5654627896e+02, +7.9772367186e+01
-1.8973408733e+02, +6.9524162251e+01
-1.2950637317e+02, -2.0984777540e+01
-1.6660343943e+02, +7.6172222260e+01
-1.7006510772e+02, +7.5026337872e+01
-1.7360175004e+02, +7.3919415062e+01
-1.7181859424e+02, +7.4466372541e+01
-1.6832691048e+02, +7.5595334110e+01
-1.1444464457e+02, +9.7404102484e+01
-1.1186133613e+02, +9.8504164981e+01
-1.0930870699e+02, +9.9581952177e+01
-1.0678506332e+02, +1.0063699063e+02
-1.0428880001e+02, +1.0166891769e+02
-1.0181839952e+02, +1.0267746502e+02
-9.9372429550e+01, +1.0366244424e+02
-9.6949539922e+01, +1.0462373441e+02
-9.4548458913e+01, +1.0556127125e+02
-9.2167989283e+01, +1.0647503784e+02
-8.9807004156e+01, +1.0736505658e+02
-8.7464442860e+01, +1.0823138238e+02
-8.0537603007e+01, +1.1068912088e+02
+7.7494387476e+01, -7.1459873620e+01
+1.1795643419e+02, -3.5765795526e+01
+1.7181868034e+02, +7.4466345434e+01
+1.6832699410e+02, +7.5595306425e+01
+1.6489295828e+02, +7.6756860244e+01
+1.6151310514e+02, +7.7946309158e+01
+1.5818791193e+02, +7.9158944674e+01
+1.5491804419e+02, +8.0389975544e+01
+1.5170379836e+02, +8.1634655186e+01
+1.4854498773e+02, +8.2888394616e+01
+1.4544095181e+02, +8.4146852700e+01
+1.4239061205e+02, +8.5406001362e+01
+1.3939254518e+02, +8.6662166445e+01
+1.3644506029e+02, +8.7912047065e+01
+1.3354627188e+02, +8.9152717462e+01
+1.3069416516e+02, +9.0381615646e+01
+1.2788665154e+02, +9.1596522870e+01
+1.2512161420e+02, +9.2795537394e+01
+1.2239694417e+02, +9.3977045289e+01
+1.1971056800e+02, +9.5139690344e+01
+1.1706046809e+02, +9.6282344538e+01
+1.1444469712e+02, +9.7404080019e+01
+1.1186138756e+02, +9.8504143166e+01
+1.0930875735e+02, +9.9581931013e+01
+1.0678511266e+02, +1.0063697011e+02
+1.0428884838e+02, +1.0166889782e+02
+1.0181844696e+02, +1.0267744578e+02
+9.9372476107e+01, +1.0366242563e+02
+9.6949585631e+01, +1.0462371642e+02
+9.4548503811e+01, +1.0556125387e+02
+9.2168033405e+01, +1.0647502105e+02
+8.9807047535e+01, +1.0736504038e+02
+8.7464485525e+01, +1.0823136676e+02
+8.5139348808e+01, +1.0907408169e+02
+8.2830696926e+01, +1.0989328828e+02
+8.0537643698e+01, +1.1068910692e+02
+7.8259353554e+01, +1.1146167166e+02
+7.5995038073e+01, +1.1221112708e+02
+7.3743952709e+01, +1.1293762564e+02
+7.1505393722e+01, +1.1364132544e+02
+6.9278695305e+01, +1.1432238829e+02
+6.7063226898e+01, +1.1498097811e+02
+6.4858390685e+01, +1.1561725955e+02
+6.2663619263e+01, +1.1623139681e+02
+6.0478373470e+01, +1.1682355270e+02
+5.8302140371e+01, +1.1739388778e+02
+5.6134431376e+01, +1.1794255968e+02
+5.3974780500e+01, +1.1846972254e+02
+5.1822742734e+01, +1.1897552648e+02
+4.9677892537e+01, +1.1946011725e+02
+4.7539822426e+01, +1.1992363584e+02
+4.5408141664e+01, +1.2036621827e+02
+4.3282475035e+01, +1.2078799531e+02
+4.1162461702e+01, +1.2118909232e+02
+3.9047754135e+01, +1.2156962913e+02
+3.6938017108e+01, +1.2192971986e+02
+3.4832926758e+01, +1.2226947289e+02
+3.2732169704e+01, +1.2258899077e+02
+3.0635442210e+01, +1.2288837016e+02
+2.8542449402e+01, +1.2316770179e+02
+2.6452904523e+01, +1.2342707044e+02
+2.4366528232e+01, +1.2366655494e+02
+2.2283047928e+01, +1.2388622813e+02
+2.0202197119e+01, +1.2408615687e+02
+1.8123714807e+01, +1.2426640206e+02
+1.6047344906e+01, +1.2442701861e+02
+1.3972835678e+01, +1.2456805546e+02
+1.1899939191e+01, +1.2468955561e+02
+9.8284107922e+00, +1.2479155609e+02
+7.7580085992e+00, +1.2487408801e+02
+5.6884929981e+00, +1.2493717652e+02
+3.6196261564e+00, +1.2498084086e+02
+1.5511715414e+00, +1.2500509435e+02
-5.1710655484e-01, +1.2500994437e+02
-2.5854434879e+00, +1.2499539240e+02
-4.6540747307e+00, +1.2496143402e+02
-6.7232363445e+00, +1.2490805886e+02
-8.7931654523e+00, +1.2483525066e+02
-1.0864100716e+01, +1.2474298721e+02
-1.2936282824e+01, +1.2463124038e+02
-1.5009954979e+01, +1.2449997611e+02
-1.7085363410e+01, +1.2434915439e+02
-1.9162757885e+01, +1.2417872924e+02
-2.1242392247e+01, +1.2398864873e+02
-2.3324524966e+01, +1.2377885497e+02
-2.5409419715e+01, +1.2354928408e+02
-2.7497345960e+01, +1.2329986620e+02
-2.9588579592e+01, +1.2303052549e+02
-3.1683403575e+01, +1.2274118016e+02
-3.3782108633e+01, +1.2243174245e+02
-3.5884993977e+01, +1.2210211864e+02
-3.7992368064e+01, +1.2175220913e+02
-4.0104549410e+01, +1.2138190846e+02
-4.2221867446e+01, +1.2099110536e+02
-4.4344663428e+01, +1.2057968284e+02
-4.6473291413e+01, +1.2014751829e+02
-4.8608119288e+01, +1.1969448362e+02
-5.0749529883e+01, +1.1922044542e+02
-5.2897922149e+01, +1.1872526515e+02
-5.5053712431e+01, +1.1820879940e+02
-5.7217335821e+01, +1.1767090018e+02
-5.9389247621e+01, +1.1711141532e+02
-6.1569924911e+01, +1.1653018886e+02
-6.3759868226e+01, +1.1592706163e+02
-6.5959603374e+01, +1.1530187185e+02
-6.8169683376e+01, +1.1465445591e+02
-7.0390690562e+01, +1.1398464923e+02
-7.2623238820e+01, +1.1329228739e+02
-7.4867976011e+01, +1.1257720732e+02
-7.7125586562e+01, +1.1183924886e+02
-7.9396794246e+01, +1.1107825646e+02
-8.1682365154e+01, +1.1029408131e+02
-8.3983110861e+01, +1.0948658372e+02
-8.6299891799e+01, +1.0865563607e+02
-8.8633620820e+01, +1.0780112609e+02
-9.0985266949e+01, +1.0692296092e+02
-9.3355859305e+01, +1.0602107167e+02
-9.5746491148e+01, +1.0509541890e+02
-9.8158324021e+01, +1.0414599893e+02
-1.0059259190e+02, +1.0317285129e+02
-1.0305060527e+02, +1.0217606735e+02
-1.0553375493e+02, +1.0115580032e+02
-1.0804351547e+02, +1.0011227688e+02
-1.1058144798e+02, +9.9045810616e+01
-1.1314920191e+02, +9.7956817379e+01
-1.1574851538e+02, +9.6845832894e+01
-1.1838121368e+02, +9.5713532665e+01
-1.2104920520e+02, +9.4560754337e+01
-1.2375447384e+02, +9.3388522473e+01
-1.2649906729e+02, +9.2198075585e+01
-1.2928507974e+02, +9.0990894998e+01
-1.3211462803e+02, +8.9768734814e+01
-1.3498981994e+02, +8.8533651766e+01
-1.3791271349e+02, +8.7288033243e+01
-1.4088526638e+02, +8.6034621054e+01
-1.4390927552e+02, +8.4776527841e+01
-1.4698630749e+02, +8.3517242366e+01
-1.5011762284e+02, +8.2260619439e+01
-1.5330409955e+02, +8.1010850260e+01
-1.5654616623e+02, +7.9772409633e+01
-1.5984376435e+02, +7.8549978140e+01
-1.6319638456e+02, +7.7348340045e+01
-1.6660332438e+02, +7.6172261181e+01
-1.7006499188e+02, +7.5026375351e+01
-1.7360163040e+02, +7.3919449730e+01
-9.5677047164e+01, -5.8037565232e+01
-1.4053943386e+02, -4.1757375639e+00
-1.3601808150e+02, -1.1422815064e+01
-1.3255246575e+02, -1.6633096461e+01
-1.2950637317e+02, -2.0984777540e+01
-1.2670515802e+02, -2.4810152147e+01
-1.2406975206e+02, -2.8263125959e+01
-1.2155615389e+02, -3.1431116744e+01
-1.1913681467e+02, -3.4369897718e+01
-1.1679310308e+02, -3.7117859606e+01
-1.1451171029e+02, -3.9702886405e+01
-1.1228273234e+02, -4.2146059013e+01
-1.1009856090e+02, -4.4463818014e+01
-1.0795320041e+02, -4.6669307030e+01
-1.0584182665e+02, -4.8773248816e+01
-1.0376048970e+02, -5.0784539701e+01
-1.0170590745e+02, -5.2710666374e+01
-9.9675317835e+01, -5.4558006300e+01
-9.7666370753e+01, -5.6332049435e+01
-9.5677047164e+01, -5.8037565232e+01
-9.3705597578e+01, -5.9678730711e+01
-9.1750494462e+01, -6.1259230210e+01
-8.9810394918e+01, -6.2782334187e+01
-8.7884111044e+01, -6.4250962244e+01
-8.5970586118e+01, -6.5667734100e+01
-8.4068875276e+01, -6.7035011249e+01
-8.2178129680e+01, -6.8354931298e+01
-8.0297583432e+01, -6.9629436534e+01
-7.8426542689e+01, -7.0860297853e+01
-7.6564376517e+01, -7.2049134961e+01
-7.4710509188e+01, -7.3197433525e+01
-7.2864413614e+01, -7.4306559836e+01
-7.1025605755e+01, -7.5377773406e+01
-6.9193639804e+01, -7.6412237844e+01
-6.7368104036e+01, -7.7411030300e+01
-6.5548617201e+01, -7.8375149699e+01
-6.3734825384e+01, -7.9305523942e+01
-6.1926399262e+01, -8.0203016241e+01
-6.0123031687e+01, -8.1068430701e+01
-5.8324435559e+01, -8.1902517265e+01
-5.6530341942e+01, -8.2705976099e+01
-5.4740498392e+01, -8.3479461500e+01
-5.2954667470e+01, -8.4223585386e+01
-5.1172625406e+01, -8.4938920411e+01
-4.9394160907e+01, -8.5626002775e+01
-4.7619074089e+01, -8.6285334737e+01
-4.5847175500e+01, -8.6917386885e+01
-4.4078285255e+01, -8.7522600188e+01
-4.2312232237e+01, -8.8101387844e+01
-4.0548853376e+01, -8.8654136960e+01
-3.8787992997e+01, -8.9181210072e+01
-3.7029502213e+01, -8.9682946523e+01
-3.5273238381e+01, -9.0159663721e+01
-3.3519064590e+01, -9.0611658273e+01
-3.1766849201e+01, -9.1039207029e+01
-3.0016465411e+01, -9.1442568017e+01
-2.8267790862e+01, -9.1821981306e+01
-2.6520707262e+01, -9.2177669785e+01
-2.4775100047e+01, -9.2509839869e+01
-2.3030858055e+01, -9.2818682145e+01
-2.1287873224e+01, -9.3104371949e+01
-1.9546040310e+01, -9.3367069900e+01
-1.7805256615e+01, -9.3606922365e+01
-1.6065421738e+01, -9.3824061891e+01
-1.4326437328e+01, -9.4018607583e+01
-1.2588206857e+01, -9.4190665439e+01
-1.0850635400e+01, -9.4340328649e+01
-9.1136294206e+00, -9.4467677851e+01
-7.3770965658e+00, -9.4572781356e+01
-5.6409454689e+00, -9.4655695328e+01
-3.9050855545e+00, -9.4716463940e+01
-2.1694268481e+00, -9.4755119492e+01
-4.3387979022e-01, -9.4771682499e+01
+1.3016449495e+00, -9.4766161740e+01
+3.0372366553e+00, -9.4738554291e+01
+4.7729847492e+00, -9.4688845508e+01
+6.5089789749e+00, -9.4617008993e+01
+8.2453095838e+00, -9.4523006523e+01
+9.9820675232e+00, -9.4406787945e+01
+1.1719344628e+01, -9.4268291043e+01
+1.3457233818e+01, -9.4107441369e+01
+1.5195829297e+01, -9.3924152038e+01
+1.6935226767e+01, -9.3718323490e+01
+1.8675523636e+01, -9.3489843215e+01
+2.0416819253e+01, -9.3238585430e+01
+2.2159215135e+01, -9.2964410728e+01
+2.3902815221e+01, -9.2667165674e+01
+2.5647726130e+01, -9.2346682351e+01
+2.7394057437e+01, -9.2002777868e+01
+2.9141921966e+01, -9.1635253799e+01
+3.0891436103e+01, -9.1243895578e+01
+3.2642720129e+01, -9.0828471818e+01
+3.4395898576e+01, -9.0388733573e+01
+3.6151100614e+01, -8.9924413516e+01
+3.7908460461e+01, -8.9435225042e+01
+3.9668117834e+01, -8.8920861279e+01
+4.1430218432e+01, -8.8380994002e+01
+4.3194914465e+01, -8.7815272435e+01
+4.4962365227e+01, -8.7223321937e+01
+4.6732737723e+01, -8.6604742556e+01
+4.8506207363e+01, -8.5959107427e+01
+5.0282958709e+01, -8.5285961017e+01
+5.2063186316e+01, -8.4584817170e+01
+5.3847095644e+01, -8.3855156956e+01
+5.5634904084e+01, -8.3096426279e+01
+5.7426842082e+01, -8.2308033222e+01
+5.9223154406e+01, -8.1489345091e+01
+6.1024101547e+01, -8.0639685114e+01
+6.2829961301e+01, -7.9758328754e+01
+6.4641030544e+01, -7.8844499567e+01
+6.6457627228e+01, -7.7897364552e+01
+6.8280092651e+01, -7.6916028892e+01
+7.0108794028e+01, -7.5899530020e+01
+7.1944127427e+01, -7.4846830858e+01
+7.3786521133e+01, -7.3756812125e+01
+7.5636439511e+01, -7.2628263526e+01
+7.7494387476e+01, -7.1459873620e+01
+7.9360915684e+01, -7.0250218122e+01
+8.1236626577e+01, -6.8997746323e+01
+8.3122181498e+01, -6.7700765241e+01
+8.5018309074e+01, -6.6357421025e+01
+8.6925815187e+01, -6.4965676985e+01
+8.8845594896e+01, -6.3523287473e+01
+9.0778646816e+01, -6.2027766590e+01
+9.2726090590e+01, -6.0476350410e+01
+9.4689188314e+01, -5.8865950954e+01
+9.6669371067e+01, -5.7193099588e+01
+9.8668272127e+01, -5.5453876649e+01
+1.0068776904e+02, -5.3643822937e+01
+1.0273003763e+02, -5.1757826888e+01
+1.0479762240e+02, -4.9789978643e+01
+1.0689352978e+02, -4.7733378069e+01
+1.0902135423e+02, -4.5579877387e+01
+1.1118545228e+02, -4.3319728444e+01
+1.1339118928e+02, -4.0941086828e+01
+1.1564529992e+02, -3.8429293437e+01
+1.1795643419e+02, -3.5765795526e+01
+1.2033602182e+02, -3.2926453736e+01
+1.2279971798e+02, -2.9878736445e+01
+1.9156138847e+02, +6.9085396124e+01
+1.8791209250e+02, +6.9973829751e+01
+1.6489321223e+02, +7.6756772568e+01
+1.6832725116e+02, +7.5595221310e+01
+1.7181894136e+02, +7.4466263256e+01
+1.7360139196e+02, +7.3919518826e+01
+7.9360915684e+01, -7.0250218122e+01
+1.1838105265e+02, +9.5713602101e+01
+1.1574835703e+02, +9.6845900803e+01
+1.1314904610e+02, +9.7956883731e+01
+1.1058129459e+02, +9.9045875386e+01
+1.0804336436e+02, +1.0011234006e+02
+1.0553360600e+02, +1.0115586189e+02
+1.0305045840e+02, +1.0217612732e+02
+1.0059244699e+02, +1.0317290965e+02
+9.8158180970e+01, +1.0414605569e+02
+9.5746349865e+01, +1.0509547406e+02
+9.3355719706e+01, +1.0602112526e+02
+9.0985128952e+01, +1.0692301294e+02
+8.8633484348e+01, +1.0780117656e+02
+8.1682232845e+01, +1.1029412723e+02
+7.9396663199e+01, +1.1107830090e+02
-9.5677047164e+01, -5.8037565232e+01
-1.7360148124e+02, +7.3919492953e+01
-1.7006484896e+02, +7.5026421587e+01
-1.6660318394e+02, +7.6172308694e+01
-1.6319624648e+02, +7.7348388645e+01
-1.5984362865e+02, +7.8550027633e+01
-1.5654603294e+02, +7.9772459822e+01
-1.5330396866e+02, +8.1010900951e+01
-1.5011749434e+02, +8.2260670445e+01
-1.4698618136e+02, +8.3517293511e+01
-1.4390915169e+02, +8.4776578961e+01
-1.4088514480e+02, +8.6034672002e+01
-1.3791259408e+02, +8.7288083886e+01
-1.3498970262e+02, +8.8533701987e+01
-1.3211451270e+02, +8.9768784510e+01
-1.2928496632e+02, +9.0990944083e+01
-1.2649895569e+02, +9.2198123983e+01
-1.2375436396e+02, +9.3388570122e+01
-1.2104909696e+02, +9.4560801183e+01
-1.1838110700e+02, +9.5713578665e+01
-1.1574841017e+02, +9.6845878014e+01
-1.1314909809e+02, +9.7956861591e+01
-1.1058134548e+02, +9.9045853897e+01
-1.0804341421e+02, +1.0011231922e+02
-1.0553365485e+02, +1.0115584169e+02
-1.0305050630e+02, +1.0217610776e+02
-1.0059249399e+02, +1.0317289073e+02
-9.8158227098e+01, +1.0414603738e+02
-9.5746395165e+01, +1.0509545638e+02
-9.3355764212e+01, +1.0602110818e+02
-9.0985172698e+01, +1.0692299645e+02
-8.8633527366e+01, +1.0780116065e+02
-8.6299799100e+01, +1.0865566966e+02
-8.3983018878e+01, +1.0948661636e+02
-8.1682273848e+01, +1.1029411300e+02
-7.9396703582e+01, +1.1107828721e+02
-7.7125496506e+01, +1.1183927867e+02
-7.4867886532e+01, +1.1257723620e+02
-7.2623149888e+01, +1.1329231534e+02
-7.0390602148e+01, +1.1398467627e+02
-6.8169595453e+01, +1.1465448204e+02
-6.5959515917e+01, +1.1530189709e+02
-6.3759781210e+01, +1.1592708598e+02
-6.1569838313e+01, +1.1653021233e+02
-5.9389161420e+01, +1.1711143791e+02
-5.7217249994e+01, +1.1767092191e+02
-5.5053626960e+01, +1.1820882026e+02
-5.2897837014e+01, +1.1872528516e+02
-5.0749445065e+01, +1.1922046459e+02
-4.8608034770e+01, +1.1969450194e+02
-4.6473207177e+01, +1.2014753578e+02
-4.4344579459e+01, +1.2057969950e+02
-4.2221783727e+01, +1.2099112120e+02
-4.0104465927e+01, +1.2138192348e+02
-3.7992284801e+01, +1.2175222334e+02
-3.5884910920e+01, +1.2210213204e+02
-3.3782025769e+01, +1.2243175505e+02
-3.1683320891e+01, +1.2274119197e+02
-2.9588497074e+01, +1.2303053651e+02
-2.7497263596e+01, +1.2329987642e+02
-2.5409337492e+01, +1.2354929352e+02
-2.3324442873e+01, +1.2377886363e+02
-2.1242310271e+01, +1.2398865661e+02
-1.9162676014e+01, +1.2417873634e+02
-1.7085281634e+01, +1.2434916071e+02
-1.5009873286e+01, +1.2449998167e+02
-1.2936201203e+01, +1.2463124517e+02
-1.0864019157e+01, +1.2474299122e+02
-8.7930839433e+00, +1.2483525391e+02
-6.7231548752e+00, +1.2490806135e+02
-4.6539932904e+00, +1.2496143574e+02
-2.5853620661e+00, +1.2499539336e+02
-5.1702514093e-01, +1.2500994456e+02
+1.5512529580e+00, +1.2500509377e+02
+3.6197075861e+00, +1.2498083952e+02
+5.6885744515e+00, +1.2493717442e+02
+7.7580900870e+00, +1.2487408514e+02
+9.8284923250e+00, +1.2479155246e+02
+1.1900020779e+01, +1.2468955121e+02
+1.3972917333e+01, +1.2456805029e+02
+1.6047426639e+01, +1.2442701267e+02
+1.8123796629e+01, +1.2426639535e+02
+2.0202279040e+01, +1.2408614939e+02
+2.2283129961e+01, +1.2388621986e+02
+2.4366610388e+01, +1.2366654589e+02
+2.6452986815e+01, +1.2342706061e+02
+2.8542531841e+01, +1.2316769117e+02
+3.0635524809e+01, +1.2288835875e+02
+3.2732252476e+01, +1.2258897857e+02
+3.4833009716e+01, +1.2226945989e+02
+3.6938100266e+01, +1.2192970605e+02
+3.9047837506e+01, +1.2156961451e+02
+4.1162545301e+01, +1.2118907689e+02
+4.3282558877e+01, +1.2078797906e+02
+4.5408225764e+01, +1.2036620119e+02
+4.7539906801e+01, +1.1992361794e+02
+4.9677977203e+01, +1.1946009850e+02
+5.1822827709e+01, +1.1897550690e+02
+5.3974865801e+01, +1.1846970211e+02
+5.6134517022e+01, +1.1794253839e+02
+5.8302226382e+01, +1.1739386562e+02
+6.0478459867e+01, +1.1682352967e+02
+6.2663706067e+01, +1.1623137290e+02
+6.4858477919e+01, +1.1561723476e+02
+6.7063314585e+01, +1.1498095243e+02
+6.9278783470e+01, +1.1432236170e+02
+7.1505482392e+01, +1.1364129794e+02
+7.3744041911e+01, +1.1293759723e+02
+7.5995127836e+01, +1.1221109774e+02
+7.8259443910e+01, +1.1146164139e+02
+8.0537734678e+01, +1.1068907571e+02
+8.2830788567e+01, +1.0989325612e+02
+8.5139441144e+01, +1.0907404857e+02
+8.7464578596e+01, +1.0823133268e+02
+8.9807141381e+01, +1.0736500533e+02
+9.2168128072e+01, +1.0647498503e+02
+9.4548599343e+01, +1.0556121688e+02
+9.6949682078e+01, +1.0462367845e+02
+9.9372573521e+01, +1.0366238668e+02
+1.0181854540e+02, +1.0267740586e+02
+1.0428894790e+02, +1.0166885692e+02
+1.0678521333e+02, +1.0063692826e+02
+1.0930885922e+02, +9.9581888203e+01
+1.1186149071e+02, +9.8504099417e+01
+1.1444480163e+02, +9.7404035350e+01
+1.1706057403e+02, +9.6282298973e+01
+1.1971067545e+02, +9.5139643915e+01
+1.2239705322e+02, +9.3976998035e+01
+1.2512172492e+02, +9.2795489364e+01
+1.2788676403e+02, +9.1596474120e+01
+1.3069427952e+02, +9.0381566245e+01
+1.3354638820e+02, +8.9152667492e+01
+1.3644517865e+02, +8.7911996620e+01
+1.3939266567e+02, +8.6662115634e+01
+1.4239073474e+02, +8.5405950311e+01
+1.4544107678e+02, +8.4146801548e+01
+1.4854511504e+02, +8.2888343519e+01
+1.5170392805e+02, +8.1634604314e+01
+1.5491817628e+02, +8.0389925080e+01
+1.5818804642e+02, +7.9158894809e+01
+1.6151324202e+02, +7.7946260087e+01
+1.6489309754e+02, +7.6756812164e+01
+1.6832713574e+02, +7.5595259526e+01
+1.7181882485e+02, +7.4466299939e+01
+1.1795643419e+02, -3.5765795526e+01
+8.1236626577e+01, -6.8997746323e+01
