-1.8574086146e+02, -5.8745922660e-01
-1.9093567954e+02, -5.6001427404e-01
-1.9591150275e+02, -5.3869405611e-01
-2.0830042873e+02, +6.8399115124e+01
-2.1823373160e+02, +6.3622890591e+01
-1.6007505404e+02, -9.8223213164e-01
-2.0537527877e+02, -5.0734144598e-01
-2.2224207775e+02, +6.2803285082e+01
-2.1871704845e+02, -4.7618540433e-01
-2.2299724417e+02, -4.6834861503e-01
-2.2721055783e+02, -4.6139914639e-01
-2.3136432355e+02, -4.5518727211e-01
-2.3546467626e+02, -4.4959628266e-01
-2.3951680838e+02, -4.4453366779e-01
-2.4352515982e+02, -4.3992502049e-01
-2.4749356137e+02, -4.3570972119e-01
-2.5142534477e+02, -4.3183781784e-01
-2.5532342847e+02, -4.2826772867e-01
-2.5919038531e+02, -4.2496452257e-01
-2.6683979589e+02, -4.1904475143e-01
-2.8387167203e+02, +5.0514811671e+01
-2.5919038531e+02, -4.2496452257e-01
-2.6835499759e+02, +6.0293789230e+01
-2.7438906056e+02, -4.1388934120e-01
-2.7813014420e+02, -4.1155273027e-01
-2.8185069692e+02, -4.0935715811e-01
-2.8555193919e+02, -4.0729010317e-01
-2.8923498481e+02, -4.0534051649e-01
-2.9290085331e+02, -4.0349860737e-01
-2.9655048049e+02, -4.0175566591e-01
-3.0018472753e+02, -4.0010391514e-01
-3.0380438886e+02, -3.9853638724e-01
-3.0741019903e+02, -3.9704681908e-01
-3.1100283869e+02, -3.9562956385e-01
-3.1458293978e+02, -3.9427951581e-01
-3.1815109018e+02, -3.9299204597e-01
-3.2170783776e+02, -3.9176294680e-01
-3.2525369398e+02, -3.9058838462e-01
-3.2620257257e+02, +5.7519543290e+01
-3.3583054766e+02, -3.8735836180e-01
-3.4283533216e+02, -3.8542084848e-01
-3.3013741817e+02, +5.1790164450e+01
-3.3933732972e+02, -3.8636975218e-01
-3.4167455741e+02, +5.4456813794e+01
-3.4980637573e+02, -3.8363316042e-01
-3.5328005719e+02, -3.8279029663e-01
-3.5674624256e+02, -3.8197894876e-01
-3.6020520977e+02, -3.8119742983e-01
-3.6365722201e+02, -3.8044417161e-01
-3.6710252876e+02, -3.7971771423e-01
-3.7054136673e+02, -3.7901669691e-01
-3.7397396069e+02, -3.7833984958e-01
-3.7740052429e+02, -3.7768598540e-01
-3.8082126079e+02, -3.7705399401e-01
-3.8423636368e+02, -3.7644283534e-01
-3.8764601733e+02, -3.7585153419e-01
-3.9105039757e+02, -3.7527917512e-01
-3.9444967214e+02, -3.7472489799e-01
-3.9784400125e+02, -3.7418789374e-01
-4.0123353799e+02, -3.7366740070e-01
-4.0461842874e+02, -3.7316270110e-01
-4.0799881356e+02, -3.7267311794e-01
-4.1137482656e+02, -3.7219801215e-01
-4.1474659620e+02, -3.7173677994e-01
-4.1811424563e+02, -3.7128885037e-01
-4.2147789296e+02, -3.7085368317e-01
-4.2483765155e+02, -3.7043076667e-01
-4.2819363021e+02, -3.7001961594e-01
-4.3154593351e+02, -3.6961977107e-01
-4.3489466193e+02, -3.6923079555e-01
-4.3823991209e+02, -3.6885227482e-01
-4.4158177698e+02, -3.6848381489e-01
-4.4492034607e+02, -3.6812504107e-01
-4.4825570553e+02, -3.6777559683e-01
-4.5158793840e+02, -3.6743514269e-01
-4.5491712466e+02, -3.6710335521e-01
-4.5824334149e+02, -3.6677992607e-01
-4.6156666331e+02, -3.6646456118e-01
-4.6488716192e+02, -3.6615697989e-01
-4.6820490667e+02, -3.6585691419e-01
-4.7151996450e+02, -3.6556410806e-01
-4.7483240012e+02, -3.6527831678e-01
-4.7483240012e+02, -3.6527831678e-01
-4.6607946066e+02, +7.0064216578e+01
-4.9072050272e+02, +5.0502013000e+01
-4.9135736221e+02, -3.6394673468e-01
-4.9465530778e+02, -3.6369845348e-01
-4.9795102813e+02, -3.6345574352e-01
-5.0124457299e+02, -3.6321843134e-01
-5.0885890526e+02, +5.0402078499e+01
-5.1111262893e+02, -3.6253724946e-01
-5.1768130018e+02, -3.6210723563e-01
-5.2684703659e+02, +5.0233919260e+01
-5.4388274702e+02, -3.6055698427e-01
-4.6820490667e+02, -3.6585691419e-01
-5.0199148107e+02, +4.9563963611e+01
-5.1111262893e+02, -3.6253724946e-01
-5.1768130018e+02, -3.6210723563e-01
-5.2424234008e+02, -3.6169519554e-01
-5.2752009787e+02, -3.6149559060e-01
-5.3661474288e+02, +5.0898309856e+01
-5.3734277344e+02, -3.6092099041e-01
-5.4061358509e+02, -3.6073715243e-01
-5.4388274702e+02, -3.6055698427e-01
-5.4715029203e+02, -3.6038038491e-01
-5.5041625202e+02, -3.6020725690e-01
-5.5441393578e+02, +4.7822857495e+01
-5.5356696566e+02, +4.9980473681e+01
-5.3735003713e+02, +6.2728397714e+01
-5.7434951236e+02, +5.0526690282e+01
-5.7323609682e+02, -3.5908505614e-01
-5.7018653246e+02, +4.1798373681e+01
-5.7649042724e+02, -3.5893657233e-01
-5.7974342413e+02, -3.5879082061e-01
-5.8299511195e+02, -3.5864773193e-01
-5.8624551452e+02, -3.5850723947e-01
-5.8949465510e+02, -3.5836927859e-01
-5.9274255634e+02, -3.5823378667e-01
-5.9598924035e+02, -3.5810070311e-01
-5.9923472868e+02, -3.5796996919e-01
-6.0247904239e+02, -3.5784152805e-01
-6.0572220199e+02, -3.5771532457e-01
-6.0896422754e+02, -3.5759130533e-01
-6.1220513860e+02, -3.5746941856e-01
-6.1544495426e+02, -3.5734961405e-01
-6.1868369318e+02, -3.5723184308e-01
-6.2192137358e+02, -3.5711605843e-01
-6.2515801326e+02, -3.5700221425e-01
-6.2839362960e+02, -3.5689026606e-01
-6.3162823959e+02, -3.5678017068e-01
-6.3486185984e+02, -3.5667188618e-01
-6.3809450657e+02, -3.5656537185e-01
-6.4132619565e+02, -3.5646058814e-01
-6.4455694260e+02, -3.5635749665e-01
-6.4778676259e+02, -3.5625606004e-01
-6.5101567044e+02, -3.5615624204e-01
-6.5424368068e+02, -3.5605800740e-01
-6.5747080749e+02, -3.5596132183e-01
-6.6069706478e+02, -3.5586615200e-01
-6.6392246612e+02, -3.5577246550e-01
-6.6714702482e+02, -3.5568023080e-01
-6.7037075391e+02, -3.5558941720e-01
-6.7359366613e+02, -3.5549999488e-01
-6.7681577396e+02, -3.5541193477e-01
-6.8003708961e+02, -3.5532520859e-01
-6.8325762506e+02, -3.5523978882e-01
-6.8647739202e+02, -3.5515564865e-01
-6.8969640198e+02, -3.5507276198e-01
-6.9291466618e+02, -3.5499110338e-01
-6.9613219564e+02, -3.5491064807e-01
-6.9934900116e+02, -3.5483137194e-01
-7.0256509331e+02, -3.5475325145e-01
-7.0578048248e+02, -3.5467626370e-01
-7.0899517883e+02, -3.5460038633e-01
-7.1220919232e+02, -3.5452559757e-01
-7.1542253273e+02, -3.5445187618e-01
-7.1863520963e+02, -3.5437920145e-01
-7.2184723242e+02, -3.5430755319e-01
-7.2505861033e+02, -3.5423691168e-01
-7.2826935237e+02, -3.5416725772e-01
-7.3147946743e+02, -3.5409857254e-01
-7.3468896420e+02, -3.5403083783e-01
-7.3789785121e+02, -3.5396403575e-01
-7.4110613685e+02, -3.5389814885e-01
-7.4431382932e+02, -3.5383316011e-01
-7.4752093669e+02, -3.5376905291e-01
-7.5072746689e+02, -3.5370581102e-01
-7.5393342768e+02, -3.5364341859e-01
-7.5713882669e+02, -3.5358186014e-01
-7.6034367141e+02, -3.5352112056e-01
-7.6354796920e+02, -3.5346118506e-01
-7.6675172729e+02, -3.5340203920e-01
-7.6995495275e+02, -3.5334366889e-01
-7.7315765258e+02, -3.5328606034e-01
-7.7635983359e+02, -3.5322920007e-01
-7.7956150253e+02, -3.5317307490e-01
-7.8276266600e+02, -3.5311767196e-01
-7.8596333047e+02, -3.5306297866e-01
-7.8916350234e+02, -3.5300898268e-01
-7.9236318786e+02, -3.5295567197e-01
-7.9556239320e+02, -3.5290303477e-01
-7.9876112441e+02, -3.5285105954e-01
-8.0195938743e+02, -3.5279973501e-01
-8.0515718812e+02, -3.5274905016e-01
-8.0835453223e+02, -3.5269899419e-01
-8.1155142540e+02, -3.5264955653e-01
-8.1474787320e+02, -3.5260072686e-01
-8.1794388108e+02, -3.5255249506e-01
-8.2113945444e+02, -3.5250485122e-01
-8.2433459854e+02, -3.5245778564e-01
-8.2752931859e+02, -3.5241128884e-01
-8.3072361970e+02, -3.5236535150e-01
-8.3391750691e+02, -3.5231996454e-01
-8.3711098516e+02, -3.5227511903e-01
-8.4030405931e+02, -3.5223080625e-01
-8.4349673417e+02, -3.5218701762e-01
-8.4668901444e+02, -3.5214374478e-01
-8.4988090476e+02, -3.5210097952e-01
-8.5307240969e+02, -3.5205871378e-01
-8.5626353374e+02, -3.5201693968e-01
-8.5945428131e+02, -3.5197564950e-01
-8.6264465676e+02, -3.5193483565e-01
-8.6583466438e+02, -3.5189449073e-01
-8.6902430838e+02, -3.5185460745e-01
-8.7221359291e+02, -3.5181517867e-01
-8.7540252207e+02, -3.5177619741e-01
-8.7859109987e+02, -3.5173765679e-01
-8.8177933029e+02, -3.5169955011e-01
-8.8496721722e+02, -3.5166187076e-01
-8.8815476452e+02, -3.5162461227e-01
-8.9134197596e+02, -3.5158776830e-01
-8.9452885527e+02, -3.5155133262e-01
-8.9771540613e+02, -3.5151529913e-01
-9.0090163216e+02, -3.5147966184e-01
-9.0408753692e+02, -3.5144441486e-01
-9.0727312393e+02, -3.5140955244e-01
-9.1045839664e+02, -3.5137506891e-01
-9.1364335846e+02, -3.5134095871e-01
-9.1682801275e+02, -3.5130721640e-01
-9.2001236283e+02, -3.5127383662e-01
-9.2319641195e+02, -3.5124081413e-01
-9.2638016333e+02, -3.5120814375e-01
-9.2956362014e+02, -3.5117582044e-01
-9.3274678550e+02, -3.5114383922e-01
-9.3592966250e+02, -3.5111219521e-01
-9.3911225416e+02, -3.5108088362e-01
-9.4229456348e+02, -3.5104989974e-01
-9.4547659340e+02, -3.5101923895e-01
-9.4865834685e+02, -3.5098889670e-01
-9.5183982667e+02, -3.5095886854e-01
-9.5502103571e+02, -3.5092915009e-01
-9.5820197674e+02, -3.5089973704e-01
-9.6138265252e+02, -3.5087062516e-01
-9.6456306576e+02, -3.5084181030e-01
-9.6774321914e+02, -3.5081328839e-01
-9.7092311528e+02, -3.5078505539e-01
-9.7410275679e+02, -3.5075710739e-01
-9.7728214624e+02, -3.5072944049e-01
-9.8046128615e+02, -3.5070205090e-01
-9.8364017903e+02, -3.5067493487e-01
-9.8681882734e+02, -3.5064808871e-01
-9.8999723350e+02, -3.5062150883e-01
-9.9317539992e+02, -3.5059519165e-01
-9.9635332896e+02, -3.5056913369e-01
-9.9953102295e+02, -3.5054333151e-01
-1.0027084842e+03, -3.5051778172e-01
-1.0058857150e+03, -3.5049248101e-01
-1.0090627175e+03, -3.5046742610e-01
-1.0122394941e+03, -3.5044261379e-01
-1.0154160468e+03, -3.5041804092e-01
-1.0185923778e+03, -3.5039370436e-01
-1.0217684893e+03, -3.5036960108e-01
-1.0249443833e+03, -3.5034572805e-01
-1.0281200620e+03, -3.5032208232e-01
-1.0312955274e+03, -3.5029866098e-01
-1.0344707814e+03, -3.5027546116e-01
-1.0376458262e+03, -3.5025248004e-01
-1.0408206636e+03, -3.5022971486e-01
-1.0439952956e+03, -3.5020716288e-01
-1.0471697242e+03, -3.5018482142e-01
-1.0503439511e+03, -3.5016268784e-01
-1.0535179784e+03, -3.5014075953e-01
-1.0566918078e+03, -3.5011903394e-01
-1.0598654412e+03, -3.5009750854e-01
-1.0630388804e+03, -3.5007618086e-01
-1.0662121271e+03, -3.5005504845e-01
-1.0693851831e+03, -3.5003410891e-01
-1.0725580502e+03, -3.5001335988e-01
-1.0757307301e+03, -3.4999279902e-01
-1.0789032244e+03, -3.4997242405e-01
-1.0820755349e+03, -3.4995223269e-01
-1.0852476632e+03, -3.4993222274e-01
-1.0884196109e+03, -3.4991239199e-01
-1.0915913796e+03, -3.4989273830e-01
-1.0947629710e+03, -3.4987325953e-01
-1.0979343866e+03, -3.4985395360e-01
-1.1011056279e+03, -3.4983481845e-01
-1.1042766966e+03, -3.4981585204e-01
-1.1074475941e+03, -3.4979705238e-01
-1.1106183220e+03, -3.4977841750e-01
-1.1137888816e+03, -3.4975994545e-01
-1.1169592746e+03, -3.4974163433e-01
-1.1201295023e+03, -3.4972348226e-01
-1.1232995661e+03, -3.4970548737e-01
-1.1264694676e+03, -3.4968764784e-01
-1.1296392080e+03, -3.4966996187e-01
-1.1328087888e+03, -3.4965242768e-01
-1.1359782114e+03, -3.4963504353e-01
-1.1391474770e+03, -3.4961780769e-01
-1.1423165871e+03, -3.4960071846e-01
-1.1454855429e+03, -3.4958377417e-01
-1.1486543458e+03, -3.4956697316e-01
-1.1518229970e+03, -3.4955031381e-01
-1.1549914978e+03, -3.4953379452e-01
-1.1581598495e+03, -3.4951741371e-01
-1.1613280534e+03, -3.4950116981e-01
-1.1644961106e+03, -3.4948506129e-01
-1.1676640224e+03, -3.4946908664e-01
-1.1708317900e+03, -3.4945324437e-01
-1.1739994146e+03, -3.4943753299e-01
-1.1771668974e+03, -3.4942195107e-01
-1.1803342395e+03, -3.4940649717e-01
-1.1835014421e+03, -3.4939116987e-01
-1.1866685063e+03, -3.4937596779e-01
-1.1898354333e+03, -3.4936088954e-01
-1.1930022242e+03, -3.4934593379e-01
-1.1961688800e+03, -3.4933109920e-01
-1.1993354019e+03, -3.4931638444e-01
-1.2025017910e+03, -3.4930178821e-01
-1.2056680483e+03, -3.4928730925e-01
-1.2088341749e+03, -3.4927294628e-01
-1.2120001717e+03, -3.4925869805e-01
-1.2151660400e+03, -3.4924456334e-01
-1.2183317806e+03, -3.4923054094e-01
-1.2214973947e+03, -3.4921662964e-01
-1.2246628831e+03, -3.4920282827e-01
-1.2278282469e+03, -3.4918913566e-01
-1.2309934871e+03, -3.4917555066e-01
-1.2341586046e+03, -3.4916207214e-01
-1.2373236004e+03, -3.4914869898e-01
-1.2404884755e+03, -3.4913543007e-01
-1.2436532308e+03, -3.4912226433e-01
-1.2468178671e+03, -3.4910920067e-01
-1.2499823856e+03, -3.4909623804e-01
-1.2531467869e+03, -3.4908337539e-01
-1.2563110722e+03, -3.4907061168e-01
-1.2594752421e+03, -3.4905794590e-01
-1.2626392977e+03, -3.4904537704e-01
-1.2658032398e+03, -3.4903290410e-01
-1.2689670693e+03, -3.4902052610e-01
-1.2721307870e+03, -3.4900824207e-01
-1.2752943938e+03, -3.4899605106e-01
-1.2784578904e+03, -3.4898395213e-01
-1.2816212779e+03, -3.4897194433e-01
-1.2847845568e+03, -3.4896002675e-01
-1.2879477282e+03, -3.4894819849e-01
-1.2911107927e+03, -3.4893645864e-01
-1.2942737512e+03, -3.4892480631e-01
-1.2974366045e+03, -3.4891324064e-01
-1.3005993533e+03, -3.4890176076e-01
-1.3037619985e+03, -3.4889036582e-01
-1.3069245407e+03, -3.4887905497e-01
-1.3100869808e+03, -3.4886782739e-01
-1.3132493195e+03, -3.4885668225e-01
-1.3164115576e+03, -3.4884561874e-01
-1.3195736957e+03, -3.4883463606e-01
-1.3227357346e+03, -3.4882373341e-01
-1.3258976751e+03, -3.4881291003e-01
-1.3290595178e+03, -3.4880216513e-01
-1.3322212634e+03, -3.4879149795e-01
-1.3353829127e+03, -3.4878090774e-01
-1.3385444664e+03, -3.4877039375e-01
-1.3417059251e+03, -3.4875995526e-01
-1.3448672895e+03, -3.4874959153e-01
-1.3480285603e+03, -3.4873930184e-01
-1.3511897381e+03, -3.4872908550e-01
-1.3543508237e+03, -3.4871894179e-01
-1.3575118177e+03, -3.4870887002e-01
-1.3606727207e+03, -3.4869886952e-01
-1.3638335333e+03, -3.4868893960e-01
-1.3669942563e+03, -3.4867907961e-01
-1.3701548902e+03, -3.4866928887e-01
-1.3733154356e+03, -3.4865956675e-01
-1.3764758933e+03, -3.4864991258e-01
-1.3796362637e+03, -3.4864032575e-01
-1.3827965475e+03, -3.4863080562e-01
-1.3859567454e+03, -3.4862135156e-01
-1.3891168578e+03, -3.4861196296e-01
-1.3922768854e+03, -3.4860263923e-01
-1.3954368288e+03, -3.4859337975e-01
-1.3985966886e+03, -3.4858418393e-01
-1.4017564652e+03, -3.4857505119e-01
-1.4049161594e+03, -3.4856598095e-01
-1.4080757717e+03, -3.4855697263e-01
-1.4112353025e+03, -3.4854802568e-01
-1.4143947526e+03, -3.4853913952e-01
-1.4175541223e+03, -3.4853031361e-01
-1.4207134123e+03, -3.4852154740e-01
-1.4238726232e+03, -3.4851284035e-01
-1.4270317553e+03, -3.4850419192e-01
-1.4301908094e+03, -3.4849560159e-01
-1.4333497858e+03, -3.4848706883e-01
-1.4365086851e+03, -3.4847859313e-01
-1.4396675079e+03, -3.4847017398e-01
-1.4428262546e+03, -3.4846181086e-01
-1.4459849258e+03, -3.4845350329e-01
-1.4491435219e+03, -3.4844525077e-01
-1.4523020434e+03, -3.4843705281e-01
-1.4554604909e+03, -3.4842890892e-01
-1.4586188647e+03, -3.4842081863e-01
-1.4617771655e+03, -3.4841278147e-01
-1.4649353937e+03, -3.4840479697e-01
-1.4680935498e+03, -3.4839686467e-01
-1.4712516341e+03, -3.4838898412e-01
-1.4744096473e+03, -3.4838115485e-01
-1.4775675897e+03, -3.4837337642e-01
-1.4807254619e+03, -3.4836564840e-01
-1.4838832642e+03, -3.4835797034e-01
-1.4870409971e+03, -3.4835034181e-01
-1.4901986611e+03, -3.4834276239e-01
-1.4933562567e+03, -3.4833523164e-01
-1.4965137842e+03, -3.4832774917e-01
-1.4996712440e+03, -3.4832031454e-01
-1.5028286367e+03, -3.4831292735e-01
-1.5059859627e+03, -3.4830558719e-01
-1.5091432223e+03, -3.4829829367e-01
-1.5123004160e+03, -3.4829104639e-01
-1.5154575443e+03, -3.4828384495e-01
-1.5186146074e+03, -3.4827668896e-01
-1.5217716060e+03, -3.4826957806e-01
-1.5249285402e+03, -3.4826251184e-01
-1.5280854106e+03, -3.4825548994e-01
-1.5312422175e+03, -3.4824851199e-01
-1.5343989614e+03, -3.4824157762e-01
-1.5375556426e+03, -3.4823468646e-01
-1.5407122616e+03, -3.4822783815e-01
-1.5438688187e+03, -3.4822103234e-01
-1.5470253142e+03, -3.4821426867e-01
-1.5501817487e+03, -3.4820754680e-01
-1.5533381224e+03, -3.4820086638e-01
-1.5564944357e+03, -3.4819422706e-01
-1.5596506890e+03, -3.4818762852e-01
-1.5628068827e+03, -3.4818107041e-01
-1.5659630172e+03, -3.4817455240e-01
-1.5691190927e+03, -3.4816807416e-01
-1.5722751097e+03, -3.4816163538e-01
-1.5754310685e+03, -3.4815523573e-01
-1.5785869695e+03, -3.4814887488e-01
-1.5817428130e+03, -3.4814255253e-01
-1.5848985993e+03, -3.4813626837e-01
-1.5880543289e+03, -3.4813002208e-01
-1.5912100020e+03, -3.4812381336e-01
-1.5943656190e+03, -3.4811764191e-01
-1.5975211802e+03, -3.4811150743e-01
-1.6006766859e+03, -3.4810540962e-01
-1.6038321366e+03, -3.4809934819e-01
-1.6069875325e+03, -3.4809332285e-01
-1.6101428739e+03, -3.4808733332e-01
-1.6132981612e+03, -3.4808137930e-01
-1.6164533947e+03, -3.4807546051e-01
-1.6196085747e+03, -3.4806957669e-01
-1.6227637015e+03, -3.4806372754e-01
-1.6259187755e+03, -3.4805791280e-01
-1.6290737969e+03, -3.4805213220e-01
-1.6322287660e+03, -3.4804638547e-01
-1.6353836832e+03, -3.4804067234e-01
-1.6385385488e+03, -3.4803499255e-01
-1.6416933630e+03, -3.4802934584e-01
-1.6448481262e+03, -3.4802373196e-01
-1.6480028387e+03, -3.4801815064e-01
-1.6511575007e+03, -3.4801260164e-01
-1.6543121126e+03, -3.4800708470e-01
-1.6574666746e+03, -3.4800159958e-01
-1.6606211870e+03, -3.4799614603e-01
-1.6637756501e+03, -3.4799072382e-01
-1.6669300642e+03, -3.4798533268e-01
-1.6700844296e+03, -3.4797997240e-01
-1.6732387465e+03, -3.4797464274e-01
-1.6763930153e+03, -3.4796934345e-01
-1.6795472362e+03, -3.4796407431e-01
-1.6827014094e+03, -3.4795883510e-01
-1.6858555353e+03, -3.4795362557e-01
-1.6890096140e+03, -3.4794844551e-01
-1.6921636460e+03, -3.4794329470e-01
-1.6953176314e+03, -3.4793817291e-01
-1.6984715705e+03, -3.4793307992e-01
-1.7016254636e+03, -3.4792801553e-01
-1.7047793109e+03, -3.4792297950e-01
-1.7079331127e+03, -3.4791797164e-01
-1.7110868692e+03, -3.4791299173e-01
-1.7142405806e+03, -3.4790803956e-01
-1.7173942474e+03, -3.4790311493e-01
-1.7205478696e+03, -3.4789821763e-01
-1.7237014475e+03, -3.4789334746e-01
-1.7268549814e+03, -3.4788850421e-01
-1.7300084715e+03, -3.4788368770e-01
-1.7331619181e+03, -3.4787889771e-01
-1.7363153214e+03, -3.4787413407e-01
-1.7394686816e+03, -3.4786939656e-01
-1.7426219990e+03, -3.4786468500e-01
-1.7457752739e+03, -3.4785999921e-01
-1.7489285063e+03, -3.4785533899e-01
-1.7520816966e+03, -3.4785070415e-01
-1.7552348450e+03, -3.4784609452e-01
-1.7583879518e+03, -3.4784150990e-01
-1.7615410171e+03, -3.4783695012e-01
-1.7646940412e+03, -3.4783241500e-01
-1.7678470243e+03, -3.4782790435e-01
-1.7709999666e+03, -3.4782341801e-01
-1.7741528683e+03, -3.4781895579e-01
-1.7773057297e+03, -3.4781451753e-01
-1.7804585510e+03, -3.4781010305e-01
-1.7836113324e+03, -3.4780571218e-01
-1.7867640741e+03, -3.4780134475e-01
-1.7899167763e+03, -3.4779700060e-01
-1.7930694392e+03, -3.4779267956e-01
-1.7962220631e+03, -3.4778838146e-01
-1.7993746481e+03, -3.4778410614e-01
+1.4497267046e+02, -8.3707527414e+00
+1.4108256324e+02, -1.4414940720e+01
+1.3781624609e+02, -1.9222635461e+01
+1.3486835594e+02, -2.3366028854e+01
+1.3212341446e+02, -2.7066700048e+01
+1.2952246128e+02, -3.0440161351e+01
+1.2703043860e+02, -3.3556413108e+01
+1.2462444318e+02, -3.6462001389e+01
+1.2228851651e+02, -3.9189901988e+01
+1.2001100344e+02, -4.1764580654e+01
+1.1778308046e+02, -4.4204839025e+01
+1.1559787561e+02, -4.6525531694e+01
+1.1344991244e+02, -4.8738660386e+01
+1.1133474288e+02, -5.0854102444e+01
+1.0924869589e+02, -5.2880113610e+01
+1.0718870007e+02, -5.4823685604e+01
+1.0515215527e+02, -5.6690807034e+01
+1.0313683747e+02, -5.8486657968e+01
+1.0114082709e+02, -6.0215757853e+01
+9.9162453874e+01, -6.1882079845e+01
+9.7200254049e+01, -6.3489140509e+01
+9.5252936418e+01, -6.5040071119e+01
+9.3319355320e+01, -6.6537675012e+01
+9.1398488772e+01, -6.7984474221e+01
+8.9489420643e+01, -6.9382747746e+01
+8.7591325995e+01, -7.0734563257e+01
+8.5703458902e+01, -7.2041803554e+01
+8.3825142291e+01, -7.3306188823e+01
+8.1955759371e+01, -7.4529295474e+01
+8.0094746385e+01, -7.5712572202e+01
+7.8241586431e+01, -7.6857353739e+01
+7.6395804163e+01, -7.7964872711e+01
+7.4556961233e+01, -7.9036269900e+01
+7.2724652342e+01, -8.0072603175e+01
+7.0898501806e+01, -8.1074855293e+01
+6.9078160565e+01, -8.2043940740e+01
+6.7263303547e+01, -8.2980711761e+01
+6.5453627364e+01, -8.3885963687e+01
+6.3648848264e+01, -8.4760439652e+01
+6.1848700325e+01, -8.5604834799e+01
+6.0052933841e+01, -8.6419800024e+01
+5.8261313889e+01, -8.7205945329e+01
+5.6473619046e+01, -8.7963842825e+01
+5.4689640230e+01, -8.8694029437e+01
+5.2909179671e+01, -8.9397009335e+01
+5.1132049968e+01, -9.0073256132e+01
+4.9358073245e+01, -9.0723214875e+01
+4.7587080384e+01, -9.1347303838e+01
+4.5818910324e+01, -9.1945916164e+01
+4.4053409429e+01, -9.2519421346e+01
+4.2290430901e+01, -9.3068166580e+01
+4.0529834248e+01, -9.3592477996e+01
+3.8771484800e+01, -9.4092661780e+01
+3.7015253253e+01, -9.4569005200e+01
+3.5261015256e+01, -9.5021777543e+01
+3.3508651026e+01, -9.5451230967e+01
+3.1758044993e+01, -9.5857601283e+01
+3.0009085467e+01, -9.6241108669e+01
+2.8261664332e+01, -9.6601958322e+01
+2.6515676755e+01, -9.6940341054e+01
+2.4771020916e+01, -9.7256433830e+01
+2.3027597759e+01, -9.7550400266e+01
+2.1285310744e+01, -9.7822391074e+01
+1.9544065630e+01, -9.8072544474e+01
+1.7803770253e+01, -9.8300986554e+01
+1.6064334328e+01, -9.8507831605e+01
+1.4325669251e+01, -9.8693182418e+01
+1.2587687912e+01, -9.8857130541e+01
+1.0850304520e+01, -9.8999756517e+01
+9.1134344236e+00, -9.9121130081e+01
+7.3769939494e+00, -9.9221310339e+01
+5.6409002347e+00, -9.9300345906e+01
+3.9050710696e+00, -9.9358275033e+01
+2.1694247409e+00, -9.9395125698e+01
+4.3387987741e-01, -9.9410915669e+01
-1.3016447025e+00, -9.9405652556e+01
-3.0372301427e+00, -9.9379333824e+01
-4.7729577003e+00, -9.9331946786e+01
-6.5089088987e+00, -9.9263468576e+01
-8.2451656798e+00, -9.9173866091e+01
-9.9818105602e+00, -9.9063095909e+01
-1.1718926788e+01, -9.8931104188e+01
-1.3456598505e+01, -9.8777826526e+01
-1.5194910910e+01, -9.8603187809e+01
-1.6933950434e+01, -9.8407102017e+01
-1.8673804909e+01, -9.8189472013e+01
-2.0414563756e+01, -9.7950189289e+01
-2.2156318175e+01, -9.7689133696e+01
-2.3899161343e+01, -9.7406173123e+01
-2.5643188621e+01, -9.7101163153e+01
-2.7388497780e+01, -9.6773946675e+01
-2.9135189226e+01, -9.6424353456e+01
-3.0883366254e+01, -9.6052199673e+01
-3.2633135303e+01, -9.5657287394e+01
-3.4384606238e+01, -9.5239404008e+01
-3.6137892650e+01, -9.4798321605e+01
-3.7893112173e+01, -9.4333796294e+01
-3.9650386826e+01, -9.3845567455e+01
-4.1409843388e+01, -9.3333356923e+01
-4.3171613792e+01, -9.2796868093e+01
-4.4935835560e+01, -9.2235784940e+01
-4.6702652273e+01, -9.1649770949e+01
-4.8472214079e+01, -9.1038467936e+01
-5.0244678250e+01, -9.0401494761e+01
-5.2020209793e+01, -8.9738445908e+01
-5.3798982114e+01, -8.9048889932e+01
-5.5581177749e+01, -8.8332367740e+01
-5.7366989173e+01, -8.7588390700e+01
-5.9156619690e+01, -8.6816438554e+01
-6.0950284414e+01, -8.6015957105e+01
-6.2748211369e+01, -8.5186355650e+01
-6.4550642697e+01, -8.4327004139e+01
-6.6357836023e+01, -8.3437229993e+01
-6.8170065972e+01, -8.2516314570e+01
-6.9987625874e+01, -8.1563489192e+01
-7.1810829687e+01, -8.0577930698e+01
-7.3640014170e+01, -7.9558756429e+01
-7.5475541344e+01, -7.8505018565e+01
-7.7317801301e+01, -7.7415697705e+01
-7.9167215406e+01, -7.6289695565e+01
-8.1024239975e+01, -7.5125826634e+01
-8.2889370520e+01, -7.3922808610e+01
-8.4763146658e+01, -7.2679251372e+01
-8.6646157827e+01, -7.1393644220e+01
-8.8539049978e+01, -7.0064341024e+01
-9.0442533448e+01, -6.8689542844e+01
-9.2357392281e+01, -6.7267277468e+01
-9.4284495349e+01, -6.5795375169e+01
-9.6224809696e+01, -6.4271439768e+01
-9.8179416687e+01, -6.2692813840e+01
-1.0014953172e+02, -6.1056536512e+01
-1.0213652853e+02, -5.9359291819e+01
-1.0414196939e+02, -5.7597344842e+01
-1.0616764318e+02, -5.5766461859e+01
-1.0821561389e+02, -5.3861809252e+01
-1.1028828338e+02, -5.1877823722e+01
-1.1238847375e+02, -4.9808043010e+01
-1.1451953754e+02, -4.7644881166e+01
-1.1668550825e+02, -4.5379323997e+01
-1.1889131075e+02, -4.3000506522e+01
-1.2114306376e+02, -4.0495110236e+01
-1.2344852949e+02, -3.7846474705e+01
-1.2581780890e+02, -3.5033235178e+01
-1.2826447103e+02, -3.2027128884e+01
-1.6407542114e+02, +8.0823634898e+01
-1.9753452026e+02, +7.0270043846e+01
-1.3631170548e+02, -2.1359804332e+01
-1.7421287705e+02, +7.7116485474e+01
-1.7770252573e+02, +7.5937019095e+01
-1.8126769740e+02, +7.4797564671e+01
-1.7947019730e+02, +7.5360660021e+01
-1.7595028796e+02, +7.6522669320e+01
-1.1908712630e+02, +1.0020608829e+02
-1.1652098456e+02, +1.0132920256e+02
-1.1398445879e+02, +1.0242984308e+02
-1.1147592668e+02, +1.0350763884e+02
-1.0899385438e+02, +1.0456231504e+02
-1.0653679426e+02, +1.0559367855e+02
-1.0410338180e+02, +1.0660160523e+02
-1.0169233189e+02, +1.0758602892e+02
-9.9302434871e+01, +1.0854693203e+02
-9.6932552404e+01, +1.0948433739e+02
-9.4581613284e+01, +1.1039830126e+02
-9.2248609310e+01, +1.1128890738e+02
-8.5347988110e+01, +1.1382172654e+02
-8.3077765628e+01, +1.1462012465e+02
+8.3825142291e+01, -7.3306188823e+01
+1.2462444318e+02, -3.6462001389e+01
+1.7947028008e+02, +7.5360633413e+01
+1.7595036839e+02, +7.6522642130e+01
+1.7248861866e+02, +7.7718316157e+01
+1.6908165117e+02, +7.8942940988e+01
+1.6573001544e+02, +8.0191759683e+01
+1.6243443231e+02, +8.1459921507e+01
+1.5919523953e+02, +8.2742615598e+01
+1.5601227950e+02, +8.4035187297e+01
+1.5288491022e+02, +8.5333230720e+01
+1.4981206254e+02, +8.6632655622e+01
+1.4679231492e+02, +8.7929729398e+01
+1.4382397189e+02, +8.9221097171e+01
+1.4090513848e+02, +9.0503784036e+01
+1.3803378662e+02, +9.1775183834e+01
+1.3520781166e+02, +9.3033038572e+01
+1.3242507879e+02, +9.4275411983e+01
+1.2968345986e+02, +9.5500660057e+01
+1.2698086156e+02, +9.6707400612e+01
+1.2431524625e+02, +9.7894483415e+01
+1.2168464675e+02, +9.9060961811e+01
+1.1908717605e+02, +1.0020606643e+02
+1.1652103328e+02, +1.0132918132e+02
+1.1398450654e+02, +1.0242982247e+02
+1.1147597349e+02, +1.0350761883e+02
+1.0899390030e+02, +1.0456229564e+02
+1.0653683934e+02, +1.0559365975e+02
+1.0410342607e+02, +1.0660158702e+02
+1.0169237537e+02, +1.0758601130e+02
+9.9302477612e+01, +1.0854691499e+02
+9.6932594432e+01, +1.0948432091e+02
+9.4581654627e+01, +1.1039828534e+02
+9.2248649996e+01, +1.1128889200e+02
+8.9932631329e+01, +1.1215624700e+02
+8.7632704538e+01, +1.1300047445e+02
+8.5348026974e+01, +1.1382171272e+02
+8.3077803929e+01, +1.1462011133e+02
+8.0821285345e+01, +1.1539582818e+02
+7.8577762716e+01, +1.1614902734e+02
+7.6346566197e+01, +1.1687987702e+02
+7.4127061895e+01, +1.1758854798e+02
+7.1918649352e+01, +1.1827521211e+02
+6.9720759195e+01, +1.1894004125e+02
+6.7532850953e+01, +1.1958320618e+02
+6.5354411031e+01, +1.2020487583e+02
+6.3184950818e+01, +1.2080521651e+02
+6.1024004939e+01, +1.2138439135e+02
+5.8871129622e+01, +1.2194255982e+02
+5.6725901188e+01, +1.2247987732e+02
+5.4587914637e+01, +1.2299649482e+02
+5.2456782340e+01, +1.2349255860e+02
+5.0332132814e+01, +1.2396821004e+02
+4.8213609587e+01, +1.2442358538e+02
+4.6100870130e+01, +1.2485881568e+02
+4.3993584868e+01, +1.2527402658e+02
+4.1891436247e+01, +1.2566933833e+02
+3.9794117863e+01, +1.2604486563e+02
+3.7701333646e+01, +1.2640071765e+02
+3.5612797092e+01, +1.2673699797e+02
+3.3528230537e+01, +1.2705380454e+02
+3.1447364476e+01, +1.2735122972e+02
+2.9369936921e+01, +1.2762936023e+02
+2.7295692784e+01, +1.2788827720e+02
+2.5224383301e+01, +1.2812805613e+02
+2.3155765478e+01, +1.2834876694e+02
+2.1089601567e+01, +1.2855047398e+02
+1.9025658555e+01, +1.2873323603e+02
+1.6963707691e+01, +1.2889710634e+02
+1.4903524009e+01, +1.2904213264e+02
+1.2844885885e+01, +1.2916835714e+02
+1.0787574601e+01, +1.2927581659e+02
+8.7313739204e+00, +1.2936454224e+02
+6.6760696726e+00, +1.2943455990e+02
+4.6214493523e+00, +1.2948588992e+02
+2.5673017190e+00, +1.2951854724e+02
+5.1341640558e-01, +1.2953254133e+02
-1.5404164717e+00, +1.2952787628e+02
-3.5944066996e+00, +1.2950455072e+02
-5.6487643553e+00, +1.2946255788e+02
-7.7037001937e+00, +1.2940188554e+02
-9.7594260387e+00, +1.2932251607e+02
-1.1816155178e+01, +1.2922442638e+02
-1.3874102763e+01, +1.2910758795e+02
-1.5933486220e+01, +1.2897196678e+02
-1.7994525668e+01, +1.2881752339e+02
-2.0057444344e+01, +1.2864421281e+02
-2.2122469051e+01, +1.2845198455e+02
-2.4189830612e+01, +1.2824078261e+02
-2.6259764345e+01, +1.2801054541e+02
-2.8332510558e+01, +1.2776120583e+02
-3.0408315062e+01, +1.2749269115e+02
-3.2487429713e+01, +1.2720492307e+02
-3.4570112974e+01, +1.2689781765e+02
-3.6656630515e+01, +1.2657128537e+02
-3.8747255837e+01, +1.2622523106e+02
-4.0842270936e+01, +1.2585955395e+02
-4.2941967007e+01, +1.2547414767e+02
-4.5046645188e+01, +1.2506890028e+02
-4.7156617354e+01, +1.2464369429e+02
-4.9272206956e+01, +1.2419840675e+02
-5.1393749927e+01, +1.2373290930e+02
-5.3521595641e+01, +1.2324706827e+02
-5.5656107937e+01, +1.2274074483e+02
-5.7797666225e+01, +1.2221379513e+02
-5.9946666661e+01, +1.2166607050e+02
-6.2103523416e+01, +1.2109741773e+02
-6.4268670034e+01, +1.2050767933e+02
-6.6442560893e+01, +1.1989669396e+02
-6.8625672776e+01, +1.1926429681e+02
-7.0818506559e+01, +1.1861032019e+02
-7.3021589032e+01, +1.1793459415e+02
-7.5235474856e+01, +1.1723694727e+02
-7.7460748663e+01, +1.1651720754e+02
-7.9698027327e+01, +1.1577520348e+02
-8.1947962392e+01, +1.1501076542e+02
-8.4211242684e+01, +1.1422372698e+02
-8.6488597114e+01, +1.1341392693e+02
-8.8780797667e+01, +1.1258121124e+02
-9.1088662600e+01, +1.1172543560e+02
-9.3413059833e+01, +1.1084646834e+02
-9.5754910544e+01, +1.0994419386e+02
-9.8115192949e+01, +1.0901851665e+02
-1.0049494624e+02, +1.0806936602e+02
-1.0289527469e+02, +1.0709670162e+02
-1.0531735176e+02, +1.0610051989e+02
-1.0776242433e+02, +1.0508086163e+02
-1.1023181676e+02, +1.0403782069e+02
-1.1272693468e+02, +1.0297155426e+02
-1.1524926850e+02, +1.0188229460e+02
-1.1780039609e+02, +1.0077036267e+02
-1.2038198451e+02, +9.9636183765e+01
-1.2299579037e+02, +9.8480305348e+01
-1.2564365814e+02, +9.7303417258e+01
-1.2832751587e+02, +9.6106374372e+01
-1.3104936748e+02, +9.4890221716e+01
-1.3381128064e+02, +9.3656221848e+01
-1.3661536912e+02, +9.2405884078e+01
-1.3946376845e+02, +9.1140994770e+01
-1.4235860352e+02, +8.9863647514e+01
-1.4530194711e+02, +8.8576271388e+01
-1.4829576847e+02, +8.7281654860e+01
-1.5134187166e+02, +8.5982962174e+01
-1.5444182486e+02, +8.4683738378e+01
-1.5759688320e+02, +8.3387898705e+01
-1.6080791095e+02, +8.2099697988e+01
-1.6407531308e+02, +8.0823676485e+01
-1.6739899605e+02, +7.9564580099e+01
-1.7077840249e+02, +7.8327255502e+01
-1.7421276660e+02, +7.7116523631e+01
-1.7770241446e+02, +7.5937055849e+01
-1.8126758244e+02, +7.4797598718e+01
-1.0213652853e+02, -5.9359291819e+01
-1.4750071045e+02, -4.2441645470e+00
-1.4291213957e+02, -1.1616917811e+01
-1.3939818315e+02, -1.6923493957e+01
-1.3631170548e+02, -2.1359804332e+01
-1.3347497844e+02, -2.5263013675e+01
-1.3080750492e+02, -2.8789237983e+01
-1.2826447103e+02, -3.2027128884e+01
-1.2581780890e+02, -3.5033235178e+01
-1.2344852949e+02, -3.7846474705e+01
-1.2114306376e+02, -4.0495110236e+01
-1.1889131075e+02, -4.3000506522e+01
-1.1668550825e+02, -4.5379323997e+01
-1.1451953754e+02, -4.7644881166e+01
-1.1238847375e+02, -4.9808043010e+01
-1.1028828338e+02, -5.1877823722e+01
-1.0821561389e+02, -5.3861809252e+01
-1.0616764318e+02, -5.5766461859e+01
-1.0414196939e+02, -5.7597344842e+01
-1.0213652853e+02, -5.9359291819e+01
-1.0014953172e+02, -6.1056536512e+01
-9.8179416687e+01, -6.2692813840e+01
-9.6224809696e+01, -6.4271439768e+01
-9.4284495349e+01, -6.5795375169e+01
-9.2357392281e+01, -6.7267277468e+01
-9.0442533448e+01, -6.8689542844e+01
-8.8539049978e+01, -7.0064341024e+01
-8.6646157827e+01, -7.1393644220e+01
-8.4763146658e+01, -7.2679251372e+01
-8.2889370520e+01, -7.3922808610e+01
-8.1024239975e+01, -7.5125826634e+01
-7.9167215406e+01, -7.6289695565e+01
-7.7317801301e+01, -7.7415697705e+01
-7.5475541344e+01, -7.8505018565e+01
-7.3640014170e+01, -7.9558756429e+01
-7.1810829687e+01, -8.0577930698e+01
-6.9987625874e+01, -8.1563489192e+01
-6.8170065972e+01, -8.2516314570e+01
-6.6357836023e+01, -8.3437229993e+01
-6.4550642697e+01, -8.4327004139e+01
-6.2748211369e+01, -8.5186355650e+01
-6.0950284414e+01, -8.6015957105e+01
-5.9156619690e+01, -8.6816438554e+01
-5.7366989173e+01, -8.7588390700e+01
-5.5581177749e+01, -8.8332367740e+01
-5.3798982114e+01, -8.9048889932e+01
-5.2020209793e+01, -8.9738445908e+01
-5.0244678250e+01, -9.0401494761e+01
-4.8472214079e+01, -9.1038467936e+01
-4.6702652273e+01, -9.1649770949e+01
-4.4935835560e+01, -9.2235784940e+01
-4.3171613792e+01, -9.2796868093e+01
-4.1409843388e+01, -9.3333356923e+01
-3.9650386826e+01, -9.3845567455e+01
-3.7893112173e+01, -9.4333796294e+01
-3.6137892650e+01, -9.4798321605e+01
-3.4384606238e+01, -9.5239404008e+01
-3.2633135303e+01, -9.5657287394e+01
-3.0883366254e+01, -9.6052199673e+01
-2.9135189226e+01, -9.6424353456e+01
-2.7388497780e+01, -9.6773946675e+01
-2.5643188621e+01, -9.7101163153e+01
-2.3899161343e+01, -9.7406173123e+01
-2.2156318175e+01, -9.7689133696e+01
-2.0414563756e+01, -9.7950189289e+01
-1.8673804909e+01, -9.8189472013e+01
-1.6933950434e+01, -9.8407102017e+01
-1.5194910910e+01, -9.8603187809e+01
-1.3456598505e+01, -9.8777826526e+01
-1.1718926788e+01, -9.8931104188e+01
-9.9818105602e+00, -9.9063095909e+01
-8.2451656798e+00, -9.9173866091e+01
-6.5089088987e+00, -9.9263468576e+01
-4.7729577003e+00, -9.9331946786e+01
-3.0372301427e+00, -9.9379333824e+01
-1.3016447025e+00, -9.9405652556e+01
+4.3387987741e-01, -9.9410915669e+01
+2.1694247409e+00, -9.9395125698e+01
+3.9050710696e+00, -9.9358275033e+01
+5.6409002347e+00, -9.9300345906e+01
+7.3769939494e+00, -9.9221310339e+01
+9.1134344236e+00, -9.9121130081e+01
+1.0850304520e+01, -9.8999756517e+01
+1.2587687912e+01, -9.8857130541e+01
+1.4325669251e+01, -9.8693182418e+01
+1.6064334328e+01, -9.8507831605e+01
+1.7803770253e+01, -9.8300986554e+01
+1.9544065630e+01, -9.8072544474e+01
+2.1285310744e+01, -9.7822391074e+01
+2.3027597759e+01, -9.7550400266e+01
+2.4771020916e+01, -9.7256433830e+01
+2.6515676755e+01, -9.6940341054e+01
+2.8261664332e+01, -9.6601958322e+01
+3.0009085467e+01, -9.6241108669e+01
+3.1758044993e+01, -9.5857601283e+01
+3.3508651026e+01, -9.5451230967e+01
+3.5261015256e+01, -9.5021777543e+01
+3.7015253253e+01, -9.4569005200e+01
+3.8771484800e+01, -9.4092661780e+01
+4.0529834248e+01, -9.3592477996e+01
+4.2290430901e+01, -9.3068166580e+01
+4.4053409429e+01, -9.2519421346e+01
+4.5818910324e+01, -9.1945916164e+01
+4.7587080384e+01, -9.1347303838e+01
+4.9358073245e+01, -9.0723214875e+01
+5.1132049968e+01, -9.0073256132e+01
+5.2909179671e+01, -8.9397009335e+01
+5.4689640230e+01, -8.8694029437e+01
+5.6473619046e+01, -8.7963842825e+01
+5.8261313889e+01, -8.7205945329e+01
+6.0052933841e+01, -8.6419800024e+01
+6.1848700325e+01, -8.5604834799e+01
+6.3648848264e+01, -8.4760439652e+01
+6.5453627364e+01, -8.3885963687e+01
+6.7263303547e+01, -8.2980711761e+01
+6.9078160565e+01, -8.2043940740e+01
+7.0898501806e+01, -8.1074855293e+01
+7.2724652342e+01, -8.0072603175e+01
+7.4556961233e+01, -7.9036269900e+01
+7.6395804163e+01, -7.7964872711e+01
+7.8241586431e+01, -7.6857353739e+01
+8.0094746385e+01, -7.5712572202e+01
+8.1955759371e+01, -7.4529295474e+01
+8.3825142291e+01, -7.3306188823e+01
+8.5703458902e+01, -7.2041803554e+01
+8.7591325995e+01, -7.0734563257e+01
+8.9489420643e+01, -6.9382747746e+01
+9.1398488772e+01, -6.7984474221e+01
+9.3319355320e+01, -6.6537675012e+01
+9.5252936418e+01, -6.5040071119e+01
+9.7200254049e+01, -6.3489140509e+01
+9.9162453874e+01, -6.1882079845e+01
+1.0114082709e+02, -6.0215757853e+01
+1.0313683747e+02, -5.8486657968e+01
+1.0515215527e+02, -5.6690807034e+01
+1.0718870007e+02, -5.4823685604e+01
+1.0924869589e+02, -5.2880113610e+01
+1.1133474288e+02, -5.0854102444e+01
+1.1344991244e+02, -4.8738660386e+01
+1.1559787561e+02, -4.6525531694e+01
+1.1778308046e+02, -4.4204839025e+01
+1.2001100344e+02, -4.1764580654e+01
+1.2228851651e+02, -3.9189901988e+01
+1.2462444318e+02, -3.6462001389e+01
+1.2703043860e+02, -3.3556413108e+01
+1.2952246128e+02, -3.0440161351e+01
+1.3212341446e+02, -2.7066700048e+01
+1.9569728240e+02, +7.0733033219e+01
+1.7248886259e+02, +7.7718230151e+01
+1.7595061536e+02, +7.6522558634e+01
+1.7947053090e+02, +7.5360552785e+01
+1.2462444318e+02, -3.6462001389e+01
+8.3825142291e+01, -7.3306188823e+01
+1.2299563805e+02, +9.8480372898e+01
+1.2038183464e+02, +9.9636249841e+01
+1.1780024854e+02, +1.0077042725e+02
+1.1524912317e+02, +1.0188235767e+02
+1.1272679145e+02, +1.0297161581e+02
+1.1023167551e+02, +1.0403788071e+02
+1.0776228499e+02, +1.0508092012e+02
+1.0531721421e+02, +1.0610057687e+02
+1.0289513885e+02, +1.0709675708e+02
+1.0049481204e+02, +1.0806941998e+02
+9.8115060294e+01, +1.0901856913e+02
+9.5754779367e+01, +1.0994424486e+02
+9.3412930066e+01, +1.1084651788e+02
+9.1088534178e+01, +1.1172548369e+02
+8.6488471202e+01, +1.1341397219e+02
+8.4211117944e+01, +1.1422377085e+02
+8.1947838772e+01, +1.1501080791e+02
-1.0213652853e+02, -5.9359291819e+01
-1.8126743910e+02, +7.4797641171e+01
-1.7770227710e+02, +7.5937101221e+01
-1.7421263161e+02, +7.7116570263e+01
-1.7077826978e+02, +7.8327303211e+01
-1.6739886563e+02, +7.9564628700e+01
-1.6407518498e+02, +8.0823725788e+01
-1.6080778517e+02, +8.2099747805e+01
-1.5759675973e+02, +8.3387948854e+01
-1.5444170366e+02, +8.4683788689e+01
-1.5134175269e+02, +8.5983012489e+01
-1.4829565167e+02, +8.7281705036e+01
-1.4530183241e+02, +8.8576321295e+01
-1.4235849083e+02, +8.9863697039e+01
-1.3946365770e+02, +9.1141043814e+01
-1.3661526022e+02, +9.2405932556e+01
-1.3381117350e+02, +9.3656269687e+01
-1.3104926201e+02, +9.4890268854e+01
-1.2832741199e+02, +9.6106420758e+01
-1.2564355577e+02, +9.7303462851e+01
-1.2299568943e+02, +9.8480350112e+01
-1.2038188492e+02, +9.9636227674e+01
-1.1780029777e+02, +1.0077040570e+02
-1.1524917140e+02, +1.0188233674e+02
-1.1272683872e+02, +1.0297159550e+02
-1.1023172188e+02, +1.0403786101e+02
-1.0776233048e+02, +1.0508090102e+02
-1.0531725888e+02, +1.0610055837e+02
-1.0289518272e+02, +1.0709673917e+02
-1.0049485515e+02, +1.0806940265e+02
-9.8115102674e+01, +1.0901855236e+02
-9.5754821049e+01, +1.0994422866e+02
-9.3412971077e+01, +1.1084650223e+02
-9.1088574545e+01, +1.1172546858e+02
-8.8780710278e+01, +1.1258124332e+02
-8.6488510355e+01, +1.1341395811e+02
-8.4211156524e+01, +1.1422375728e+02
-8.1947876800e+01, +1.1501079484e+02
-7.9697942275e+01, +1.1577523204e+02
-7.7460664124e+01, +1.1651723523e+02
-7.5235390803e+01, +1.1723697411e+02
-7.3021505442e+01, +1.1793462014e+02
-7.0818423407e+01, +1.1861034534e+02
-6.8625590041e+01, +1.1926432113e+02
-6.6442478555e+01, +1.1989671746e+02
-6.4268588072e+01, +1.2050770201e+02
-6.2103441810e+01, +1.2109743960e+02
-5.9946585394e+01, +1.2166609157e+02
-5.7797585280e+01, +1.2221381540e+02
-5.5656027297e+01, +1.2274076432e+02
-5.3521515289e+01, +1.2324708698e+02
-5.1393669849e+01, +1.2373292723e+02
-4.9272127136e+01, +1.2419842391e+02
-4.7156537778e+01, +1.2464371068e+02
-4.5046565843e+01, +1.2506891591e+02
-4.2941887879e+01, +1.2547416255e+02
-4.0842192013e+01, +1.2585956808e+02
-3.8747177106e+01, +1.2622524445e+02
-3.6656551964e+01, +1.2657129802e+02
-3.4570034592e+01, +1.2689782957e+02
-3.2487351488e+01, +1.2720493425e+02
-3.0408236983e+01, +1.2749270161e+02
-2.8332432615e+01, +1.2776121556e+02
-2.6259686527e+01, +1.2801055442e+02
-2.4189752908e+01, +1.2824079090e+02
-2.2122391452e+01, +1.2845199213e+02
-2.0057366840e+01, +1.2864421967e+02
-1.7994448249e+01, +1.2881752954e+02
-1.5933408877e+01, +1.2897197223e+02
-1.3874025485e+01, +1.2910759269e+02
-1.1816077956e+01, +1.2922443042e+02
-9.7593488649e+00, +1.2932251940e+02
-7.7036230583e+00, +1.2940188817e+02
-5.6486872491e+00, +1.2946255980e+02
-3.5943296136e+00, +1.2950455195e+02
-1.5403393969e+00, +1.2952787681e+02
+5.1349347814e-01, +1.2953254116e+02
+2.5673787983e+00, +1.2951854636e+02
+4.6215264472e+00, +1.2948588835e+02
+6.6761467923e+00, +1.2943455762e+02
+8.7314510739e+00, +1.2936453926e+02
+1.0787651798e+01, +1.2927581291e+02
+1.2844963133e+01, +1.2916835276e+02
+1.4903601318e+01, +1.2904212755e+02
+1.6963785071e+01, +1.2889710054e+02
+1.9025736016e+01, +1.2873322952e+02
+2.1089679117e+01, +1.2855046676e+02
+2.3155843128e+01, +1.2834875901e+02
+2.5224461061e+01, +1.2812804748e+02
+2.7295770664e+01, +1.2788826783e+02
+2.9370014931e+01, +1.2762935014e+02
+3.1447442627e+01, +1.2735121890e+02
+3.3528308839e+01, +1.2705379299e+02
+3.5612875557e+01, +1.2673698569e+02
+3.7701412285e+01, +1.2640070464e+02
+3.9794196688e+01, +1.2604485187e+02
+4.1891515271e+01, +1.2566932382e+02
+4.3993664103e+01, +1.2527401133e+02
+4.6100949589e+01, +1.2485879966e+02
+4.8213689283e+01, +1.2442356861e+02
+5.0332212761e+01, +1.2396819249e+02
+5.2456862553e+01, +1.2349254029e+02
+5.4587995132e+01, +1.2299647573e+02
+5.6725981979e+01, +1.2247985744e+02
+5.8871210726e+01, +1.2194253915e+02
+6.1024086373e+01, +1.2138436988e+02
+6.3185032600e+01, +1.2080519423e+02
+6.5354493179e+01, +1.2020485274e+02
+6.7532933487e+01, +1.1958318228e+02
+6.9720842135e+01, +1.1894001651e+02
+7.1918732720e+01, +1.1827518654e+02
+7.4127145714e+01, +1.1758852156e+02
+7.6346650490e+01, +1.1687984975e+02
+7.8577847509e+01, +1.1614899922e+02
+8.0821370663e+01, +1.1539579919e+02
+8.3077889801e+01, +1.1462008146e+02
+8.5348113429e+01, +1.1382168198e+02
+8.7632791608e+01, +1.1300044282e+02
+8.9932719046e+01, +1.1215621448e+02
+9.2248738397e+01, +1.1128885857e+02
+9.4581743747e+01, +1.1039825100e+02
+9.6932684311e+01, +1.0948428566e+02
+9.9302568293e+01, +1.0854687882e+02
+1.0169246690e+02, +1.0758597421e+02
+1.0410351849e+02, +1.0660154901e+02
+1.0653693270e+02, +1.0559362082e+02
+1.0899399466e+02, +1.0456225578e+02
+1.1147606890e+02, +1.0350757806e+02
+1.1398460307e+02, +1.0242978078e+02
+1.1652113099e+02, +1.0132913873e+02
+1.1908727500e+02, +1.0020602296e+02
+1.2168474701e+02, +9.9060917471e+01
+1.2431534790e+02, +9.7894438233e+01
+1.2698096467e+02, +9.6707354617e+01
+1.2968356453e+02, +9.5500613288e+01
+1.3242518508e+02, +9.4275364487e+01
+1.3520791967e+02, +9.3032990405e+01
+1.3803389644e+02, +9.1775135063e+01
+1.4090525019e+02, +9.0503734739e+01
+1.4382408557e+02, +8.9221047441e+01
+1.4679243066e+02, +8.7929679341e+01
+1.4981218042e+02, +8.6632605359e+01
+1.5288503030e+02, +8.5333180388e+01
+1.5601240183e+02, +8.4035137046e+01
+1.5919536416e+02, +8.2742565593e+01
+1.6243455926e+02, +8.1459871924e+01
+1.6573014470e+02, +8.0191710708e+01
+1.6908178274e+02, +7.8942892809e+01
+1.7248875251e+02, +7.7718268963e+01
+1.7595050452e+02, +7.6522596105e+01
+1.7947041896e+02, +7.5360588769e+01
+1.2462444318e+02, -3.6462001389e+01
+8.3825142291e+01, -7.3306188823e+01
