-1.9642221423e+02, -5.9728273758e-01
-2.0170238166e+02, -5.6905489852e-01
-2.0675721176e+02, -5.4710734850e-01
-2.1163362030e+02, -5.2942349443e-01
-2.1636432215e+02, -5.1479347118e-01
-2.2097322500e+02, -5.0244056084e-01
-2.2547843752e+02, -4.9183974173e-01
-2.3511590595e+02, +6.3879483973e+01
-2.3849947772e+02, -4.6732467660e-01
-2.1163362030e+02, -5.2942349443e-01
-2.3423136972e+02, -4.7451672000e-01
-2.4270593857e+02, -4.6089160454e-01
-2.4685706627e+02, -4.5509767767e-01
-2.5095820704e+02, -4.4984788979e-01
-2.5501393416e+02, -4.4506580593e-01
-2.5902819514e+02, -4.4068913767e-01
-2.6300442460e+02, -4.3666654414e-01
-2.6694563237e+02, -4.3295527610e-01
-2.7085447287e+02, -4.2951941213e-01
-2.7473330073e+02, -4.2632851865e-01
-2.7858421562e+02, -4.2335661812e-01
-2.8240909884e+02, -4.2058138514e-01
-2.8620964344e+02, -4.1798351298e-01
-2.9621713468e+02, +5.6591972768e+01
-3.0489619835e+02, -4.0713420530e-01
-2.8240909884e+02, -4.2058138514e-01
-2.9374369364e+02, -4.1325479244e-01
-3.0119699903e+02, -4.0905952967e-01
-3.0489619835e+02, -4.0713420530e-01
-3.0857841655e+02, -4.0531140751e-01
-3.1224454594e+02, -4.0358311550e-01
-3.1589541000e+02, -4.0194214102e-01
-3.1953177039e+02, -4.0038202112e-01
-3.2315433317e+02, -3.9889692727e-01
-3.2676375412e+02, -3.9748158803e-01
-3.3036064350e+02, -3.9613122290e-01
-3.3394557027e+02, -3.9484148548e-01
-3.3751906576e+02, -3.9360841450e-01
-3.4108162698e+02, -3.9242839141e-01
-3.4463371955e+02, -3.9129810351e-01
-3.4817578033e+02, -3.9021451178e-01
-3.5170821975e+02, -3.8917482281e-01
-3.5523142397e+02, -3.8817646411e-01
-3.5874575672e+02, -3.8721706236e-01
-3.6777383352e+02, +5.3493884609e+01
-3.6923886247e+02, -3.8455146585e-01
-3.8101906523e+02, +5.1810591016e+01
-3.3036064350e+02, -3.9613122290e-01
-3.6574916090e+02, -3.8540651952e-01
-3.7272095553e+02, -3.8372751549e-01
-3.7421246669e+02, +5.4682688978e+01
-3.8312425832e+02, -3.8142658263e-01
-3.8657852476e+02, -3.8071186607e-01
-3.9002642223e+02, -3.8002115506e-01
-3.9346816307e+02, -3.7935329741e-01
-3.9690394947e+02, -3.7870721362e-01
-4.0033397419e+02, -3.7808189122e-01
-4.0375842105e+02, -3.7747637955e-01
-4.0717746554e+02, -3.7688978514e-01
-4.1059127529e+02, -3.7632126737e-01
-4.1400001054e+02, -3.7577003463e-01
-4.1740382455e+02, -3.7523534078e-01
-4.2080286403e+02, -3.7471648185e-01
-4.2419726946e+02, -3.7421279316e-01
-4.2758717549e+02, -3.7372364654e-01
-4.3097271121e+02, -3.7324844786e-01
-4.3435400050e+02, -3.7278663475e-01
-4.3773116224e+02, -3.7233767450e-01
-4.4110431064e+02, -3.7190106208e-01
-4.4447355543e+02, -3.7147631842e-01
-4.4783900212e+02, -3.7106298869e-01
-4.5120075220e+02, -3.7066064083e-01
-4.5455890334e+02, -3.7026886412e-01
-4.5791354958e+02, -3.6988726786e-01
-4.6126478149e+02, -3.6951548019e-01
-4.6461268638e+02, -3.6915314694e-01
-4.6795734841e+02, -3.6879993060e-01
-4.7129884873e+02, -3.6845550936e-01
-4.7463726569e+02, -3.6811957617e-01
-4.7797267487e+02, -3.6779183795e-01
-4.8130514929e+02, -3.6747201477e-01
-4.8463475947e+02, -3.6715983913e-01
-4.8796157356e+02, -3.6685505528e-01
-4.9128565746e+02, -3.6655741858e-01
-4.9460707487e+02, -3.6626669491e-01
-4.9792588745e+02, -3.6598266009e-01
-5.0124215484e+02, -3.6570509939e-01
-5.0455593479e+02, -3.6543380701e-01
-5.0786728322e+02, -3.6516858563e-01
-5.1117625430e+02, -3.6490924600e-01
-5.1448290052e+02, -3.6465560648e-01
-5.1778727274e+02, -3.6440749274e-01
-5.1983788645e+02, +4.3397414719e+01
-5.1859580864e+02, +5.1510099067e+01
-5.3807822028e+02, +5.2008520683e+01
-5.3427669949e+02, -3.6324417314e-01
-5.3756841349e+02, -3.6302591670e-01
-5.4085816948e+02, -3.6281214130e-01
-5.4414600748e+02, -3.6260271940e-01
-5.4743196640e+02, -3.6239752813e-01
-5.5495116777e+02, +5.0215021248e+01
-5.5727894155e+02, -3.6180617552e-01
-5.6383486204e+02, -3.6143103370e-01
-5.7038411248e+02, -3.6107021857e-01
-5.8346360145e+02, -3.6038861737e-01
-6.1931439805e+02, -3.5875258287e-01
-4.3773116224e+02, -3.7233767450e-01
-5.3625535225e+02, +4.9359636132e+01
-5.5399839719e+02, -3.6199936826e-01
-5.6147143122e+02, +5.1624787413e+01
-5.6689977808e+02, +5.0387018552e+01
-5.7365631596e+02, -3.6089494703e-01
-5.7692694571e+02, -3.6072297982e-01
-5.8655280751e+02, +5.1194670379e+01
-5.8672968430e+02, -3.6022605870e-01
-5.8999430715e+02, -3.6006647727e-01
-5.9325749666e+02, -3.5990979792e-01
-5.9651927878e+02, -3.5975594796e-01
-5.9977967887e+02, -3.5960485702e-01
-6.0303872160e+02, -3.5945645697e-01
-6.0230588136e+02, +4.5818256179e+01
-6.0444278526e+02, +5.0195406685e+01
-6.1496847120e+02, +1.1639622587e+02
-6.2577526909e+02, +5.0077981638e+01
-6.2581596682e+02, -3.5848771351e-01
-6.2256578266e+02, -3.5861901312e-01
-6.2906497089e+02, -3.5835863105e-01
-6.3231281471e+02, -3.5823171436e-01
-6.3555951770e+02, -3.5810691356e-01
-6.3880509881e+02, -3.5798418025e-01
-6.4204957658e+02, -3.5786346746e-01
-6.4529296910e+02, -3.5774472958e-01
-6.4853529408e+02, -3.5762792230e-01
-6.5177656883e+02, -3.5751300263e-01
-6.5501681026e+02, -3.5739992876e-01
-6.5825603492e+02, -3.5728866008e-01
-6.6149425899e+02, -3.5717915713e-01
-6.6473149831e+02, -3.5707138156e-01
-6.6796776836e+02, -3.5696529606e-01
-6.7120308430e+02, -3.5686086438e-01
-6.7443746097e+02, -3.5675805124e-01
-6.7767091286e+02, -3.5665682234e-01
-6.8090345420e+02, -3.5655714430e-01
-6.8413509889e+02, -3.5645898464e-01
-6.8736586056e+02, -3.5636231175e-01
-6.9059575254e+02, -3.5626709487e-01
-6.9382478789e+02, -3.5617330403e-01
-6.9705297940e+02, -3.5608091008e-01
-7.0028033962e+02, -3.5598988459e-01
-7.0350688081e+02, -3.5590019991e-01
-7.0673261501e+02, -3.5581182908e-01
-7.0995755402e+02, -3.5572474584e-01
-7.1318170937e+02, -3.5563892459e-01
-7.1640509241e+02, -3.5555434038e-01
-7.1962771423e+02, -3.5547096891e-01
-7.2284958572e+02, -3.5538878647e-01
-7.2607071755e+02, -3.5530776994e-01
-7.2929112019e+02, -3.5522789678e-01
-7.3251080390e+02, -3.5514914500e-01
-7.3572977875e+02, -3.5507149316e-01
-7.3894805461e+02, -3.5499492033e-01
-7.4216564118e+02, -3.5491940609e-01
-7.4538254795e+02, -3.5484493053e-01
-7.4859878426e+02, -3.5477147418e-01
-7.5181435926e+02, -3.5469901807e-01
-7.5502928192e+02, -3.5462754366e-01
-7.5824356107e+02, -3.5455703286e-01
-7.6145720537e+02, -3.5448746800e-01
-7.6467022329e+02, -3.5441883181e-01
-7.6788262320e+02, -3.5435110743e-01
-7.7109441328e+02, -3.5428427841e-01
-7.7430560156e+02, -3.5421832864e-01
-7.7751619596e+02, -3.5415324241e-01
-7.8072620422e+02, -3.5408900434e-01
-7.8393563397e+02, -3.5402559943e-01
-7.8714449270e+02, -3.5396301299e-01
-7.9035278775e+02, -3.5390123067e-01
-7.9356052636e+02, -3.5384023844e-01
-7.9676771561e+02, -3.5378002258e-01
-7.9997436250e+02, -3.5372056967e-01
-8.0318047387e+02, -3.5366186660e-01
-8.0638605646e+02, -3.5360390052e-01
-8.0959111690e+02, -3.5354665889e-01
-8.1279566170e+02, -3.5349012941e-01
-8.1599969726e+02, -3.5343430007e-01
-8.1920322987e+02, -3.5337915910e-01
-8.2240626572e+02, -3.5332469499e-01
-8.2560881089e+02, -3.5327089648e-01
-8.2881087137e+02, -3.5321775253e-01
-8.3201245304e+02, -3.5316525236e-01
-8.3521356169e+02, -3.5311338538e-01
-8.3841420301e+02, -3.5306214125e-01
-8.4161438260e+02, -3.5301150983e-01
-8.4481410597e+02, -3.5296148120e-01
-8.4801337855e+02, -3.5291204563e-01
-8.5121220565e+02, -3.5286319360e-01
-8.5441059254e+02, -3.5281491578e-01
-8.5760854436e+02, -3.5276720302e-01
-8.6080606622e+02, -3.5272004638e-01
-8.6400316310e+02, -3.5267343708e-01
-8.6719983992e+02, -3.5262736651e-01
-8.7039610154e+02, -3.5258182625e-01
-8.7359195272e+02, -3.5253680803e-01
-8.7678739817e+02, -3.5249230376e-01
-8.7998244249e+02, -3.5244830550e-01
-8.8317709024e+02, -3.5240480546e-01
-8.8637134591e+02, -3.5236179601e-01
-8.8956521391e+02, -3.5231926966e-01
-8.9275869857e+02, -3.5227721908e-01
-8.9595180419e+02, -3.5223563707e-01
-8.9914453498e+02, -3.5219451656e-01
-9.0233689509e+02, -3.5215385063e-01
-9.0552888861e+02, -3.5211363249e-01
-9.0872051956e+02, -3.5207385547e-01
-9.1191179193e+02, -3.5203451304e-01
-9.1510270961e+02, -3.5199559876e-01
-9.1829327646e+02, -3.5195710636e-01
-9.2148349627e+02, -3.5191902964e-01
-9.2467337280e+02, -3.5188136254e-01
-9.2786290971e+02, -3.5184409911e-01
-9.3105211065e+02, -3.5180723350e-01
-9.3424097920e+02, -3.5177075998e-01
-9.3742951888e+02, -3.5173467291e-01
-9.4061773317e+02, -3.5169896677e-01
-9.4380562550e+02, -3.5166363612e-01
-9.4699319925e+02, -3.5162867564e-01
-9.5018045776e+02, -3.5159408008e-01
-9.5336740429e+02, -3.5155984431e-01
-9.5655404210e+02, -3.5152596327e-01
-9.5974037438e+02, -3.5149243200e-01
-9.6292640428e+02, -3.5145924563e-01
-9.6611213489e+02, -3.5142639938e-01
-9.6929756929e+02, -3.5139388853e-01
-9.7248271048e+02, -3.5136170846e-01
-9.7566756146e+02, -3.5132985465e-01
-9.7885212515e+02, -3.5129832261e-01
-9.8203640446e+02, -3.5126710798e-01
-9.8522040223e+02, -3.5123620643e-01
-9.8840412130e+02, -3.5120561373e-01
-9.9158756443e+02, -3.5117532573e-01
-9.9477073438e+02, -3.5114533833e-01
-9.9795363385e+02, -3.5111564750e-01
-1.0011362655e+03, -3.5108624929e-01
-1.0043186320e+03, -3.5105713981e-01
-1.0075007359e+03, -3.5102831524e-01
-1.0106825798e+03, -3.5099977182e-01
-1.0138641662e+03, -3.5097150586e-01
-1.0170454977e+03, -3.5094351372e-01
-1.0202265766e+03, -3.5091579182e-01
-1.0234074054e+03, -3.5088833664e-01
-1.0265879866e+03, -3.5086114474e-01
-1.0297683225e+03, -3.5083421271e-01
-1.0329484154e+03, -3.5080753720e-01
-1.0361282676e+03, -3.5078111492e-01
-1.0393078815e+03, -3.5075494263e-01
-1.0424872592e+03, -3.5072901715e-01
-1.0456664031e+03, -3.5070333534e-01
-1.0488453152e+03, -3.5067789412e-01
-1.0520239978e+03, -3.5065269045e-01
-1.0552024530e+03, -3.5062772134e-01
-1.0583806829e+03, -3.5060298386e-01
-1.0615586897e+03, -3.5057847511e-01
-1.0647364752e+03, -3.5055419224e-01
-1.0679140417e+03, -3.5053013245e-01
-1.0710913911e+03, -3.5050629299e-01
-1.0742685254e+03, -3.5048267114e-01
-1.0774454465e+03, -3.5045926421e-01
-1.0806221564e+03, -3.5043606959e-01
-1.0837986570e+03, -3.5041308467e-01
-1.0869749502e+03, -3.5039030692e-01
-1.0901510378e+03, -3.5036773381e-01
-1.0933269218e+03, -3.5034536286e-01
-1.0965026039e+03, -3.5032319166e-01
-1.0996780858e+03, -3.5030121778e-01
-1.1028533695e+03, -3.5027943888e-01
-1.1060284567e+03, -3.5025785262e-01
-1.1092033490e+03, -3.5023645672e-01
-1.1123780483e+03, -3.5021524891e-01
-1.1155525561e+03, -3.5019422697e-01
-1.1187268742e+03, -3.5017338870e-01
-1.1219010043e+03, -3.5015273196e-01
-1.1250749479e+03, -3.5013225461e-01
-1.1282487067e+03, -3.5011195456e-01
-1.1314222823e+03, -3.5009182975e-01
-1.1345956762e+03, -3.5007187813e-01
-1.1377688901e+03, -3.5005209771e-01
-1.1409419254e+03, -3.5003248651e-01
-1.1441147838e+03, -3.5001304259e-01
-1.1472874666e+03, -3.4999376402e-01
-1.1504599754e+03, -3.4997464892e-01
-1.1536323117e+03, -3.4995569542e-01
-1.1568044768e+03, -3.4993690169e-01
-1.1599764724e+03, -3.4991826591e-01
-1.1631482997e+03, -3.4989978631e-01
-1.1663199602e+03, -3.4988146111e-01
-1.1694914553e+03, -3.4986328860e-01
-1.1726627864e+03, -3.4984526706e-01
-1.1758339547e+03, -3.4982739480e-01
-1.1790049618e+03, -3.4980967017e-01
-1.1821758088e+03, -3.4979209151e-01
-1.1853464971e+03, -3.4977465723e-01
-1.1885170281e+03, -3.4975736572e-01
-1.1916874029e+03, -3.4974021542e-01
-1.1948576229e+03, -3.4972320478e-01
-1.1980276894e+03, -3.4970633226e-01
-1.2011976035e+03, -3.4968959636e-01
-1.2043673665e+03, -3.4967299560e-01
-1.2075369797e+03, -3.4965652851e-01
-1.2107064442e+03, -3.4964019364e-01
-1.2138757612e+03, -3.4962398957e-01
-1.2170449319e+03, -3.4960791490e-01
-1.2202139575e+03, -3.4959196822e-01
-1.2233828391e+03, -3.4957614819e-01
-1.2265515778e+03, -3.4956045344e-01
-1.2297201749e+03, -3.4954488264e-01
-1.2328886314e+03, -3.4952943448e-01
-1.2360569484e+03, -3.4951410766e-01
-1.2392251270e+03, -3.4949890090e-01
-1.2423931683e+03, -3.4948381295e-01
-1.2455610733e+03, -3.4946884254e-01
-1.2487288432e+03, -3.4945398846e-01
-1.2518964790e+03, -3.4943924949e-01
-1.2550639817e+03, -3.4942462444e-01
-1.2582313523e+03, -3.4941011211e-01
-1.2613985919e+03, -3.4939571135e-01
-1.2645657014e+03, -3.4938142100e-01
-1.2677326819e+03, -3.4936723994e-01
-1.2708995343e+03, -3.4935316702e-01
-1.2740662597e+03, -3.4933920116e-01
-1.2772328589e+03, -3.4932534125e-01
-1.2803993330e+03, -3.4931158622e-01
-1.2835656829e+03, -3.4929793501e-01
-1.2867319095e+03, -3.4928438655e-01
-1.2898980137e+03, -3.4927093982e-01
-1.2930639965e+03, -3.4925759379e-01
-1.2962298588e+03, -3.4924434745e-01
-1.2993956014e+03, -3.4923119979e-01
-1.3025612253e+03, -3.4921814983e-01
-1.3057267314e+03, -3.4920519661e-01
-1.3088921205e+03, -3.4919233914e-01
-1.3120573934e+03, -3.4917957650e-01
-1.3152225511e+03, -3.4916690773e-01
-1.3183875944e+03, -3.4915433192e-01
-1.3215525241e+03, -3.4914184814e-01
-1.3247173411e+03, -3.4912945549e-01
-1.3278820461e+03, -3.4911715309e-01
-1.3310466400e+03, -3.4910494005e-01
-1.3342111236e+03, -3.4909281549e-01
-1.3373754977e+03, -3.4908077857e-01
-1.3405397631e+03, -3.4906882843e-01
-1.3437039206e+03, -3.4905696423e-01
-1.3468679709e+03, -3.4904518514e-01
-1.3500319148e+03, -3.4903349034e-01
-1.3531957530e+03, -3.4902187903e-01
-1.3563594864e+03, -3.4901035041e-01
-1.3595231157e+03, -3.4899890368e-01
-1.3626866415e+03, -3.4898753807e-01
-1.3658500647e+03, -3.4897625281e-01
-1.3690133860e+03, -3.4896504713e-01
-1.3721766060e+03, -3.4895392028e-01
-1.3753397256e+03, -3.4894287152e-01
-1.3785027453e+03, -3.4893190011e-01
-1.3816656660e+03, -3.4892100534e-01
-1.3848284882e+03, -3.4891018647e-01
-1.3879912127e+03, -3.4889944280e-01
-1.3911538401e+03, -3.4888877364e-01
-1.3943163712e+03, -3.4887817828e-01
-1.3974788065e+03, -3.4886765605e-01
-1.4006411468e+03, -3.4885720626e-01
-1.4038033927e+03, -3.4884682826e-01
-1.4069655449e+03, -3.4883652137e-01
-1.4101276039e+03, -3.4882628494e-01
-1.4132895705e+03, -3.4881611834e-01
-1.4164514452e+03, -3.4880602092e-01
-1.4196132287e+03, -3.4879599205e-01
-1.4227749216e+03, -3.4878603110e-01
-1.4259365245e+03, -3.4877613747e-01
-1.4290980381e+03, -3.4876631054e-01
-1.4322594628e+03, -3.4875654970e-01
-1.4354207994e+03, -3.4874685437e-01
-1.4385820484e+03, -3.4873722395e-01
-1.4417432104e+03, -3.4872765786e-01
-1.4449042859e+03, -3.4871815553e-01
-1.4480652756e+03, -3.4870871639e-01
-1.4512261800e+03, -3.4869933987e-01
-1.4543869998e+03, -3.4869002541e-01
-1.4575477353e+03, -3.4868077247e-01
-1.4607083873e+03, -3.4867158051e-01
-1.4638689562e+03, -3.4866244898e-01
-1.4670294426e+03, -3.4865337735e-01
-1.4701898471e+03, -3.4864436509e-01
-1.4733501701e+03, -3.4863541169e-01
-1.4765104122e+03, -3.4862651663e-01
-1.4796705740e+03, -3.4861767940e-01
-1.4828306559e+03, -3.4860889950e-01
-1.4859906585e+03, -3.4860017643e-01
-1.4891505822e+03, -3.4859150969e-01
-1.4923104277e+03, -3.4858289881e-01
-1.4954701953e+03, -3.4857434329e-01
-1.4986298857e+03, -3.4856584266e-01
-1.5017894992e+03, -3.4855739645e-01
-1.5049490364e+03, -3.4854900419e-01
-1.5081084978e+03, -3.4854066542e-01
-1.5112678839e+03, -3.4853237969e-01
-1.5144271950e+03, -3.4852414654e-01
-1.5175864318e+03, -3.4851596553e-01
-1.5207455947e+03, -3.4850783621e-01
-1.5239046841e+03, -3.4849975814e-01
-1.5270637005e+03, -3.4849173090e-01
-1.5302226444e+03, -3.4848375406e-01
-1.5333815161e+03, -3.4847582718e-01
-1.5365403163e+03, -3.4846794986e-01
-1.5396990453e+03, -3.4846012168e-01
-1.5428577035e+03, -3.4845234223e-01
-1.5460162914e+03, -3.4844461109e-01
-1.5491748095e+03, -3.4843692788e-01
-1.5523332582e+03, -3.4842929219e-01
-1.5554916378e+03, -3.4842170362e-01
-1.5586499489e+03, -3.4841416180e-01
-1.5618081918e+03, -3.4840666633e-01
-1.5649663670e+03, -3.4839921683e-01
-1.5681244748e+03, -3.4839181293e-01
-1.5712825158e+03, -3.4838445424e-01
-1.5744404902e+03, -3.4837714041e-01
-1.5775983985e+03, -3.4836987107e-01
-1.5807562412e+03, -3.4836264585e-01
-1.5839140186e+03, -3.4835546439e-01
-1.5870717310e+03, -3.4834832635e-01
-1.5902293790e+03, -3.4834123136e-01
-1.5933869628e+03, -3.4833417909e-01
-1.5965444829e+03, -3.4832716918e-01
-1.5997019396e+03, -3.4832020130e-01
-1.6028593334e+03, -3.4831327510e-01
-1.6060166646e+03, -3.4830639027e-01
-1.6091739335e+03, -3.4829954646e-01
-1.6123311406e+03, -3.4829274335e-01
-1.6154882862e+03, -3.4828598061e-01
-1.6186453707e+03, -3.4827925792e-01
-1.6218023945e+03, -3.4827257497e-01
-1.6249593578e+03, -3.4826593145e-01
-1.6281162611e+03, -3.4825932703e-01
-1.6312731047e+03, -3.4825276141e-01
-1.6344298889e+03, -3.4824623430e-01
-1.6375866142e+03, -3.4823974538e-01
-1.6407432808e+03, -3.4823329435e-01
-1.6438998891e+03, -3.4822688092e-01
-1.6470564395e+03, -3.4822050481e-01
-1.6502129322e+03, -3.4821416571e-01
-1.6533693676e+03, -3.4820786333e-01
-1.6565257460e+03, -3.4820159740e-01
-1.6596820679e+03, -3.4819536764e-01
-1.6628383334e+03, -3.4818917376e-01
-1.6659945429e+03, -3.4818301548e-01
-1.6691506968e+03, -3.4817689254e-01
-1.6723067953e+03, -3.4817080465e-01
-1.6754628388e+03, -3.4816475157e-01
-1.6786188276e+03, -3.4815873300e-01
-1.6817747619e+03, -3.4815274871e-01
-1.6849306422e+03, -3.4814679841e-01
-1.6880864687e+03, -3.4814088186e-01
-1.6912422417e+03, -3.4813499879e-01
-1.6943979616e+03, -3.4812914897e-01
-1.6975536286e+03, -3.4812333212e-01
-1.7007092429e+03, -3.4811754801e-01
-1.7038648051e+03, -3.4811179639e-01
-1.7070203152e+03, -3.4810607701e-01
-1.7101757736e+03, -3.4810038963e-01
-1.7133311806e+03, -3.4809473402e-01
-1.7164865365e+03, -3.4808910993e-01
-1.7196418415e+03, -3.4808351713e-01
-1.7227970960e+03, -3.4807795539e-01
-1.7259523002e+03, -3.4807242448e-01
-1.7291074544e+03, -3.4806692417e-01
-1.7322625589e+03, -3.4806145422e-01
-1.7354176140e+03, -3.4805601443e-01
-1.7385726198e+03, -3.4805060456e-01
-1.7417275768e+03, -3.4804522440e-01
-1.7448824851e+03, -3.4803987372e-01
-1.7480373451e+03, -3.4803455232e-01
-1.7511921569e+03, -3.4802925997e-01
-1.7543469210e+03, -3.4802399647e-01
-1.7575016374e+03, -3.4801876160e-01
-1.7606563065e+03, -3.4801355516e-01
-1.7638109285e+03, -3.4800837693e-01
-1.7669655038e+03, -3.4800322673e-01
-1.7701200324e+03, -3.4799810433e-01
-1.7732745148e+03, -3.4799300955e-01
-1.7764289511e+03, -3.4798794218e-01
-1.7795833416e+03, -3.4798290203e-01
-1.7827376865e+03, -3.4797788889e-01
-1.7858919861e+03, -3.4797290258e-01
-1.7890462407e+03, -3.4796794291e-01
-1.7922004503e+03, -3.4796300968e-01
-1.7953546154e+03, -3.4795810271e-01
-1.7985087362e+03, -3.4795322180e-01
-1.8016628128e+03, -3.4794836678e-01
-1.8048168455e+03, -3.4794353746e-01
-1.8079708345e+03, -3.4793873365e-01
-1.8111247801e+03, -3.4793395519e-01
-1.8142786826e+03, -3.4792920188e-01
+1.5486753096e+02, -8.5600306116e+00
+1.5090146883e+02, -1.4750579083e+01
+1.4757471016e+02, -1.9681119901e+01
+1.4457470846e+02, -2.3935369003e+01
+1.4178320196e+02, -2.7739271456e+01
+1.3913977796e+02, -3.1210574196e+01
+1.3660849769e+02, -3.4420610521e+01
+1.3416587144e+02, -3.7416800791e+01
+1.3179552465e+02, -4.0232732942e+01
+1.2948549311e+02, -4.2893322371e+01
+1.2722671548e+02, -4.5417713413e+01
+1.2501213163e+02, -4.7821029638e+01
+1.2283611289e+02, -5.0115489031e+01
+1.2069408574e+02, -5.2311146347e+01
+1.1858227417e+02, -5.4416405390e+01
+1.1649751778e+02, -5.6438383313e+01
+1.1443714011e+02, -5.8383176378e+01
+1.1239885110e+02, -6.0256058138e+01
+1.1038067349e+02, -6.2061630069e+01
+1.0838088633e+02, -6.3803937996e+01
+1.0639798095e+02, -6.5486563421e+01
+1.0443062618e+02, -6.7112696110e+01
+1.0247764060e+02, -6.8685192485e+01
+1.0053797007e+02, -7.0206623084e+01
+9.8610669447e+01, -7.1679311523e+01
+9.6694887510e+01, -7.3105366757e+01
+9.4789854453e+01, -7.4486710011e+01
+9.2894871438e+01, -7.5825097427e+01
+9.1009301797e+01, -7.7122139243e+01
+8.9132563576e+01, -7.8379316128e+01
+8.7264123185e+01, -7.9597993183e+01
+8.5403489950e+01, -8.0779432008e+01
+8.3550211428e+01, -8.1924801143e+01
+8.1703869344e+01, -8.3035185163e+01
+7.9864076062e+01, -8.4111592613e+01
+7.8030471506e+01, -8.5154962981e+01
+7.6202720455e+01, -8.6166172835e+01
+7.4380510167e+01, -8.7146041243e+01
+7.2563548277e+01, -8.8095334593e+01
+7.0751560940e+01, -8.9014770864e+01
+6.8944291173e+01, -8.9905023455e+01
+6.7141497379e+01, -9.0766724600e+01
+6.5342952028e+01, -9.1600468436e+01
+6.3548440474e+01, -9.2406813763e+01
+6.1757759890e+01, -9.3186286531e+01
+5.9970718306e+01, -9.3939382090e+01
+5.8187133739e+01, -9.4666567224e+01
+5.6406833414e+01, -9.5368281999e+01
+5.4629653038e+01, -9.6044941439e+01
+5.2855436158e+01, -9.6696937055e+01
+5.1084033565e+01, -9.7324638238e+01
+4.9315302746e+01, -9.7928393530e+01
+4.7549107392e+01, -9.8508531788e+01
+4.5785316937e+01, -9.9065363244e+01
+4.4023806140e+01, -9.9599180485e+01
+4.2264454691e+01, -1.0011025934e+02
+4.0507146860e+01, -1.0059885972e+02
+3.8751771156e+01, -1.0106522632e+02
+3.6998220023e+01, -1.0150958939e+02
+3.5246389553e+01, -1.0193216529e+02
+3.3496179215e+01, -1.0233315714e+02
+3.1747491608e+01, -1.0271275531e+02
+3.0000232223e+01, -1.0307113792e+02
+2.8254309226e+01, -1.0340847133e+02
+2.6509633249e+01, -1.0372491050e+02
+2.4766117195e+01, -1.0402059942e+02
+2.3023676052e+01, -1.0429567141e+02
+2.1282226720e+01, -1.0455024948e+02
+1.9541687842e+01, -1.0478444658e+02
+1.7801979647e+01, -1.0499836588e+02
+1.6063023794e+01, -1.0519210102e+02
+1.4324743231e+01, -1.0536573629e+02
+1.2587062051e+01, -1.0551934684e+02
+1.0849905356e+01, -1.0565299884e+02
+9.1131991294e+00, -1.0576674960e+02
+7.3768701024e+00, -1.0586064776e+02
+5.6408456332e+00, -1.0593473332e+02
+3.9050535832e+00, -1.0598903779e+02
+2.1694221969e+00, -1.0602358420e+02
+4.3387998269e-01, -1.0603838719e+02
-1.3016444044e+00, -1.0603345303e+02
-3.0372222801e+00, -1.0600877964e+02
-4.7729250481e+00, -1.0596435656e+02
-6.5088243171e+00, -1.0590016495e+02
-8.2449920192e+00, -1.0581617756e+02
-9.9815005298e+00, -1.0571235863e+02
-1.1718422788e+01, -1.0558866387e+02
-1.3455832421e+01, -1.0544504032e+02
-1.5193803871e+01, -1.0528142623e+02
-1.6932412522e+01, -1.0509775099e+02
-1.8671734837e+01, -1.0489393488e+02
-2.0411848495e+01, -1.0466988897e+02
-2.2152832533e+01, -1.0442551489e+02
-2.3894767496e+01, -1.0416070461e+02
-2.5637735592e+01, -1.0387534016e+02
-2.7381820855e+01, -1.0356929344e+02
-2.9127109317e+01, -1.0324242583e+02
-3.0873689188e+01, -1.0289458789e+02
-3.2621651042e+01, -1.0252561902e+02
-3.4371088026e+01, -1.0213534703e+02
-3.6122096064e+01, -1.0172358774e+02
-3.7874774094e+01, -1.0129014446e+02
-3.9629224303e+01, -1.0083480752e+02
-4.1385552387e+01, -1.0035735370e+02
-4.3143867833e+01, -9.9857545604e+01
-4.4904284212e+01, -9.9335131019e+01
-4.6666919500e+01, -9.8789842176e+01
-4.8431896425e+01, -9.8221394974e+01
-5.0199342842e+01, -9.7629488118e+01
-5.1969392134e+01, -9.7013802192e+01
-5.3742183650e+01, -9.6373998635e+01
-5.5517863187e+01, -9.5709718632e+01
-5.7296583506e+01, -9.5020581899e+01
-5.9078504901e+01, -9.4306185350e+01
-6.0863795822e+01, -9.3566101640e+01
-6.2652633553e+01, -9.2799877565e+01
-6.4445204968e+01, -9.2007032299e+01
-6.6241707352e+01, -9.1187055459e+01
-6.8042349315e+01, -9.0339404966e+01
-6.9847351805e+01, -8.9463504678e+01
-7.1656949228e+01, -8.8558741773e+01
-7.3471390701e+01, -8.7624463839e+01
-7.5290941443e+01, -8.6659975638e+01
-7.7115884340e+01, -8.5664535492e+01
-7.8946521698e+01, -8.4637351239e+01
-8.0783177220e+01, -8.3577575698e+01
-8.2626198239e+01, -8.2484301562e+01
-8.4475958250e+01, -8.1356555631e+01
-8.6332859796e+01, -8.0193292272e+01
-8.8197337766e+01, -7.8993385988e+01
-9.0069863174e+01, -7.7755622924e+01
-9.1950947521e+01, -7.6478691131e+01
-9.3841147846e+01, -7.5161169343e+01
-9.5741072602e+01, -7.3801513993e+01
-9.7651388533e+01, -7.2398044099e+01
-9.9572828763e+01, -7.0948923572e+01
-1.0150620239e+02, -6.9452140400e+01
-1.0345240587e+02, -6.7905481971e+01
-1.0541243680e+02, -6.6306505621e+01
-1.0738741042e+02, -6.4652503224e+01
-1.0937857993e+02, -6.2940458236e+01
-1.1138736137e+02, -6.1166993120e+01
-1.1341536470e+02, -5.9328304333e+01
-1.1546443283e+02, -5.7420081033e+01
-1.1753669141e+02, -5.5437402143e+01
-1.1963461322e+02, -5.3374604180e+01
-1.2176110264e+02, -5.1225108863e+01
-1.2391960873e+02, -4.8981194197e+01
-1.2611427955e+02, -4.6633684240e+01
-1.2835017785e+02, -4.4171518586e+01
-1.3063359119e+02, -4.1581138211e+01
-1.3297249266e+02, -3.8845580072e+01
-1.3537725330e+02, -3.5943088466e+01
-1.3786179895e+02, -3.2844878705e+01
-1.7479593966e+02, +8.2276642005e+01
-2.0863546978e+02, +7.1305590394e+01
-1.8157334179e+02, +7.9681364746e+01
-1.8504621730e+02, +7.8423269886e+01
-1.8857514192e+02, +7.7197895652e+01
-1.9218035773e+02, +7.6013968778e+01
-1.9036272084e+02, +7.6599124309e+01
-1.8680319532e+02, +7.7806313262e+01
-1.2679093906e+02, +1.0373019436e+02
-1.2423565682e+02, +1.0489273326e+02
-1.2170918974e+02, +1.0603275993e+02
-1.1920998062e+02, +1.0714998986e+02
-1.1673655979e+02, +1.0824422255e+02
-1.1428754193e+02, +1.0931532850e+02
-1.1186162251e+02, +1.1036323807e+02
-1.0945757370e+02, +1.1138793177e+02
-1.0707424027e+02, +1.1238943195e+02
-1.0471053536e+02, +1.1336779572e+02
-1.0236543630e+02, +1.1432310876e+02
-1.0003798057e+02, +1.1525548017e+02
-9.7727261889e+01, +1.1616503796e+02
-9.5432426485e+01, +1.1705192526e+02
-8.8635397044e+01, +1.1957815735e+02
-8.6396487753e+01, +1.2037599233e+02
           NaN, -7.1485841189e+02
           NaN, -7.1503288182e+02
           NaN,            NaN
           NaN,            NaN
           NaN, -7.1563175008e+02
           NaN, -7.1575941543e+02
           NaN, -7.1587921719e+02
           NaN, -7.1599156695e+02
           NaN, -7.1609683367e+02
           NaN, -7.1619534039e+02
           NaN, -7.1628735901e+02
           NaN, -7.1637310550e+02
           NaN, -7.1645273288e+02
           NaN, -7.1652632402e+02
           NaN, -7.1659388384e+02
           NaN, -7.1665532794e+02
           NaN, -7.1671047294e+02
           NaN, -7.1675902209e+02
           NaN, -7.1680055200e+02
           NaN, -7.1683449486e+02
           NaN, -7.1686012048e+02
           NaN, -7.1687651437e+02
           NaN, -7.1688255356e+02
           NaN, -7.1687687968e+02
           NaN, -7.1685786793e+02
           NaN, -7.1682359283e+02
           NaN, -7.1677178848e+02
           NaN, -7.1669980490e+02
           NaN, -7.1660455880e+02
           NaN, -7.1648247792e+02
           NaN, -7.1632943843e+02
           NaN, -7.1614069509e+02
           NaN, -7.1591080304e+02
           NaN, -7.1563353008e+02
           NaN, -7.1530175776e+02
           NaN, -7.1490737331e+02
           NaN, -7.1389259578e+02
+9.2894871438e+01, -7.5825097427e+01
+1.3416587144e+02, -3.7416800791e+01
+1.9036279935e+02, +7.6599098381e+01
+1.8680327165e+02, +7.7806286751e+01
+1.8330261328e+02, +7.9048600934e+01
+1.7985756043e+02, +8.0321299886e+01
+1.7646875977e+02, +8.1619558205e+01
+1.7313700673e+02, +8.2938442023e+01
+1.6986269460e+02, +8.4273051001e+01
+1.6664570471e+02, +8.5618639234e+01
+1.6348541947e+02, +8.6970710965e+01
+1.6038078160e+02, +8.8325089696e+01
+1.5733037099e+02, +8.9677961745e+01
+1.5433248498e+02, +9.1025897321e+01
+1.5138521466e+02, +9.2365853292e+01
+1.4848651276e+02, +9.3695162136e+01
+1.4563425168e+02, +9.5011511263e+01
+1.4282627103e+02, +9.6312916309e+01
+1.4006041537e+02, +9.7597691260e+01
+1.3733456324e+02, +9.8864417576e+01
+1.3464664859e+02, +1.0011191382e+02
+1.3199467604e+02, +1.0133920677e+02
+1.2937673095e+02, +1.0254550472e+02
+1.2679098565e+02, +1.0373017309e+02
+1.2423570248e+02, +1.0489271257e+02
+1.2170923452e+02, +1.0603273981e+02
+1.1921002457e+02, +1.0714997032e+02
+1.1673660293e+02, +1.0824420357e+02
+1.1428758430e+02, +1.0931531008e+02
+1.1186166414e+02, +1.1036322020e+02
+1.0945761463e+02, +1.1138791444e+02
+1.0707428053e+02, +1.1238941516e+02
+1.0471057497e+02, +1.1336777945e+02
+1.0236547529e+02, +1.1432309301e+02
+1.0003801896e+02, +1.1525546492e+02
+9.7727299711e+01, +1.1616502321e+02
+9.5432463755e+01, +1.1705191099e+02
+9.3152706298e+01, +1.1791628327e+02
+9.0887268185e+01, +1.1875830414e+02
+8.8635432774e+01, +1.1957814448e+02
+8.6396523005e+01, +1.2037597990e+02
+8.4169898667e+01, +1.2115198910e+02
+8.1954953847e+01, +1.2190635240e+02
+7.9751114556e+01, +1.2263925057e+02
+7.7557836521e+01, +1.2335086374e+02
+7.5374603137e+01, +1.2404137063e+02
+7.3200923561e+01, +1.2471094774e+02
+7.1036330942e+01, +1.2535976881e+02
+6.8880380781e+01, +1.2598800426e+02
+6.6732649402e+01, +1.2659582085e+02
+6.4592732537e+01, +1.2718338125e+02
+6.2460244007e+01, +1.2775084382e+02
+6.0334814494e+01, +1.2829836236e+02
+5.8216090405e+01, +1.2882608591e+02
+5.6103732801e+01, +1.2933415866e+02
+5.3997416415e+01, +1.2982271977e+02
+5.1896828720e+01, +1.3029190333e+02
+4.9801669066e+01, +1.3074183828e+02
+4.7711647874e+01, +1.3117264839e+02
+4.5626485875e+01, +1.3158445220e+02
+4.3545913405e+01, +1.3197736302e+02
+4.1469669733e+01, +1.3235148897e+02
+3.9397502435e+01, +1.3270693290e+02
+3.7329166806e+01, +1.3304379248e+02
+3.5264425299e+01, +1.3336216020e+02
+3.3203047000e+01, +1.3366212335e+02
+3.1144807127e+01, +1.3394376413e+02
+2.9089486561e+01, +1.3420715960e+02
+2.7036871388e+01, +1.3445238176e+02
+2.4986752476e+01, +1.3467949754e+02
+2.2938925063e+01, +1.3488856887e+02
+2.0893188362e+01, +1.3507965269e+02
+1.8849345189e+01, +1.3525280100e+02
+1.6807201593e+01, +1.3540806084e+02
+1.4766566511e+01, +1.3554547436e+02
+1.2727251425e+01, +1.3566507885e+02
+1.0689070035e+01, +1.3576690671e+02
+8.6518379351e+00, +1.3585098553e+02
+6.6153722991e+00, +1.3591733805e+02
+4.5794915735e+00, +1.3596598224e+02
+2.5440151727e+00, +1.3599693124e+02
+5.0876317928e-01, +1.3601019343e+02
-1.5264439541e+00, +1.3600577239e+02
-3.5617857006e+00, +1.3598366692e+02
-5.5974417556e+00, +1.3594387104e+02
-7.6335923333e+00, +1.3588637401e+02
-9.6704184656e+00, +1.3581116026e+02
-1.1708102304e+01, +1.3571820944e+02
-1.3746827425e+01, +1.3560749639e+02
-1.5786779144e+01, +1.3547899111e+02
-1.7828144827e+01, +1.3533265876e+02
-1.9871114225e+01, +1.3516845963e+02
-2.1915879800e+01, +1.3498634913e+02
-2.3962637076e+01, +1.3478627772e+02
-2.6011584993e+01, +1.3456819096e+02
-2.8062926276e+01, +1.3433202941e+02
-3.0116867824e+01, +1.3407772864e+02
-3.2173621105e+01, +1.3380521918e+02
-3.4233402583e+01, +1.3351442652e+02
-3.6296434151e+01, +1.3320527102e+02
-3.8362943596e+01, +1.3287766796e+02
-4.0433165084e+01, +1.3253152742e+02
-4.2507339674e+01, +1.3216675436e+02
-4.4585715860e+01, +1.3178324849e+02
-4.6668550142e+01, +1.3138090434e+02
-4.8756107638e+01, +1.3095961120e+02
-5.0848662729e+01, +1.3051925313e+02
-5.2946499748e+01, +1.3005970899e+02
-5.5049913712e+01, +1.2958085240e+02
-5.7159211105e+01, +1.2908255186e+02
-5.9274710712e+01, +1.2856467072e+02
-6.1396744519e+01, +1.2802706730e+02
-6.3525658662e+01, +1.2746959496e+02
-6.5661814462e+01, +1.2689210227e+02
-6.7805589518e+01, +1.2629443312e+02
-6.9957378896e+01, +1.2567642696e+02
-7.2117596399e+01, +1.2503791904e+02
-7.4286675931e+01, +1.2437874073e+02
-7.6465072969e+01, +1.2369871988e+02
-7.8653266149e+01, +1.2299768131e+02
-8.0851758966e+01, +1.2227544731e+02
-8.3061081613e+01, +1.2153183838e+02
-8.5281792957e+01, +1.2076667394e+02
-8.7514482663e+01, +1.1997977331e+02
-8.9759773489e+01, +1.1917095682e+02
-9.2018323739e+01, +1.1834004710e+02
-9.4290829913e+01, +1.1748687070e+02
-9.6578029532e+01, +1.1661125985e+02
-9.8880704171e+01, +1.1571305469e+02
-1.0119968269e+02, +1.1479210579e+02
-1.0353584466e+02, +1.1384827713e+02
-1.0589012402e+02, +1.1288144965e+02
-1.0826351285e+02, +1.1189152535e+02
-1.1065706542e+02, +1.1087843214e+02
-1.1307190226e+02, +1.0984212946e+02
-1.1550921436e+02, +1.0878261493e+02
-1.1797026740e+02, +1.0769993199e+02
-1.2045640583e+02, +1.0659417891e+02
-1.2296905671e+02, +1.0546551920e+02
-1.2550973316e+02, +1.0431419363e+02
-1.2808003703e+02, +1.0314053414e+02
-1.3068166058e+02, +1.0194497979e+02
-1.3331638670e+02, +1.0072809494e+02
-1.3598608711e+02, +9.9490589876e+01
-1.3869271781e+02, +9.8233343857e+01
-1.4143831108e+02, +9.6957430733e+01
-1.4422496295e+02, +9.5664146784e+01
-1.4705481499e+02, +9.4355040439e+01
-1.4993002925e+02, +9.3031943059e+01
-1.5285275505e+02, +9.1696999538e+01
-1.5582508640e+02, +9.0352696908e+01
-1.5884900929e+02, +8.9001888433e+01
-1.6192633856e+02, +8.7647809968e+01
-1.6505864552e+02, +8.6294084650e+01
-1.6824717889e+02, +8.4944711532e+01
-1.7149278504e+02, +8.3604033744e+01
-1.7479583755e+02, +8.2276682431e+01
-1.7815619589e+02, +8.0967494319e+01
-1.8157323799e+02, +7.9681403097e+01
-1.8504611272e+02, +7.8423307007e+01
-1.8857503650e+02, +7.7197931423e+01
-1.9218024876e+02, +7.6014001974e+01
-1.1138736137e+02, -6.1166993120e+01
-1.5744740851e+02, -4.3382838585e+00
-1.5276621098e+02, -1.1883729702e+01
-1.4918555463e+02, -1.7322485405e+01
-1.4604329314e+02, -2.1874867501e+01
-1.4315746438e+02, -2.5884753546e+01
-1.4044560932e+02, -2.9511306398e+01
-1.3786179895e+02, -3.2844878705e+01
-1.3537725330e+02, -3.5943088466e+01
-1.3297249266e+02, -3.8845580072e+01
-1.3063359119e+02, -4.1581138211e+01
-1.2835017785e+02, -4.4171518586e+01
-1.2611427955e+02, -4.6633684240e+01
-1.2391960873e+02, -4.8981194197e+01
-1.2176110264e+02, -5.1225108863e+01
-1.1963461322e+02, -5.3374604180e+01
-1.1753669141e+02, -5.5437402143e+01
-1.1546443283e+02, -5.7420081033e+01
-1.1341536470e+02, -5.9328304333e+01
-1.1138736137e+02, -6.1166993120e+01
-1.0937857993e+02, -6.2940458236e+01
-1.0738741042e+02, -6.4652503224e+01
-1.0541243680e+02, -6.6306505621e+01
-1.0345240587e+02, -6.7905481971e+01
-1.0150620239e+02, -6.9452140400e+01
-9.9572828763e+01, -7.0948923572e+01
-9.7651388533e+01, -7.2398044099e+01
-9.5741072602e+01, -7.3801513993e+01
-9.3841147846e+01, -7.5161169343e+01
-9.1950947521e+01, -7.6478691131e+01
-9.0069863174e+01, -7.7755622924e+01
-8.8197337766e+01, -7.8993385988e+01
-8.6332859796e+01, -8.0193292272e+01
-8.4475958250e+01, -8.1356555631e+01
-8.2626198239e+01, -8.2484301562e+01
-8.0783177220e+01, -8.3577575698e+01
-7.8946521698e+01, -8.4637351239e+01
-7.7115884340e+01, -8.5664535492e+01
-7.5290941443e+01, -8.6659975638e+01
-7.3471390701e+01, -8.7624463839e+01
-7.1656949228e+01, -8.8558741773e+01
-6.9847351805e+01, -8.9463504678e+01
-6.8042349315e+01, -9.0339404966e+01
-6.6241707352e+01, -9.1187055459e+01
-6.4445204968e+01, -9.2007032299e+01
-6.2652633553e+01, -9.2799877565e+01
-6.0863795822e+01, -9.3566101640e+01
-5.9078504901e+01, -9.4306185350e+01
-5.7296583506e+01, -9.5020581899e+01
-5.5517863187e+01, -9.5709718632e+01
-5.3742183650e+01, -9.6373998635e+01
-5.1969392134e+01, -9.7013802192e+01
-5.0199342842e+01, -9.7629488118e+01
-4.8431896425e+01, -9.8221394974e+01
-4.6666919500e+01, -9.8789842176e+01
-4.4904284212e+01, -9.9335131019e+01
-4.3143867833e+01, -9.9857545604e+01
-4.1385552387e+01, -1.0035735370e+02
-3.9629224303e+01, -1.0083480752e+02
-3.7874774094e+01, -1.0129014446e+02
-3.6122096064e+01, -1.0172358774e+02
-3.4371088026e+01, -1.0213534703e+02
-3.2621651042e+01, -1.0252561902e+02
-3.0873689188e+01, -1.0289458789e+02
-2.9127109317e+01, -1.0324242583e+02
-2.7381820855e+01, -1.0356929344e+02
-2.5637735592e+01, -1.0387534016e+02
-2.3894767496e+01, -1.0416070461e+02
-2.2152832533e+01, -1.0442551489e+02
-2.0411848495e+01, -1.0466988897e+02
-1.8671734837e+01, -1.0489393488e+02
-1.6932412522e+01, -1.0509775099e+02
-1.5193803871e+01, -1.0528142623e+02
-1.3455832421e+01, -1.0544504032e+02
-1.1718422788e+01, -1.0558866387e+02
-9.9815005298e+00, -1.0571235863e+02
-8.2449920192e+00, -1.0581617756e+02
-6.5088243171e+00, -1.0590016495e+02
-4.7729250481e+00, -1.0596435656e+02
-3.0372222801e+00, -1.0600877964e+02
-1.3016444044e+00, -1.0603345303e+02
+4.3387998269e-01, -1.0603838719e+02
+2.1694221969e+00, -1.0602358420e+02
+3.9050535832e+00, -1.0598903779e+02
+5.6408456332e+00, -1.0593473332e+02
+7.3768701024e+00, -1.0586064776e+02
+9.1131991294e+00, -1.0576674960e+02
+1.0849905356e+01, -1.0565299884e+02
+1.2587062051e+01, -1.0551934684e+02
+1.4324743231e+01, -1.0536573629e+02
+1.6063023794e+01, -1.0519210102e+02
+1.7801979647e+01, -1.0499836588e+02
+1.9541687842e+01, -1.0478444658e+02
+2.1282226720e+01, -1.0455024948e+02
+2.3023676052e+01, -1.0429567141e+02
+2.4766117195e+01, -1.0402059942e+02
+2.6509633249e+01, -1.0372491050e+02
+2.8254309226e+01, -1.0340847133e+02
+3.0000232223e+01, -1.0307113792e+02
+3.1747491608e+01, -1.0271275531e+02
+3.3496179215e+01, -1.0233315714e+02
+3.5246389553e+01, -1.0193216529e+02
+3.6998220023e+01, -1.0150958939e+02
+3.8751771156e+01, -1.0106522632e+02
+4.0507146860e+01, -1.0059885972e+02
+4.2264454691e+01, -1.0011025934e+02
+4.4023806140e+01, -9.9599180485e+01
+4.5785316937e+01, -9.9065363244e+01
+4.7549107392e+01, -9.8508531788e+01
+4.9315302746e+01, -9.7928393530e+01
+5.1084033565e+01, -9.7324638238e+01
+5.2855436158e+01, -9.6696937055e+01
+5.4629653038e+01, -9.6044941439e+01
+5.6406833414e+01, -9.5368281999e+01
+5.8187133739e+01, -9.4666567224e+01
+5.9970718306e+01, -9.3939382090e+01
+6.1757759890e+01, -9.3186286531e+01
+6.3548440474e+01, -9.2406813763e+01
+6.5342952028e+01, -9.1600468436e+01
+6.7141497379e+01, -9.0766724600e+01
+6.8944291173e+01, -8.9905023455e+01
+7.0751560940e+01, -8.9014770864e+01
+7.2563548277e+01, -8.8095334593e+01
+7.4380510167e+01, -8.7146041243e+01
+7.6202720455e+01, -8.6166172835e+01
+7.8030471506e+01, -8.5154962981e+01
+7.9864076062e+01, -8.4111592613e+01
+8.1703869344e+01, -8.3035185163e+01
+8.3550211428e+01, -8.1924801143e+01
+8.5403489950e+01, -8.0779432008e+01
+8.7264123185e+01, -7.9597993183e+01
+8.9132563576e+01, -7.8379316128e+01
+9.1009301797e+01, -7.7122139243e+01
+9.2894871438e+01, -7.5825097427e+01
+9.4789854453e+01, -7.4486710011e+01
+9.6694887510e+01, -7.3105366757e+01
+9.8610669447e+01, -7.1679311523e+01
+1.0053797007e+02, -7.0206623084e+01
+1.0247764060e+02, -6.8685192485e+01
+1.0443062618e+02, -6.7112696110e+01
+1.0639798095e+02, -6.5486563421e+01
+1.0838088633e+02, -6.3803937996e+01
+1.1038067349e+02, -6.2061630069e+01
+1.1239885110e+02, -6.0256058138e+01
+1.1443714011e+02, -5.8383176378e+01
+1.1649751778e+02, -5.6438383313e+01
+1.1858227417e+02, -5.4416405390e+01
+1.2069408574e+02, -5.2311146347e+01
+1.2283611289e+02, -5.0115489031e+01
+1.2501213163e+02, -4.7821029638e+01
+1.2722671548e+02, -4.5417713413e+01
+1.2948549311e+02, -4.2893322371e+01
+1.3179552465e+02, -4.0232732942e+01
+1.3416587144e+02, -3.7416800791e+01
+1.3660849769e+02, -3.4420610521e+01
+1.7313722875e+02, +8.2938352791e+01
+2.1049938126e+02, +7.0836034967e+01
+1.4457470846e+02, -2.3935369003e+01
+1.8330284439e+02, +7.9048517200e+01
+1.8680350571e+02, +7.7806205458e+01
+1.9036303710e+02, +7.6599019864e+01
+1.3416587144e+02, -3.7416800791e+01
+9.2894871438e+01, -7.5825097427e+01
+1.2807989699e+02, +1.0314059830e+02
+1.2550959524e+02, +1.0431425639e+02
+1.2296892079e+02, +1.0546558054e+02
+1.2045627181e+02, +1.0659423883e+02
+1.1797013519e+02, +1.0769999048e+02
+1.1550908387e+02, +1.0878267200e+02
+1.1307177340e+02, +1.0984218513e+02
+1.1065693813e+02, +1.1087848640e+02
+1.0826338704e+02, +1.1189157822e+02
+1.0588999962e+02, +1.1288150114e+02
+1.0353572162e+02, +1.1384832725e+02
+1.0119956093e+02, +1.1479215456e+02
+9.8880583647e+01, +1.1571310214e+02
+9.2018206596e+01, +1.1834009064e+02
+8.9759657378e+01, +1.1917099909e+02
+8.7514367541e+01, +1.1997981434e+02
           NaN, -7.1415594485e+02
           NaN,            NaN
           NaN, -7.1527513112e+02
           NaN, -7.1542451017e+02
           NaN, -7.1556482884e+02
           NaN, -7.1569659307e+02
           NaN, -7.1582027262e+02
           NaN, -7.1593629944e+02
           NaN, -7.1604506426e+02
           NaN, -7.1614691370e+02
           NaN, -7.1624214583e+02
           NaN, -7.1633100517e+02
           NaN, -7.1641367705e+02
           NaN, -7.1649028068e+02
           NaN, -7.1656086090e+02
           NaN, -7.1662537939e+02
           NaN, -7.1668370359e+02
           NaN, -7.1673559524e+02
           NaN, -7.1678069639e+02
           NaN, -7.1681851334e+02
           NaN, -7.1684839997e+02
           NaN, -7.1686953639e+02
           NaN, -7.1688090731e+02
           NaN, -7.1688127563e+02
           NaN, -7.1686915394e+02
           NaN, -7.1684277155e+02
           NaN, -7.1680003793e+02
           NaN, -7.1673850098e+02
           NaN, -7.1665530071e+02
           NaN, -7.1654711676e+02
           NaN, -7.1641010914e+02
           NaN, -7.1623985267e+02
           NaN, -7.1603126275e+02
           NaN, -7.1577851211e+02
           NaN, -7.1547493863e+02
           NaN, -7.1511294127e+02
           NaN, -7.1468386432e+02
-1.1138736137e+02, -6.1166993120e+01
-1.9218011287e+02, +7.6014043372e+01
-1.8857490626e+02, +7.7197975616e+01
-1.8504598473e+02, +7.8423352435e+01
-1.8157311216e+02, +7.9681449591e+01
-1.7815607223e+02, +8.0967541700e+01
-1.7479571609e+02, +8.2276730517e+01
-1.7149266580e+02, +8.3604082356e+01
-1.6824706184e+02, +8.4944760498e+01
-1.6505853064e+02, +8.6294133805e+01
-1.6192622581e+02, +8.7647859161e+01
-1.5884889861e+02, +8.9001937526e+01
-1.5582497773e+02, +9.0352745778e+01
-1.5285264830e+02, +9.1697048076e+01
-1.4992992435e+02, +9.3031991169e+01
-1.4705471186e+02, +9.4355088039e+01
-1.4422486151e+02, +9.5664193803e+01
-1.4143821124e+02, +9.6957477113e+01
-1.3869261949e+02, +9.8233389548e+01
-1.3598599024e+02, +9.9490634837e+01
-1.3331629120e+02, +1.0072813914e+02
-1.3068156637e+02, +1.0194502320e+02
-1.2807994406e+02, +1.0314057674e+02
-1.2550964136e+02, +1.0431423541e+02
-1.2296896601e+02, +1.0546556014e+02
-1.2045631617e+02, +1.0659421900e+02
-1.1797017873e+02, +1.0769997122e+02
-1.1550912662e+02, +1.0878265330e+02
-1.1307181541e+02, +1.0984216698e+02
-1.1065697941e+02, +1.1087846880e+02
-1.0826342764e+02, +1.1189156116e+02
-1.0589003956e+02, +1.1288148461e+02
-1.0353576092e+02, +1.1384831124e+02
-1.0119959962e+02, +1.1479213906e+02
-9.8880621753e+01, +1.1571308714e+02
-9.6577947728e+01, +1.1661129147e+02
-9.4290748693e+01, +1.1748690149e+02
-9.2018243075e+01, +1.1834007709e+02
-8.9759693353e+01, +1.1917098599e+02
-8.7514403030e+01, +1.1997980169e+02
-8.5281713802e+01, +1.2076670153e+02
-8.3061002913e+01, +1.2153186519e+02
-8.0851680699e+01, +1.2227547334e+02
-7.8653188294e+01, +1.2299770657e+02
-7.6464995507e+01, +1.2369874438e+02
-7.4286598843e+01, +1.2437876448e+02
-7.2117519668e+01, +1.2503794204e+02
-6.9957302505e+01, +1.2567644922e+02
-6.7805513449e+01, +1.2629445465e+02
-6.5661738701e+01, +1.2689212307e+02
-6.3525583194e+01, +1.2746961504e+02
-6.1396669329e+01, +1.2802708666e+02
-5.9274635787e+01, +1.2856468938e+02
-5.7159136431e+01, +1.2908256982e+02
-5.5049839277e+01, +1.2958086967e+02
-5.2946425541e+01, +1.3005972556e+02
-5.0848588737e+01, +1.3051926902e+02
-4.8756033849e+01, +1.3095962641e+02
-4.6668476546e+01, +1.3138091887e+02
-4.4585642447e+01, +1.3178326235e+02
-4.2507266433e+01, +1.3216676756e+02
-4.0433092005e+01, +1.3253153996e+02
-3.8362870670e+01, +1.3287767983e+02
-3.6296361369e+01, +1.3320528225e+02
-3.4233329935e+01, +1.3351443709e+02
-3.2173548582e+01, +1.3380522911e+02
-3.0116795417e+01, +1.3407773792e+02
-2.8062853978e+01, +1.3433203804e+02
-2.6011512794e+01, +1.3456819896e+02
-2.3962564970e+01, +1.3478628508e+02
-2.1915807778e+01, +1.3498635585e+02
-1.9871042278e+01, +1.3516846573e+02
-1.7828072949e+01, +1.3533266423e+02
-1.5786707326e+01, +1.3547899595e+02
-1.3746755660e+01, +1.3560750060e+02
-1.1708030584e+01, +1.3571821302e+02
-9.6703467840e+00, +1.3581116321e+02
-7.6335206824e+00, +1.3588637634e+02
-5.5973701283e+00, +1.3594387275e+02
-3.5617140895e+00, +1.3598366801e+02
-1.5263723520e+00, +1.3600577285e+02
+5.0883477957e-01, +1.3601019328e+02
+2.5440867784e+00, +1.3599693047e+02
+4.5795631918e+00, +1.3596598084e+02
+6.6154439373e+00, +1.3591733603e+02
+8.6519096004e+00, +1.3585098288e+02
+1.0689141735e+01, +1.3576690344e+02
+1.2727323167e+01, +1.3566507495e+02
+1.4766638301e+01, +1.3554546984e+02
+1.6807273440e+01, +1.3540805569e+02
+1.8849417101e+01, +1.3525279522e+02
+2.0893260346e+01, +1.3507964628e+02
+2.2938997126e+01, +1.3488856182e+02
+2.4986824627e+01, +1.3467948986e+02
+2.7036943635e+01, +1.3445237344e+02
+2.9089558912e+01, +1.3420715065e+02
+3.1144879591e+01, +1.3394375453e+02
+3.3203119584e+01, +1.3366211311e+02
+3.5264498013e+01, +1.3336214930e+02
+3.7329239659e+01, +1.3304378093e+02
+3.9397575436e+01, +1.3270692069e+02
+4.1469742891e+01, +1.3235147610e+02
+4.3545986731e+01, +1.3197734949e+02
+4.5626559378e+01, +1.3158443800e+02
+4.7711721564e+01, +1.3117263352e+02
+4.9801742955e+01, +1.3074182273e+02
+5.1896902819e+01, +1.3029188709e+02
+5.3997490735e+01, +1.2982270285e+02
+5.6103807354e+01, +1.2933414105e+02
+5.8216165203e+01, +1.2882606760e+02
+6.0334889550e+01, +1.2829834334e+02
+6.2460319334e+01, +1.2775082410e+02
+6.4592808150e+01, +1.2718336081e+02
+6.6732725315e+01, +1.2659579969e+02
+6.8880457009e+01, +1.2598798237e+02
+7.1036407501e+01, +1.2535974618e+02
+7.3201000467e+01, +1.2471092437e+02
+7.5374680409e+01, +1.2404134651e+02
+7.7557914176e+01, +1.2335083886e+02
+7.9751192614e+01, +1.2263922492e+02
+8.1955032328e+01, +1.2190632599e+02
+8.4169977592e+01, +1.2115196190e+02
+8.6396602396e+01, +1.2037595192e+02
+8.8635512655e+01, +1.1957811570e+02
+9.0887348582e+01, +1.1875827457e+02
+9.3152787236e+01, +1.1791625288e+02
+9.5432545262e+01, +1.1705187979e+02
+9.7727381817e+01, +1.1616499118e+02
+1.0003810170e+02, +1.1525543206e+02
+1.0236555869e+02, +1.1432305931e+02
+1.0471065907e+02, +1.1336774491e+02
+1.0707436536e+02, +1.1238937978e+02
+1.0945770024e+02, +1.1138787821e+02
+1.1186175057e+02, +1.1036318311e+02
+1.1428767160e+02, +1.0931527214e+02
+1.1673669113e+02, +1.0824416477e+02
+1.1921011373e+02, +1.0714993066e+02
+1.2170932470e+02, +1.0603269930e+02
+1.2423579373e+02, +1.0489267122e+02
+1.2679107803e+02, +1.0373013090e+02
+1.2937682452e+02, +1.0254546172e+02
+1.3199477088e+02, +1.0133916297e+02
+1.3464674477e+02, +1.0011186923e+02
+1.3733466082e+02, +9.8864372246e+01
+1.4006051443e+02, +9.7597645220e+01
+1.4282637166e+02, +9.6312869603e+01
+1.4563435396e+02, +9.5011463946e+01
+1.4848661676e+02, +9.3695114272e+01
+1.5138532047e+02, +9.2365804957e+01
+1.5433259269e+02, +9.1025848605e+01
+1.5733048066e+02, +8.9677912749e+01
+1.6038089331e+02, +8.8325040536e+01
+1.6348553327e+02, +8.6970661773e+01
+1.6664582067e+02, +8.5618590154e+01
+1.6986281275e+02, +8.4273002191e+01
+1.7313712709e+02, +8.2938393652e+01
+1.7646888232e+02, +8.1619510449e+01
+1.7985768518e+02, +8.0321252927e+01
+1.8330274020e+02, +7.9048554951e+01
+1.8680340073e+02, +7.7806241919e+01
+1.9036293102e+02, +7.6599054897e+01
+1.3416587144e+02, -3.7416800791e+01
+9.2894871438e+01, -7.5825097427e+01
