-2.0388353780e+02, -6.0395145833e-01
-2.0922166598e+02, -5.7519663770e-01
-2.1433018797e+02, -5.5282689035e-01
-2.1925680889e+02, -5.3479324431e-01
-2.2403480371e+02, -5.1986617570e-01
-2.2868849633e+02, -5.0725620040e-01
-2.3323631581e+02, -4.9642957095e-01
-2.3769262552e+02, -4.8701048202e-01
-2.4206887955e+02, -4.7872549951e-01
-2.4637438671e+02, -4.7137020411e-01
-2.5567992821e+02, +6.7286553635e+01
-2.6302543314e+02, -4.4858303353e-01
-2.3769262552e+02, -4.8701048202e-01
-2.5952256891e+02, +6.1341008558e+01
-2.6302543314e+02, -4.4858303353e-01
-2.6707107818e+02, -4.4409768237e-01
-2.7107773972e+02, -4.3997357827e-01
-2.7504848891e+02, -4.3616718709e-01
-2.7898603499e+02, -4.3264192177e-01
-2.8289278181e+02, -4.2936677958e-01
-2.8677087345e+02, -4.2631529278e-01
-2.9062223152e+02, -4.2346471086e-01
-2.9444858575e+02, -4.2079535619e-01
-2.9825149949e+02, -4.1829011121e-01
-3.0203239094e+02, -4.1593400654e-01
-3.0579255106e+02, -4.1371388731e-01
-3.1325529387e+02, -4.0963647186e-01
-3.2432039627e+02, -4.0428906864e-01
-3.0203239094e+02, -4.1593400654e-01
-3.1325529387e+02, -4.0963647186e-01
-3.2064803452e+02, -4.0597969612e-01
-3.2432039627e+02, -4.0428906864e-01
-3.2797781319e+02, -4.0268123902e-01
-3.3162100835e+02, -4.0115025684e-01
-3.3525065355e+02, -3.9969073951e-01
-3.3886737410e+02, -3.9829780492e-01
-3.4247175309e+02, -3.9696701354e-01
-3.4606433521e+02, -3.9569431856e-01
-3.4964563006e+02, -3.9447602264e-01
-3.5321611518e+02, -3.9330874041e-01
-3.5677623870e+02, -3.9218936566e-01
-3.6032642177e+02, -3.9111504275e-01
-3.6386706066e+02, -3.9008314141e-01
-3.6739852878e+02, -3.8909123465e-01
-3.7092117835e+02, -3.8813707915e-01
-3.7443534204e+02, -3.8721859804e-01
-3.7794133439e+02, -3.8633386545e-01
-3.8109096943e+02, +5.3289020188e+01
-3.9022632963e+02, +5.3198822094e+01
-3.9188931642e+02, -3.8309846394e-01
-4.0227764990e+02, -3.8094995211e-01
-3.8762343474e+02, +5.3191558281e+01
-3.9535862071e+02, -3.8235799333e-01
-3.9879353565e+02, +5.2806496360e+01
-4.0881492045e+02, +5.2932113167e+01
-4.0917197828e+02, -3.7963160837e-01
-4.1261037010e+02, -3.7900351694e-01
-4.1604315743e+02, -3.7839490523e-01
-4.1947051292e+02, -3.7780491148e-01
-4.2289260161e+02, -3.7723272401e-01
-4.2630958140e+02, -3.7667757764e-01
-4.2972160347e+02, -3.7613875035e-01
-4.3312881262e+02, -3.7561556026e-01
-4.3653134764e+02, -3.7510736287e-01
-4.3992934166e+02, -3.7461354851e-01
-4.4332292240e+02, -3.7413353998e-01
-4.4671221252e+02, -3.7366679046e-01
-4.5009732983e+02, -3.7321278146e-01
-4.5347838757e+02, -3.7277102102e-01
-4.5685549463e+02, -3.7234104206e-01
-4.6022875578e+02, -3.7192240078e-01
-4.6359827187e+02, -3.7151467521e-01
-4.6696414000e+02, -3.7111746393e-01
-4.7032645374e+02, -3.7073038478e-01
-4.7368530327e+02, -3.7035307376e-01
-4.7704077555e+02, -3.6998518389e-01
-4.8039295447e+02, -3.6962638431e-01
-4.8374192099e+02, -3.6927635928e-01
-4.8708775326e+02, -3.6893480738e-01
-4.9043052678e+02, -3.6860144066e-01
-4.9377031449e+02, -3.6827598392e-01
-4.9710718688e+02, -3.6795817401e-01
-5.0044121213e+02, -3.6764775917e-01
-5.0377245617e+02, -3.6734449842e-01
-5.0710098279e+02, -3.6704816099e-01
-5.1042685375e+02, -3.6675852578e-01
-5.1375012882e+02, -3.6647538090e-01
-5.1707086592e+02, -3.6619852311e-01
-5.2038912114e+02, -3.6592775746e-01
-5.2370494886e+02, -3.6566289686e-01
-5.2701840178e+02, -3.6540376166e-01
-5.3032953101e+02, -3.6515017928e-01
-5.3363838613e+02, -3.6490198392e-01
-5.3694501525e+02, -3.6465901617e-01
-5.4024946505e+02, -3.6442112276e-01
-5.4355178086e+02, -3.6418815621e-01
-5.4685200669e+02, -3.6395997461e-01
-5.5015018529e+02, -3.6373644133e-01
-5.5015018529e+02, -3.6373644133e-01
-5.4687606580e+02, +5.3561402656e+01
-5.6828888972e+02, +5.0938087771e+01
-5.6661178352e+02, -3.6268405876e-01
-5.6989851148e+02, -3.6248581358e-01
-5.7318345980e+02, -3.6229138964e-01
-5.7646666266e+02, -3.6210068492e-01
-5.7974815332e+02, -3.6191360089e-01
-5.8822503205e+02, +5.0923068033e+01
-5.8958267178e+02, -3.6137313747e-01
-5.9685091227e+02, +5.0789627965e+01
-6.0261749570e+02, +5.0694680679e+01
-6.1109246393e+02, +4.9927741601e+01
-6.2552595155e+02, -3.5962664616e-01
-5.4388936747e+02, +4.3238013495e+01
-5.7974815332e+02, -3.6191360089e-01
-5.9110725942e+02, +5.0907496364e+01
-5.9940289701e+02, -3.6086202140e-01
-6.0432295265e+02, +5.4501199075e+01
-6.0920959710e+02, -3.6037808155e-01
-6.1247561609e+02, -3.6022246200e-01
-6.2156200954e+02, +5.0576656775e+01
-6.2226538102e+02, -3.5977172887e-01
-6.2552595155e+02, -3.5962664616e-01
-6.2878521823e+02, -3.5948404245e-01
-6.3204320327e+02, -3.5934385941e-01
-6.3529992834e+02, -3.5920604050e-01
-6.3855541464e+02, -3.5907053086e-01
-6.3529992834e+02, -3.5920604050e-01
-6.4188986357e+02, +4.9727964050e+01
-6.3467456859e+02, +5.3130048802e+01
-6.6798545059e+02, +5.2107242697e+01
-6.6131081268e+02, -3.5818234399e-01
-6.6455709537e+02, -3.5806351800e-01
-6.6131081268e+02, -3.5818234399e-01
-6.6780230950e+02, -3.5794657451e-01
-6.7104647195e+02, -3.5783147258e-01
-6.7428959923e+02, -3.5771817245e-01
-6.7753170750e+02, -3.5760663545e-01
-6.8077281256e+02, -3.5749682398e-01
-6.8401292990e+02, -3.5738870144e-01
-6.8725207466e+02, -3.5728223225e-01
-6.9049026166e+02, -3.5717738178e-01
-6.9372750544e+02, -3.5707411633e-01
-6.9696382021e+02, -3.5697240311e-01
-7.0019921989e+02, -3.5687221017e-01
-7.0343371813e+02, -3.5677350643e-01
-7.0666732827e+02, -3.5667626160e-01
-7.0990006343e+02, -3.5658044619e-01
-7.1313193641e+02, -3.5648603147e-01
-7.1636295979e+02, -3.5639298946e-01
-7.1959314590e+02, -3.5630129287e-01
-7.2282250679e+02, -3.5621091511e-01
-7.2605105432e+02, -3.5612183028e-01
-7.2927880009e+02, -3.5603401311e-01
-7.3250575547e+02, -3.5594743897e-01
-7.3573193162e+02, -3.5586208384e-01
-7.3895733949e+02, -3.5577792428e-01
-7.4218198981e+02, -3.5569493746e-01
-7.4540589311e+02, -3.5561310105e-01
-7.4862905972e+02, -3.5553239333e-01
-7.5185149977e+02, -3.5545279304e-01
-7.5507322321e+02, -3.5537427947e-01
-7.5829423979e+02, -3.5529683240e-01
-7.6151455910e+02, -3.5522043208e-01
-7.6473419053e+02, -3.5514505922e-01
-7.6795314332e+02, -3.5507069500e-01
-7.7117142652e+02, -3.5499732104e-01
-7.7438904902e+02, -3.5492491936e-01
-7.7760601956e+02, -3.5485347243e-01
-7.8082234672e+02, -3.5478296310e-01
-7.8403803892e+02, -3.5471337463e-01
-7.8725310443e+02, -3.5464469063e-01
-7.9046755138e+02, -3.5457689512e-01
-7.9368138775e+02, -3.5450997246e-01
-7.9689462139e+02, -3.5444390736e-01
-8.0010725999e+02, -3.5437868487e-01
-8.0331931113e+02, -3.5431429038e-01
-8.0653078226e+02, -3.5425070959e-01
-8.0974168067e+02, -3.5418792852e-01
-8.1295201357e+02, -3.5412593351e-01
-8.1616178802e+02, -3.5406471117e-01
-8.1937101095e+02, -3.5400424842e-01
-8.2257968920e+02, -3.5394453246e-01
-8.2578782948e+02, -3.5388555075e-01
-8.2899543839e+02, -3.5382729104e-01
-8.3220252242e+02, -3.5376974131e-01
-8.3540908795e+02, -3.5371288983e-01
-8.3861514126e+02, -3.5365672509e-01
-8.4182068852e+02, -3.5360123582e-01
-8.4502573580e+02, -3.5354641101e-01
-8.4823028909e+02, -3.5349223985e-01
-8.5143435425e+02, -3.5343871178e-01
-8.5463793708e+02, -3.5338581642e-01
-8.5784104325e+02, -3.5333354365e-01
-8.6104367836e+02, -3.5328188351e-01
-8.6424584793e+02, -3.5323082627e-01
-8.6744755738e+02, -3.5318036239e-01
-8.7064881204e+02, -3.5313048252e-01
-8.7384961717e+02, -3.5308117751e-01
-8.7704997794e+02, -3.5303243835e-01
-8.8024989942e+02, -3.5298425627e-01
-8.8344938665e+02, -3.5293662263e-01
-8.8664844454e+02, -3.5288952896e-01
-8.8984707796e+02, -3.5284296698e-01
-8.9304529168e+02, -3.5279692856e-01
-8.9624309043e+02, -3.5275140572e-01
-8.9944047882e+02, -3.5270639063e-01
-9.0263746145e+02, -3.5266187565e-01
-9.0583404279e+02, -3.5261785323e-01
-9.0903022729e+02, -3.5257431600e-01
-9.1222601931e+02, -3.5253125673e-01
-9.1542142315e+02, -3.5248866830e-01
-9.1861644304e+02, -3.5244654376e-01
-9.2181108316e+02, -3.5240487626e-01
-9.2500534763e+02, -3.5236365910e-01
-9.2819924048e+02, -3.5232288568e-01
-9.3139276573e+02, -3.5228254955e-01
-9.3458592730e+02, -3.5224264437e-01
-9.3777872907e+02, -3.5220316390e-01
-9.4097117486e+02, -3.5216410203e-01
-9.4416326844e+02, -3.5212545276e-01
-9.4735501353e+02, -3.5208721021e-01
-9.5054641378e+02, -3.5204936857e-01
-9.5373747280e+02, -3.5201192217e-01
-9.5692819415e+02, -3.5197486544e-01
-9.6011858134e+02, -3.5193819288e-01
-9.6330863782e+02, -3.5190189912e-01
-9.6649836700e+02, -3.5186597887e-01
-9.6968777225e+02, -3.5183042694e-01
-9.7287685689e+02, -3.5179523822e-01
-9.7606562417e+02, -3.5176040770e-01
-9.7925407733e+02, -3.5172593046e-01
-9.8244221955e+02, -3.5169180165e-01
-9.8563005396e+02, -3.5165801652e-01
-9.8881758366e+02, -3.5162457039e-01
-9.9200481170e+02, -3.5159145868e-01
-9.9519174109e+02, -3.5155867687e-01
-9.9837837480e+02, -3.5152622052e-01
-1.0015647158e+03, -3.5149408526e-01
-1.0047507669e+03, -3.5146226682e-01
-1.0079365310e+03, -3.5143076097e-01
-1.0111220109e+03, -3.5139956357e-01
-1.0143072094e+03, -3.5136867054e-01
-1.0174921292e+03, -3.5133807788e-01
-1.0206767730e+03, -3.5130778165e-01
-1.0238611436e+03, -3.5127777797e-01
-1.0270452435e+03, -3.5124806303e-01
-1.0302290753e+03, -3.5121863308e-01
-1.0334126416e+03, -3.5118948444e-01
-1.0365959450e+03, -3.5116061348e-01
-1.0397789879e+03, -3.5113201662e-01
-1.0429617728e+03, -3.5110369037e-01
-1.0461443022e+03, -3.5107563127e-01
-1.0493265784e+03, -3.5104783591e-01
-1.0525086038e+03, -3.5102030097e-01
-1.0556903809e+03, -3.5099302314e-01
-1.0588719117e+03, -3.5096599920e-01
-1.0620531988e+03, -3.5093922596e-01
-1.0652342443e+03, -3.5091270027e-01
-1.0684150505e+03, -3.5088641907e-01
-1.0715956195e+03, -3.5086037930e-01
-1.0747759536e+03, -3.5083457799e-01
-1.0779560548e+03, -3.5080901219e-01
-1.0811359254e+03, -3.5078367900e-01
-1.0843155674e+03, -3.5075857557e-01
-1.0874949828e+03, -3.5073369909e-01
-1.0906741738e+03, -3.5070904681e-01
-1.0938531423e+03, -3.5068461599e-01
-1.0970318903e+03, -3.5066040396e-01
-1.1002104199e+03, -3.5063640808e-01
-1.1033887329e+03, -3.5061262575e-01
-1.1065668313e+03, -3.5058905441e-01
-1.1097447169e+03, -3.5056569154e-01
-1.1129223917e+03, -3.5054253466e-01
-1.1160998576e+03, -3.5051958133e-01
-1.1192771163e+03, -3.5049682912e-01
-1.1224541696e+03, -3.5047427568e-01
-1.1256310194e+03, -3.5045191866e-01
-1.1288076674e+03, -3.5042975576e-01
-1.1319841154e+03, -3.5040778471e-01
-1.1351603651e+03, -3.5038600328e-01
-1.1383364182e+03, -3.5036440926e-01
-1.1415122763e+03, -3.5034300048e-01
-1.1446879413e+03, -3.5032177481e-01
-1.1478634147e+03, -3.5030073014e-01
-1.1510386981e+03, -3.5027986439e-01
-1.1542137932e+03, -3.5025917551e-01
-1.1573887015e+03, -3.5023866149e-01
-1.1605634247e+03, -3.5021832034e-01
-1.1637379642e+03, -3.5019815010e-01
-1.1669123217e+03, -3.5017814884e-01
-1.1700864987e+03, -3.5015831465e-01
-1.1732604966e+03, -3.5013864565e-01
-1.1764343169e+03, -3.5011914000e-01
-1.1796079612e+03, -3.5009979587e-01
-1.1827814308e+03, -3.5008061146e-01
-1.1859547273e+03, -3.5006158501e-01
-1.1891278520e+03, -3.5004271475e-01
-1.1923008063e+03, -3.5002399896e-01
-1.1954735917e+03, -3.5000543596e-01
-1.1986462095e+03, -3.4998702405e-01
-1.2018186611e+03, -3.4996876158e-01
-1.2049909478e+03, -3.4995064694e-01
-1.2081630710e+03, -3.4993267849e-01
-1.2113350320e+03, -3.4991485467e-01
-1.2145068320e+03, -3.4989717390e-01
-1.2176784724e+03, -3.4987963464e-01
-1.2208499544e+03, -3.4986223538e-01
-1.2240212794e+03, -3.4984497460e-01
-1.2271924485e+03, -3.4982785082e-01
-1.2303634630e+03, -3.4981086259e-01
-1.2335343242e+03, -3.4979400847e-01
-1.2367050331e+03, -3.4977728702e-01
-1.2398755911e+03, -3.4976069686e-01
-1.2430459993e+03, -3.4974423658e-01
-1.2462162588e+03, -3.4972790483e-01
-1.2493863709e+03, -3.4971170026e-01
-1.2525563367e+03, -3.4969562154e-01
-1.2557261573e+03, -3.4967966735e-01
-1.2588958338e+03, -3.4966383640e-01
-1.2620653674e+03, -3.4964812740e-01
-1.2652347591e+03, -3.4963253911e-01
-1.2684040101e+03, -3.4961707027e-01
-1.2715731213e+03, -3.4960171965e-01
-1.2747420940e+03, -3.4958648604e-01
-1.2779109291e+03, -3.4957136824e-01
-1.2810796277e+03, -3.4955636507e-01
-1.2842481908e+03, -3.4954147536e-01
-1.2874166194e+03, -3.4952669797e-01
-1.2905849146e+03, -3.4951203174e-01
-1.2937530773e+03, -3.4949747556e-01
-1.2969211086e+03, -3.4948302832e-01
-1.3000890095e+03, -3.4946868893e-01
-1.3032567808e+03, -3.4945445631e-01
-1.3064244236e+03, -3.4944032938e-01
-1.3095919388e+03, -3.4942630709e-01
-1.3127593273e+03, -3.4941238841e-01
-1.3159265902e+03, -3.4939857230e-01
-1.3190937283e+03, -3.4938485776e-01
-1.3222607425e+03, -3.4937124377e-01
-1.3254276338e+03, -3.4935772936e-01
-1.3285944030e+03, -3.4934431353e-01
-1.3317610510e+03, -3.4933099533e-01
-1.3349275788e+03, -3.4931777380e-01
-1.3380939871e+03, -3.4930464801e-01
-1.3412602769e+03, -3.4929161702e-01
-1.3444264490e+03, -3.4927867991e-01
-1.3475925043e+03, -3.4926583577e-01
-1.3507584435e+03, -3.4925308371e-01
-1.3539242676e+03, -3.4924042284e-01
-1.3570899773e+03, -3.4922785229e-01
-1.3602555734e+03, -3.4921537120e-01
-1.3634210568e+03, -3.4920297870e-01
-1.3665864283e+03, -3.4919067396e-01
-1.3697516887e+03, -3.4917845614e-01
-1.3729168386e+03, -3.4916632441e-01
-1.3760818790e+03, -3.4915427798e-01
-1.3792468106e+03, -3.4914231601e-01
-1.3824116342e+03, -3.4913043774e-01
-1.3855763504e+03, -3.4911864236e-01
-1.3887409601e+03, -3.4910692911e-01
-1.3919054640e+03, -3.4909529722e-01
-1.3950698628e+03, -3.4908374592e-01
-1.3982341572e+03, -3.4907227447e-01
-1.4013983480e+03, -3.4906088213e-01
-1.4045624360e+03, -3.4904956817e-01
-1.4077264217e+03, -3.4903833187e-01
-1.4108903059e+03, -3.4902717250e-01
-1.4140540893e+03, -3.4901608937e-01
-1.4172177726e+03, -3.4900508177e-01
-1.4203813564e+03, -3.4899414902e-01
-1.4235448415e+03, -3.4898329043e-01
-1.4267082284e+03, -3.4897250533e-01
-1.4298715180e+03, -3.4896179304e-01
-1.4330347107e+03, -3.4895115292e-01
-1.4361978074e+03, -3.4894058431e-01
-1.4393608085e+03, -3.4893008657e-01
-1.4425237148e+03, -3.4891965906e-01
-1.4456865270e+03, -3.4890930114e-01
-1.4488492455e+03, -3.4889901220e-01
-1.4520118711e+03, -3.4888879162e-01
-1.4551744043e+03, -3.4887863879e-01
-1.4583368458e+03, -3.4886855311e-01
-1.4614991962e+03, -3.4885853399e-01
-1.4646614561e+03, -3.4884858083e-01
-1.4678236260e+03, -3.4883869305e-01
-1.4709857066e+03, -3.4882887008e-01
-1.4741476985e+03, -3.4881911135e-01
-1.4773096021e+03, -3.4880941630e-01
-1.4804714182e+03, -3.4879978436e-01
-1.4836331473e+03, -3.4879021499e-01
-1.4867947899e+03, -3.4878070765e-01
-1.4899563466e+03, -3.4877126179e-01
-1.4931178179e+03, -3.4876187688e-01
-1.4962792045e+03, -3.4875255239e-01
-1.4994405068e+03, -3.4874328781e-01
-1.5026017254e+03, -3.4873408262e-01
-1.5057628608e+03, -3.4872493630e-01
-1.5089239135e+03, -3.4871584836e-01
-1.5120848842e+03, -3.4870681829e-01
-1.5152457732e+03, -3.4869784560e-01
-1.5184065812e+03, -3.4868892980e-01
-1.5215673086e+03, -3.4868007041e-01
-1.5247279560e+03, -3.4867126695e-01
-1.5278885238e+03, -3.4866251895e-01
-1.5310490126e+03, -3.4865382593e-01
-1.5342094228e+03, -3.4864518744e-01
-1.5373697549e+03, -3.4863660302e-01
-1.5405300095e+03, -3.4862807222e-01
-1.5436901870e+03, -3.4861959458e-01
-1.5468502879e+03, -3.4861116966e-01
-1.5500103126e+03, -3.4860279703e-01
-1.5531702617e+03, -3.4859447624e-01
-1.5563301356e+03, -3.4858620687e-01
-1.5594899348e+03, -3.4857798849e-01
-1.5626496597e+03, -3.4856982069e-01
-1.5658093108e+03, -3.4856170304e-01
-1.5689688885e+03, -3.4855363513e-01
-1.5721283934e+03, -3.4854561656e-01
-1.5752878257e+03, -3.4853764691e-01
-1.5784471861e+03, -3.4852972580e-01
-1.5816064748e+03, -3.4852185282e-01
-1.5847656924e+03, -3.4851402759e-01
-1.5879248393e+03, -3.4850624970e-01
-1.5910839159e+03, -3.4849851879e-01
-1.5942429226e+03, -3.4849083447e-01
-1.5974018599e+03, -3.4848319637e-01
-1.6005607282e+03, -3.4847560411e-01
-1.6037195278e+03, -3.4846805733e-01
-1.6068782592e+03, -3.4846055565e-01
-1.6100369229e+03, -3.4845309872e-01
-1.6131955191e+03, -3.4844568619e-01
-1.6163540483e+03, -3.4843831769e-01
-1.6195125110e+03, -3.4843099288e-01
-1.6226709075e+03, -3.4842371141e-01
-1.6258292381e+03, -3.4841647294e-01
-1.6289875033e+03, -3.4840927713e-01
-1.6321457035e+03, -3.4840212363e-01
-1.6353038390e+03, -3.4839501213e-01
-1.6384619103e+03, -3.4838794228e-01
-1.6416199177e+03, -3.4838091376e-01
-1.6447778615e+03, -3.4837392625e-01
-1.6479357422e+03, -3.4836697943e-01
-1.6510935601e+03, -3.4836007298e-01
-1.6542513155e+03, -3.4835320659e-01
-1.6574090089e+03, -3.4834637994e-01
-1.6605666406e+03, -3.4833959272e-01
-1.6637242110e+03, -3.4833284464e-01
-1.6668817203e+03, -3.4832613539e-01
-1.6700391691e+03, -3.4831946467e-01
-1.6731965575e+03, -3.4831283219e-01
-1.6763538860e+03, -3.4830623765e-01
-1.6795111548e+03, -3.4829968076e-01
-1.6826683644e+03, -3.4829316123e-01
-1.6858255151e+03, -3.4828667878e-01
-1.6889826072e+03, -3.4828023313e-01
-1.6921396410e+03, -3.4827382399e-01
-1.6952966169e+03, -3.4826745110e-01
-1.6984535352e+03, -3.4826111417e-01
-1.7016103962e+03, -3.4825481293e-01
-1.7047672002e+03, -3.4824854712e-01
-1.7079239476e+03, -3.4824231647e-01
-1.7110806387e+03, -3.4823612071e-01
-1.7142372738e+03, -3.4822995958e-01
-1.7173938531e+03, -3.4822383283e-01
-1.7205503771e+03, -3.4821774020e-01
-1.7237068461e+03, -3.4821168143e-01
-1.7268632602e+03, -3.4820565627e-01
-1.7300196199e+03, -3.4819966448e-01
-1.7331759255e+03, -3.4819370579e-01
-1.7363321771e+03, -3.4818777998e-01
-1.7394883752e+03, -3.4818188679e-01
-1.7426445200e+03, -3.4817602600e-01
-1.7458006119e+03, -3.4817019735e-01
-1.7489566510e+03, -3.4816440061e-01
-1.7521126378e+03, -3.4815863555e-01
-1.7552685724e+03, -3.4815290194e-01
-1.7584244552e+03, -3.4814719955e-01
-1.7615802865e+03, -3.4814152814e-01
-1.7647360664e+03, -3.4813588751e-01
-1.7678917954e+03, -3.4813027741e-01
-1.7710474737e+03, -3.4812469764e-01
-1.7742031015e+03, -3.4811914796e-01
-1.7773586792e+03, -3.4811362817e-01
-1.7805142070e+03, -3.4810813805e-01
-1.7836696851e+03, -3.4810267739e-01
-1.7868251139e+03, -3.4809724597e-01
-1.7899804935e+03, -3.4809184358e-01
-1.7931358243e+03, -3.4808647002e-01
-1.7962911066e+03, -3.4808112509e-01
-1.7994463405e+03, -3.4807580857e-01
-1.8026015263e+03, -3.4807052026e-01
-1.8057566644e+03, -3.4806525997e-01
-1.8089117549e+03, -3.4806002750e-01
-1.8120667980e+03, -3.4805482265e-01
-1.8152217942e+03, -3.4804964522e-01
-1.8183767435e+03, -3.4804449502e-01
-1.8215316462e+03, -3.4803937186e-01
-1.8246865027e+03, -3.4803427556e-01
+1.6179646525e+02, -8.6877932916e+00
+1.5777899728e+02, -1.4977024895e+01
+1.5441128829e+02, -1.9990324826e+01
+1.5137594634e+02, -2.4319203103e+01
+1.4855283287e+02, -2.8192558467e+01
+1.4588055638e+02, -3.1729649910e+01
+1.4332258449e+02, -3.5002712725e+01
+1.4085503248e+02, -3.8059758867e+01
+1.3846124564e+02, -4.0934790408e+01
+1.3612905169e+02, -4.3653026858e+01
+1.3384922922e+02, -4.6233844239e+01
+1.3161459146e+02, -4.8692547859e+01
+1.2941940731e+02, -5.1041501720e+01
+1.2725901885e+02, -5.3290880257e+01
+1.2512957944e+02, -5.5449187059e+01
+1.2302786881e+02, -5.7523623704e+01
+1.2095115915e+02, -5.9520358816e+01
+1.1889711595e+02, -6.1444728685e+01
+1.1686372313e+02, -6.3301389743e+01
+1.1484922561e+02, -6.5094436402e+01
+1.1285208445e+02, -6.6827493485e+01
+1.1087094157e+02, -6.8503789694e+01
+1.0890459143e+02, -7.0126216691e+01
+1.0695195820e+02, -7.1697377128e+01
+1.0501207714e+02, -7.3219624071e+01
+1.0308407927e+02, -7.4695093639e+01
+1.0116717862e+02, -7.6125732254e+01
+9.9260661610e+01, -7.7513319557e+01
+9.7363878087e+01, -7.8859487805e+01
+9.5476233734e+01, -8.0165738402e+01
+9.3597183601e+01, -8.1433456062e+01
+9.1726226560e+01, -8.2663921016e+01
+8.9862900528e+01, -8.3858319579e+01
+8.8006778334e+01, -8.5017753345e+01
+8.6157464124e+01, -8.6143247224e+01
+8.4314590221e+01, -8.7235756492e+01
+8.2477814370e+01, -8.8296172998e+01
+8.0646817321e+01, -8.9325330660e+01
+7.8821300687e+01, -9.0324010330e+01
+7.7000985047e+01, -9.1292944130e+01
+7.5185608261e+01, -9.2232819320e+01
+7.3374923969e+01, -9.3144281761e+01
+7.1568700245e+01, -9.4027939018e+01
+6.9766718389e+01, -9.4884363164e+01
+6.7968771848e+01, -9.5714093293e+01
+6.6174665234e+01, -9.6517637809e+01
+6.4384213441e+01, -9.7295476481e+01
+6.2597240847e+01, -9.8048062326e+01
+6.0813580584e+01, -9.8775823308e+01
+5.9033073877e+01, -9.9479163892e+01
+5.7255569441e+01, -1.0015846646e+02
+5.5480922931e+01, -1.0081409262e+02
+5.3708996434e+01, -1.0144638436e+02
+5.1939658006e+01, -1.0205566516e+02
+5.0172781246e+01, -1.0264224097e+02
+4.8408244903e+01, -1.0320640116e+02
+4.6645932514e+01, -1.0374841931e+02
+4.4885732065e+01, -1.0426855401e+02
+4.3127535686e+01, -1.0476704960e+02
+4.1371239355e+01, -1.0524413676e+02
+3.9616742635e+01, -1.0570003319e+02
+3.7863948420e+01, -1.0613494409e+02
+3.6112762702e+01, -1.0654906277e+02
+3.4363094352e+01, -1.0694257101e+02
+3.2614854914e+01, -1.0731563960e+02
+3.0867958414e+01, -1.0766842868e+02
+2.9122321172e+01, -1.0800108814e+02
+2.7377861637e+01, -1.0831375795e+02
+2.5634500221e+01, -1.0860656847e+02
+2.3892159146e+01, -1.0887964076e+02
+2.2150762294e+01, -1.0913308680e+02
+2.0410235071e+01, -1.0936700978e+02
+1.8670504273e+01, -1.0958150428e+02
+1.6931497956e+01, -1.0977665649e+02
+1.5193145312e+01, -1.0995254439e+02
+1.3455376553e+01, -1.1010923788e+02
+1.1718122797e+01, -1.1024679896e+02
+9.9813159513e+00, -1.1036528183e+02
+8.2448886096e+00, -1.1046473303e+02
+6.5087739435e+00, -1.1054519147e+02
+4.7729055994e+00, -1.1060668858e+02
+3.0372175966e+00, -1.1064924832e+02
+1.3016442268e+00, -1.1067288727e+02
-4.3388004540e-01, -1.1067761459e+02
-2.1694206814e+00, -1.1066343215e+02
-3.9050431673e+00, -1.1063033441e+02
-5.6408131126e+00, -1.1057830852e+02
-7.3767963492e+00, -1.1050733420e+02
-9.1130590316e+00, -1.1041738378e+02
-1.0849667738e+01, -1.1030842208e+02
-1.2586689573e+01, -1.1018040640e+02
-1.4324192272e+01, -1.1003328637e+02
-1.6062244309e+01, -1.0986700392e+02
-1.7800915005e+01, -1.0968149311e+02
-1.9540274644e+01, -1.0947668001e+02
-2.1280394585e+01, -1.0925248256e+02
-2.3021347388e+01, -1.0900881041e+02
-2.4763206936e+01, -1.0874556469e+02
-2.6506048566e+01, -1.0846263784e+02
-2.8249949209e+01, -1.0815991338e+02
-2.9994987530e+01, -1.0783726563e+02
-3.1741244079e+01, -1.0749455947e+02
-3.3488801449e+01, -1.0713165000e+02
-3.5237744445e+01, -1.0674838226e+02
-3.6988160259e+01, -1.0634459083e+02
-3.8740138660e+01, -1.0592009948e+02
-4.0493772188e+01, -1.0547472070e+02
-4.2249156373e+01, -1.0500825533e+02
-4.4006389955e+01, -1.0452049197e+02
-4.5765575132e+01, -1.0401120649e+02
-4.7526817815e+01, -1.0348016148e+02
-4.9290227909e+01, -1.0292710556e+02
-5.1055919612e+01, -1.0235177272e+02
-5.2824011737e+01, -1.0175388160e+02
-5.4594628062e+01, -1.0113313465e+02
-5.6367897710e+01, -1.0048921727e+02
-5.8143955553e+01, -9.9821796858e+01
-5.9922942660e+01, -9.9130521749e+01
-6.1705006780e+01, -9.8415020112e+01
-6.3490302871e+01, -9.7674898691e+01
-6.5278993675e+01, -9.6909741455e+01
-6.7071250350e+01, -9.6119108119e+01
-6.8867253167e+01, -9.5302532511e+01
-7.0667192265e+01, -9.4459520791e+01
-7.2471268501e+01, -9.3589549482e+01
-7.4279694372e+01, -9.2692063298e+01
-7.6092695048e+01, -9.1766472753e+01
-7.7910509513e+01, -9.0812151501e+01
-7.9733391840e+01, -8.9828433391e+01
-8.1561612610e+01, -8.8814609191e+01
-8.3395460505e+01, -8.7769922922e+01
-8.5235244091e+01, -8.6693567775e+01
-8.7081293838e+01, -8.5584681510e+01
-8.8933964388e+01, -8.4442341295e+01
-9.0793637140e+01, -8.3265557861e+01
-9.2660723188e+01, -8.2053268896e+01
-9.4535666678e+01, -8.0804331517e+01
-9.6418948661e+01, -7.9517513682e+01
-9.8311091535e+01, -7.8191484335e+01
-1.0021266419e+02, -7.6824802056e+01
-1.0212428798e+02, -7.5415901922e+01
-1.0404664375e+02, -7.3963080217e+01
-1.0598048005e+02, -7.2464476537e+01
-1.0792662291e+02, -7.0918052725e+01
-1.0988598745e+02, -6.9321567904e+01
-1.1185959186e+02, -6.7672548681e+01
-1.1384857424e+02, -6.5968253316e+01
-1.1585421325e+02, -6.4205628256e+01
-1.1787795348e+02, -6.2381254932e+01
-1.1992143697e+02, -6.0491283969e+01
-1.2198654301e+02, -5.8531352909e+01
-1.2407543876e+02, -5.6496482029e+01
-1.2619064469e+02, -5.4380940559e+01
-1.2833512058e+02, -5.2178072176e+01
-1.3051238043e+02, -4.9880063257e+01
-1.3272664935e+02, -4.7477628796e+01
-1.3498308289e+02, -4.4959576496e+01
-1.3728808220e+02, -4.2312184871e+01
-1.3964976231e+02, -3.9518286355e+01
-1.4207867606e+02, -3.6555860881e+01
-1.4458898952e+02, -3.3395770705e+01
-1.4720051286e+02, -2.9997879851e+01
-2.1637880679e+02, +7.2010802952e+01
-1.8910645047e+02, +8.0600470087e+01
-1.9260581691e+02, +7.9310584827e+01
-1.9616174995e+02, +7.8054393201e+01
-1.9979450136e+02, +7.6840612285e+01
-1.9796301598e+02, +7.7440575945e+01
-1.9437625026e+02, +7.8678094742e+01
-1.3395968420e+02, +1.0534991603e+02
-1.3139111226e+02, +1.0655374011e+02
-1.2885189791e+02, +1.0773525605e+02
-1.2634046770e+02, +1.0889417235e+02
-1.2385533650e+02, +1.1003028303e+02
-1.2139510448e+02, +1.1114345449e+02
-1.1895845339e+02, +1.1223361419e+02
-1.1654414259e+02, +1.1330074082e+02
-1.1415100486e+02, +1.1434485586e+02
-1.1177794214e+02, +1.1536601636e+02
-1.0942392136e+02, +1.1636430875e+02
-1.0708797036e+02, +1.1733984348e+02
-1.0476917394e+02, +1.1829275055e+02
-1.0246667010e+02, +1.1922317560e+02
-9.5649018738e+01, +1.2188118395e+02
-9.3404008903e+01, +1.2272334477e+02
-9.1171662138e+01, +1.2354388689e+02
           NaN, -7.1665010195e+02
           NaN, -7.1857471751e+02
           NaN, -7.2037309477e+02
           NaN, -7.2205495447e+02
           NaN, -7.2362916846e+02
           NaN, -7.2510383606e+02
           NaN, -7.2648635467e+02
           NaN, -7.2778348334e+02
           NaN, -7.2900140067e+02
           NaN, -7.3014575877e+02
           NaN, -7.3122173010e+02
           NaN, -7.3223405229e+02
           NaN, -7.3318706732e+02
           NaN, -7.3408475789e+02
           NaN, -7.3493078007e+02
           NaN, -7.3572849364e+02
           NaN, -7.3648098861e+02
           NaN, -7.3719111003e+02
           NaN, -7.3786148070e+02
           NaN, -7.3849452091e+02
           NaN, -7.3909246741e+02
           NaN, -7.3965738964e+02
           NaN, -7.4019120544e+02
           NaN, -7.4069569491e+02
           NaN, -7.4117251237e+02
           NaN, -7.4162319835e+02
           NaN, -7.4204918964e+02
           NaN, -7.4245182912e+02
           NaN, -7.4283237346e+02
           NaN, -7.4319200143e+02
           NaN, -7.4353182076e+02
           NaN, -7.4385287415e+02
           NaN, -7.4415614541e+02
           NaN, -7.4444256396e+02
           NaN, -7.4471300955e+02
           NaN, -7.4496831649e+02
           NaN, -7.4520927677e+02
           NaN, -7.4543664356e+02
           NaN, -7.4565113318e+02
           NaN, -7.4585342785e+02
           NaN, -7.4604417767e+02
           NaN, -7.4622400099e+02
           NaN, -7.4639348670e+02
           NaN, -7.4655319347e+02
           NaN, -7.4670365099e+02
           NaN, -7.4684535951e+02
           NaN, -7.4697878839e+02
           NaN, -7.4710437590e+02
           NaN, -7.4722252677e+02
           NaN, -7.4733361089e+02
           NaN, -7.4743796001e+02
           NaN, -7.4753586443e+02
           NaN, -7.4762756964e+02
           NaN, -7.4771327078e+02
           NaN, -7.4779310820e+02
           NaN, -7.4786716049e+02
           NaN, -7.4793543779e+02
           NaN, -7.4799787304e+02
           NaN, -7.4805431326e+02
           NaN, -7.4810450823e+02
           NaN, -7.4814809931e+02
           NaN, -7.4818460491e+02
           NaN, -7.4821340578e+02
           NaN, -7.4823372771e+02
           NaN, -7.4824462198e+02
           NaN, -7.4824494301e+02
           NaN, -7.4823332461e+02
           NaN, -7.4820815231e+02
           NaN, -7.4816753171e+02
           NaN, -7.4810925518e+02
           NaN, -7.4803076207e+02
           NaN, -7.4792909558e+02
           NaN, -7.4780085477e+02
           NaN, -7.4764214023e+02
           NaN, -7.4744849333e+02
           NaN, -7.4721482937e+02
           NaN, -7.4693536280e+02
           NaN, -7.4660352296e+02
           NaN, -7.4621186219e+02
           NaN, -7.4575195324e+02
           NaN, -7.4521427450e+02
           NaN, -7.4458808584e+02
           NaN, -7.4386128912e+02
           NaN, -7.4302027680e+02
           NaN, -7.4204976509e+02
           NaN, -7.4093261296e+02
           NaN, -7.3964962456e+02
           NaN, -7.3817933680e+02
           NaN, -7.3649779066e+02
           NaN, -7.3457828926e+02
           NaN, -7.3239113976e+02
           NaN, -7.2990338792e+02
           NaN, -7.2707854221e+02
           NaN, -7.2387629673e+02
           NaN, -7.2025225762e+02
           NaN, -7.1615768145e+02
+9.9260661610e+01, -7.7513319557e+01
+1.4085503248e+02, -3.8059758867e+01
+1.9796309179e+02, +7.7440550472e+01
+1.9437632400e+02, +7.8678068685e+01
+1.9084890594e+02, +7.9951689768e+01
+1.8737764891e+02, +8.1256652657e+01
+1.8396326385e+02, +8.2588084633e+01
+1.8060659564e+02, +8.3940994917e+01
+1.7730807433e+02, +8.5310422119e+01
+1.7406760684e+02, +8.6691558188e+01
+1.7088459146e+02, +8.8079846209e+01
+1.6775797836e+02, +8.9471051016e+01
+1.6468634778e+02, +9.0861303787e+01
+1.6166799170e+02, +9.2247123776e+01
+1.5870099122e+02, +9.3625421429e+01
+1.5578328564e+02, +9.4993487443e+01
+1.5291273135e+02, +9.6348972024e+01
+1.5008715018e+02, +9.7689857984e+01
+1.4730436779e+02, +9.9014430602e+01
+1.4456224325e+02, +1.0032124643e+02
+1.4185869084e+02, +1.0160910259e+02
+1.3919169565e+02, +1.0287700757e+02
+1.3655932393e+02, +1.0412415415e+02
+1.3395972942e+02, +1.0534989477e+02
+1.3139115658e+02, +1.0655371940e+02
+1.2885194139e+02, +1.0773523590e+02
+1.2634051037e+02, +1.0889415275e+02
+1.2385537840e+02, +1.1003026397e+02
+1.2139514564e+02, +1.1114343597e+02
+1.1895849384e+02, +1.1223359620e+02
+1.1654418237e+02, +1.1330072335e+02
+1.1415104398e+02, +1.1434483891e+02
+1.1177798064e+02, +1.1536599992e+02
+1.0942395926e+02, +1.1636429279e+02
+1.0708800769e+02, +1.1733982801e+02
+1.0476921072e+02, +1.1829273556e+02
+1.0246670634e+02, +1.1922316108e+02
+1.0017968221e+02, +1.2013126256e+02
+9.7907372240e+01, +1.2101720757e+02
+9.5649053497e+01, +1.2188117078e+02
+9.3404043201e+01, +1.2272333204e+02
+9.1171695991e+01, +1.2354387457e+02
+8.8951401348e+01, +1.2434298356e+02
+8.6742581199e+01, +1.2512084491e+02
+8.4544687696e+01, +1.2587764419e+02
+8.2357201147e+01, +1.2661356576e+02
+8.0179628092e+01, +1.2732879206e+02
+7.8011499529e+01, +1.2802350296e+02
+7.5852369252e+01, +1.2869787528e+02
+7.3701812320e+01, +1.2935208234e+02
+7.1559423625e+01, +1.2998629364e+02
+6.9424816571e+01, +1.3060067452e+02
+6.7297621838e+01, +1.3119538601e+02
+6.5177486238e+01, +1.3177058456e+02
+6.3064071648e+01, +1.3232642197e+02
+6.0957054015e+01, +1.3286304521e+02
+5.8856122429e+01, +1.3338059639e+02
+5.6760978260e+01, +1.3387921266e+02
+5.4671334350e+01, +1.3435902621e+02
+5.2586914256e+01, +1.3482016421e+02
+5.0507451544e+01, +1.3526274880e+02
+4.8432689129e+01, +1.3568689714e+02
+4.6362378648e+01, +1.3609272135e+02
+4.4296279880e+01, +1.3648032859e+02
+4.2234160195e+01, +1.3684982104e+02
+4.0175794034e+01, +1.3720129597e+02
+3.8120962422e+01, +1.3753484573e+02
+3.6069452505e+01, +1.3785055781e+02
+3.4021057114e+01, +1.3814851487e+02
+3.1975574344e+01, +1.3842879481e+02
+2.9932807166e+01, +1.3869147072e+02
+2.7892563045e+01, +1.3893661104e+02
+2.5854653587e+01, +1.3916427949e+02
+2.3818894190e+01, +1.3937453516e+02
+2.1785103716e+01, +1.3956743253e+02
+1.9753104177e+01, +1.3974302153e+02
+1.7722720426e+01, +1.3990134751e+02
+1.5693779867e+01, +1.4004245133e+02
+1.3666112166e+01, +1.4016636936e+02
+1.1639548971e+01, +1.4027313351e+02
+9.6139236496e+00, +1.4036277124e+02
+7.5890710155e+00, +1.4043530558e+02
+5.5648270750e+00, +1.4049075516e+02
+3.5410287692e+00, +1.4052913421e+02
+1.5175137228e+00, +1.4055045259e+02
-5.0588000587e-01, +1.4055471577e+02
-2.5293141728e+00, +1.4054192482e+02
-4.5529505958e+00, +1.4051207649e+02
-6.5769514024e+00, +1.4046516310e+02
-8.6014792783e+00, +1.4040117262e+02
-1.0626697718e+01, +1.4032008861e+02
-1.2652771280e+01, +1.4022189025e+02
-1.4679865840e+01, +1.4010655229e+02
-1.6708148858e+01, +1.3997404505e+02
-1.8737789641e+01, +1.3982433439e+02
-2.0768959621e+01, +1.3965738171e+02
-2.2801832633e+01, +1.3947314390e+02
-2.4836585206e+01, +1.3927157331e+02
-2.6873396866e+01, +1.3905261777e+02
-2.8912450440e+01, +1.3881622047e+02
-3.0953932386e+01, +1.3856232002e+02
-3.2998033125e+01, +1.3829085034e+02
-3.5044947393e+01, +1.3800174068e+02
-3.7094874609e+01, +1.3769491553e+02
-3.9148019259e+01, +1.3737029465e+02
-4.1204591302e+01, +1.3702779294e+02
-4.3264806596e+01, +1.3666732049e+02
-4.5328887350e+01, +1.3628878249e+02
-4.7397062594e+01, +1.3589207923e+02
-4.9469568689e+01, +1.3547710603e+02
-5.1546649855e+01, +1.3504375327e+02
-5.3628558741e+01, +1.3459190630e+02
-5.5715557028e+01, +1.3412144547e+02
-5.7807916069e+01, +1.3363224612e+02
-5.9905917572e+01, +1.3312417858e+02
-6.2009854336e+01, +1.3259710818e+02
-6.4120031025e+01, +1.3205089527e+02
-6.6236765010e+01, +1.3148539530e+02
-6.8360387260e+01, +1.3090045888e+02
-7.0491243303e+01, +1.3029593186e+02
-7.2629694254e+01, +1.2967165550e+02
-7.4776117924e+01, +1.2902746656e+02
-7.6930910005e+01, +1.2836319761e+02
-7.9094485350e+01, +1.2767867719e+02
-8.1267279350e+01, +1.2697373019e+02
-8.3449749410e+01, +1.2624817820e+02
-8.5642376547e+01, +1.2550183999e+02
-8.7845667106e+01, +1.2473453209e+02
-9.0060154611e+01, +1.2394606942e+02
-9.2286401753e+01, +1.2313626613e+02
-9.4525002543e+01, +1.2230493654e+02
-9.6776584612e+01, +1.2145189627e+02
-9.9041811695e+01, +1.2057696360e+02
-1.0132138630e+02, +1.1967996102e+02
-1.0361605255e+02, +1.1876071715e+02
-1.0592659926e+02, +1.1781906888e+02
-1.0825386318e+02, +1.1685486401e+02
-1.1059873245e+02, +1.1586796429e+02
-1.1296215028e+02, +1.1485824896e+02
-1.1534511879e+02, +1.1382561897e+02
-1.1774870301e+02, +1.1277000187e+02
-1.2017403508e+02, +1.1169135756e+02
-1.2262231839e+02, +1.1058968497e+02
-1.2509483188e+02, +1.0946502991e+02
-1.2759293411e+02, +1.0831749413e+02
-1.3011806713e+02, +1.0714724589e+02
-1.3267175991e+02, +1.0595453218e+02
-1.3525563100e+02, +1.0473969281e+02
-1.3787139016e+02, +1.0350317658e+02
-1.4052083852e+02, +1.0224555967e+02
-1.4320586667e+02, +1.0096756657e+02
-1.4592844996e+02, +9.9670093395e+01
-1.4869064031e+02, +9.8354233831e+01
-1.5149455335e+02, +9.7021307286e+01
-1.5434234990e+02, +9.5672888955e+01
-1.5723621042e+02, +9.4310840927e+01
-1.6017830122e+02, +9.2937343079e+01
-1.6317073115e+02, +9.1554921918e+01
-1.6621549801e+02, +9.0166474811e+01
-1.6931442448e+02, +8.8775286329e+01
-1.7246908452e+02, +8.7385032716e+01
-1.7568072311e+02, +8.5999770033e+01
-1.7895017514e+02, +8.4623901477e+01
-1.8227779362e+02, +8.3262120069e+01
-1.8566340702e+02, +8.1919324437e+01
-1.8910635038e+02, +8.0600507719e+01
-1.9260571602e+02, +7.9310621258e+01
-1.9616164822e+02, +7.8054428318e+01
-1.6441139353e+02, -4.4018353819e+00
-1.5966754678e+02, -1.2063780955e+01
-1.5604172317e+02, -1.7591618736e+01
-1.5286164865e+02, -2.2222167890e+01
-1.4994250574e+02, -2.6303846809e+01
-1.4720051286e+02, -2.9997879851e+01
-1.4458898952e+02, -3.3395770705e+01
-1.4207867606e+02, -3.6555860881e+01
-1.3964976231e+02, -3.9518286355e+01
-1.3728808220e+02, -4.2312184871e+01
-1.3498308289e+02, -4.4959576496e+01
-1.3272664935e+02, -4.7477628796e+01
-1.3051238043e+02, -4.9880063257e+01
-1.2833512058e+02, -5.2178072176e+01
-1.2619064469e+02, -5.4380940559e+01
-1.2407543876e+02, -5.6496482029e+01
-1.2198654301e+02, -5.8531352909e+01
-1.1992143697e+02, -6.0491283969e+01
-1.1787795348e+02, -6.2381254932e+01
-1.1585421325e+02, -6.4205628256e+01
-1.1384857424e+02, -6.5968253316e+01
-1.1185959186e+02, -6.7672548681e+01
-1.0988598745e+02, -6.9321567904e+01
-1.0792662291e+02, -7.0918052725e+01
-1.0598048005e+02, -7.2464476537e+01
-1.0404664375e+02, -7.3963080217e+01
-1.0212428798e+02, -7.5415901922e+01
-1.0021266419e+02, -7.6824802056e+01
-9.8311091535e+01, -7.8191484335e+01
-9.6418948661e+01, -7.9517513682e+01
-9.4535666678e+01, -8.0804331517e+01
-9.2660723188e+01, -8.2053268896e+01
-9.0793637140e+01, -8.3265557861e+01
-8.8933964388e+01, -8.4442341295e+01
-8.7081293838e+01, -8.5584681510e+01
-8.5235244091e+01, -8.6693567775e+01
-8.3395460505e+01, -8.7769922922e+01
-8.1561612610e+01, -8.8814609191e+01
-7.9733391840e+01, -8.9828433391e+01
-7.7910509513e+01, -9.0812151501e+01
-7.6092695048e+01, -9.1766472753e+01
-7.4279694372e+01, -9.2692063298e+01
-7.2471268501e+01, -9.3589549482e+01
-7.0667192265e+01, -9.4459520791e+01
-6.8867253167e+01, -9.5302532511e+01
-6.7071250350e+01, -9.6119108119e+01
-6.5278993675e+01, -9.6909741455e+01
-6.3490302871e+01, -9.7674898691e+01
-6.1705006780e+01, -9.8415020112e+01
-5.9922942660e+01, -9.9130521749e+01
-5.8143955553e+01, -9.9821796858e+01
-5.6367897710e+01, -1.0048921727e+02
-5.4594628062e+01, -1.0113313465e+02
-5.2824011737e+01, -1.0175388160e+02
-5.1055919612e+01, -1.0235177272e+02
-4.9290227909e+01, -1.0292710556e+02
-4.7526817815e+01, -1.0348016148e+02
-4.5765575132e+01, -1.0401120649e+02
-4.4006389955e+01, -1.0452049197e+02
-4.2249156373e+01, -1.0500825533e+02
-4.0493772188e+01, -1.0547472070e+02
-3.8740138660e+01, -1.0592009948e+02
-3.6988160259e+01, -1.0634459083e+02
-3.5237744445e+01, -1.0674838226e+02
-3.3488801449e+01, -1.0713165000e+02
-3.1741244079e+01, -1.0749455947e+02
-2.9994987530e+01, -1.0783726563e+02
-2.8249949209e+01, -1.0815991338e+02
-2.6506048566e+01, -1.0846263784e+02
-2.4763206936e+01, -1.0874556469e+02
-2.3021347388e+01, -1.0900881041e+02
-2.1280394585e+01, -1.0925248256e+02
-1.9540274644e+01, -1.0947668001e+02
-1.7800915005e+01, -1.0968149311e+02
-1.6062244309e+01, -1.0986700392e+02
-1.4324192272e+01, -1.1003328637e+02
-1.2586689573e+01, -1.1018040640e+02
-1.0849667738e+01, -1.1030842208e+02
-9.1130590316e+00, -1.1041738378e+02
-7.3767963492e+00, -1.1050733420e+02
-5.6408131126e+00, -1.1057830852e+02
-3.9050431673e+00, -1.1063033441e+02
-2.1694206814e+00, -1.1066343215e+02
-4.3388004540e-01, -1.1067761459e+02
+1.3016442268e+00, -1.1067288727e+02
+3.0372175966e+00, -1.1064924832e+02
+4.7729055994e+00, -1.1060668858e+02
+6.5087739435e+00, -1.1054519147e+02
+8.2448886096e+00, -1.1046473303e+02
+9.9813159513e+00, -1.1036528183e+02
+1.1718122797e+01, -1.1024679896e+02
+1.3455376553e+01, -1.1010923788e+02
+1.5193145312e+01, -1.0995254439e+02
+1.6931497956e+01, -1.0977665649e+02
+1.8670504273e+01, -1.0958150428e+02
+2.0410235071e+01, -1.0936700978e+02
+2.2150762294e+01, -1.0913308680e+02
+2.3892159146e+01, -1.0887964076e+02
+2.5634500221e+01, -1.0860656847e+02
+2.7377861637e+01, -1.0831375795e+02
+2.9122321172e+01, -1.0800108814e+02
+3.0867958414e+01, -1.0766842868e+02
+3.2614854914e+01, -1.0731563960e+02
+3.4363094352e+01, -1.0694257101e+02
+3.6112762702e+01, -1.0654906277e+02
+3.7863948420e+01, -1.0613494409e+02
+3.9616742635e+01, -1.0570003319e+02
+4.1371239355e+01, -1.0524413676e+02
+4.3127535686e+01, -1.0476704960e+02
+4.4885732065e+01, -1.0426855401e+02
+4.6645932514e+01, -1.0374841931e+02
+4.8408244903e+01, -1.0320640116e+02
+5.0172781246e+01, -1.0264224097e+02
+5.1939658006e+01, -1.0205566516e+02
+5.3708996434e+01, -1.0144638436e+02
+5.5480922931e+01, -1.0081409262e+02
+5.7255569441e+01, -1.0015846646e+02
+5.9033073877e+01, -9.9479163892e+01
+6.0813580584e+01, -9.8775823308e+01
+6.2597240847e+01, -9.8048062326e+01
+6.4384213441e+01, -9.7295476481e+01
+6.6174665234e+01, -9.6517637809e+01
+6.7968771848e+01, -9.5714093293e+01
+6.9766718389e+01, -9.4884363164e+01
+7.1568700245e+01, -9.4027939018e+01
+7.3374923969e+01, -9.3144281761e+01
+7.5185608261e+01, -9.2232819320e+01
+7.7000985047e+01, -9.1292944130e+01
+7.8821300687e+01, -9.0324010330e+01
+8.0646817321e+01, -8.9325330660e+01
+8.2477814370e+01, -8.8296172998e+01
+8.4314590221e+01, -8.7235756492e+01
+8.6157464124e+01, -8.6143247224e+01
+8.8006778334e+01, -8.5017753345e+01
+8.9862900528e+01, -8.3858319579e+01
+9.1726226560e+01, -8.2663921016e+01
+9.3597183601e+01, -8.1433456062e+01
+9.5476233734e+01, -8.0165738402e+01
+9.7363878087e+01, -7.8859487805e+01
+9.9260661610e+01, -7.7513319557e+01
+1.0116717862e+02, -7.6125732254e+01
+1.0308407927e+02, -7.4695093639e+01
+1.0501207714e+02, -7.3219624071e+01
+1.0695195820e+02, -7.1697377128e+01
+1.0890459143e+02, -7.0126216691e+01
+1.1087094157e+02, -6.8503789694e+01
+1.1285208445e+02, -6.6827493485e+01
+1.1484922561e+02, -6.5094436402e+01
+1.1686372313e+02, -6.3301389743e+01
+1.1889711595e+02, -6.1444728685e+01
+1.2095115915e+02, -5.9520358816e+01
+1.2302786881e+02, -5.7523623704e+01
+1.2512957944e+02, -5.5449187059e+01
+1.2725901885e+02, -5.3290880257e+01
+1.2941940731e+02, -5.1041501720e+01
+1.3161459146e+02, -4.8692547859e+01
+1.3384922922e+02, -4.6233844239e+01
+1.3612905169e+02, -4.3653026858e+01
+1.3846124564e+02, -4.0934790408e+01
+1.4085503248e+02, -3.8059758867e+01
+1.4332258449e+02, -3.5002712725e+01
+1.8060680976e+02, +8.3940907280e+01
+2.1825736204e+02, +7.1529292194e+01
+1.5137594634e+02, -2.4319203103e+01
+1.9084912896e+02, +7.9951607547e+01
+1.9437654991e+02, +7.8677988860e+01
+1.9796332129e+02, +7.7440473362e+01
+1.4085503248e+02, -3.8059758867e+01
+9.9260661610e+01, -7.7513319557e+01
+1.3267162667e+02, +1.0595459463e+02
+1.3011793583e+02, +1.0714730698e+02
+1.2759280465e+02, +1.0831755387e+02
+1.2509470417e+02, +1.0946508830e+02
+1.2262219235e+02, +1.1058974200e+02
+1.2017391063e+02, +1.1169141324e+02
+1.1774858008e+02, +1.1277005621e+02
+1.1534499729e+02, +1.1382567198e+02
+1.1296203016e+02, +1.1485830065e+02
+1.1059861365e+02, +1.1586801467e+02
+1.0825374563e+02, +1.1685491310e+02
+1.0592648291e+02, +1.1781911669e+02
+1.0361593734e+02, +1.1876076370e+02
+1.0132127219e+02, +1.1968000633e+02
+9.9041698631e+01, +1.2057700768e+02
+9.2286291582e+01, +1.2313630663e+02
+9.0060045326e+01, +1.2394610875e+02
           NaN, -7.1762883257e+02
           NaN, -7.1948905754e+02
           NaN, -7.2122801591e+02
           NaN, -7.2285499375e+02
           NaN, -7.2437846758e+02
           NaN, -7.2580617727e+02
           NaN, -7.2714519358e+02
           NaN, -7.2840197837e+02
           NaN, -7.2958244062e+02
           NaN, -7.3069198694e+02
           NaN, -7.3173556716e+02
           NaN, -7.3271771625e+02
           NaN, -7.3364259231e+02
           NaN, -7.3451401094e+02
           NaN, -7.3533547625e+02
           NaN, -7.3611021015e+02
           NaN, -7.3684117712e+02
           NaN, -7.3753110847e+02
           NaN, -7.3818252319e+02
           NaN, -7.3879774780e+02
           NaN, -7.3937893322e+02
           NaN, -7.3992807151e+02
           NaN, -7.4044700979e+02
           NaN, -7.4093746376e+02
           NaN, -7.4140102962e+02
           NaN, -7.4183919484e+02
           NaN, -7.4225334800e+02
           NaN, -7.4264478774e+02
           NaN, -7.4301473120e+02
           NaN, -7.4336432059e+02
           NaN, -7.4369463044e+02
           NaN, -7.4400667326e+02
           NaN, -7.4430140519e+02
           NaN, -7.4457973009e+02
           NaN, -7.4484250491e+02
           NaN, -7.4509054204e+02
           NaN, -7.4532461381e+02
           NaN, -7.4554545459e+02
           NaN, -7.4575376346e+02
           NaN, -7.4595020646e+02
           NaN, -7.4613541766e+02
           NaN, -7.4631000039e+02
           NaN, -7.4647452850e+02
           NaN, -7.4662954635e+02
           NaN, -7.4677556887e+02
           NaN, -7.4691308077e+02
           NaN, -7.4704253613e+02
           NaN, -7.4716435696e+02
           NaN, -7.4727893056e+02
           NaN, -7.4738660805e+02
           NaN, -7.4748770135e+02
           NaN, -7.4758247850e+02
           NaN, -7.4767116058e+02
           NaN, -7.4775391602e+02
           NaN, -7.4783085528e+02
           NaN, -7.4790202332e+02
           NaN, -7.4796739322e+02
           NaN, -7.4802685581e+02
           NaN, -7.4808021106e+02
           NaN, -7.4812715630e+02
           NaN, -7.4816727304e+02
           NaN, -7.4820001299e+02
           NaN, -7.4822468174e+02
           NaN, -7.4824042010e+02
           NaN, -7.4824618399e+02
           NaN, -7.4824072098e+02
           NaN, -7.4822254408e+02
           NaN, -7.4818990318e+02
           NaN, -7.4814075176e+02
           NaN, -7.4807271070e+02
           NaN, -7.4798302713e+02
           NaN, -7.4786852843e+02
           NaN, -7.4772557157e+02
           NaN, -7.4754998552e+02
           NaN, -7.4733700779e+02
           NaN, -7.4708121266e+02
           NaN, -7.4677643325e+02
           NaN, -7.4641567262e+02
           NaN, -7.4599100678e+02
           NaN, -7.4549347612e+02
           NaN, -7.4491296647e+02
           NaN, -7.4423807677e+02
           NaN, -7.4345597374e+02
           NaN, -7.4255223391e+02
           NaN, -7.4151066828e+02
           NaN, -7.4031313408e+02
           NaN, -7.3893932923e+02
           NaN, -7.3736657251e+02
           NaN, -7.3556956692e+02
           NaN, -7.3352015048e+02
           NaN, -7.3118703371e+02
           NaN, -7.2853552830e+02
           NaN, -7.2552727005e+02
           NaN, -7.2211994293e+02
           NaN, -7.1826700974e+02
-1.1787795348e+02, -6.2381254932e+01
-1.9979426498e+02, +7.6840685600e+01
-1.9616152248e+02, +7.8054471725e+01
-1.9260559245e+02, +7.9310665884e+01
-1.8910622889e+02, +8.0600553399e+01
-1.8566328763e+02, +8.1919371000e+01
-1.8227767636e+02, +8.3262167338e+01
-1.7895006002e+02, +8.4623949279e+01
-1.7568061012e+02, +8.5999818199e+01
-1.7246897363e+02, +8.7385081087e+01
-1.6931431566e+02, +8.8775334758e+01
-1.6621539119e+02, +9.0166523164e+01
-1.6317062627e+02, +9.1554970075e+01
-1.6017819822e+02, +9.2937390933e+01
-1.5723610922e+02, +9.4310888386e+01
-1.5434225041e+02, +9.5672935939e+01
-1.5149445550e+02, +9.7021353726e+01
-1.4869054402e+02, +9.8354279669e+01
-1.4592835515e+02, +9.9670138582e+01
-1.4320577327e+02, +1.0096761106e+02
-1.4052074645e+02, +1.0224560345e+02
-1.3787129935e+02, +1.0350321960e+02
-1.3525554139e+02, +1.0473973507e+02
-1.3267167143e+02, +1.0595457365e+02
-1.3011797973e+02, +1.0714728656e+02
-1.2759284772e+02, +1.0831753399e+02
-1.2509474645e+02, +1.0946506897e+02
-1.2262223387e+02, +1.1058972322e+02
-1.2017395143e+02, +1.1169139499e+02
-1.1774862019e+02, +1.1277003848e+02
-1.1534503674e+02, +1.1382565477e+02
-1.1296206897e+02, +1.1485828395e+02
-1.1059865185e+02, +1.1586799847e+02
-1.0825378324e+02, +1.1685489740e+02
-1.0592651996e+02, +1.1781910147e+02
-1.0361597385e+02, +1.1876074895e+02
-1.0132130817e+02, +1.1967999205e+02
-9.9041734111e+01, +1.2057699385e+02
-9.6776507547e+01, +1.2145192576e+02
-9.4524925974e+01, +1.2230496526e+02
-9.2286325655e+01, +1.2313629410e+02
-9.0060078962e+01, +1.2394609665e+02
-8.7845591885e+01, +1.2473455858e+02
-8.5642301735e+01, +1.2550186575e+02
-8.3449674987e+01, +1.2624820323e+02
-8.1267205298e+01, +1.2697375451e+02
-7.9094411653e+01, +1.2767870081e+02
-7.6930836645e+01, +1.2836322052e+02
-7.4776044886e+01, +1.2902748878e+02
-7.2629621524e+01, +1.2967167703e+02
-7.0491170866e+01, +1.3029595271e+02
-6.8360315103e+01, +1.3090047905e+02
-6.6236693120e+01, +1.3148541480e+02
-6.4119959389e+01, +1.3205091411e+02
-6.2009782942e+01, +1.3259712636e+02
-5.9905846409e+01, +1.3312419612e+02
-5.7807845125e+01, +1.3363226301e+02
-5.5715486293e+01, +1.3412146171e+02
-5.3628488205e+01, +1.3459192190e+02
-5.1546579507e+01, +1.3504376824e+02
-4.9469498520e+01, +1.3547712038e+02
-4.7396992595e+01, +1.3589209295e+02
-4.5328817511e+01, +1.3628879559e+02
-4.3264736910e+01, +1.3666733297e+02
-4.1204521759e+01, +1.3702780481e+02
-3.9147949851e+01, +1.3737030591e+02
-3.7094805328e+01, +1.3769492620e+02
-3.5044878232e+01, +1.3800175074e+02
-3.2997964075e+01, +1.3829085980e+02
-3.0953863440e+01, +1.3856232888e+02
-2.8912381591e+01, +1.3881622874e+02
-2.6873328106e+01, +1.3905262545e+02
-2.4836516530e+01, +1.3927158041e+02
-2.2801764032e+01, +1.3947315040e+02
-2.0768891089e+01, +1.3965738763e+02
-1.8737721171e+01, +1.3982433973e+02
-1.6708080443e+01, +1.3997404981e+02
-1.4679797474e+01, +1.4010655647e+02
-1.2652702957e+01, +1.4022189385e+02
-1.0626629431e+01, +1.4032009164e+02
-8.6014110211e+00, +1.4040117506e+02
-6.5768831687e+00, +1.4046516497e+02
-4.5528823793e+00, +1.4051207778e+02
-2.5292459672e+00, +1.4054192554e+02
-5.0581180495e-01, +1.4055471591e+02
+1.5175819253e+00, +1.4055045216e+02
+3.5410969795e+00, +1.4052913321e+02
+5.5648952993e+00, +1.4049075357e+02
+7.5891392602e+00, +1.4043530342e+02
+9.6139919208e+00, +1.4036276850e+02
+1.1639617275e+01, +1.4027313020e+02
+1.3666180509e+01, +1.4016636548e+02
+1.5693848257e+01, +1.4004244686e+02
+1.7722788868e+01, +1.3990134246e+02
+1.9753172677e+01, +1.3974301589e+02
+2.1785172282e+01, +1.3956742632e+02
+2.3818962828e+01, +1.3937452836e+02
+2.5854722305e+01, +1.3916427210e+02
+2.7892631849e+01, +1.3893660307e+02
+2.9932876062e+01, +1.3869146216e+02
+3.1975643341e+01, +1.3842878564e+02
+3.4021126219e+01, +1.3814850511e+02
+3.6069521726e+01, +1.3785054745e+02
+3.8121031765e+01, +1.3753483476e+02
+4.0175863508e+01, +1.3720128440e+02
+4.2234229809e+01, +1.3684980886e+02
+4.4296349642e+01, +1.3648031580e+02
+4.6362448566e+01, +1.3609270794e+02
+4.8432759212e+01, +1.3568688311e+02
+5.0507521801e+01, +1.3526273414e+02
+5.2586984697e+01, +1.3482014892e+02
+5.4671404985e+01, +1.3435901029e+02
+5.6761049099e+01, +1.3387919610e+02
+5.8856193482e+01, +1.3338057918e+02
+6.0957125292e+01, +1.3286302735e+02
+6.3064143162e+01, +1.3232640346e+02
+6.5177558000e+01, +1.3177056539e+02
+6.7297693860e+01, +1.3119536617e+02
+6.9424888866e+01, +1.3060065401e+02
+7.1559496207e+01, +1.2998627245e+02
+7.3701885202e+01, +1.2935206047e+02
+7.5852442449e+01, +1.2869785272e+02
+7.8011573056e+01, +1.2802347970e+02
+8.0179701965e+01, +1.2732876809e+02
+8.2357275382e+01, +1.2661354108e+02
+8.4544762312e+01, +1.2587761879e+02
+8.6742656213e+01, +1.2512081879e+02
+8.8951476780e+01, +1.2434295671e+02
+9.1171771862e+01, +1.2354384697e+02
+9.3404119532e+01, +1.2272330369e+02
+9.5649130311e+01, +1.2188114168e+02
+9.7907449561e+01, +1.2101717770e+02
+1.0017976006e+02, +1.2013123193e+02
+1.0246678475e+02, +1.1922312966e+02
+1.0476928972e+02, +1.1829270336e+02
+1.0708808731e+02, +1.1733979502e+02
+1.0942403953e+02, +1.1636425901e+02
+1.1177806159e+02, +1.1536596533e+02
+1.1415112566e+02, +1.1434480351e+02
+1.1654426480e+02, +1.1330068715e+02
+1.1895857707e+02, +1.1223355919e+02
+1.2139522971e+02, +1.1114339814e+02
+1.2385546336e+02, +1.1003022532e+02
+1.2634059627e+02, +1.0889411329e+02
+1.2885202828e+02, +1.0773519563e+02
+1.3139124452e+02, +1.0655367833e+02
+1.3395981846e+02, +1.0534985291e+02
+1.3655941413e+02, +1.0412411151e+02
+1.3919178709e+02, +1.0287696417e+02
+1.4185878357e+02, +1.0160905845e+02
+1.4456233735e+02, +1.0032120158e+02
+1.4730446334e+02, +9.9014385084e+01
+1.5008724724e+02, +9.7689811838e+01
+1.5291283002e+02, +9.6348925304e+01
+1.5578338598e+02, +9.4993440212e+01
+1.5870109331e+02, +9.3625373761e+01
+1.6166809563e+02, +9.2247075758e+01
+1.6468645362e+02, +9.0861255518e+01
+1.6775808618e+02, +8.9471002608e+01
+1.7088470132e+02, +8.8079797791e+01
+1.7406771878e+02, +8.6691509900e+01
+1.7730818838e+02, +8.5310374115e+01
+1.8060671184e+02, +8.3940947360e+01
+1.8396338217e+02, +8.2588037696e+01
+1.8737776935e+02, +8.1256606514e+01
+1.9084902847e+02, +7.9951644594e+01
+1.9437644863e+02, +7.8678024649e+01
+1.9796321891e+02, +7.7440507761e+01
