-2.0068733182e+02, -6.0111350354e-01
-2.0600079209e+02, -5.7258251788e-01
-2.1108645933e+02, -5.5039209080e-01
-2.1599170331e+02, -5.3250700784e-01
-2.2074956112e+02, -5.1770609754e-01
-2.2538417986e+02, -5.0520529950e-01
-2.2991385252e+02, -4.9447457321e-01
-2.3435283475e+02, -4.8514075110e-01
-2.3871249349e+02, -4.7693233824e-01
-2.5382567309e+02, +6.3406998812e+01
-2.5552057801e+02, -4.5193286935e-01
-2.2074956112e+02, -5.1770609754e-01
-2.5171682363e+02, +6.3155178679e+01
-2.5552057801e+02, -4.5193286935e-01
-2.5959489647e+02, -4.4708360538e-01
-2.6362716142e+02, -4.4264442173e-01
-2.6762084727e+02, -4.3856344021e-01
-2.7157899914e+02, -4.3479745999e-01
-2.7550430300e+02, -4.3131017664e-01
-2.7939914180e+02, -4.2807082910e-01
-2.8326564077e+02, -4.2505315776e-01
-2.8710570441e+02, -4.2223459260e-01
-2.9092104688e+02, -4.1959561344e-01
-2.9471321729e+02, -4.1711924091e-01
-2.9960739706e+02, +5.7138652185e+01
-3.0596413164e+02, -4.1052602058e-01
-3.2799625682e+02, -4.0018791918e-01
-2.9848362077e+02, -4.1479062747e-01
-3.0666416581e+02, +5.8220052718e+01
-3.1337155259e+02, -4.0671448400e-01
-3.1705026470e+02, -4.0495645290e-01
-3.2071344739e+02, -4.0328693491e-01
-3.2436187281e+02, -4.0169938989e-01
-3.2799625682e+02, -4.0018791918e-01
-3.3161726440e+02, -3.9874718735e-01
-3.3522551448e+02, -3.9737235541e-01
-3.3882158416e+02, -3.9605902335e-01
-3.4240601245e+02, -3.9480318068e-01
-3.4597930360e+02, -3.9360116348e-01
-3.4954193011e+02, -3.9244961722e-01
-3.5309433530e+02, -3.9134546421e-01
-3.5663693579e+02, -3.9028587522e-01
-3.6017012356e+02, -3.8926824449e-01
-3.6369426788e+02, -3.8829016780e-01
-3.6720971711e+02, -3.8734942308e-01
-3.7071680020e+02, -3.8644395320e-01
-3.8220010339e+02, +5.6528500942e+01
-3.8119088048e+02, -3.8392078764e-01
-3.8813704933e+02, -3.8238348927e-01
-4.3270245001e+02, -3.7451510649e-01
-3.7421582815e+02, -3.8557185079e-01
-3.8466744815e+02, -3.8313864594e-01
-3.8813704933e+02, -3.8238348927e-01
-3.9929068911e+02, +5.3806309868e+01
-3.9850638100e+02, -3.8026700371e-01
-4.0195038774e+02, -3.7960726918e-01
-4.0538851065e+02, -3.7896864604e-01
-4.0882093668e+02, -3.7835017006e-01
-4.1224784429e+02, -3.7775093489e-01
-4.1566940400e+02, -3.7717008775e-01
-4.1908577882e+02, -3.7660682547e-01
-4.2249712467e+02, -3.7606039095e-01
-4.2590359082e+02, -3.7553006984e-01
-4.2930532026e+02, -3.7501518754e-01
-4.3270245001e+02, -3.7451510649e-01
-4.3609511148e+02, -3.7402922362e-01
-4.3948343076e+02, -3.7355696802e-01
-4.4286752891e+02, -3.7309779885e-01
-4.4624752219e+02, -3.7265120333e-01
-4.4962352238e+02, -3.7221669498e-01
-4.5299563691e+02, -3.7179381192e-01
-4.5636396917e+02, -3.7138211532e-01
-4.5972861865e+02, -3.7098118799e-01
-4.6308968115e+02, -3.7059063307e-01
-4.6644724897e+02, -3.7021007276e-01
-4.6980141106e+02, -3.6983914724e-01
-4.7315225320e+02, -3.6947751354e-01
-4.7649985811e+02, -3.6912484464e-01
-4.7984430564e+02, -3.6878082851e-01
-4.8318567285e+02, -3.6844516724e-01
-4.8652403419e+02, -3.6811757631e-01
-4.8985946156e+02, -3.6779778377e-01
-4.9319202447e+02, -3.6748552962e-01
-4.9652179012e+02, -3.6718056511e-01
-4.9984882349e+02, -3.6688265219e-01
-5.0317318747e+02, -3.6659156288e-01
-5.0649494292e+02, -3.6630707879e-01
-5.0981414874e+02, -3.6602899060e-01
-5.1313086201e+02, -3.6575709760e-01
-5.1644513800e+02, -3.6549120725e-01
-5.1975703028e+02, -3.6523113478e-01
-5.2306659078e+02, -3.6497670279e-01
-5.2637386985e+02, -3.6472774089e-01
-5.2967891632e+02, -3.6448408534e-01
-5.3298177759e+02, -3.6424557879e-01
-5.3628249963e+02, -3.6401206990e-01
-5.3628249963e+02, -3.6401206990e-01
-5.3478195775e+02, +5.2547877885e+01
-5.5496980406e+02, +5.1194162492e+01
-5.5275553946e+02, -3.6291458202e-01
-5.5604431989e+02, -3.6270818543e-01
-5.5933124799e+02, -3.6250587424e-01
-5.6261636030e+02, -3.6230753641e-01
-5.6589969234e+02, -3.6211306384e-01
-5.7377183646e+02, +5.0424009521e+01
-5.7573934780e+02, -3.6155181272e-01
-5.8229082622e+02, -3.6119515341e-01
-5.8883595901e+02, -3.6085166085e-01
-5.9864226573e+02, -3.6035966354e-01
-6.2473059338e+02, -3.5917007496e-01
-5.4705004976e+02, +5.0605725070e+01
-5.6918127866e+02, -3.6192235223e-01
-5.7901589523e+02, -3.6137179378e-01
-5.8556417100e+02, -3.6102180400e-01
-5.9210621895e+02, -3.6068464209e-01
-5.9537497877e+02, -3.6052066852e-01
-5.9597990883e+02, +5.1565724391e+01
-6.0517252670e+02, -3.6004626521e-01
-6.0843555189e+02, -3.5989373066e-01
-6.1169720662e+02, -3.5974388210e-01
-6.1495751495e+02, -3.5959665440e-01
-6.1821650033e+02, -3.5945198444e-01
-6.2147418569e+02, -3.5930981105e-01
-6.2473059338e+02, -3.5917007496e-01
-6.2473059338e+02, -3.5917007496e-01
-6.2426346825e+02, +5.0604232385e+01
-6.6755965854e+02, +6.7654176234e+01
-6.4654616867e+02, +4.9841747061e+01
-6.4749144359e+02, -3.5825554998e-01
-6.4083047589e+02, +4.5136209962e+01
-6.5073837464e+02, -3.5813338153e-01
-6.5398420727e+02, -3.5801319066e-01
-6.5722895920e+02, -3.5789493346e-01
-6.6047264777e+02, -3.5777856726e-01
-6.6371528993e+02, -3.5766405060e-01
-6.6695690225e+02, -3.5755134319e-01
-6.7019750097e+02, -3.5744040585e-01
-6.7343710195e+02, -3.5733120049e-01
-6.7667572073e+02, -3.5722369009e-01
-6.7991337250e+02, -3.5711783861e-01
-6.8315007215e+02, -3.5701361101e-01
-6.8638583423e+02, -3.5691097321e-01
-6.8962067301e+02, -3.5680989201e-01
-6.9285460246e+02, -3.5671033512e-01
-6.9608763623e+02, -3.5661227111e-01
-6.9931978774e+02, -3.5651566936e-01
-7.0255107010e+02, -3.5642050007e-01
-7.0578149615e+02, -3.5632673421e-01
-7.0901107850e+02, -3.5623434350e-01
-7.1223982948e+02, -3.5614330039e-01
-7.1546776119e+02, -3.5605357803e-01
-7.1869488548e+02, -3.5596515026e-01
-7.2192121397e+02, -3.5587799158e-01
-7.2514675805e+02, -3.5579207713e-01
-7.2837152888e+02, -3.5570738267e-01
-7.3159553743e+02, -3.5562388456e-01
-7.3481879442e+02, -3.5554155976e-01
-7.3804131040e+02, -3.5546038578e-01
-7.4126309569e+02, -3.5538034068e-01
-7.4448416043e+02, -3.5530140307e-01
-7.4770451456e+02, -3.5522355205e-01
-7.5092416784e+02, -3.5514676725e-01
-7.5414312985e+02, -3.5507102877e-01
-7.5736140998e+02, -3.5499631718e-01
-7.6057901746e+02, -3.5492261353e-01
-7.6379596133e+02, -3.5484989930e-01
-7.6701225048e+02, -3.5477815641e-01
-7.7022789364e+02, -3.5470736719e-01
-7.7344289937e+02, -3.5463751438e-01
-7.7665727609e+02, -3.5456858115e-01
-7.7987103206e+02, -3.5450055101e-01
-7.8308417538e+02, -3.5443340787e-01
-7.8629671403e+02, -3.5436713601e-01
-7.8950865583e+02, -3.5430172004e-01
-7.9272000848e+02, -3.5423714495e-01
-7.9593077953e+02, -3.5417339603e-01
-7.9914097641e+02, -3.5411045892e-01
-8.0235060641e+02, -3.5404831958e-01
-8.0555967669e+02, -3.5398696426e-01
-8.0876819431e+02, -3.5392637952e-01
-8.1197616618e+02, -3.5386655222e-01
-8.1518359913e+02, -3.5380746951e-01
-8.1839049983e+02, -3.5374911878e-01
-8.2159687488e+02, -3.5369148774e-01
-8.2480273073e+02, -3.5363456433e-01
-8.2800807374e+02, -3.5357833677e-01
-8.3121291019e+02, -3.5352279349e-01
-8.3441724620e+02, -3.5346792322e-01
-8.3762108784e+02, -3.5341371488e-01
-8.4082444106e+02, -3.5336015763e-01
-8.4402731171e+02, -3.5330724089e-01
-8.4722970554e+02, -3.5325495424e-01
-8.5043162823e+02, -3.5320328753e-01
-8.5363308535e+02, -3.5315223079e-01
-8.5683408238e+02, -3.5310177425e-01
-8.6003462472e+02, -3.5305190836e-01
-8.6323471769e+02, -3.5300262373e-01
-8.6643436650e+02, -3.5295391119e-01
-8.6963357630e+02, -3.5290576175e-01
-8.7283235216e+02, -3.5285816657e-01
-8.7603069907e+02, -3.5281111703e-01
-8.7922862193e+02, -3.5276460465e-01
-8.8242612556e+02, -3.5271862111e-01
-8.8562321474e+02, -3.5267315829e-01
-8.8881989414e+02, -3.5262820820e-01
-8.9201616837e+02, -3.5258376301e-01
-8.9521204198e+02, -3.5253981503e-01
-8.9840751944e+02, -3.5249635676e-01
-9.0160260515e+02, -3.5245338079e-01
-9.0479730346e+02, -3.5241087988e-01
-9.0799161863e+02, -3.5236884694e-01
-9.1118555489e+02, -3.5232727498e-01
-9.1437911636e+02, -3.5228615718e-01
-9.1757230715e+02, -3.5224548682e-01
-9.2076513128e+02, -3.5220525731e-01
-9.2395759271e+02, -3.5216546219e-01
-9.2714969536e+02, -3.5212609513e-01
-9.3034144307e+02, -3.5208714989e-01
-9.3353283964e+02, -3.5204862036e-01
-9.3672388882e+02, -3.5201050055e-01
-9.3991459428e+02, -3.5197278457e-01
-9.4310495967e+02, -3.5193546664e-01
-9.4629498857e+02, -3.5189854107e-01
-9.4948468450e+02, -3.5186200230e-01
-9.5267405095e+02, -3.5182584485e-01
-9.5586309135e+02, -3.5179006335e-01
-9.5905180909e+02, -3.5175465251e-01
-9.6224020750e+02, -3.5171960715e-01
-9.6542828986e+02, -3.5168492217e-01
-9.6861605944e+02, -3.5165059257e-01
-9.7180351942e+02, -3.5161661343e-01
-9.7499067295e+02, -3.5158297993e-01
-9.7817752316e+02, -3.5154968730e-01
-9.8136407311e+02, -3.5151673090e-01
-9.8455032582e+02, -3.5148410614e-01
-9.8773628428e+02, -3.5145180851e-01
-9.9092195144e+02, -3.5141983359e-01
-9.9410733021e+02, -3.5138817702e-01
-9.9729242344e+02, -3.5135683452e-01
-1.0004772340e+03, -3.5132580190e-01
-1.0036617646e+03, -3.5129507502e-01
-1.0068460180e+03, -3.5126464982e-01
-1.0100299971e+03, -3.5123452229e-01
-1.0132137043e+03, -3.5120468852e-01
-1.0163971424e+03, -3.5117514464e-01
-1.0195803141e+03, -3.5114588684e-01
-1.0227632218e+03, -3.5111691140e-01
-1.0259458681e+03, -3.5108821464e-01
-1.0291282555e+03, -3.5105979295e-01
-1.0323103865e+03, -3.5103164277e-01
-1.0354922636e+03, -3.5100376060e-01
-1.0386738891e+03, -3.5097614300e-01
-1.0418552655e+03, -3.5094878660e-01
-1.0450363950e+03, -3.5092168806e-01
-1.0482172801e+03, -3.5089484410e-01
-1.0513979230e+03, -3.5086825150e-01
-1.0545783260e+03, -3.5084190710e-01
-1.0577584912e+03, -3.5081580777e-01
-1.0609384210e+03, -3.5078995043e-01
-1.0641181175e+03, -3.5076433206e-01
-1.0672975828e+03, -3.5073894970e-01
-1.0704768191e+03, -3.5071380041e-01
-1.0736558285e+03, -3.5068888130e-01
-1.0768346130e+03, -3.5066418954e-01
-1.0800131747e+03, -3.5063972234e-01
-1.0831915157e+03, -3.5061547695e-01
-1.0863696378e+03, -3.5059145066e-01
-1.0895475432e+03, -3.5056764079e-01
-1.0927252337e+03, -3.5054404474e-01
-1.0959027112e+03, -3.5052065990e-01
-1.0990799778e+03, -3.5049748375e-01
-1.1022570351e+03, -3.5047451376e-01
-1.1054338852e+03, -3.5045174747e-01
-1.1086105299e+03, -3.5042918245e-01
-1.1117869709e+03, -3.5040681631e-01
-1.1149632100e+03, -3.5038464668e-01
-1.1181392491e+03, -3.5036267125e-01
-1.1213150898e+03, -3.5034088771e-01
-1.1244907339e+03, -3.5031929383e-01
-1.1276661832e+03, -3.5029788737e-01
-1.1308414392e+03, -3.5027666614e-01
-1.1340165037e+03, -3.5025562800e-01
-1.1371913783e+03, -3.5023477081e-01
-1.1403660647e+03, -3.5021409249e-01
-1.1435405644e+03, -3.5019359096e-01
-1.1467148791e+03, -3.5017326419e-01
-1.1498890103e+03, -3.5015311019e-01
-1.1530629596e+03, -3.5013312698e-01
-1.1562367285e+03, -3.5011331260e-01
-1.1594103186e+03, -3.5009366515e-01
-1.1625837313e+03, -3.5007418272e-01
-1.1657569682e+03, -3.5005486347e-01
-1.1689300306e+03, -3.5003570554e-01
-1.1721029201e+03, -3.5001670713e-01
-1.1752756382e+03, -3.4999786645e-01
-1.1784481861e+03, -3.4997918174e-01
-1.1816205654e+03, -3.4996065127e-01
-1.1847927774e+03, -3.4994227332e-01
-1.1879648235e+03, -3.4992404620e-01
-1.1911367050e+03, -3.4990596826e-01
-1.1943084234e+03, -3.4988803785e-01
-1.1974799799e+03, -3.4987025336e-01
-1.2006513758e+03, -3.4985261318e-01
-1.2038226124e+03, -3.4983511574e-01
-1.2069936911e+03, -3.4981775950e-01
-1.2101646131e+03, -3.4980054292e-01
-1.2133353797e+03, -3.4978346448e-01
-1.2165059921e+03, -3.4976652271e-01
-1.2196764515e+03, -3.4974971613e-01
-1.2228467592e+03, -3.4973304329e-01
-1.2260169163e+03, -3.4971650276e-01
-1.2291869241e+03, -3.4970009314e-01
-1.2323567837e+03, -3.4968381302e-01
-1.2355264964e+03, -3.4966766105e-01
-1.2386960632e+03, -3.4965163585e-01
-1.2418654853e+03, -3.4963573610e-01
-1.2450347638e+03, -3.4961996048e-01
-1.2482039000e+03, -3.4960430768e-01
-1.2513728947e+03, -3.4958877642e-01
-1.2545417493e+03, -3.4957336544e-01
-1.2577104646e+03, -3.4955807347e-01
-1.2608790419e+03, -3.4954289930e-01
-1.2640474822e+03, -3.4952784170e-01
-1.2672157865e+03, -3.4951289946e-01
-1.2703839559e+03, -3.4949807141e-01
-1.2735519913e+03, -3.4948335636e-01
-1.2767198939e+03, -3.4946875317e-01
-1.2798876647e+03, -3.4945426069e-01
-1.2830553045e+03, -3.4943987780e-01
-1.2862228145e+03, -3.4942560337e-01
-1.2893901955e+03, -3.4941143632e-01
-1.2925574487e+03, -3.4939737557e-01
-1.2957245748e+03, -3.4938342003e-01
-1.2988915749e+03, -3.4936956865e-01
-1.3020584499e+03, -3.4935582040e-01
-1.3052252008e+03, -3.4934217423e-01
-1.3083918284e+03, -3.4932862913e-01
-1.3115583337e+03, -3.4931518410e-01
-1.3147247176e+03, -3.4930183815e-01
-1.3178909809e+03, -3.4928859029e-01
-1.3210571246e+03, -3.4927543956e-01
-1.3242231495e+03, -3.4926238501e-01
-1.3273890565e+03, -3.4924942568e-01
-1.3305548465e+03, -3.4923656064e-01
-1.3337205203e+03, -3.4922378899e-01
-1.3368860787e+03, -3.4921110980e-01
-1.3400515226e+03, -3.4919852218e-01
-1.3432168528e+03, -3.4918602524e-01
-1.3463820702e+03, -3.4917361810e-01
-1.3495471754e+03, -3.4916129991e-01
-1.3527121695e+03, -3.4914906980e-01
-1.3558770530e+03, -3.4913692692e-01
-1.3590418269e+03, -3.4912487046e-01
-1.3622064918e+03, -3.4911289957e-01
-1.3653710487e+03, -3.4910101345e-01
-1.3685354982e+03, -3.4908921129e-01
-1.3716998410e+03, -3.4907749229e-01
-1.3748640781e+03, -3.4906585567e-01
-1.3780282100e+03, -3.4905430065e-01
-1.3811922375e+03, -3.4904282647e-01
-1.3843561614e+03, -3.4903143237e-01
-1.3875199823e+03, -3.4902011759e-01
-1.3906837011e+03, -3.4900888140e-01
-1.3938473183e+03, -3.4899772306e-01
-1.3970108348e+03, -3.4898664186e-01
-1.4001742512e+03, -3.4897563707e-01
-1.4033375681e+03, -3.4896470799e-01
-1.4065007863e+03, -3.4895385392e-01
-1.4096639065e+03, -3.4894307418e-01
-1.4128269293e+03, -3.4893236807e-01
-1.4159898553e+03, -3.4892173493e-01
-1.4191526853e+03, -3.4891117409e-01
-1.4223154199e+03, -3.4890068489e-01
-1.4254780598e+03, -3.4889026667e-01
-1.4286406055e+03, -3.4887991880e-01
-1.4318030577e+03, -3.4886964063e-01
-1.4349654171e+03, -3.4885943155e-01
-1.4381276843e+03, -3.4884929092e-01
-1.4412898598e+03, -3.4883921813e-01
-1.4444519443e+03, -3.4882921257e-01
-1.4476139385e+03, -3.4881927364e-01
-1.4507758428e+03, -3.4880940075e-01
-1.4539376580e+03, -3.4879959330e-01
-1.4570993845e+03, -3.4878985072e-01
-1.4602610230e+03, -3.4878017244e-01
-1.4634225741e+03, -3.4877055787e-01
-1.4665840383e+03, -3.4876100647e-01
-1.4697454162e+03, -3.4875151768e-01
-1.4729067084e+03, -3.4874209093e-01
-1.4760679154e+03, -3.4873272570e-01
-1.4792290378e+03, -3.4872342145e-01
-1.4823900761e+03, -3.4871417763e-01
-1.4855510309e+03, -3.4870499373e-01
-1.4887119028e+03, -3.4869586923e-01
-1.4918726921e+03, -3.4868680360e-01
-1.4950333996e+03, -3.4867779635e-01
-1.4981940257e+03, -3.4866884696e-01
-1.5013545709e+03, -3.4865995495e-01
-1.5045150358e+03, -3.4865111981e-01
-1.5076754208e+03, -3.4864234107e-01
-1.5108357266e+03, -3.4863361823e-01
-1.5139959535e+03, -3.4862495082e-01
-1.5171561021e+03, -3.4861633837e-01
-1.5203161728e+03, -3.4860778041e-01
-1.5234761663e+03, -3.4859927649e-01
-1.5266360828e+03, -3.4859082613e-01
-1.5297959231e+03, -3.4858242890e-01
-1.5329556874e+03, -3.4857408435e-01
-1.5361153764e+03, -3.4856579202e-01
-1.5392749904e+03, -3.4855755149e-01
-1.5424345299e+03, -3.4854936232e-01
-1.5455939955e+03, -3.4854122408e-01
-1.5487533875e+03, -3.4853313635e-01
-1.5519127064e+03, -3.4852509871e-01
-1.5550719527e+03, -3.4851711074e-01
-1.5582311268e+03, -3.4850917203e-01
-1.5613902292e+03, -3.4850128218e-01
-1.5645492602e+03, -3.4849344078e-01
-1.5677082204e+03, -3.4848564743e-01
-1.5708671102e+03, -3.4847790174e-01
-1.5740259300e+03, -3.4847020332e-01
-1.5771846802e+03, -3.4846255178e-01
-1.5803433612e+03, -3.4845494675e-01
-1.5835019736e+03, -3.4844738784e-01
-1.5866605176e+03, -3.4843987467e-01
-1.5898189937e+03, -3.4843240688e-01
-1.5929774023e+03, -3.4842498410e-01
-1.5961357439e+03, -3.4841760597e-01
-1.5992940187e+03, -3.4841027213e-01
-1.6024522273e+03, -3.4840298222e-01
-1.6056103700e+03, -3.4839573588e-01
-1.6087684472e+03, -3.4838853278e-01
-1.6119264594e+03, -3.4838137256e-01
-1.6150844068e+03, -3.4837425489e-01
-1.6182422898e+03, -3.4836717942e-01
-1.6214001090e+03, -3.4836014582e-01
-1.6245578645e+03, -3.4835315376e-01
-1.6277155569e+03, -3.4834620291e-01
-1.6308731864e+03, -3.4833929295e-01
-1.6340307535e+03, -3.4833242355e-01
-1.6371882585e+03, -3.4832559439e-01
-1.6403457018e+03, -3.4831880516e-01
-1.6435030837e+03, -3.4831205555e-01
-1.6466604046e+03, -3.4830534525e-01
-1.6498176649e+03, -3.4829867394e-01
-1.6529748648e+03, -3.4829204134e-01
-1.6561320048e+03, -3.4828544713e-01
-1.6592890853e+03, -3.4827889102e-01
-1.6624461064e+03, -3.4827237271e-01
-1.6656030686e+03, -3.4826589192e-01
-1.6687599723e+03, -3.4825944835e-01
-1.6719168177e+03, -3.4825304172e-01
-1.6750736052e+03, -3.4824667174e-01
-1.6782303352e+03, -3.4824033814e-01
-1.6813870079e+03, -3.4823404064e-01
-1.6845436236e+03, -3.4822777895e-01
-1.6877001828e+03, -3.4822155282e-01
-1.6908566857e+03, -3.4821536196e-01
-1.6940131326e+03, -3.4820920611e-01
-1.6971695239e+03, -3.4820308501e-01
-1.7003258598e+03, -3.4819699839e-01
-1.7034821408e+03, -3.4819094600e-01
-1.7066383670e+03, -3.4818492757e-01
-1.7097945388e+03, -3.4817894285e-01
-1.7129506565e+03, -3.4817299160e-01
-1.7161067205e+03, -3.4816707355e-01
-1.7192627309e+03, -3.4816118846e-01
-1.7224186881e+03, -3.4815533608e-01
-1.7255745925e+03, -3.4814951618e-01
-1.7287304442e+03, -3.4814372850e-01
-1.7318862436e+03, -3.4813797282e-01
-1.7350419910e+03, -3.4813224889e-01
-1.7381976866e+03, -3.4812655649e-01
-1.7413533308e+03, -3.4812089537e-01
-1.7445089238e+03, -3.4811526531e-01
-1.7476644659e+03, -3.4810966608e-01
-1.7508199574e+03, -3.4810409745e-01
-1.7539753985e+03, -3.4809855921e-01
-1.7571307896e+03, -3.4809305113e-01
-1.7602861309e+03, -3.4808757298e-01
-1.7634414227e+03, -3.4808212456e-01
-1.7665966652e+03, -3.4807670564e-01
-1.7697518587e+03, -3.4807131601e-01
-1.7729070035e+03, -3.4806595547e-01
-1.7760620998e+03, -3.4806062380e-01
-1.7792171480e+03, -3.4805532078e-01
-1.7823721482e+03, -3.4805004623e-01
-1.7855271007e+03, -3.4804479993e-01
-1.7886820058e+03, -3.4803958168e-01
-1.7918368637e+03, -3.4803439127e-01
-1.7949916747e+03, -3.4802922852e-01
-1.7981464390e+03, -3.4802409322e-01
-1.8013011569e+03, -3.4801898518e-01
-1.8044558286e+03, -3.4801390421e-01
-1.8076104543e+03, -3.4800885011e-01
-1.8107650344e+03, -3.4800382269e-01
-1.8139195690e+03, -3.4799882176e-01
-1.8170740584e+03, -3.4799384715e-01
-1.8202285029e+03, -3.4798889866e-01
+1.5882667871e+02, -8.6334918165e+00
+1.5483107220e+02, -1.4880791835e+01
+1.5148078241e+02, -1.9858933127e+01
+1.4846047650e+02, -2.4156111614e+01
+1.4565081337e+02, -2.7999970027e+01
+1.4299081740e+02, -3.1509124353e+01
+1.4044420839e+02, -3.4755426301e+01
+1.3798726942e+02, -3.7786636246e+01
+1.3560346480e+02, -4.0636580151e+01
+1.3328071063e+02, -4.3330348213e+01
+1.3100985347e+02, -4.5887217942e+01
+1.2878376036e+02, -4.8322417386e+01
+1.2659674369e+02, -5.0648248478e+01
+1.2444418139e+02, -5.2874834791e+01
+1.2232225681e+02, -5.5010637514e+01
+1.2022777512e+02, -5.7062822363e+01
+1.1815803030e+02, -5.9037527232e+01
+1.1611070673e+02, -6.0940061777e+01
+1.1408380483e+02, -6.2775059107e+01
+1.1207558399e+02, -6.4546593026e+01
+1.1008451815e+02, -6.6258269987e+01
+1.0810926065e+02, -6.7913302192e+01
+1.0614861621e+02, -6.9514566376e+01
+1.0420151820e+02, -7.1064651599e+01
+1.0226701023e+02, -7.2565898465e+01
+1.0034423085e+02, -7.4020431612e+01
+9.8432400968e+01, -7.5430186816e+01
+9.6530813277e+01, -7.6796933799e+01
+9.4638823358e+01, -7.8122295532e+01
+9.2755842156e+01, -7.9407764678e+01
+9.0881329555e+01, -8.0654717694e+01
+8.9014788880e+01, -8.1864426973e+01
+8.7155762155e+01, -8.3038071360e+01
+8.5303826001e+01, -8.4176745303e+01
+8.3458588069e+01, -8.5281466849e+01
+8.1619683926e+01, -8.6353184657e+01
+7.9786774323e+01, -8.7392784181e+01
+7.7959542792e+01, -8.8401093131e+01
+7.6137693522e+01, -8.9378886316e+01
+7.4320949482e+01, -9.0326889959e+01
+7.2509050743e+01, -9.1245785544e+01
+7.0701752991e+01, -9.2136213259e+01
+6.8898826192e+01, -9.2998775088e+01
+6.7100053395e+01, -9.3834037589e+01
+6.5305229655e+01, -9.4642534407e+01
+6.3514161066e+01, -9.5424768535e+01
+6.1726663878e+01, -9.6181214370e+01
+5.9942563710e+01, -9.6912319573e+01
+5.8161694822e+01, -9.7618506768e+01
+5.6383899462e+01, -9.8300175076e+01
+5.4609027263e+01, -9.8957701529e+01
+5.2836934699e+01, -9.9591442354e+01
+5.1067484579e+01, -1.0020173414e+02
+4.9300545590e+01, -1.0078889494e+02
+4.7535991869e+01, -1.0135322522e+02
+4.5773702614e+01, -1.0189500880e+02
+4.4013561724e+01, -1.0241451366e+02
+4.2255457464e+01, -1.0291199273e+02
+4.0499282153e+01, -1.0338768457e+02
+3.8744931878e+01, -1.0384181405e+02
+3.6992306226e+01, -1.0427459290e+02
+3.5241308033e+01, -1.0468622032e+02
+3.3491843149e+01, -1.0507688341e+02
+3.1743820221e+01, -1.0544675771e+02
+2.9997150485e+01, -1.0579600758e+02
+2.8251747571e+01, -1.0612478662e+02
+2.6507527323e+01, -1.0643323802e+02
+2.4764407626e+01, -1.0672149488e+02
+2.3022308238e+01, -1.0698968053e+02
+2.1281150637e+01, -1.0723790882e+02
+1.9540857873e+01, -1.0746628433e+02
+1.7801354423e+01, -1.0767490264e+02
+1.6062566057e+01, -1.0786385052e+02
+1.4324419707e+01, -1.0803320612e+02
+1.2586843341e+01, -1.0818303912e+02
+1.0849765838e+01, -1.0831341090e+02
+9.1131168732e+00, -1.0842437466e+02
+7.3768268005e+00, -1.0851597551e+02
+5.6408265401e+00, -1.0858825061e+02
+3.9050474681e+00, -1.0864122918e+02
+2.1694213072e+00, -1.0867493262e+02
+4.3388001951e-01, -1.0868937452e+02
-1.3016443001e+00, -1.0868456072e+02
-3.0372195304e+00, -1.0866048925e+02
-4.7729136298e+00, -1.0861715044e+02
-6.5087947422e+00, -1.0855452677e+02
-8.2449313048e+00, -1.0847259294e+02
-9.9813921558e+00, -1.0837131578e+02
-1.1718246644e+01, -1.0825065415e+02
-1.3455564741e+01, -1.0811055891e+02
-1.5193417155e+01, -1.0795097280e+02
-1.6931875447e+01, -1.0777183030e+02
-1.8671012151e+01, -1.0757305750e+02
-2.0410900902e+01, -1.0735457199e+02
-2.2151616559e+01, -1.0711628259e+02
-2.3893235340e+01, -1.0685808927e+02
-2.5635834963e+01, -1.0657988283e+02
-2.7379494792e+01, -1.0628154473e+02
-2.9124295984e+01, -1.0596294677e+02
-3.0870321656e+01, -1.0562395085e+02
-3.2617657047e+01, -1.0526440863e+02
-3.4366389700e+01, -1.0488416117e+02
-3.6116609649e+01, -1.0448303857e+02
-3.7868409620e+01, -1.0406085957e+02
-3.9621885241e+01, -1.0361743107e+02
-4.1377135269e+01, -1.0315254768e+02
-4.3134261837e+01, -1.0266599118e+02
-4.4893370706e+01, -1.0215752992e+02
-4.6654571545e+01, -1.0162691824e+02
-4.8417978235e+01, -1.0107389578e+02
-5.0183709183e+01, -1.0049818674e+02
-5.1951887673e+01, -9.9899499078e+01
-5.3722642244e+01, -9.9277523661e+01
-5.5496107092e+01, -9.8631933297e+01
-5.7272422515e+01, -9.7962381716e+01
-5.9051735395e+01, -9.7268502443e+01
-6.0834199719e+01, -9.6549907569e+01
-6.2619977156e+01, -9.5806186404e+01
-6.4409237679e+01, -9.5036904010e+01
-6.6202160260e+01, -9.4241599578e+01
-6.7998933622e+01, -9.3419784658e+01
-6.9799757076e+01, -9.2570941200e+01
-7.1604841441e+01, -9.1694519400e+01
-7.3414410069e+01, -9.0789935317e+01
-7.5228699977e+01, -8.9856568231e+01
-7.7047963109e+01, -8.8893757713e+01
-7.8872467748e+01, -8.7900800365e+01
-8.0702500094e+01, -8.6876946179e+01
-8.2538366038e+01, -8.5821394465e+01
-8.4380393155e+01, -8.4733289284e+01
-8.6228932967e+01, -8.3611714305e+01
-8.8084363501e+01, -8.2455686996e+01
-8.9947092206e+01, -8.1264152043e+01
-9.1817559281e+01, -8.0035973869e+01
-9.3696241503e+01, -7.8769928077e+01
-9.5583656629e+01, -7.7464691652e+01
-9.7480368505e+01, -7.6118831666e+01
-9.9386992999e+01, -7.4730792199e+01
-1.0130420496e+02, -7.3298879127e+01
-1.0323274637e+02, -7.1821242316e+01
-1.0517343607e+02, -7.0295854657e+01
-1.0712718124e+02, -6.8720487225e+01
-1.0909499132e+02, -6.7092679632e+01
-1.1107799471e+02, -6.5409704373e+01
-1.1307745923e+02, -6.3668523572e+01
-1.1509481736e+02, -6.1865736055e+01
-1.1713169750e+02, -5.9997511885e+01
-1.1918996351e+02, -5.8059510503e+01
-1.2127176489e+02, -5.6046777078e+01
-1.2337960188e+02, -5.3953609412e+01
-1.2551641071e+02, -5.1773384326e+01
-1.2768567782e+02, -4.9498327128e+01
-1.2989159559e+02, -4.7119199157e+01
-1.3213928015e+02, -4.4624864175e+01
-1.3443508441e+02, -4.2001669759e+01
-1.3678706312e+02, -3.9232535296e+01
-1.3920569189e+02, -3.6295553129e+01
-1.4170503476e+02, -3.3161735644e+01
-1.4430476150e+02, -2.9791155913e+01
-2.1306285816e+02, +7.1710479364e+01
-1.8588019624e+02, +8.0209351283e+01
-1.8936825627e+02, +7.8932960024e+01
-1.9291266283e+02, +7.7689849813e+01
-1.9653366287e+02, +7.6488741405e+01
-1.9470808778e+02, +7.7082419348e+01
-1.9113294726e+02, +7.8307063564e+01
-1.2832638003e+02, +1.0584792249e+02
-1.2579264369e+02, +1.0701185389e+02
-1.2328646898e+02, +1.0815310382e+02
-1.2080637739e+02, +1.0927146867e+02
-1.1835097530e+02, +1.1036681664e+02
-1.1591895034e+02, +1.1143907645e+02
-1.1350906737e+02, +1.1248822762e+02
-1.1112016431e+02, +1.1351429207e+02
-1.0875114792e+02, +1.1451732690e+02
-1.0640098960e+02, +1.1549741829e+02
-1.0406872134e+02, +1.1645467617e+02
-1.0175343180e+02, +1.1738922976e+02
-9.9454262527e+01, +1.1830122368e+02
-3.3522551448e+02, -3.9737235541e-01
-9.0403278114e+01, +1.2172686503e+02
-8.8173448313e+01, +1.2252856618e+02
           NaN, -7.1695121106e+02
           NaN, -7.1803131606e+02
           NaN, -7.1904635975e+02
           NaN, -7.2000086195e+02
           NaN, -7.2089896183e+02
           NaN, -7.2174445310e+02
           NaN, -7.2254081634e+02
           NaN, -7.2329124803e+02
           NaN, -7.2399868729e+02
           NaN, -7.2466583895e+02
           NaN, -7.2529519643e+02
           NaN, -7.2588906038e+02
           NaN, -7.2644955714e+02
           NaN, -7.2697865475e+02
           NaN, -7.2747817766e+02
           NaN, -7.2794982000e+02
           NaN, -7.2839515740e+02
           NaN, -7.2881565839e+02
           NaN, -7.2921269412e+02
           NaN, -7.2958754685e+02
           NaN, -7.2994141860e+02
           NaN, -7.3027543809e+02
           NaN, -7.3059066772e+02
           NaN, -7.3088810866e+02
           NaN, -7.3116870694e+02
           NaN, -7.3143335722e+02
           NaN, -7.3168290761e+02
           NaN, -7.3191816337e+02
           NaN, -7.3213988923e+02
           NaN, -7.3234881259e+02
           NaN, -7.3254562557e+02
           NaN, -7.3273098669e+02
           NaN, -7.3290552224e+02
           NaN, -7.3306982710e+02
           NaN, -7.3322446472e+02
           NaN, -7.3336996800e+02
           NaN, -7.3350683762e+02
           NaN, -7.3363554188e+02
           NaN, -7.3375651506e+02
           NaN, -7.3387015440e+02
           NaN, -7.3397681924e+02
           NaN, -7.3407682569e+02
           NaN, -7.3417044450e+02
           NaN, -7.3425789454e+02
           NaN, -7.3433933883e+02
           NaN, -7.3441487705e+02
           NaN, -7.3448453880e+02
           NaN, -7.3454827468e+02
           NaN, -7.3460594643e+02
           NaN, -7.3465731596e+02
           NaN, -7.3470203288e+02
           NaN, -7.3473962045e+02
           NaN, -7.3476945844e+02
           NaN, -7.3479076588e+02
           NaN, -7.3480257983e+02
           NaN, -7.3480373280e+02
           NaN, -7.3479282604e+02
           NaN, -7.3476820018e+02
           NaN, -7.3472790304e+02
           NaN, -7.3466965208e+02
           NaN, -7.3459079197e+02
           NaN, -7.3448824970e+02
           NaN, -7.3435848133e+02
           NaN, -7.3419741379e+02
           NaN, -7.3400037969e+02
           NaN, -7.3376204428e+02
           NaN, -7.3347632394e+02
           NaN, -7.3313629587e+02
           NaN, -7.3273409673e+02
           NaN, -7.3226081074e+02
           NaN, -7.3170634521e+02
           NaN, -7.3105929386e+02
           NaN, -7.3030678367e+02
           NaN, -7.2943430972e+02
           NaN, -7.2842555176e+02
           NaN, -7.2726217437e+02
           NaN, -7.2592361136e+02
           NaN, -7.2438683165e+02
           NaN, -7.2262608874e+02
           NaN, -7.2061265500e+02
           NaN, -7.1831454129e+02
           NaN, -7.1569620621e+02
+9.6530813277e+01, -7.6796933799e+01
+1.3798726942e+02, -3.7786636246e+01
+1.9470816473e+02, +7.7082393681e+01
+1.9113302209e+02, +7.8307037315e+01
+1.8761702469e+02, +7.9567369390e+01
+1.8415695222e+02, +8.0858637550e+01
+1.8075348841e+02, +8.2175989291e+01
+1.7740745723e+02, +8.3514458095e+01
+1.7411927315e+02, +8.4869108581e+01
+1.7088883229e+02, +8.6235159163e+01
+1.6771552625e+02, +8.7608078965e+01
+1.6459830208e+02, +8.8983657796e+01
+1.6153573992e+02, +9.0358050309e+01
+1.5852613409e+02, +9.1727797449e+01
+1.5556756997e+02, +9.3089829425e+01
+1.5265799264e+02, +9.4441454725e+01
+1.4979526532e+02, +9.5780339400e+01
+1.4697721745e+02, +9.7104480243e+01
+1.4420168276e+02, +9.8412174768e+01
+1.4146652864e+02, +9.9701990145e+01
+1.3876967779e+02, +1.0097273264e+02
+1.3610912362e+02, +1.0222341855e+02
+1.3348294056e+02, +1.0345324729e+02
+1.3088929029e+02, +1.0466157685e+02
+1.2832642491e+02, +1.0584790179e+02
+1.2579268772e+02, +1.0701183375e+02
+1.2328651219e+02, +1.0815308424e+02
+1.2080641981e+02, +1.0927144964e+02
+1.1835101697e+02, +1.1036679815e+02
+1.1591899129e+02, +1.1143905851e+02
+1.1350910763e+02, +1.1248821021e+02
+1.1112020391e+02, +1.1351427518e+02
+1.0875118689e+02, +1.1451731052e+02
+1.0640102796e+02, +1.1549740242e+02
+1.0406875912e+02, +1.1645466079e+02
+1.0175346901e+02, +1.1738921486e+02
+9.9454299201e+01, +1.1830120927e+02
+9.7170440602e+01, +1.1919080078e+02
+9.4901130149e+01, +1.2005815556e+02
+9.2645647643e+01, +1.2090344674e+02
+9.0403312813e+01, +1.2172685242e+02
+8.8173482560e+01, +1.2252855400e+02
+8.5955548401e+01, +1.2330873466e+02
+8.3748934082e+01, +1.2406757819e+02
+8.1553093359e+01, +1.2480526795e+02
+7.9367507940e+01, +1.2552198596e+02
+7.7191685573e+01, +1.2621791225e+02
+7.5025158267e+01, +1.2689322414e+02
+7.2867480643e+01, +1.2754809586e+02
+7.0718228404e+01, +1.2818269801e+02
+6.8576996911e+01, +1.2879719729e+02
+6.6443399862e+01, +1.2939175618e+02
+6.4317068060e+01, +1.2996653274e+02
+6.2197648273e+01, +1.3052168039e+02
+6.0084802165e+01, +1.3105734778e+02
+5.7978205307e+01, +1.3157367870e+02
+5.5877546250e+01, +1.3207081196e+02
+5.3782525659e+01, +1.3254888136e+02
+5.1692855509e+01, +1.3300801561e+02
+4.9608258326e+01, +1.3344833837e+02
+4.7528466480e+01, +1.3386996816e+02
+4.5453221525e+01, +1.3427301842e+02
+4.3382273567e+01, +1.3465759749e+02
+4.1315380687e+01, +1.3502380864e+02
+3.9252308379e+01, +1.3537175009e+02
+3.7192829039e+01, +1.3570151503e+02
+3.5136721461e+01, +1.3601319166e+02
+3.3083770382e+01, +1.3630686320e+02
+3.1033766029e+01, +1.3658260796e+02
+2.8986503705e+01, +1.3684049936e+02
+2.6941783389e+01, +1.3708060594e+02
+2.4899409348e+01, +1.3730299144e+02
+2.2859189777e+01, +1.3750771479e+02
+2.0820936444e+01, +1.3769483018e+02
+1.8784464356e+01, +1.3786438706e+02
+1.6749591432e+01, +1.3801643019e+02
+1.4716138188e+01, +1.3815099967e+02
+1.2683927435e+01, +1.3826813092e+02
+1.0652783979e+01, +1.3836785479e+02
+8.6225343340e+00, +1.3845019749e+02
+6.5930064398e+00, +1.3851518066e+02
+4.5640293820e+00, +1.3856282136e+02
+2.5354331194e+00, +1.3859313209e+02
+5.0704821342e-01, +1.3860612082e+02
-1.5212944406e+00, +1.3860179094e+02
-3.5497638805e+00, +1.3858014133e+02
-5.5785293445e+00, +1.3854116629e+02
-7.6077605387e+00, +1.3848485561e+02
-9.6376279069e+00, +1.3841119450e+02
-1.1668302902e+01, +1.3832016361e+02
-1.3699958263e+01, +1.3821173902e+02
-1.5732768293e+01, +1.3808589219e+02
-1.7766909148e+01, +1.3794259001e+02
-1.9802559126e+01, +1.3778179471e+02
-2.1839898971e+01, +1.3760346386e+02
-2.3879112182e+01, +1.3740755036e+02
-2.5920385328e+01, +1.3719400239e+02
-2.7963908385e+01, +1.3696276341e+02
-3.0009875078e+01, +1.3671377207e+02
-3.2058483238e+01, +1.3644696225e+02
-3.4109935174e+01, +1.3616226296e+02
-3.6164438071e+01, +1.3585959835e+02
-3.8222204393e+01, +1.3553888765e+02
-4.0283452317e+01, +1.3520004517e+02
-4.2348406190e+01, +1.3484298019e+02
-4.4417297003e+01, +1.3446759704e+02
-4.6490362901e+01, +1.3407379496e+02
-4.8567849721e+01, +1.3366146815e+02
-5.0650011557e+01, +1.3323050573e+02
-5.2737111367e+01, +1.3278079171e+02
-5.4829421618e+01, +1.3231220500e+02
-5.6927224968e+01, +1.3182461941e+02
-5.9030815001e+01, +1.3131790370e+02
-6.1140497003e+01, +1.3079192153e+02
-6.3256588803e+01, +1.3024653161e+02
-6.5379421665e+01, +1.2968158771e+02
-6.7509341244e+01, +1.2909693876e+02
-6.9646708617e+01, +1.2849242902e+02
-7.1791901387e+01, +1.2786789818e+02
-7.3945314865e+01, +1.2722318162e+02
-7.6107363348e+01, +1.2655811066e+02
-7.8278481492e+01, +1.2587251283e+02
-8.0459125782e+01, +1.2516621230e+02
-8.2649776128e+01, +1.2443903032e+02
-8.4850937573e+01, +1.2369078578e+02
-8.7063142136e+01, +1.2292129590e+02
-8.9286950801e+01, +1.2213037699e+02
-9.1522955651e+01, +1.2131784540e+02
-9.3771782169e+01, +1.2048351870e+02
-9.6034091709e+01, +1.1962721693e+02
-9.8310584152e+01, +1.1874876425e+02
-1.0060200075e+02, +1.1784799074e+02
-1.0290912718e+02, +1.1692473461e+02
-1.0523279676e+02, +1.1597884477e+02
-1.0757389395e+02, +1.1501018387e+02
-1.0993335794e+02, +1.1401863180e+02
-1.1231218655e+02, +1.1300408991e+02
-1.1471144016e+02, +1.1196648584e+02
-1.1713224593e+02, +1.1090577925e+02
-1.1957580194e+02, +1.0982196846e+02
-1.2204338144e+02, +1.0871509822e+02
-1.2453633694e+02, +1.0758526877e+02
-1.2705610408e+02, +1.0643264629e+02
-1.2960420504e+02, +1.0525747510e+02
-1.3218225122e+02, +1.0406009161e+02
-1.3479194492e+02, +1.0284094045e+02
-1.3743507947e+02, +1.0160059274e+02
-1.4011353738e+02, +1.0033976688e+02
-1.4282928574e+02, +9.9059351808e+01
-1.4558436809e+02, +9.7760432733e+01
-1.4838089168e+02, +9.6444319202e+01
-1.5122100910e+02, +9.5112575003e+01
-1.5410689295e+02, +9.3767049132e+01
-1.5704070227e+02, +9.2409906566e+01
-1.6002453955e+02, +9.1043657003e+01
-1.6306039752e+02, +8.9671179033e+01
-1.6615009550e+02, +8.8295736485e+01
-1.6929520623e+02, +8.6920982997e+01
-1.7249697628e+02, +8.5550950362e+01
-1.7575624533e+02, +8.4190016202e+01
-1.7907337507e+02, +8.2842847193e+01
-1.8244820710e+02, +8.1514315597e+01
-1.8588009461e+02, +8.0209389220e+01
-1.8936815384e+02, +7.8932996747e+01
-1.9291255956e+02, +7.7689885208e+01
-1.9653355610e+02, +7.6488774272e+01
-1.1509481736e+02, -6.1865736055e+01
-1.6142670402e+02, -4.3748228197e+00
-1.5670949640e+02, -1.1987260371e+01
-1.5310288356e+02, -1.7477249955e+01
-1.4993889547e+02, -2.2074594025e+01
-1.4703392800e+02, -2.6125780107e+01
-1.4430476150e+02, -2.9791155913e+01
-1.4170503476e+02, -3.3161735644e+01
-1.3920569189e+02, -3.6295553129e+01
-1.3678706312e+02, -3.9232535296e+01
-1.3443508441e+02, -4.2001669759e+01
-1.3213928015e+02, -4.4624864175e+01
-1.2989159559e+02, -4.7119199157e+01
-1.2768567782e+02, -4.9498327128e+01
-1.2551641071e+02, -5.1773384326e+01
-1.2337960188e+02, -5.3953609412e+01
-1.2127176489e+02, -5.6046777078e+01
-1.1918996351e+02, -5.8059510503e+01
-1.1713169750e+02, -5.9997511885e+01
-1.1509481736e+02, -6.1865736055e+01
-1.1307745923e+02, -6.3668523572e+01
-1.1107799471e+02, -6.5409704373e+01
-1.0909499132e+02, -6.7092679632e+01
-1.0712718124e+02, -6.8720487225e+01
-1.0517343607e+02, -7.0295854657e+01
-1.0323274637e+02, -7.1821242316e+01
-1.0130420496e+02, -7.3298879127e+01
-9.9386992999e+01, -7.4730792199e+01
-9.7480368505e+01, -7.6118831666e+01
-9.5583656629e+01, -7.7464691652e+01
-9.3696241503e+01, -7.8769928077e+01
-9.1817559281e+01, -8.0035973869e+01
-8.9947092206e+01, -8.1264152043e+01
-8.8084363501e+01, -8.2455686996e+01
-8.6228932967e+01, -8.3611714305e+01
-8.4380393155e+01, -8.4733289284e+01
-8.2538366038e+01, -8.5821394465e+01
-8.0702500094e+01, -8.6876946179e+01
-7.8872467748e+01, -8.7900800365e+01
-7.7047963109e+01, -8.8893757713e+01
-7.5228699977e+01, -8.9856568231e+01
-7.3414410069e+01, -9.0789935317e+01
-7.1604841441e+01, -9.1694519400e+01
-6.9799757076e+01, -9.2570941200e+01
-6.7998933622e+01, -9.3419784658e+01
-6.6202160260e+01, -9.4241599578e+01
-6.4409237679e+01, -9.5036904010e+01
-6.2619977156e+01, -9.5806186404e+01
-6.0834199719e+01, -9.6549907569e+01
-5.9051735395e+01, -9.7268502443e+01
-5.7272422515e+01, -9.7962381716e+01
-5.5496107092e+01, -9.8631933297e+01
-5.3722642244e+01, -9.9277523661e+01
-5.1951887673e+01, -9.9899499078e+01
-5.0183709183e+01, -1.0049818674e+02
-4.8417978235e+01, -1.0107389578e+02
-4.6654571545e+01, -1.0162691824e+02
-4.4893370706e+01, -1.0215752992e+02
-4.3134261837e+01, -1.0266599118e+02
-4.1377135269e+01, -1.0315254768e+02
-3.9621885241e+01, -1.0361743107e+02
-3.7868409620e+01, -1.0406085957e+02
-3.6116609649e+01, -1.0448303857e+02
-3.4366389700e+01, -1.0488416117e+02
-3.2617657047e+01, -1.0526440863e+02
-3.0870321656e+01, -1.0562395085e+02
-2.9124295984e+01, -1.0596294677e+02
-2.7379494792e+01, -1.0628154473e+02
-2.5635834963e+01, -1.0657988283e+02
-2.3893235340e+01, -1.0685808927e+02
-2.2151616559e+01, -1.0711628259e+02
-2.0410900902e+01, -1.0735457199e+02
-1.8671012151e+01, -1.0757305750e+02
-1.6931875447e+01, -1.0777183030e+02
-1.5193417155e+01, -1.0795097280e+02
-1.3455564741e+01, -1.0811055891e+02
-1.1718246644e+01, -1.0825065415e+02
-9.9813921558e+00, -1.0837131578e+02
-8.2449313048e+00, -1.0847259294e+02
-6.5087947422e+00, -1.0855452677e+02
-4.7729136298e+00, -1.0861715044e+02
-3.0372195304e+00, -1.0866048925e+02
-1.3016443001e+00, -1.0868456072e+02
+4.3388001951e-01, -1.0868937452e+02
+2.1694213072e+00, -1.0867493262e+02
+3.9050474681e+00, -1.0864122918e+02
+5.6408265401e+00, -1.0858825061e+02
+7.3768268005e+00, -1.0851597551e+02
+9.1131168732e+00, -1.0842437466e+02
+1.0849765838e+01, -1.0831341090e+02
+1.2586843341e+01, -1.0818303912e+02
+1.4324419707e+01, -1.0803320612e+02
+1.6062566057e+01, -1.0786385052e+02
+1.7801354423e+01, -1.0767490264e+02
+1.9540857873e+01, -1.0746628433e+02
+2.1281150637e+01, -1.0723790882e+02
+2.3022308238e+01, -1.0698968053e+02
+2.4764407626e+01, -1.0672149488e+02
+2.6507527323e+01, -1.0643323802e+02
+2.8251747571e+01, -1.0612478662e+02
+2.9997150485e+01, -1.0579600758e+02
+3.1743820221e+01, -1.0544675771e+02
+3.3491843149e+01, -1.0507688341e+02
+3.5241308033e+01, -1.0468622032e+02
+3.6992306226e+01, -1.0427459290e+02
+3.8744931878e+01, -1.0384181405e+02
+4.0499282153e+01, -1.0338768457e+02
+4.2255457464e+01, -1.0291199273e+02
+4.4013561724e+01, -1.0241451366e+02
+4.5773702614e+01, -1.0189500880e+02
+4.7535991869e+01, -1.0135322522e+02
+4.9300545590e+01, -1.0078889494e+02
+5.1067484579e+01, -1.0020173414e+02
+5.2836934699e+01, -9.9591442354e+01
+5.4609027263e+01, -9.8957701529e+01
+5.6383899462e+01, -9.8300175076e+01
+5.8161694822e+01, -9.7618506768e+01
+5.9942563710e+01, -9.6912319573e+01
+6.1726663878e+01, -9.6181214370e+01
+6.3514161066e+01, -9.5424768535e+01
+6.5305229655e+01, -9.4642534407e+01
+6.7100053395e+01, -9.3834037589e+01
+6.8898826192e+01, -9.2998775088e+01
+7.0701752991e+01, -9.2136213259e+01
+7.2509050743e+01, -9.1245785544e+01
+7.4320949482e+01, -9.0326889959e+01
+7.6137693522e+01, -8.9378886316e+01
+7.7959542792e+01, -8.8401093131e+01
+7.9786774323e+01, -8.7392784181e+01
+8.1619683926e+01, -8.6353184657e+01
+8.3458588069e+01, -8.5281466849e+01
+8.5303826001e+01, -8.4176745303e+01
+8.7155762155e+01, -8.3038071360e+01
+8.9014788880e+01, -8.1864426973e+01
+9.0881329555e+01, -8.0654717694e+01
+9.2755842156e+01, -7.9407764678e+01
+9.4638823358e+01, -7.8122295532e+01
+9.6530813277e+01, -7.6796933799e+01
+9.8432400968e+01, -7.5430186816e+01
+1.0034423085e+02, -7.4020431612e+01
+1.0226701023e+02, -7.2565898465e+01
+1.0420151820e+02, -7.1064651599e+01
+1.0614861621e+02, -6.9514566376e+01
+1.0810926065e+02, -6.7913302192e+01
+1.1008451815e+02, -6.6258269987e+01
+1.1207558399e+02, -6.4546593026e+01
+1.1408380483e+02, -6.2775059107e+01
+1.1611070673e+02, -6.0940061777e+01
+1.1815803030e+02, -5.9037527232e+01
+1.2022777512e+02, -5.7062822363e+01
+1.2232225681e+02, -5.5010637514e+01
+1.2444418139e+02, -5.2874834791e+01
+1.2659674369e+02, -5.0648248478e+01
+1.2878376036e+02, -4.8322417386e+01
+1.3100985347e+02, -4.5887217942e+01
+1.3328071063e+02, -4.3330348213e+01
+1.3560346480e+02, -4.0636580151e+01
+1.3798726942e+02, -3.7786636246e+01
+1.4044420839e+02, -3.4755426301e+01
+1.7740767465e+02, +8.3514369782e+01
+2.1493516740e+02, +7.1234044592e+01
+1.4846047650e+02, -2.4156111614e+01
+1.8761725110e+02, +7.9567286528e+01
+1.9113325141e+02, +7.8306956868e+01
+1.9470839768e+02, +7.7082315975e+01
+1.9653334321e+02, +7.6488839807e+01
+9.6530813277e+01, -7.6796933799e+01
+1.2960406983e+02, +1.0525753769e+02
+1.2705597084e+02, +1.0643270750e+02
+1.2453620557e+02, +1.0758532859e+02
+1.2204325185e+02, +1.0871515666e+02
+1.1957567404e+02, +1.0982202551e+02
+1.1713211964e+02, +1.1090583493e+02
+1.1471131540e+02, +1.1196654015e+02
+1.1231206325e+02, +1.1300414287e+02
+1.0993323604e+02, +1.1401868341e+02
+1.0757377337e+02, +1.1501023415e+02
+1.0523267745e+02, +1.1597889375e+02
+1.0290900908e+02, +1.1692478228e+02
+1.0060188381e+02, +1.1784803713e+02
+9.8310468321e+01, +1.1874880937e+02
+9.3771668415e+01, +1.2048356133e+02
+9.1522842872e+01, +1.2131788682e+02
+8.9286838956e+01, +1.2213041720e+02
           NaN, -7.1749969446e+02
           NaN, -7.1854667865e+02
           NaN, -7.1953091140e+02
           NaN, -7.2045671734e+02
           NaN, -7.2132805911e+02
           NaN, -7.2214856954e+02
           NaN, -7.2292158422e+02
           NaN, -7.2365016742e+02
           NaN, -7.2433713862e+02
           NaN, -7.2498509388e+02
           NaN, -7.2559642826e+02
           NaN, -7.2617335310e+02
           NaN, -7.2671791369e+02
           NaN, -7.2723200426e+02
           NaN, -7.2771738281e+02
           NaN, -7.2817568260e+02
           NaN, -7.2860842462e+02
           NaN, -7.2901702728e+02
           NaN, -7.2940281635e+02
           NaN, -7.2976703314e+02
           NaN, -7.3011084209e+02
           NaN, -7.3043533783e+02
           NaN, -7.3074155145e+02
           NaN, -7.3103045604e+02
           NaN, -7.3130297144e+02
           NaN, -7.3155996860e+02
           NaN, -7.3180227358e+02
           NaN, -7.3203067111e+02
           NaN, -7.3224590699e+02
           NaN, -7.3244869087e+02
           NaN, -7.3263969773e+02
           NaN, -7.3281956977e+02
           NaN, -7.3298891761e+02
           NaN, -7.3314832027e+02
           NaN, -7.3329832603e+02
           NaN, -7.3343945193e+02
           NaN, -7.3357218241e+02
           NaN, -7.3369696901e+02
           NaN, -7.3381422796e+02
           NaN, -7.3392433788e+02
           NaN, -7.3402763679e+02
           NaN, -7.3412441866e+02
           NaN, -7.3421492901e+02
           NaN, -7.3429935963e+02
           NaN, -7.3437784249e+02
           NaN, -7.3445044364e+02
           NaN, -7.3451715395e+02
           NaN, -7.3457788096e+02
           NaN, -7.3463243798e+02
           NaN, -7.3468053273e+02
           NaN, -7.3472175311e+02
           NaN, -7.3475555303e+02
           NaN, -7.3478123417e+02
           NaN, -7.3479792737e+02
           NaN, -7.3480457061e+02
           NaN, -7.3479988414e+02
           NaN, -7.3478234266e+02
           NaN, -7.3475014511e+02
           NaN, -7.3470117850e+02
           NaN, -7.3463297974e+02
           NaN, -7.3454269089e+02
           NaN, -7.3442701013e+02
           NaN, -7.3428213697e+02
           NaN, -7.3410370942e+02
           NaN, -7.3388673632e+02
           NaN, -7.3362551922e+02
           NaN, -7.3331356660e+02
           NaN, -7.3294349894e+02
           NaN, -7.3250694117e+02
           NaN, -7.3199440589e+02
           NaN, -7.3139516103e+02
           NaN, -7.3069708730e+02
           NaN, -7.2988651739e+02
           NaN, -7.2894806253e+02
           NaN, -7.2786442087e+02
           NaN, -7.2661616982e+02
           NaN, -7.2518154110e+02
           NaN, -7.2353617791e+02
           NaN, -7.2165287782e+02
           NaN, -7.1950131773e+02
           NaN, -7.1704776965e+02
-1.1509481736e+02, -6.1865736055e+01
-1.9653342294e+02, +7.6488815262e+01
-1.9291243194e+02, +7.7689928948e+01
-1.8936802841e+02, +7.8933041714e+01
-1.8587997130e+02, +8.0209435245e+01
-1.8244808592e+02, +8.1514362507e+01
-1.7907325606e+02, +8.2842894808e+01
-1.7575612848e+02, +8.4190064348e+01
-1.7249686159e+02, +8.5550998867e+01
-1.6929509368e+02, +8.6921031702e+01
-1.6614998503e+02, +8.8295785240e+01
-1.6306028909e+02, +8.9671227701e+01
-1.6002443308e+02, +9.1043705464e+01
-1.5704059770e+02, +9.2409954713e+01
-1.5410679020e+02, +9.3767096869e+01
-1.5122090809e+02, +9.5112622250e+01
-1.4838079233e+02, +9.6444365890e+01
-1.4558427032e+02, +9.7760478803e+01
-1.4282918947e+02, +9.9059397212e+01
-1.4011344252e+02, +1.0033981158e+02
-1.3743498596e+02, +1.0160063670e+02
-1.3479185269e+02, +1.0284098364e+02
-1.3218216020e+02, +1.0406013402e+02
-1.2960411517e+02, +1.0525751670e+02
-1.2705601529e+02, +1.0643268708e+02
-1.2453624918e+02, +1.0758530873e+02
-1.2204329465e+02, +1.0871513736e+02
-1.1957571608e+02, +1.0982200676e+02
-1.1713216095e+02, +1.1090581672e+02
-1.1471135600e+02, +1.1196652248e+02
-1.1231210317e+02, +1.1300412572e+02
-1.0993327532e+02, +1.1401866678e+02
-1.0757381203e+02, +1.1501021803e+02
-1.0523271552e+02, +1.1597887812e+02
-1.0290904657e+02, +1.1692476715e+02
-1.0060192075e+02, +1.1784802247e+02
-9.8310504732e+01, +1.1874879519e+02
-9.6034012839e+01, +1.1962724708e+02
-9.3771703822e+01, +1.2048354806e+02
-9.1522877803e+01, +1.2131787399e+02
-8.9286873427e+01, +1.2213040480e+02
-8.7063065213e+01, +1.2292132296e+02
-8.4850861080e+01, +1.2369081209e+02
-8.2649700046e+01, +1.2443905588e+02
-8.0459050091e+01, +1.2516623712e+02
-7.8278406173e+01, +1.2587253692e+02
-7.6107288385e+01, +1.2655813403e+02
-7.3945240240e+01, +1.2722320427e+02
-7.1791827085e+01, +1.2786792012e+02
-6.9646634623e+01, +1.2849245025e+02
-6.7509267543e+01, +1.2909695930e+02
-6.5379348243e+01, +1.2968160755e+02
-6.3256515648e+01, +1.3024655077e+02
-6.1140424101e+01, +1.3079194001e+02
-5.9030742339e+01, +1.3131792151e+02
-5.6927152536e+01, +1.3182463656e+02
-5.4829349404e+01, +1.3231222148e+02
-5.2737039360e+01, +1.3278080753e+02
-5.0649939746e+01, +1.3323052090e+02
-4.8567778096e+01, +1.3366148267e+02
-4.6490291453e+01, +1.3407380884e+02
-4.4417225721e+01, +1.3446761028e+02
-4.2348335066e+01, +1.3484299280e+02
-4.0283381342e+01, +1.3520005714e+02
-3.8222133558e+01, +1.3553889900e+02
-3.6164367368e+01, +1.3585960906e+02
-3.4109864594e+01, +1.3616227305e+02
-3.2058412772e+01, +1.3644697172e+02
-3.0009804720e+01, +1.3671378093e+02
-2.7963838126e+01, +1.3696277166e+02
-2.5920315160e+01, +1.3719401003e+02
-2.3879042098e+01, +1.3740755739e+02
-2.1839828965e+01, +1.3760347028e+02
-1.9802489189e+01, +1.3778180053e+02
-1.7766839274e+01, +1.3794259523e+02
-1.5732698475e+01, +1.3808589681e+02
-1.3699888493e+01, +1.3821174304e+02
-1.1668233174e+01, +1.3832016704e+02
-9.6375582138e+00, +1.3841119733e+02
-7.6076908739e+00, +1.3848485784e+02
-5.5784597012e+00, +1.3854116793e+02
-3.5496942522e+00, +1.3858014237e+02
-1.5212248206e+00, +1.3860179139e+02
+5.0711783178e-01, +1.3860612067e+02
+2.5355027427e+00, +1.3859313135e+02
+4.5640990169e+00, +1.3856282002e+02
+6.5930760930e+00, +1.3851517873e+02
+8.6226040121e+00, +1.3845019496e+02
+1.0652853688e+01, +1.3836785167e+02
+1.2683997183e+01, +1.3826812720e+02
+1.4716207982e+01, +1.3815099534e+02
+1.6749661278e+01, +1.3801642527e+02
+1.8784534261e+01, +1.3786438154e+02
+2.0821006415e+01, +1.3769482406e+02
+2.2859259821e+01, +1.3750770806e+02
+2.4899479473e+01, +1.3730298411e+02
+2.6941853602e+01, +1.3708059800e+02
+2.8986574013e+01, +1.3684049080e+02
+3.1033836440e+01, +1.3658259879e+02
+3.3083840904e+01, +1.3630685341e+02
+3.5136792103e+01, +1.3601318125e+02
+3.7192899807e+01, +1.3570150400e+02
+3.9252379283e+01, +1.3537173844e+02
+4.1315451735e+01, +1.3502379635e+02
+4.3382344768e+01, +1.3465758457e+02
+4.5453292888e+01, +1.3427300486e+02
+4.7528538015e+01, +1.3386995396e+02
+4.9608330042e+01, +1.3344832352e+02
+5.1692927416e+01, +1.3300800012e+02
+5.3782597768e+01, +1.3254886521e+02
+5.5877618572e+01, +1.3207079515e+02
+5.7978277853e+01, +1.3157366122e+02
+6.0084874946e+01, +1.3105732963e+02
+6.2197721300e+01, +1.3052166157e+02
+6.4317141347e+01, +1.2996651324e+02
+6.6443473421e+01, +1.2939173599e+02
+6.8577070757e+01, +1.2879717640e+02
+7.0718302550e+01, +1.2818267642e+02
+7.2867555104e+01, +1.2754807357e+02
+7.5025233059e+01, +1.2689320114e+02
+7.7191760712e+01, +1.2621788852e+02
+7.9367583443e+01, +1.2552196151e+02
+8.1553169243e+01, +1.2480524276e+02
+8.3749010367e+01, +1.2406755226e+02
+8.5955625106e+01, +1.2330870798e+02
+8.8173559706e+01, +1.2252852656e+02
+9.0403390422e+01, +1.2172682422e+02
+9.2645725738e+01, +1.2090341776e+02
+9.4901208754e+01, +1.2005812581e+02
+9.7170519744e+01, +1.1919077024e+02
+9.9454378907e+01, +1.1830117793e+02
+1.0175354931e+02, +1.1738918273e+02
+1.0406884004e+02, +1.1645462785e+02
+1.0640110953e+02, +1.1549736866e+02
+1.0875126915e+02, +1.1451727595e+02
+1.1112028691e+02, +1.1351423978e+02
+1.1350919139e+02, +1.1248817399e+02
+1.1591907586e+02, +1.1143902145e+02
+1.1835110239e+02, +1.1036676027e+02
+1.2080650613e+02, +1.0927141092e+02
+1.2328659945e+02, +1.0815304469e+02
+1.2579277598e+02, +1.0701179337e+02
+1.2832651423e+02, +1.0584786060e+02
+1.3088938072e+02, +1.0466153484e+02
+1.3348303217e+02, +1.0345320449e+02
+1.3610921648e+02, +1.0222337497e+02
+1.3876977196e+02, +1.0097268831e+02
+1.4146662420e+02, +9.9701945089e+01
+1.4420177978e+02, +9.8412129025e+01
+1.4697731600e+02, +9.7104433857e+01
+1.4979536550e+02, +9.5780292424e+01
+1.5265809451e+02, +9.4441407223e+01
+1.5556767362e+02, +9.3089781472e+01
+1.5852623960e+02, +9.1727749132e+01
+1.6153584736e+02, +9.0358001730e+01
+1.6459841152e+02, +8.8983609069e+01
+1.6771563776e+02, +8.7608030217e+01
+1.7088894591e+02, +8.6235110539e+01
+1.7411938892e+02, +8.4869060235e+01
+1.7740757517e+02, +8.3514410192e+01
+1.8075360851e+02, +8.2175942006e+01
+1.8415707446e+02, +8.0858591061e+01
+1.8761714906e+02, +7.9567323873e+01
+1.9113314858e+02, +7.8306992941e+01
+1.9470829375e+02, +7.7082350643e+01
+1.3798726942e+02, -3.7786636246e+01
+9.6530813277e+01, -7.6796933799e+01
