-2.4663438743e+02, -6.0390954218e-01
-2.5199409963e+02, -5.7960411004e-01
-2.5715596057e+02, -5.5996724325e-01
-2.6215581620e+02, -5.4367899829e-01
-2.6701989977e+02, -5.2989119932e-01
-2.7176810929e+02, -5.1803000078e-01
-2.7641597012e+02, -5.0769107536e-01
-2.8097587652e+02, -4.9858002900e-01
-2.8545791223e+02, -4.9047661945e-01
-2.9422036354e+02, -4.7665547645e-01
-3.1521253316e+02, -4.5145007993e-01
-2.9339794636e+02, +6.4655829010e+01
-3.0605246266e+02, +6.6728362036e+01
-3.0275545286e+02, -4.6526725853e-01
-3.0695004809e+02, -4.6028324509e-01
-3.1110129111e+02, -4.5569322768e-01
-3.1521253316e+02, -4.5145007993e-01
-3.1928673361e+02, -4.4751416947e-01
-3.2332652086e+02, -4.4385189077e-01
-3.2733424169e+02, -4.4043453499e-01
-3.3131200147e+02, -4.3723740892e-01
-3.3526169726e+02, -4.3423914052e-01
-3.3918504531e+02, -4.3142112596e-01
-3.4308360411e+02, -4.2876708538e-01
-3.5363924678e+02, +5.8439762973e+01
-3.6225027220e+02, -4.1750907784e-01
-3.4497694036e+02, +5.7541469480e+01
-3.5231358754e+02, +5.9226309414e+01
-3.5845660017e+02, -4.1952798013e-01
-3.6225027220e+02, -4.1750907784e-01
-3.6602609755e+02, -4.1558903778e-01
-3.6978493909e+02, -4.1376065213e-01
-3.7352759765e+02, -4.1201741522e-01
-3.7725481794e+02, -4.1035343834e-01
-3.8096729378e+02, -4.0876337672e-01
-3.8466567280e+02, -4.0724236696e-01
-3.8835056051e+02, -4.0578597291e-01
-3.9202252398e+02, -4.0439013883e-01
-3.9568209505e+02, -4.0305114871e-01
-3.9932977331e+02, -4.0176559075e-01
-4.0296602869e+02, -4.0053032626e-01
-4.0667125399e+02, +5.5254286831e+01
-4.1381055938e+02, -3.9709845246e-01
-4.2146942736e+02, +5.5262324421e+01
-3.8835056051e+02, -4.0578597291e-01
-4.1485734462e+02, +5.4889738003e+01
-4.1643527881e+02, +5.6883982615e+01
-4.2456680400e+02, -3.9402730196e-01
-4.2813420499e+02, -3.9307415191e-01
-4.3169311376e+02, -3.9215332639e-01
-4.3524381599e+02, -3.9126322819e-01
-4.3878658338e+02, -3.9040236499e-01
-4.4232167452e+02, -3.8956934074e-01
-4.4584933579e+02, -3.8876284788e-01
-4.4936980206e+02, -3.8798166037e-01
-4.5288329745e+02, -3.8722462734e-01
-4.5639003594e+02, -3.8649066729e-01
-4.5989022204e+02, -3.8577876293e-01
-4.6338405129e+02, -3.8508795639e-01
-4.6687171079e+02, -3.8441734488e-01
-4.7035337971e+02, -3.8376607678e-01
-4.7382922972e+02, -3.8313334794e-01
-4.7729942538e+02, -3.8251839847e-01
-4.8076412458e+02, -3.8192050964e-01
-4.8422347885e+02, -3.8133900112e-01
-4.8767763373e+02, -3.8077322841e-01
-4.9112672905e+02, -3.8022258050e-01
-4.9457089928e+02, -3.7968647768e-01
-4.9801027374e+02, -3.7916436959e-01
-5.0976685190e+02, +5.5243076125e+01
-5.0830084429e+02, -3.7767691155e-01
-5.1382244227e+02, +5.4790603736e+01
-5.2196151366e+02, -3.7586059493e-01
-5.0144497689e+02, -3.7865573328e-01
-5.1222597620e+02, +5.2354408636e+01
-5.1855246825e+02, -3.7629804393e-01
-5.2196151366e+02, -3.7586059493e-01
-5.3431068734e+02, +5.3862623124e+01
-5.3216551305e+02, -3.7460955216e-01
-5.3555943394e+02, -3.7421184040e-01
-5.3894979126e+02, -3.7382325085e-01
-5.4233666636e+02, -3.7344348664e-01
-5.4572013794e+02, -3.7307226357e-01
-5.4910028217e+02, -3.7270930944e-01
-5.5247717282e+02, -3.7235436344e-01
-5.5585088134e+02, -3.7200717552e-01
-5.5922147696e+02, -3.7166750587e-01
-5.6258902678e+02, -3.7133512436e-01
-5.6595359586e+02, -3.7100981012e-01
-5.6931524729e+02, -3.7069135100e-01
-5.7267404229e+02, -3.7037954320e-01
-5.7603004024e+02, -3.7007419084e-01
-5.7938329881e+02, -3.6977510558e-01
-5.8273387398e+02, -3.6948210624e-01
-5.8608182012e+02, -3.6919501851e-01
-5.8942719006e+02, -3.6891367459e-01
-5.9277003512e+02, -3.6863791287e-01
-5.9611040519e+02, -3.6836757771e-01
-5.9944834878e+02, -3.6810251911e-01
-6.0278391306e+02, -3.6784259247e-01
-6.0611714391e+02, -3.6758765837e-01
-6.0944808599e+02, -3.6733758233e-01
-6.1277678272e+02, -3.6709223456e-01
-6.1610327640e+02, -3.6685148981e-01
-6.1942760821e+02, -3.6661522713e-01
-6.2274981824e+02, -3.6638332973e-01
-6.2606994555e+02, -3.6615568477e-01
-6.2938802818e+02, -3.6593218318e-01
-6.3270410322e+02, -3.6571271955e-01
-6.3601820680e+02, -3.6549719196e-01
-6.3933037415e+02, -3.6528550181e-01
-6.4264063963e+02, -3.6507755373e-01
-6.4594903673e+02, -3.6487325541e-01
-6.4925559812e+02, -3.6467251751e-01
-6.5256035570e+02, -3.6447525353e-01
-6.5586334056e+02, -3.6428137967e-01
-6.5916458308e+02, -3.6409081479e-01
-6.6246411287e+02, -3.6390348023e-01
-6.6576195889e+02, -3.6371929978e-01
-6.6905814938e+02, -3.6353819955e-01
-6.7235271194e+02, -3.6336010790e-01
-6.7564567353e+02, -3.6318495534e-01
-6.7893706047e+02, -3.6301267445e-01
-6.8222689851e+02, -3.6284319984e-01
-6.8551521278e+02, -3.6267646801e-01
-6.8880202788e+02, -3.6251241736e-01
-6.9208736784e+02, -3.6235098804e-01
-6.9537125614e+02, -3.6219212195e-01
-6.9865371578e+02, -3.6203576265e-01
-7.0193476921e+02, -3.6188185531e-01
-7.0521443843e+02, -3.6173034665e-01
-7.0849274495e+02, -3.6158118487e-01
-7.1176970981e+02, -3.6143431963e-01
-7.1627541493e+02, +4.8670262211e+01
-7.1504535359e+02, -3.6128970197e-01
-7.1199151914e+02, +5.2159229240e+01
-7.3687987369e+02, +5.1783736985e+01
-7.3467257355e+02, -3.6046661837e-01
-7.3467257355e+02, -3.6046661837e-01
-7.3793951122e+02, -3.6033647086e-01
-7.4120527778e+02, -3.6020822421e-01
-7.4446989030e+02, -3.6008184009e-01
-7.4773336548e+02, -3.5995728118e-01
-7.5099571971e+02, -3.5983451110e-01
-7.5989640300e+02, +5.0726856835e+01
-7.6077621562e+02, -3.5947658399e-01
-7.6403424343e+02, -3.5936062378e-01
-7.7054718227e+02, -3.5913353341e-01
-7.7722429707e+02, +4.9747706766e+01
-7.8356099048e+02, -3.5869782608e-01
-7.9655942493e+02, -3.5828524232e-01
-8.2575378377e+02, -3.5743310814e-01
-7.1831969647e+02, -3.6114728431e-01
-7.5168750689e+02, +4.9603953412e+01
-7.6522686028e+02, +5.0268789335e+01
-7.7380212211e+02, -3.5902234164e-01
-7.8030901262e+02, -3.5880451657e-01
-7.8257675715e+02, +5.0567740698e+01
-7.9006207753e+02, -3.5848875139e-01
-7.9331121241e+02, -3.5838631404e-01
-7.9552519630e+02, +4.9686010785e+01
-8.0623613118e+02, +5.0460791403e+01
-8.0629864991e+02, -3.5798997362e-01
-8.0954329344e+02, -3.5789411999e-01
-8.1278707376e+02, -3.5779951260e-01
-8.1603000205e+02, -3.5770612920e-01
-8.1927208931e+02, -3.5761394808e-01
-8.2251334635e+02, -3.5752294798e-01
-8.2575378377e+02, -3.5743310814e-01
-8.2899341200e+02, -3.5734440829e-01
-8.3312029527e+02, +4.8041459713e+01
-8.3223224128e+02, -3.5725682858e-01
-8.3292488324e+02, +4.9796852502e+01
-8.1150468016e+02, +6.3027558422e+01
-8.6074511825e+02, +5.0992146265e+01
-8.5649853174e+02, +4.9388977171e+01
-8.5811528578e+02, -3.5659427650e-01
-8.6457872337e+02, -3.5643857712e-01
-8.6030148881e+02, +4.9790085622e+01
-8.6457872337e+02, -3.5643857712e-01
-8.6780939215e+02, -3.5636212823e-01
-8.7103937209e+02, -3.5628659277e-01
-8.7426867140e+02, -3.5621195581e-01
-8.7749729818e+02, -3.5613820273e-01
-8.8072526035e+02, -3.5606531924e-01
-8.8395256574e+02, -3.5599329130e-01
-8.8717922205e+02, -3.5592210521e-01
-8.9040523684e+02, -3.5585174750e-01
-8.9363061756e+02, -3.5578220502e-01
-8.9685537154e+02, -3.5571346487e-01
-9.0007950601e+02, -3.5564551439e-01
-9.0330302805e+02, -3.5557834120e-01
-9.0652594467e+02, -3.5551193317e-01
-9.0974826273e+02, -3.5544627840e-01
-9.1296998903e+02, -3.5538136523e-01
-9.1619113023e+02, -3.5531718222e-01
-9.1941169289e+02, -3.5525371817e-01
-9.2263168348e+02, -3.5519096210e-01
-9.2585110838e+02, -3.5512890323e-01
-9.2906997385e+02, -3.5506753101e-01
-9.3228828607e+02, -3.5500683507e-01
-9.3550605113e+02, -3.5494680525e-01
-9.3872327502e+02, -3.5488743159e-01
-9.4193996364e+02, -3.5482870432e-01
-9.4515612280e+02, -3.5477061384e-01
-9.4837175825e+02, -3.5471315076e-01
-9.5158687561e+02, -3.5465630583e-01
-9.5480148046e+02, -3.5460007001e-01
-9.5801557827e+02, -3.5454443440e-01
-9.6122917446e+02, -3.5448939028e-01
-9.6444227433e+02, -3.5443492909e-01
-9.6765488313e+02, -3.5438104242e-01
-9.7086700604e+02, -3.5432772204e-01
-9.7407864815e+02, -3.5427495983e-01
-9.7728981449e+02, -3.5422274786e-01
-9.8050051001e+02, -3.5417107830e-01
-9.8371073958e+02, -3.5411994351e-01
-9.8692050803e+02, -3.5406933594e-01
-9.9012982010e+02, -3.5401924820e-01
-9.9333868046e+02, -3.5396967305e-01
-9.9654709374e+02, -3.5392060334e-01
-9.9975506448e+02, -3.5387203206e-01
-1.0029625972e+03, -3.5382395235e-01
-1.0061696962e+03, -3.5377635742e-01
-1.0093763660e+03, -3.5372924066e-01
-1.0125826109e+03, -3.5368259551e-01
-1.0157884350e+03, -3.5363641558e-01
-1.0189938426e+03, -3.5359069456e-01
-1.0221988378e+03, -3.5354542626e-01
-1.0254034247e+03, -3.5350060458e-01
-1.0286076073e+03, -3.5345622355e-01
-1.0318113896e+03, -3.5341227728e-01
-1.0350147754e+03, -3.5336875999e-01
-1.0382177688e+03, -3.5332566600e-01
-1.0414203733e+03, -3.5328298971e-01
-1.0446225929e+03, -3.5324072564e-01
-1.0478244313e+03, -3.5319886838e-01
-1.0510258920e+03, -3.5315741261e-01
-1.0542269788e+03, -3.5311635311e-01
-1.0574276951e+03, -3.5307568475e-01
-1.0606280445e+03, -3.5303540247e-01
-1.0638280306e+03, -3.5299550129e-01
-1.0670276566e+03, -3.5295597634e-01
-1.0702269261e+03, -3.5291682279e-01
-1.0734258423e+03, -3.5287803592e-01
-1.0766244085e+03, -3.5283961107e-01
-1.0798226281e+03, -3.5280154366e-01
-1.0830205042e+03, -3.5276382918e-01
-1.0862180400e+03, -3.5272646321e-01
-1.0894152386e+03, -3.5268944137e-01
-1.0926121032e+03, -3.5265275937e-01
-1.0958086369e+03, -3.5261641299e-01
-1.0990048425e+03, -3.5258039806e-01
-1.1022007232e+03, -3.5254471048e-01
-1.1053962819e+03, -3.5250934624e-01
-1.1085915214e+03, -3.5247430136e-01
-1.1117864447e+03, -3.5243957194e-01
-1.1149810546e+03, -3.5240515413e-01
-1.1181753539e+03, -3.5237104414e-01
-1.1213693454e+03, -3.5233723825e-01
-1.1245630318e+03, -3.5230373279e-01
-1.1277564158e+03, -3.5227052414e-01
-1.1309495002e+03, -3.5223760875e-01
-1.1341422875e+03, -3.5220498311e-01
-1.1373347803e+03, -3.5217264377e-01
-1.1405269813e+03, -3.5214058732e-01
-1.1437188930e+03, -3.5210881043e-01
-1.1469105179e+03, -3.5207730979e-01
-1.1501018585e+03, -3.5204608215e-01
-1.1532929172e+03, -3.5201512432e-01
-1.1564836965e+03, -3.5198443313e-01
-1.1596741989e+03, -3.5195400549e-01
-1.1628644265e+03, -3.5192383833e-01
-1.1660543819e+03, -3.5189392865e-01
-1.1692440674e+03, -3.5186427345e-01
-1.1724334851e+03, -3.5183486983e-01
-1.1756226374e+03, -3.5180571489e-01
-1.1788115266e+03, -3.5177680580e-01
-1.1820001549e+03, -3.5174813974e-01
-1.1851885243e+03, -3.5171971395e-01
-1.1883766372e+03, -3.5169152573e-01
-1.1915644956e+03, -3.5166357237e-01
-1.1947521017e+03, -3.5163585125e-01
-1.1979394576e+03, -3.5160835974e-01
-1.2011265653e+03, -3.5158109529e-01
-1.2043134268e+03, -3.5155405535e-01
-1.2075000443e+03, -3.5152723744e-01
-1.2106864196e+03, -3.5150063908e-01
-1.2138725549e+03, -3.5147425785e-01
-1.2170584519e+03, -3.5144809136e-01
-1.2202441128e+03, -3.5142213724e-01
-1.2234295393e+03, -3.5139639317e-01
-1.2266147334e+03, -3.5137085685e-01
-1.2297996970e+03, -3.5134552603e-01
-1.2329844318e+03, -3.5132039845e-01
-1.2361689398e+03, -3.5129547194e-01
-1.2393532228e+03, -3.5127074430e-01
-1.2425372825e+03, -3.5124621341e-01
-1.2457211207e+03, -3.5122187714e-01
-1.2489047392e+03, -3.5119773342e-01
-1.2520881397e+03, -3.5117378018e-01
-1.2552713240e+03, -3.5115001541e-01
-1.2584542936e+03, -3.5112643709e-01
-1.2616370504e+03, -3.5110304326e-01
-1.2648195959e+03, -3.5107983197e-01
-1.2680019318e+03, -3.5105680129e-01
-1.2711840598e+03, -3.5103394933e-01
-1.2743659815e+03, -3.5101127422e-01
-1.2775476984e+03, -3.5098877411e-01
-1.2807292121e+03, -3.5096644719e-01
-1.2839105242e+03, -3.5094429164e-01
-1.2870916363e+03, -3.5092230571e-01
-1.2902725498e+03, -3.5090048763e-01
-1.2934532663e+03, -3.5087883568e-01
-1.2966337873e+03, -3.5085734816e-01
-1.2998141142e+03, -3.5083602338e-01
-1.3029942486e+03, -3.5081485968e-01
-1.3061741919e+03, -3.5079385541e-01
-1.3093539454e+03, -3.5077300896e-01
-1.3125335107e+03, -3.5075231874e-01
-1.3157128892e+03, -3.5073178315e-01
-1.3188920822e+03, -3.5071140066e-01
-1.3220710911e+03, -3.5069116970e-01
-1.3252499174e+03, -3.5067108878e-01
-1.3284285622e+03, -3.5065115639e-01
-1.3316070271e+03, -3.5063137104e-01
-1.3347853133e+03, -3.5061173128e-01
-1.3379634221e+03, -3.5059223566e-01
-1.3411413548e+03, -3.5057288276e-01
-1.3443191127e+03, -3.5055367117e-01
-1.3474966972e+03, -3.5053459950e-01
-1.3506741093e+03, -3.5051566638e-01
-1.3538513505e+03, -3.5049687045e-01
-1.3570284219e+03, -3.5047821037e-01
-1.3602053248e+03, -3.5045968482e-01
-1.3633820603e+03, -3.5044129250e-01
-1.3665586298e+03, -3.5042303210e-01
-1.3697350343e+03, -3.5040490237e-01
-1.3729112750e+03, -3.5038690204e-01
-1.3760873531e+03, -3.5036902986e-01
-1.3792632699e+03, -3.5035128461e-01
-1.3824390263e+03, -3.5033366507e-01
-1.3856146236e+03, -3.5031617005e-01
-1.3887900629e+03, -3.5029879836e-01
-1.3919653452e+03, -3.5028154882e-01
-1.3951404717e+03, -3.5026442029e-01
-1.3983154435e+03, -3.5024741163e-01
-1.4014902617e+03, -3.5023052169e-01
-1.4046649273e+03, -3.5021374937e-01
-1.4078394414e+03, -3.5019709356e-01
-1.4110138051e+03, -3.5018055317e-01
-1.4141880193e+03, -3.5016412713e-01
-1.4173620851e+03, -3.5014781438e-01
-1.4205360036e+03, -3.5013161386e-01
-1.4237097757e+03, -3.5011552453e-01
-1.4268834025e+03, -3.5009954537e-01
-1.4300568850e+03, -3.5008367536e-01
-1.4332302240e+03, -3.5006791350e-01
-1.4364034207e+03, -3.5005225879e-01
-1.4395764760e+03, -3.5003671027e-01
-1.4427493907e+03, -3.5002126695e-01
-1.4459221660e+03, -3.5000592788e-01
-1.4490948027e+03, -3.4999069211e-01
-1.4522673018e+03, -3.4997555871e-01
-1.4554396641e+03, -3.4996052675e-01
-1.4586118906e+03, -3.4994559533e-01
-1.4617839823e+03, -3.4993076352e-01
-1.4649559399e+03, -3.4991603045e-01
-1.4681277644e+03, -3.4990139522e-01
-1.4712994568e+03, -3.4988685696e-01
-1.4744710177e+03, -3.4987241481e-01
-1.4776424482e+03, -3.4985806792e-01
-1.4808137490e+03, -3.4984381543e-01
-1.4839849211e+03, -3.4982965652e-01
-1.4871559653e+03, -3.4981559036e-01
-1.4903268823e+03, -3.4980161612e-01
-1.4934976732e+03, -3.4978773301e-01
-1.4966683385e+03, -3.4977394023e-01
-1.4998388793e+03, -3.4976023698e-01
-1.5030092962e+03, -3.4974662248e-01
-1.5061795901e+03, -3.4973309596e-01
-1.5093497619e+03, -3.4971965666e-01
-1.5125198121e+03, -3.4970630382e-01
-1.5156897418e+03, -3.4969303669e-01
-1.5188595515e+03, -3.4967985453e-01
-1.5220292421e+03, -3.4966675662e-01
-1.5251988144e+03, -3.4965374222e-01
-1.5283682691e+03, -3.4964081063e-01
-1.5315376070e+03, -3.4962796113e-01
-1.5347068287e+03, -3.4961519302e-01
-1.5378759351e+03, -3.4960250562e-01
-1.5410449268e+03, -3.4958989823e-01
-1.5442138046e+03, -3.4957737019e-01
-1.5473825692e+03, -3.4956492080e-01
-1.5505512213e+03, -3.4955254943e-01
-1.5537197616e+03, -3.4954025540e-01
-1.5568881908e+03, -3.4952803806e-01
-1.5600565096e+03, -3.4951589678e-01
-1.5632247187e+03, -3.4950383092e-01
-1.5663928187e+03, -3.4949183985e-01
-1.5695608104e+03, -3.4947992295e-01
-1.5727286945e+03, -3.4946807959e-01
-1.5758964714e+03, -3.4945630918e-01
-1.5790641421e+03, -3.4944461110e-01
-1.5822317070e+03, -3.4943298477e-01
-1.5853991668e+03, -3.4942142958e-01
-1.5885665222e+03, -3.4940994496e-01
-1.5917337738e+03, -3.4939853032e-01
-1.5949009223e+03, -3.4938718510e-01
-1.5980679682e+03, -3.4937590872e-01
-1.6012349123e+03, -3.4936470063e-01
-1.6044017550e+03, -3.4935356026e-01
-1.6075684971e+03, -3.4934248708e-01
-1.6107351391e+03, -3.4933148054e-01
-1.6139016816e+03, -3.4932054009e-01
-1.6170681252e+03, -3.4930966521e-01
-1.6202344706e+03, -3.4929885536e-01
-1.6234007183e+03, -3.4928811003e-01
-1.6265668688e+03, -3.4927742870e-01
-1.6297329228e+03, -3.4926681086e-01
-1.6328988809e+03, -3.4925625600e-01
-1.6360647436e+03, -3.4924576361e-01
-1.6392305114e+03, -3.4923533321e-01
-1.6423961850e+03, -3.4922496430e-01
-1.6455617648e+03, -3.4921465639e-01
-1.6487272515e+03, -3.4920440900e-01
-1.6518926456e+03, -3.4919422166e-01
-1.6550579476e+03, -3.4918409390e-01
-1.6582231580e+03, -3.4917402524e-01
-1.6613882775e+03, -3.4916401522e-01
-1.6645533064e+03, -3.4915406338e-01
-1.6677182455e+03, -3.4914416928e-01
-1.6708830951e+03, -3.4913433246e-01
-1.6740478558e+03, -3.4912455247e-01
-1.6772125281e+03, -3.4911482888e-01
-1.6803771125e+03, -3.4910516125e-01
-1.6835416095e+03, -3.4909554915e-01
-1.6867060197e+03, -3.4908599214e-01
-1.6898703434e+03, -3.4907648981e-01
-1.6930345813e+03, -3.4906704174e-01
-1.6961987338e+03, -3.4905764751e-01
-1.6993628013e+03, -3.4904830670e-01
-1.7025267845e+03, -3.4903901891e-01
-1.7056906836e+03, -3.4902978375e-01
-1.7088544993e+03, -3.4902060079e-01
-1.7120182320e+03, -3.4901146966e-01
-1.7151818822e+03, -3.4900238996e-01
-1.7183454503e+03, -3.4899336130e-01
-1.7215089367e+03, -3.4898438329e-01
-1.7246723420e+03, -3.4897545556e-01
-1.7278356667e+03, -3.4896657772e-01
-1.7309989110e+03, -3.4895774941e-01
-1.7341620756e+03, -3.4894897025e-01
-1.7373251608e+03, -3.4894023987e-01
-1.7404881671e+03, -3.4893155792e-01
-1.7436510949e+03, -3.4892292402e-01
-1.7468139446e+03, -3.4891433783e-01
-1.7499767168e+03, -3.4890579899e-01
-1.7531394117e+03, -3.4889730715e-01
-1.7563020299e+03, -3.4888886197e-01
-1.7594645717e+03, -3.4888046309e-01
-1.7626270376e+03, -3.4887211018e-01
-1.7657894280e+03, -3.4886380291e-01
-1.7689517434e+03, -3.4885554093e-01
-1.7721139840e+03, -3.4884732392e-01
-1.7752761503e+03, -3.4883915155e-01
-1.7784382428e+03, -3.4883102349e-01
-1.7816002618e+03, -3.4882293942e-01
-1.7847622076e+03, -3.4881489903e-01
-1.7879240809e+03, -3.4880690198e-01
-1.7910858818e+03, -3.4879894798e-01
-1.7942476108e+03, -3.4879103672e-01
-1.7974092683e+03, -3.4878316787e-01
-1.8005708546e+03, -3.4877534115e-01
-1.8037323702e+03, -3.4876755624e-01
-1.8068938154e+03, -3.4875981285e-01
-1.8100551906e+03, -3.4875211068e-01
-1.8132164962e+03, -3.4874444943e-01
-1.8163777325e+03, -3.4873682882e-01
-1.8195388999e+03, -3.4872924856e-01
-1.8226999988e+03, -3.4872170835e-01
-1.8258610295e+03, -3.4871420792e-01
-1.8290219925e+03, -3.4870674699e-01
-1.8321828879e+03, -3.4869932527e-01
-1.8353437163e+03, -3.4869194249e-01
-1.8385044779e+03, -3.4868459837e-01
-1.8416651731e+03, -3.4867729265e-01
-1.8448258022e+03, -3.4867002505e-01
-1.8479863657e+03, -3.4866279532e-01
-1.8511468638e+03, -3.4865560317e-01
-1.8543072968e+03, -3.4864844836e-01
-1.8574676652e+03, -3.4864133062e-01
-1.8606279692e+03, -3.4863424970e-01
-1.8637882092e+03, -3.4862720534e-01
-1.8669483855e+03, -3.4862019728e-01
-1.8701084985e+03, -3.4861322528e-01
-1.8732685484e+03, -3.4860628909e-01
-1.8764285356e+03, -3.4859938845e-01
+1.9646765193e+02, -9.2772919274e+00
+1.9221170482e+02, -1.6020803744e+01
+1.8865360634e+02, -2.1414421477e+01
+1.8545363894e+02, -2.6085763650e+01
+1.8248302441e+02, -3.0277421616e+01
+1.7967586862e+02, -3.4115666870e+01
+1.7699291066e+02, -3.7676918817e+01
+1.7440845107e+02, -4.1011933693e+01
+1.7190454903e+02, -4.4156634306e+01
+1.6946807748e+02, -4.7137650051e+01
+1.6708908077e+02, -4.9975430355e+01
+1.6475979158e+02, -5.2686121812e+01
+1.6247400934e+02, -5.5282763570e+01
+1.6022668939e+02, -5.7776082683e+01
+1.5801366151e+02, -6.0175042700e+01
+1.5583143113e+02, -6.2487233613e+01
+1.5367703524e+02, -6.4719156199e+01
+1.5154793565e+02, -6.6876433977e+01
+1.4944193842e+02, -6.8963974244e+01
+1.4735713191e+02, -7.0986092488e+01
+1.4529183854e+02, -7.2946609954e+01
+1.4324457660e+02, -7.4848931160e+01
+1.4121402979e+02, -7.6696106229e+01
+1.3919902258e+02, -7.8490881541e+01
+1.3719850005e+02, -8.0235741300e+01
+1.3521151136e+02, -8.1932941942e+01
+1.3323719597e+02, -8.3584540857e+01
+1.3127477214e+02, -8.5192420529e+01
+1.2932352726e+02, -8.6758308978e+01
+1.2738280961e+02, -8.8283797174e+01
+1.2545202135e+02, -8.9770353949e+01
+1.2353061255e+02, -9.1219338859e+01
+1.2161807597e+02, -9.2632013307e+01
+1.1971394263e+02, -9.4009550229e+01
+1.1781777786e+02, -9.5353042558e+01
+1.1592917793e+02, -9.6663510642e+01
+1.1404776705e+02, -9.7941908791e+01
+1.1217319476e+02, -9.9189131058e+01
+1.1030513357e+02, -1.0040601637e+02
+1.0844327692e+02, -1.0159335309e+02
+1.0658733739e+02, -1.0275188310e+02
+1.0473704501e+02, -1.0388230545e+02
+1.0289214580e+02, -1.0498527965e+02
+1.0105240053e+02, -1.0606142859e+02
+9.9217583473e+01, -1.0711134124e+02
+9.7387481360e+01, -1.0813557502e+02
+9.5561892442e+01, -1.0913465805e+02
+9.3740625606e+01, -1.1010909105e+02
+9.1923499589e+01, -1.1105934921e+02
+9.0110342263e+01, -1.1198588384e+02
+8.8300989983e+01, -1.1288912384e+02
+8.6495286986e+01, -1.1376947710e+02
+8.4693084852e+01, -1.1462733177e+02
+8.2894242000e+01, -1.1546305742e+02
+8.1098623229e+01, -1.1627700612e+02
+7.9306099300e+01, -1.1706951339e+02
+7.7516546542e+01, -1.1784089915e+02
+7.5729846497e+01, -1.1859146854e+02
+7.3945885588e+01, -1.1932151271e+02
+7.2164554811e+01, -1.2003130951e+02
+7.0385749453e+01, -1.2072112420e+02
+6.8609368828e+01, -1.2139121003e+02
+6.6835316028e+01, -1.2204180883e+02
+6.5063497702e+01, -1.2267315157e+02
+6.3293823835e+01, -1.2328545882e+02
+6.1526207557e+01, -1.2387894120e+02
+5.9760564954e+01, -1.2445379989e+02
+5.7996814893e+01, -1.2501022695e+02
+5.6234878863e+01, -1.2554840574e+02
+5.4474680820e+01, -1.2606851124e+02
+5.2716147044e+01, -1.2657071042e+02
+5.0959206004e+01, -1.2705516253e+02
+4.9203788232e+01, -1.2752201935e+02
+4.7449826202e+01, -1.2797142550e+02
+4.5697254217e+01, -1.2840351870e+02
+4.3946008303e+01, -1.2881842996e+02
+4.2196026105e+01, -1.2921628383e+02
+4.0447246793e+01, -1.2959719859e+02
+3.8699610971e+01, -1.2996128646e+02
+3.6953060588e+01, -1.3030865375e+02
+3.5207538855e+01, -1.3063940107e+02
+3.3462990169e+01, -1.3095362344e+02
+3.1719360036e+01, -1.3125141045e+02
+2.9976594995e+01, -1.3153284643e+02
+2.8234642555e+01, -1.3179801051e+02
+2.6493451124e+01, -1.3204697679e+02
+2.4752969945e+01, -1.3227981444e+02
+2.3013149036e+01, -1.3249658777e+02
+2.1273939131e+01, -1.3269735637e+02
+1.9535291618e+01, -1.3288217513e+02
+1.7797158488e+01, -1.3305109438e+02
+1.6059492275e+01, -1.3320415993e+02
+1.4322246011e+01, -1.3334141314e+02
+1.2585373165e+01, -1.3346289097e+02
+1.0848827600e+01, -1.3356862603e+02
+9.1125635180e+00, -1.3365864663e+02
+7.3765354147e+00, -1.3373297684e+02
+5.6406980302e+00, -1.3379163647e+02
+3.9050063017e+00, -1.3383464115e+02
+2.1694153170e+00, -1.3386200230e+02
+4.3388026740e-01, -1.3387372722e+02
-1.3016435981e+00, -1.3386981900e+02
-3.0372010188e+00, -1.3385027661e+02
-4.7728367689e+00, -1.3381509487e+02
-6.5085957030e+00, -1.3376426440e+02
-8.2445228029e+00, -1.3369777170e+02
-9.9806632239e+00, -1.3361559903e+02
-1.1717062342e+01, -1.3351772447e+02
-1.3453765803e+01, -1.3340412184e+02
-1.5190819568e+01, -1.3327476067e+02
-1.6928269963e+01, -1.3312960618e+02
-1.8666163734e+01, -1.3296861922e+02
-2.0404548090e+01, -1.3279175622e+02
-2.2143470761e+01, -1.3259896912e+02
-2.3882980052e+01, -1.3239020531e+02
-2.5623124894e+01, -1.3216540756e+02
-2.7363954904e+01, -1.3192451394e+02
-2.9105520445e+01, -1.3166745771e+02
-3.0847872681e+01, -1.3139416726e+02
-3.2591063648e+01, -1.3110456597e+02
-3.4335146312e+01, -1.3079857215e+02
-3.6080174642e+01, -1.3047609884e+02
-3.7826203677e+01, -1.3013705376e+02
-3.9573289605e+01, -1.2978133910e+02
-4.1321489833e+01, -1.2940885144e+02
-4.3070863076e+01, -1.2901948153e+02
-4.4821469435e+01, -1.2861311414e+02
-4.6573370491e+01, -1.2818962788e+02
-4.8326629397e+01, -1.2774889499e+02
-5.0081310974e+01, -1.2729078114e+02
-5.1837481820e+01, -1.2681514520e+02
-5.3595210419e+01, -1.2632183899e+02
-5.5354567253e+01, -1.2581070703e+02
-5.7115624933e+01, -1.2528158625e+02
-5.8878458322e+01, -1.2473430572e+02
-6.0643144680e+01, -1.2416868630e+02
-6.2409763809e+01, -1.2358454033e+02
-6.4178398212e+01, -1.2298167124e+02
-6.5949133257e+01, -1.2235987319e+02
-6.7722057365e+01, -1.2171893062e+02
-6.9497262192e+01, -1.2105861784e+02
-7.1274842839e+01, -1.2037869852e+02
-7.3054898075e+01, -1.1967892516e+02
-7.4837530567e+01, -1.1895903861e+02
-7.6622847139e+01, -1.1821876738e+02
-7.8410959046e+01, -1.1745782705e+02
-8.0201982265e+01, -1.1667591958e+02
-8.1996037817e+01, -1.1587273254e+02
-8.3793252110e+01, -1.1504793832e+02
-8.5593757315e+01, -1.1420119324e+02
-8.7397691766e+01, -1.1333213660e+02
-8.9205200406e+01, -1.1244038970e+02
-9.1016435259e+01, -1.1152555466e+02
-9.2831555959e+01, -1.1058721324e+02
-9.4650730315e+01, -1.0962492552e+02
-9.6474134936e+01, -1.0863822847e+02
-9.8301955917e+01, -1.0762663432e+02
-1.0013438959e+02, -1.0658962890e+02
-1.0197164334e+02, -1.0552666970e+02
-1.0381393654e+02, -1.0443718381e+02
-1.0566150154e+02, -1.0332056562e+02
-1.0751458479e+02, -1.0217617428e+02
-1.0937344807e+02, -1.0100333089e+02
-1.1123836990e+02, -9.9801315425e+01
-1.1310964707e+02, -9.8569363241e+01
-1.1498759633e+02, -9.7306661231e+01
-1.1687255640e+02, -9.6012343509e+01
-1.1876489009e+02, -9.4685486575e+01
-1.2066498682e+02, -9.3325103867e+01
-1.2257326539e+02, -9.1930139613e+01
-1.2449017716e+02, -9.0499461869e+01
-1.2641620974e+02, -8.9031854594e+01
-1.2835189109e+02, -8.7526008603e+01
-1.3029779441e+02, -8.5980511194e+01
-1.3225454367e+02, -8.4393834194e+01
-1.3422282008e+02, -8.2764320117e+01
-1.3620336973e+02, -8.1090166062e+01
-1.3819701242e+02, -7.9369404860e+01
-1.4020465229e+02, -7.7599882881e+01
-1.4222729032e+02, -7.5779233720e+01
-1.4426603947e+02, -7.3904846794e+01
-1.4632214289e+02, -7.1973829563e+01
-1.4839699617e+02, -6.9982961700e+01
-1.5049217471e+02, -6.7928638966e+01
-1.5260946779e+02, -6.5806803806e+01
-1.5475092142e+02, -6.3612858511e+01
-1.5691889288e+02, -6.1341555243e+01
-1.5911612128e+02, -5.8986854762e+01
-1.6134582006e+02, -5.6541742091e+01
-1.6361180068e+02, -5.3997981643e+01
-1.6591864139e+02, -5.1345785219e+01
-1.6827192293e+02, -4.8573351087e+01
-1.7067856721e+02, -4.5666206129e+01
-1.7314734012e+02, -4.2606235579e+01
-2.1262989225e+02, +9.0907020361e+01
-2.1601406597e+02, +8.9371031718e+01
-2.5871129199e+02, +7.4264801439e+01
-2.2296650155e+02, +8.6356655611e+01
-2.2653359921e+02, +8.4888731195e+01
-2.3015983908e+02, +8.3453944872e+01
-2.3384504951e+02, +8.2057247397e+01
-2.3760959751e+02, +8.0707352451e+01
-2.3571181107e+02, +8.1374824309e+01
           NaN, -7.2714662317e+02
           NaN, -7.3789794209e+02
           NaN, -7.4794510195e+02
-1.5424493348e+02, +1.2082330659e+02
-1.5177701515e+02, +1.2208046417e+02
-1.4933226494e+02, +1.2331524757e+02
-1.4690952890e+02, +1.2452770917e+02
-1.4450772157e+02, +1.2571793401e+02
-1.4212582174e+02, +1.2688603409e+02
-1.3976286833e+02, +1.2803214347e+02
-1.3741795652e+02, +1.2915641421e+02
-1.3509023406e+02, +1.3025901274e+02
-1.3277889770e+02, +1.3134011689e+02
-1.3048318998e+02, +1.3239991326e+02
-1.2820239613e+02, +1.3343859512e+02
-1.2593584114e+02, +1.3445636045e+02
-1.2368288714e+02, +1.3545341042e+02
-1.2144293088e+02, +1.3642994806e+02
-1.1921540139e+02, +1.3738617708e+02
           NaN, -8.4666162927e+02
           NaN, -8.4975566905e+02
-1.1260210415e+02, +1.4013504131e+02
-1.1041914570e+02, +1.4101205695e+02
-1.0824617332e+02, +1.4186976475e+02
-1.0608276955e+02, +1.4270835729e+02
           NaN, -8.6271556403e+02
           NaN, -8.6488074154e+02
           NaN, -8.6692517349e+02
           NaN, -8.6885675357e+02
           NaN, -8.7068279707e+02
           NaN, -8.7241008622e+02
           NaN, -8.7404490831e+02
           NaN, -8.7559309401e+02
           NaN, -8.7706005183e+02
           NaN, -8.7845080009e+02
           NaN, -8.7976999589e+02
           NaN, -8.8102196298e+02
           NaN, -8.8221071773e+02
           NaN, -8.8333999090e+02
           NaN, -8.8441325176e+02
           NaN, -8.8543372548e+02
           NaN, -8.8640441349e+02
           NaN, -8.8732810947e+02
           NaN, -8.8820741666e+02
           NaN, -8.8904476020e+02
           NaN, -8.8984240209e+02
           NaN, -8.9060245410e+02
           NaN, -8.9132688827e+02
           NaN, -8.9201754702e+02
           NaN, -8.9267615425e+02
           NaN, -8.9330432432e+02
           NaN, -8.9390356919e+02
           NaN, -8.9447530755e+02
           NaN, -8.9502087110e+02
           NaN, -8.9554151073e+02
           NaN, -8.9603840460e+02
           NaN, -8.9651266132e+02
           NaN, -8.9696532633e+02
           NaN, -8.9739738687e+02
           NaN, -8.9780977640e+02
           NaN, -8.9820337770e+02
           NaN, -8.9857902746e+02
           NaN, -8.9893752014e+02
           NaN, -8.9927960959e+02
           NaN, -8.9960601375e+02
           NaN, -8.9991741610e+02
           NaN, -9.0021446874e+02
           NaN, -9.0049779415e+02
           NaN, -9.0076798743e+02
           NaN, -9.0102561823e+02
           NaN, -9.0127123220e+02
           NaN, -9.0150535266e+02
           NaN, -9.0172848182e+02
           NaN, -9.0194110116e+02
           NaN, -9.0214367407e+02
           NaN, -9.0233664468e+02
           NaN, -9.0252044037e+02
           NaN, -9.0269547103e+02
           NaN, -9.0286212919e+02
           NaN, -9.0302079153e+02
           NaN, -9.0317181768e+02
           NaN, -9.0331555121e+02
           NaN, -9.0345231727e+02
           NaN, -9.0358242497e+02
           NaN, -9.0370616437e+02
           NaN, -9.0382380644e+02
           NaN, -9.0393560189e+02
           NaN, -9.0404178087e+02
           NaN, -9.0414254993e+02
           NaN, -9.0423809069e+02
           NaN, -9.0432855904e+02
           NaN, -9.0441408047e+02
           NaN, -9.0449475019e+02
           NaN, -9.0457062862e+02
           NaN, -9.0464173798e+02
           NaN, -9.0470805899e+02
           NaN, -9.0476952714e+02
           NaN, -9.0482602773e+02
           NaN, -9.0487739090e+02
           NaN, -9.0492338571e+02
           NaN, -9.0496371434e+02
           NaN, -9.0499800528e+02
           NaN, -9.0502580517e+02
           NaN, -9.0504657104e+02
           NaN, -9.0505966145e+02
           NaN, -9.0506432480e+02
           NaN, -9.0505968995e+02
           NaN, -9.0504475277e+02
           NaN, -9.0501836299e+02
           NaN, -9.0497920985e+02
           NaN, -9.0492580446e+02
           NaN, -9.0485646404e+02
           NaN, -9.0476928989e+02
           NaN, -9.0466214724e+02
           NaN, -9.0453264170e+02
           NaN, -9.0437809277e+02
           NaN, -9.0419550582e+02
           NaN, -9.0398154105e+02
           NaN, -9.0373247960e+02
           NaN, -9.0344418682e+02
           NaN, -9.0311207073e+02
           NaN, -9.0273103998e+02
           NaN, -9.0229545347e+02
           NaN, -9.0179907036e+02
           NaN, -9.0123499137e+02
           NaN, -9.0059559908e+02
           NaN, -8.9987248982e+02
           NaN, -8.9905640283e+02
           NaN, -8.9813714223e+02
           NaN, -8.9710349386e+02
           NaN, -8.9594313580e+02
           NaN, -8.9464254345e+02
           NaN, -8.9318688754e+02
           NaN, -8.9155992734e+02
           NaN, -8.8974389678e+02
           NaN, -8.8771938701e+02
           NaN, -8.8546522253e+02
           NaN, -8.8295833477e+02
           NaN, -8.8017363412e+02
           NaN, -8.7708387772e+02
           NaN, -8.7365954342e+02
           NaN, -8.6986870365e+02
           NaN, -8.6567690825e+02
           NaN, -8.6104707907e+02
           NaN, -8.5593941856e+02
           NaN, -8.5031134082e+02
           NaN, -8.4411742931e+02
           NaN, -8.3730942959e+02
           NaN, -8.2983628294e+02
           NaN, -8.2164421216e+02
           NaN, -8.1267686515e+02
           NaN, -8.0287552773e+02
           NaN, -7.9217941326e+02
           NaN, -7.8052603478e+02
           NaN, -7.6785167056e+02
           NaN, -7.5409191992e+02
           NaN, -7.3918235265e+02
+1.2932352726e+02, -8.6758308978e+01
+1.7440845107e+02, -4.1011933693e+01
+2.3571187610e+02, +8.1374800867e+01
+2.3199473856e+02, +8.2750613108e+01
+2.2833920194e+02, +8.4166953636e+01
+2.2474239565e+02, +8.5618950207e+01
+2.2120531511e+02, +8.7101501994e+01
+2.1772902534e+02, +8.8609348615e+01
+2.1431411942e+02, +9.0137241390e+01
+2.1096061670e+02, +9.1680080756e+01
+2.0766798318e+02, +9.3233023459e+01
+2.0443519831e+02, +9.4791559932e+01
+2.0126083920e+02, +9.6351563565e+01
+1.9814316832e+02, +9.7909315381e+01
+1.9508021634e+02, +9.9461508694e+01
+1.9206985621e+02, +1.0100523861e+02
+1.8910986629e+02, +1.0253798090e+02
+1.8619798234e+02, +1.0405756423e+02
+1.8333193897e+02, +1.0556213869e+02
+1.8050950148e+02, +1.0705014312e+02
+1.7772848970e+02, +1.0852027288e+02
+1.7498679493e+02, +1.0997144909e+02
+1.7228239146e+02, +1.1140279002e+02
+1.6961334368e+02, +1.1281358508e+02
+1.6697780988e+02, +1.1420327137e+02
+1.6437404338e+02, +1.1557141289e+02
+1.6180039187e+02, +1.1691768221e+02
+1.5925529528e+02, +1.1824184440e+02
+1.5673728277e+02, +1.1954374311e+02
+1.5424496901e+02, +1.2082328842e+02
+1.5177705011e+02, +1.2208044643e+02
+1.4933229935e+02, +1.2331523026e+02
+1.4690956278e+02, +1.2452769230e+02
+1.4450775495e+02, +1.2571791756e+02
+1.4212585463e+02, +1.2688601804e+02
+1.3976290075e+02, +1.2803212784e+02
+1.3741798849e+02, +1.2915639898e+02
+1.3509026559e+02, +1.3025899790e+02
+1.3277892881e+02, +1.3134010243e+02
+1.3048322069e+02, +1.3239989918e+02
+1.2820242644e+02, +1.3343858141e+02
+1.2593587107e+02, +1.3445634710e+02
+1.2368291671e+02, +1.3545339743e+02
+1.2144296009e+02, +1.3642993542e+02
+1.1921543027e+02, +1.3738616478e+02
+1.1699978640e+02, +1.3832228899e+02
+1.1479551580e+02, +1.3923851049e+02
+1.1260213206e+02, +1.4013503000e+02
+1.1041917331e+02, +1.4101204595e+02
+1.0824620063e+02, +1.4186975406e+02
+1.0608279657e+02, +1.4270834691e+02
+1.0392856377e+02, +1.4352801363e+02
+1.0178312365e+02, +1.4432893969e+02
+9.9646115270e+01, +1.4511130664e+02
+9.7517194186e+01, +1.4587529199e+02
+9.5396031438e+01, +1.4662106908e+02
+9.3282312592e+01, +1.4734880696e+02
+9.1175736849e+01, +1.4805867039e+02
+8.9076016213e+01, +1.4875081971e+02
+8.6982874725e+01, +1.4942541090e+02
+8.4896047732e+01, +1.5008259551e+02
+8.2815281224e+01, +1.5072252073e+02
+8.0740331196e+01, +1.5134532933e+02
+7.8670963066e+01, +1.5195115977e+02
+7.6606951121e+01, +1.5254014617e+02
+7.4548078001e+01, +1.5311241838e+02
+7.2494134220e+01, +1.5366810202e+02
+7.0444917706e+01, +1.5420731856e+02
+6.8400233380e+01, +1.5473018529e+02
+6.6359892754e+01, +1.5523681549e+02
+6.4323713555e+01, +1.5572731838e+02
+6.2291519366e+01, +1.5620179925e+02
+6.0263139297e+01, +1.5666035948e+02
+5.8238407668e+01, +1.5710309662e+02
+5.6217163709e+01, +1.5753010443e+02
+5.4199251276e+01, +1.5794147294e+02
+5.2184518591e+01, +1.5833728853e+02
+5.0172817982e+01, +1.5871763394e+02
+4.8164005647e+01, +1.5908258837e+02
+4.6157941421e+01, +1.5943222749e+02
+4.4154488567e+01, +1.5976662355e+02
+4.2153513559e+01, +1.6008584535e+02
+4.0154885895e+01, +1.6038995834e+02
+3.8158477899e+01, +1.6067902467e+02
+3.6164164548e+01, +1.6095310319e+02
+3.4171823297e+01, +1.6121224954e+02
+3.2181333911e+01, +1.6145651616e+02
+3.0192578310e+01, +1.6168595232e+02
+2.8205440412e+01, +1.6190060419e+02
+2.6219805987e+01, +1.6210051484e+02
+2.4235562515e+01, +1.6228572428e+02
+2.2252599045e+01, +1.6245626951e+02
+2.0270806063e+01, +1.6261218451e+02
+1.8290075362e+01, +1.6275350029e+02
+1.6310299916e+01, +1.6288024491e+02
+1.4331373751e+01, +1.6299244348e+02
+1.2353191831e+01, +1.6309011821e+02
+1.0375649936e+01, +1.6317328842e+02
-1.9924487695e+02, -4.6952613997e+00
-1.9421076950e+02, -1.2894094841e+01
-1.9037517037e+02, -1.8831640208e+01
-1.8701911845e+02, -2.3821137271e+01
-1.8394464605e+02, -2.8232048657e+01
-1.8106188558e+02, -3.2235157657e+01
-1.7832070109e+02, -3.5927306886e+01
-1.7568962851e+02, -3.9370194129e+01
-1.7314734012e+02, -4.2606235579e+01
-1.7067856721e+02, -4.5666206129e+01
-1.6827192293e+02, -4.8573351087e+01
-1.6591864139e+02, -5.1345785219e+01
-1.6361180068e+02, -5.3997981643e+01
-1.6134582006e+02, -5.6541742091e+01
-1.5911612128e+02, -5.8986854762e+01
-1.5691889288e+02, -6.1341555243e+01
-1.5475092142e+02, -6.3612858511e+01
-1.5260946779e+02, -6.5806803806e+01
-1.5049217471e+02, -6.7928638966e+01
-1.4839699617e+02, -6.9982961700e+01
-1.4632214289e+02, -7.1973829563e+01
-1.4426603947e+02, -7.3904846794e+01
-1.4222729032e+02, -7.5779233720e+01
-1.4020465229e+02, -7.7599882881e+01
-1.3819701242e+02, -7.9369404860e+01
-1.3620336973e+02, -8.1090166062e+01
-1.3422282008e+02, -8.2764320117e+01
-1.3225454367e+02, -8.4393834194e+01
-1.3029779441e+02, -8.5980511194e+01
-1.2835189109e+02, -8.7526008603e+01
-1.2641620974e+02, -8.9031854594e+01
-1.2449017716e+02, -9.0499461869e+01
-1.2257326539e+02, -9.1930139613e+01
-1.2066498682e+02, -9.3325103867e+01
-1.1876489009e+02, -9.4685486575e+01
-1.1687255640e+02, -9.6012343509e+01
-1.1498759633e+02, -9.7306661231e+01
-1.1310964707e+02, -9.8569363241e+01
-1.1123836990e+02, -9.9801315425e+01
-1.0937344807e+02, -1.0100333089e+02
-1.0751458479e+02, -1.0217617428e+02
-1.0566150154e+02, -1.0332056562e+02
-1.0381393654e+02, -1.0443718381e+02
-1.0197164334e+02, -1.0552666970e+02
-1.0013438959e+02, -1.0658962890e+02
-9.8301955917e+01, -1.0762663432e+02
-9.6474134936e+01, -1.0863822847e+02
-9.4650730315e+01, -1.0962492552e+02
-9.2831555959e+01, -1.1058721324e+02
-9.1016435259e+01, -1.1152555466e+02
-8.9205200406e+01, -1.1244038970e+02
-8.7397691766e+01, -1.1333213660e+02
-8.5593757315e+01, -1.1420119324e+02
-8.3793252110e+01, -1.1504793832e+02
-8.1996037817e+01, -1.1587273254e+02
-8.0201982265e+01, -1.1667591958e+02
-7.8410959046e+01, -1.1745782705e+02
-7.6622847139e+01, -1.1821876738e+02
-7.4837530567e+01, -1.1895903861e+02
-7.3054898075e+01, -1.1967892516e+02
-7.1274842839e+01, -1.2037869852e+02
-6.9497262192e+01, -1.2105861784e+02
-6.7722057365e+01, -1.2171893062e+02
-6.5949133257e+01, -1.2235987319e+02
-6.4178398212e+01, -1.2298167124e+02
-6.2409763809e+01, -1.2358454033e+02
-6.0643144680e+01, -1.2416868630e+02
-5.8878458322e+01, -1.2473430572e+02
-5.7115624933e+01, -1.2528158625e+02
-5.5354567253e+01, -1.2581070703e+02
-5.3595210419e+01, -1.2632183899e+02
-5.1837481820e+01, -1.2681514520e+02
-5.0081310974e+01, -1.2729078114e+02
-4.8326629397e+01, -1.2774889499e+02
-4.6573370491e+01, -1.2818962788e+02
-4.4821469435e+01, -1.2861311414e+02
-4.3070863076e+01, -1.2901948153e+02
-4.1321489833e+01, -1.2940885144e+02
-3.9573289605e+01, -1.2978133910e+02
-3.7826203677e+01, -1.3013705376e+02
-3.6080174642e+01, -1.3047609884e+02
-3.4335146312e+01, -1.3079857215e+02
-3.2591063648e+01, -1.3110456597e+02
-3.0847872681e+01, -1.3139416726e+02
-2.9105520445e+01, -1.3166745771e+02
-2.7363954904e+01, -1.3192451394e+02
-2.5623124894e+01, -1.3216540756e+02
-2.3882980052e+01, -1.3239020531e+02
-2.2143470761e+01, -1.3259896912e+02
-2.0404548090e+01, -1.3279175622e+02
-1.8666163734e+01, -1.3296861922e+02
-1.6928269963e+01, -1.3312960618e+02
-1.5190819568e+01, -1.3327476067e+02
-1.3453765803e+01, -1.3340412184e+02
-1.1717062342e+01, -1.3351772447e+02
-9.9806632239e+00, -1.3361559903e+02
-8.2445228029e+00, -1.3369777170e+02
-6.5085957030e+00, -1.3376426440e+02
-4.7728367689e+00, -1.3381509487e+02
-3.0372010188e+00, -1.3385027661e+02
-1.3016435981e+00, -1.3386981900e+02
+4.3388026740e-01, -1.3387372722e+02
+2.1694153170e+00, -1.3386200230e+02
+3.9050063017e+00, -1.3383464115e+02
+5.6406980302e+00, -1.3379163647e+02
+7.3765354147e+00, -1.3373297684e+02
+9.1125635180e+00, -1.3365864663e+02
+1.0848827600e+01, -1.3356862603e+02
+1.2585373165e+01, -1.3346289097e+02
+1.4322246011e+01, -1.3334141314e+02
+1.6059492275e+01, -1.3320415993e+02
+1.7797158488e+01, -1.3305109438e+02
+1.9535291618e+01, -1.3288217513e+02
+2.1273939131e+01, -1.3269735637e+02
+2.3013149036e+01, -1.3249658777e+02
+2.4752969945e+01, -1.3227981444e+02
+2.6493451124e+01, -1.3204697679e+02
+2.8234642555e+01, -1.3179801051e+02
+2.9976594995e+01, -1.3153284643e+02
+3.1719360036e+01, -1.3125141045e+02
+3.3462990169e+01, -1.3095362344e+02
+3.5207538855e+01, -1.3063940107e+02
+3.6953060588e+01, -1.3030865375e+02
+3.8699610971e+01, -1.2996128646e+02
+4.0447246793e+01, -1.2959719859e+02
+4.2196026105e+01, -1.2921628383e+02
+4.3946008303e+01, -1.2881842996e+02
+4.5697254217e+01, -1.2840351870e+02
+4.7449826202e+01, -1.2797142550e+02
+4.9203788232e+01, -1.2752201935e+02
+5.0959206004e+01, -1.2705516253e+02
+5.2716147044e+01, -1.2657071042e+02
+5.4474680820e+01, -1.2606851124e+02
+5.6234878863e+01, -1.2554840574e+02
+5.7996814893e+01, -1.2501022695e+02
+5.9760564954e+01, -1.2445379989e+02
+6.1526207557e+01, -1.2387894120e+02
+6.3293823835e+01, -1.2328545882e+02
+6.5063497702e+01, -1.2267315157e+02
+6.6835316028e+01, -1.2204180883e+02
+6.8609368828e+01, -1.2139121003e+02
+7.0385749453e+01, -1.2072112420e+02
+7.2164554811e+01, -1.2003130951e+02
+7.3945885588e+01, -1.1932151271e+02
+7.5729846497e+01, -1.1859146854e+02
+7.7516546542e+01, -1.1784089915e+02
+7.9306099300e+01, -1.1706951339e+02
+8.1098623229e+01, -1.1627700612e+02
+8.2894242000e+01, -1.1546305742e+02
+8.4693084852e+01, -1.1462733177e+02
+8.6495286986e+01, -1.1376947710e+02
+8.8300989983e+01, -1.1288912384e+02
+9.0110342263e+01, -1.1198588384e+02
+9.1923499589e+01, -1.1105934921e+02
+9.3740625606e+01, -1.1010909105e+02
+9.5561892442e+01, -1.0913465805e+02
+9.7387481360e+01, -1.0813557502e+02
+9.9217583473e+01, -1.0711134124e+02
+1.0105240053e+02, -1.0606142859e+02
+1.0289214580e+02, -1.0498527965e+02
+1.0473704501e+02, -1.0388230545e+02
+1.0658733739e+02, -1.0275188310e+02
+1.0844327692e+02, -1.0159335309e+02
+1.1030513357e+02, -1.0040601637e+02
+1.1217319476e+02, -9.9189131058e+01
+1.1404776705e+02, -9.7941908791e+01
+1.1592917793e+02, -9.6663510642e+01
+1.1781777786e+02, -9.5353042558e+01
+1.1971394263e+02, -9.4009550229e+01
+1.2161807597e+02, -9.2632013307e+01
+1.2353061255e+02, -9.1219338859e+01
+1.2545202135e+02, -8.9770353949e+01
+1.2738280961e+02, -8.8283797174e+01
+1.2932352726e+02, -8.6758308978e+01
+1.3127477214e+02, -8.5192420529e+01
+1.3323719597e+02, -8.3584540857e+01
+1.3521151136e+02, -8.1932941942e+01
+1.3719850005e+02, -8.0235741300e+01
+1.3919902258e+02, -7.8490881541e+01
+1.4121402979e+02, -7.6696106229e+01
+1.4324457660e+02, -7.4848931160e+01
+1.4529183854e+02, -7.2946609954e+01
+1.4735713191e+02, -7.0986092488e+01
+1.4944193842e+02, -6.8963974244e+01
+1.5154793565e+02, -6.6876433977e+01
+1.5367703524e+02, -6.4719156199e+01
+1.5583143113e+02, -6.2487233613e+01
+1.5801366151e+02, -6.0175042700e+01
+1.6022668939e+02, -5.7776082683e+01
+1.6247400934e+02, -5.5282763570e+01
+1.6475979158e+02, -5.2686121812e+01
+1.6708908077e+02, -4.9975430355e+01
+1.6946807748e+02, -4.7137650051e+01
+1.7190454903e+02, -4.4156634306e+01
+1.7440845107e+02, -4.1011933693e+01
+1.7699291066e+02, -3.7676918817e+01
+2.6066864074e+02, +7.3755290952e+01
+2.2120550057e+02, +8.7101422873e+01
+2.2474258381e+02, +8.5618872766e+01
+2.2833939272e+02, +8.4166878138e+01
+2.3199493194e+02, +8.2750539802e+01
+2.3571207264e+02, +8.1374730017e+01
+1.7440845107e+02, -4.1011933693e+01
+2.3384479062e+02, +8.2057343265e+01
+2.3015958438e+02, +8.3454043568e+01
           NaN, -7.3261326276e+02
           NaN, -7.4300661960e+02
+1.5548796107e+02, +1.2018633165e+02
+1.5300800339e+02, +1.2145468398e+02
+1.5055181781e+02, +1.2270065020e+02
+1.4811821454e+02, +1.2392426397e+02
+1.4570607443e+02, +1.2512559476e+02
+1.4331434465e+02, +1.2630474173e+02
+1.4094203456e+02, +1.2746182849e+02
+1.3858821168e+02, +1.2859699857e+02
+1.3625199793e+02, +1.2971041162e+02
+1.3393256599e+02, +1.3080224013e+02
+1.3162913590e+02, +1.3187266660e+02
+1.2934097191e+02, +1.3292188122e+02
+1.2706737948e+02, +1.3395007983e+02
+1.2480770250e+02, +1.3495746220e+02
+1.2256132071e+02, +1.3594423056e+02
+1.2032764727e+02, +1.3691058841e+02
           NaN, -8.4504179489e+02
           NaN, -8.4823235035e+02
           NaN, -8.5123323306e+02
           NaN, -8.5405738288e+02
+1.0933143783e+02, +1.4144331221e+02
+1.0716330064e+02, +1.4229143852e+02
           NaN, -8.6158505984e+02
           NaN, -8.6381376299e+02
           NaN, -8.6591754329e+02
           NaN, -8.6790459973e+02
           NaN, -8.6978253144e+02
           NaN, -8.7155838193e+02
           NaN, -8.7323868092e+02
           NaN, -8.7482948314e+02
           NaN, -8.7633640396e+02
           NaN, -8.7776465305e+02
           NaN, -8.7911906425e+02
           NaN, -8.8040412506e+02
           NaN, -8.8162400222e+02
           NaN, -8.8278256683e+02
           NaN, -8.8388341590e+02
           NaN, -8.8492989453e+02
           NaN, -8.8592511343e+02
           NaN, -8.8687196840e+02
           NaN, -8.8777315623e+02
           NaN, -8.8863118877e+02
           NaN, -8.8944840846e+02
           NaN, -8.9022700056e+02
           NaN, -8.9096900541e+02
           NaN, -8.9167632893e+02
           NaN, -8.9235075366e+02
           NaN, -8.9299394705e+02
           NaN, -8.9360747169e+02
           NaN, -8.9419279144e+02
           NaN, -8.9475128117e+02
           NaN, -8.9528423126e+02
           NaN, -8.9579285508e+02
           NaN, -8.9627829584e+02
           NaN, -8.9674162959e+02
           NaN, -8.9718387268e+02
           NaN, -8.9760598410e+02
           NaN, -8.9800887215e+02
           NaN, -8.9839339585e+02
           NaN, -8.9876037041e+02
           NaN, -8.9911056944e+02
           NaN, -8.9944472879e+02
           NaN, -8.9976354876e+02
           NaN, -9.0006769650e+02
           NaN, -9.0035780944e+02
           NaN, -9.0063449613e+02
           NaN, -9.0089833850e+02
           NaN, -9.0114989410e+02
           NaN, -9.0138969725e+02
           NaN, -9.0161826062e+02
           NaN, -9.0183607573e+02
           NaN, -9.0204361519e+02
           NaN, -9.0224133238e+02
           NaN, -9.0242966337e+02
           NaN, -9.0260902642e+02
           NaN, -9.0277982254e+02
           NaN, -9.0294243674e+02
           NaN, -9.0309723720e+02
           NaN, -9.0324457531e+02
           NaN, -9.0338478554e+02
           NaN, -9.0351818520e+02
           NaN, -9.0364507332e+02
           NaN, -9.0376573149e+02
           NaN, -9.0388042021e+02
           NaN, -9.0398938020e+02
           NaN, -9.0409282960e+02
           NaN, -9.0419096373e+02
           NaN, -9.0428395023e+02
           NaN, -9.0437193124e+02
           NaN, -9.0445501718e+02
           NaN, -9.0453328616e+02
           NaN, -9.0460677949e+02
           NaN, -9.0467549995e+02
           NaN, -9.0473940546e+02
           NaN, -9.0479840763e+02
           NaN, -9.0485236444e+02
           NaN, -9.0490107641e+02
           NaN, -9.0494427968e+02
           NaN, -9.0498164079e+02
           NaN, -9.0501274831e+02
           NaN, -9.0503710515e+02
           NaN, -9.0505411994e+02
           NaN, -9.0506309813e+02
           NaN, -9.0506322911e+02
           NaN, -9.0505357738e+02
           NaN, -9.0503306720e+02
           NaN, -9.0500047048e+02
           NaN, -9.0495438911e+02
           NaN, -9.0489323956e+02
           NaN, -9.0481523382e+02
           NaN, -9.0471835797e+02
           NaN, -9.0460035029e+02
           NaN, -9.0445867723e+02
           NaN, -9.0429050422e+02
           NaN, -9.0409266888e+02
           NaN, -9.0386164562e+02
           NaN, -9.0359351291e+02
           NaN, -9.0328391281e+02
           NaN, -9.0292800889e+02
           NaN, -9.0252044147e+02
           NaN, -9.0205527655e+02
           NaN, -9.0152595137e+02
           NaN, -9.0092521543e+02
           NaN, -9.0024506682e+02
           NaN, -8.9947668297e+02
           NaN, -8.9861034522e+02
           NaN, -8.9763535968e+02
           NaN, -8.9653996960e+02
           NaN, -8.9531126406e+02
           NaN, -8.9393507930e+02
           NaN, -8.9239589382e+02
           NaN, -8.9067671889e+02
           NaN, -8.8875898224e+02
           NaN, -8.8662240734e+02
           NaN, -8.8424488827e+02
           NaN, -8.8160236184e+02
           NaN, -8.7866867814e+02
           NaN, -8.7541547059e+02
           NaN, -8.7181202952e+02
           NaN, -8.6782518000e+02
           NaN, -8.6341917078e+02
           NaN, -8.5855557342e+02
           NaN, -8.5319320392e+02
           NaN, -8.4728806376e+02
           NaN, -8.4079331661e+02
           NaN, -8.3365929830e+02
           NaN, -8.2583357670e+02
           NaN, -8.1726106541e+02
           NaN, -8.0788419990e+02
           NaN, -7.9764318836e+02
           NaN, -7.8647634177e+02
           NaN, -7.7432049212e+02
           NaN, -7.6111150300e+02
           NaN, -7.4678487169e+02
           NaN, -7.3127642410e+02
-1.5049217471e+02, -6.7928638966e+01
-2.3760939503e+02, +8.0707420028e+01
-2.3384485475e+02, +8.2057319520e+01
-2.3015964700e+02, +8.3454019304e+01
-2.2653340973e+02, +8.4888807697e+01
-2.2296631473e+02, +8.6356733925e+01
-2.1945952115e+02, +8.7852593526e+01
-2.1601388465e+02, +8.9371112854e+01
-2.1262971371e+02, +9.0907102510e+01
-2.0930674462e+02, +9.2455579567e+01
-2.0604419020e+02, +9.4011859761e+01
-2.0284081776e+02, +9.5571620483e+01
-1.9969503630e+02, +9.7130937221e+01
-1.9660498251e+02, +9.8686297618e+01
-1.9356859959e+02, +1.0023459796e+02
-1.9058370602e+02, +1.0177312683e+02
-1.8764805304e+02, +1.0329954021e+02
-1.8475937129e+02, +1.0481183153e+02
-1.8191540726e+02, +1.0630829934e+02
-1.7911395101e+02, +1.0778751471e+02
-1.7635285634e+02, +1.0924828959e+02
-1.7363005493e+02, +1.1068964710e+02
-1.7094356544e+02, +1.1211079417e+02
-1.6829149893e+02, +1.1351109681e+02
-1.6567206118e+02, +1.1489005804e+02
-1.6308355289e+02, +1.1624729825e+02
-1.6052436819e+02, +1.1758253816e+02
-1.5799299206e+02, +1.1889558374e+02
-1.5548799690e+02, +1.2018631326e+02
-1.5300803863e+02, +1.2145466602e+02
-1.5055185249e+02, +1.2270063269e+02
-1.4811824868e+02, +1.2392424689e+02
-1.4570610805e+02, +1.2512557810e+02
-1.4331437778e+02, +1.2630472549e+02
-1.4094206721e+02, +1.2746181265e+02
-1.3858824387e+02, +1.2859698314e+02
-1.3625202968e+02, +1.2971039659e+02
-1.3393259731e+02, +1.3080222548e+02
-1.3162916681e+02, +1.3187265233e+02
-1.2934100242e+02, +1.3292186733e+02
-1.2706740960e+02, +1.3395006631e+02
-1.2480773225e+02, +1.3495744903e+02
-1.2256135010e+02, +1.3594421774e+02
-1.2032767632e+02, +1.3691057594e+02
-1.1810615527e+02, +1.3785672734e+02
-1.1589626044e+02, +1.3878287499e+02
-1.1369749249e+02, +1.3968922053e+02
-1.1150937751e+02, +1.4057596362e+02
-1.0933146529e+02, +1.4144330137e+02
-1.0716332781e+02, +1.4229142799e+02
-1.0500455785e+02, +1.4312053435e+02
-1.0285476758e+02, +1.4393080780e+02
-1.0071358739e+02, +1.4472243186e+02
-9.8580664727e+01, +1.4549558608e+02
-9.6455663002e+01, +1.4625044590e+02
-9.4338260637e+01, +1.4698718252e+02
-9.2228150123e+01, +1.4770596286e+02
-9.0125037163e+01, +1.4840694946e+02
-8.8028639873e+01, +1.4909030049e+02
-8.5938688034e+01, +1.4975616972e+02
-8.3854922395e+01, +1.5040470652e+02
-8.1777094026e+01, +1.5103605585e+02
-7.9704963703e+01, +1.5165035834e+02
-7.7638301345e+01, +1.5224775026e+02
-7.5576885480e+01, +1.5282836360e+02
-7.3520502741e+01, +1.5339232608e+02
-7.1468947406e+01, +1.5393976125e+02
-6.9422020950e+01, +1.5447078848e+02
-6.7379531638e+01, +1.5498552304e+02
-6.5341294135e+01, +1.5548407618e+02
-6.3307129140e+01, +1.5596655514e+02
-6.1276863040e+01, +1.5643306326e+02
-5.9250327588e+01, +1.5688369999e+02
-5.7227359594e+01, +1.5731856098e+02
-5.5207800637e+01, +1.5773773811e+02
-5.3191496788e+01, +1.5814131960e+02
-5.1178298353e+01, +1.5852938997e+02
-4.9168059623e+01, +1.5890203021e+02
-4.7160638644e+01, +1.5925931775e+02
-4.5155896991e+01, +1.5960132653e+02
-4.3153699557e+01, +1.5992812706e+02
-4.1153914353e+01, +1.6023978648e+02
-3.9156412312e+01, +1.6053636858e+02
-3.7161067108e+01, +1.6081793385e+02
-3.5167754977e+01, +1.6108453953e+02
-3.3176354549e+01, +1.6133623966e+02
-3.1186746688e+01, +1.6157308509e+02
-2.9198814329e+01, +1.6179512353e+02
-2.7212442337e+01, +1.6200239959e+02
-2.5227517352e+01, +1.6219495483e+02
-2.3243927656e+01, +1.6237282773e+02
-2.1261563035e+01, +1.6253605379e+02
-1.9280314643e+01, +1.6268466548e+02
-1.7300074879e+01, +1.6281869236e+02
-1.5320737258e+01, +1.6293816099e+02
-1.3342196292e+01, +1.6304309505e+02
-1.1364347366e+01, +1.6313351529e+02
-9.3870866226e+00, +1.6320943956e+02
