-2.7338961887e+02, -5.9374020488e-01
-2.9510715299e+02, +7.1102220430e+01
-2.9837273892e+02, -5.1868656501e-01
-2.7338961887e+02, -5.9374020488e-01
-2.9317816393e+02, +7.1967134343e+01
-2.9362310222e+02, -5.2949917504e-01
-2.9837273892e+02, -5.1868656501e-01
-3.0303035361e+02, -5.0915012245e-01
-3.0760642899e+02, -5.0066143459e-01
-3.1210963458e+02, -4.9304563098e-01
-3.1654723835e+02, -4.8616620850e-01
-3.2092540518e+02, -4.7991481444e-01
-3.2524941792e+02, -4.7420417699e-01
-3.2952384457e+02, -4.6896309607e-01
-3.3375266653e+02, -4.6413281921e-01
-3.3793937878e+02, -4.5966437090e-01
-3.4208706898e+02, -4.5551655178e-01
-3.5027606463e+02, -4.4804810726e-01
-3.7414066209e+02, -4.3055608800e-01
-3.4619848070e+02, -4.5165441758e-01
-3.5871304630e+02, +6.0815668040e+01
-3.5833833050e+02, -4.4150364094e-01
-3.6232678984e+02, -4.3852387539e-01
-3.6628902862e+02, -4.3571567998e-01
-3.7022653301e+02, -4.3306414292e-01
-3.7414066209e+02, -4.3055608800e-01
-3.7803266240e+02, -4.2817982341e-01
-3.8190368045e+02, -4.2592493364e-01
-3.8575477343e+02, -4.2378210606e-01
-3.8958691860e+02, -4.2174298537e-01
-3.9340102130e+02, -4.1980005100e-01
-3.9719792215e+02, -4.1794651304e-01
-4.0806971723e+02, +5.9971793967e+01
-4.1222837894e+02, -4.1131148326e-01
-3.8575477343e+02, -4.2378210606e-01
-4.0474319317e+02, -4.1448360165e-01
-4.1484497541e+02, +5.6674434973e+01
-4.1595000777e+02, -4.0982311276e-01
-4.1965841905e+02, -4.0839457010e-01
-4.2335413869e+02, -4.0702228732e-01
-4.2703766157e+02, -4.0570298113e-01
-4.3070945400e+02, -4.0443362454e-01
-4.3436995592e+02, -4.0321142180e-01
-4.3801958287e+02, -4.0203378635e-01
-4.4165872785e+02, -4.0089832122e-01
-4.4528776290e+02, -3.9980280165e-01
-4.4890704063e+02, -3.9874515962e-01
-4.5251689555e+02, -3.9772347002e-01
-4.5611764533e+02, -3.9673593831e-01
-4.5970959192e+02, -3.9578088944e-01
-4.6329302258e+02, -3.9485675788e-01
-4.6539802253e+02, +5.5673342781e+01
-4.7399489096e+02, -3.9225567273e-01
-4.8109157753e+02, -3.9065167499e-01
-4.3801958287e+02, -4.0203378635e-01
-4.7189819454e+02, +5.4575017636e+01
-4.7754686876e+02, -3.9144144997e-01
-4.8695244663e+02, +5.4017946437e+01
-4.8816004547e+02, -3.8914125442e-01
-4.9168421039e+02, -3.8841865277e-01
-4.9520191886e+02, -3.8771657810e-01
-4.9871335307e+02, -3.8703418443e-01
-5.0221868776e+02, -3.8637067210e-01
-5.0571809063e+02, -3.8572528455e-01
-5.0921172270e+02, -3.8509730544e-01
-5.1269973866e+02, -3.8448605597e-01
-5.1618228722e+02, -3.8389089242e-01
-5.1965951140e+02, -3.8331120388e-01
-5.2313154881e+02, -3.8274641020e-01
-5.2659853197e+02, -3.8219595999e-01
-5.3006058849e+02, -3.8165932888e-01
-5.3351784136e+02, -3.8113601786e-01
-5.3697040914e+02, -3.8062555176e-01
-5.4041840621e+02, -3.8012747778e-01
-5.4386194292e+02, -3.7964136425e-01
-5.4730112580e+02, -3.7916679933e-01
-5.5073605775e+02, -3.7870338990e-01
-5.5416683818e+02, -3.7825076053e-01
-5.5759356316e+02, -3.7780855242e-01
-5.6101632559e+02, -3.7737642254e-01
-5.6443521532e+02, -3.7695404273e-01
-5.6785031932e+02, -3.7654109892e-01
-5.7572048530e+02, +6.7946215633e+01
-5.7807374521e+02, -3.7535593842e-01
-5.8147452171e+02, -3.7497785405e-01
-5.8826597497e+02, -3.7424559760e-01
-6.0181042104e+02, -3.7287023582e-01
-5.2659853197e+02, -3.8219595999e-01
-5.7807374521e+02, -3.7535593842e-01
-5.8515304504e+02, +5.2082852518e+01
-5.9165679332e+02, -3.7389094752e-01
-5.9504443034e+02, -3.7354364658e-01
-5.9246727157e+02, +6.6381198239e+01
-6.0518890029e+02, -3.7254371833e-01
-6.0856444950e+02, -3.7222373385e-01
-6.1193712706e+02, -3.7191009730e-01
-6.1530698970e+02, -3.7160263046e-01
-6.1867409255e+02, -3.7130116168e-01
-6.2203848923e+02, -3.7100552554e-01
-6.2540023190e+02, -3.7071556264e-01
-6.2875937126e+02, -3.7043111923e-01
-6.3211595669e+02, -3.7015204705e-01
-6.3547003621e+02, -3.6987820303e-01
-6.3882165660e+02, -3.6960944910e-01
-6.4217086337e+02, -3.6934565194e-01
-6.4551770087e+02, -3.6908668280e-01
-6.4886221231e+02, -3.6883241730e-01
-6.5220443977e+02, -3.6858273525e-01
-6.5554442428e+02, -3.6833752045e-01
-6.5888220580e+02, -3.6809666057e-01
-6.6221782332e+02, -3.6786004695e-01
-6.6555131486e+02, -3.6762757447e-01
-6.6888271749e+02, -3.6739914141e-01
-6.7221206738e+02, -3.6717464929e-01
-6.7553939981e+02, -3.6695400277e-01
-6.7886474923e+02, -3.6673710953e-01
-6.8218814924e+02, -3.6652388010e-01
-6.8550963268e+02, -3.6631422782e-01
-6.8882923156e+02, -3.6610806868e-01
-6.9214697721e+02, -3.6590532125e-01
-6.9546290016e+02, -3.6570590655e-01
-6.9877703030e+02, -3.6550974800e-01
-7.0208939680e+02, -3.6531677130e-01
-7.0540002816e+02, -3.6512690434e-01
-7.0870895227e+02, -3.6494007716e-01
-7.1201619636e+02, -3.6475622181e-01
-7.1532178708e+02, -3.6457527235e-01
-7.1862575047e+02, -3.6439716472e-01
-7.2192811202e+02, -3.6422183668e-01
-7.2522889663e+02, -3.6404922779e-01
-7.2852812870e+02, -3.6387927929e-01
-7.3182583207e+02, -3.6371193408e-01
-7.3512203010e+02, -3.6354713664e-01
-7.3841674563e+02, -3.6338483299e-01
-7.4171000103e+02, -3.6322497064e-01
-7.4500181820e+02, -3.6306749851e-01
-7.4829221857e+02, -3.6291236692e-01
-7.5158122314e+02, -3.6275952754e-01
-7.5486885248e+02, -3.6260893330e-01
-7.5815512673e+02, -3.6246053840e-01
-7.6144006562e+02, -3.6231429825e-01
-7.6472368849e+02, -3.6217016943e-01
-7.6800601428e+02, -3.6202810964e-01
-7.7128706157e+02, -3.6188807770e-01
-7.7456684854e+02, -3.6175003345e-01
-7.7784539304e+02, -3.6161393780e-01
-7.8112271256e+02, -3.6147975263e-01
-7.8439882426e+02, -3.6134744079e-01
-7.8767374493e+02, -3.6121696606e-01
-7.9094749109e+02, -3.6108829312e-01
-7.9422007889e+02, -3.6096138755e-01
-7.9749152422e+02, -3.6083621574e-01
-8.0076184263e+02, -3.6071274494e-01
-8.0403104941e+02, -3.6059094318e-01
-8.0729915954e+02, -3.6047077928e-01
-8.1056618772e+02, -3.6035222278e-01
-8.1709705573e+02, -3.6011981391e-01
-8.1383214839e+02, -3.6023524399e-01
-8.1165089184e+02, +5.1331246042e+01
-8.4031761883e+02, +5.3731410320e+01
-8.3340627043e+02, -3.5956492595e-01
-8.3340627043e+02, -3.5956492595e-01
-8.3666514117e+02, -3.5945821616e-01
-8.3992305082e+02, -3.5935287023e-01
-8.4318001162e+02, -3.5924886413e-01
-8.4643603563e+02, -3.5914617437e-01
-8.4969113466e+02, -3.5904477801e-01
-8.5294532034e+02, -3.5894465259e-01
-8.6455617882e+02, +5.7640571032e+01
-8.6270251050e+02, -3.5865168510e-01
-8.6595315504e+02, -3.5855642892e-01
-8.7123482935e+02, +5.5312059351e+01
-8.7569998137e+02, -3.5827757825e-01
-8.8219371216e+02, -3.5809725163e-01
-8.8868421281e+02, -3.5792121328e-01
-9.0165582713e+02, -3.5758144929e-01
-9.2418380308e+02, +4.6561544343e+01
-1.0340070674e+03, -3.5484848537e-01
-7.8112271256e+02, -3.6147975263e-01
-8.4643603563e+02, -3.5914617437e-01
-8.6595315504e+02, -3.5855642892e-01
-8.7569998137e+02, -3.5827757825e-01
-8.8219371216e+02, -3.5809725163e-01
-8.8868421281e+02, -3.5792121328e-01
-8.9145433042e+02, +4.9673361440e+01
-8.9841407389e+02, -3.5766489276e-01
-9.0165582713e+02, -3.5758144929e-01
-9.0489682839e+02, -3.5749897747e-01
-9.0329504783e+02, +5.2083651183e+01
-9.1461540700e+02, -3.5725723825e-01
-9.1785348635e+02, -3.5717850092e-01
-9.2109085605e+02, -3.5710066070e-01
-9.2432752416e+02, -3.5702370360e-01
-9.2756349863e+02, -3.5694761586e-01
-9.3079878727e+02, -3.5687238405e-01
-9.3403339779e+02, -3.5679799495e-01
-9.3726733776e+02, -3.5672443565e-01
-9.4050061465e+02, -3.5665169346e-01
-9.4373323581e+02, -3.5657975596e-01
-9.5019653979e+02, -3.5643824648e-01
-9.4696520848e+02, -3.5650861095e-01
-9.4831888268e+02, +4.9508492414e+01
-9.3964361752e+02, +5.2733700984e+01
-9.8700377972e+02, +5.5299184682e+01
-9.7330640029e+02, +4.9544019522e+01
-9.7279847763e+02, -3.5596659365e-01
-9.7602492224e+02, -3.5590206986e-01
-9.8570078984e+02, -3.5571255561e-01
-9.7967696104e+02, +4.9522071933e+01
-9.8247607225e+02, -3.5577506062e-01
-9.8570078984e+02, -3.5571255561e-01
-9.8892494381e+02, -3.5565070427e-01
-9.9214854004e+02, -3.5558949725e-01
-9.9537158434e+02, -3.5552892539e-01
-9.9859408241e+02, -3.5546897968e-01
-1.0018160399e+03, -3.5540965130e-01
-1.0050374624e+03, -3.5535093156e-01
-1.0082583553e+03, -3.5529281194e-01
-1.0114787240e+03, -3.5523528407e-01
-1.0146985740e+03, -3.5517833973e-01
-1.0179179103e+03, -3.5512197084e-01
-1.0211367383e+03, -3.5506616947e-01
-1.0243550630e+03, -3.5501092783e-01
-1.0275728894e+03, -3.5495623826e-01
-1.0307902226e+03, -3.5490209324e-01
-1.0340070674e+03, -3.5484848537e-01
-1.0372234287e+03, -3.5479540740e-01
-1.0404393112e+03, -3.5474285217e-01
-1.0436547197e+03, -3.5469081269e-01
-1.0468696587e+03, -3.5463928204e-01
-1.0500841329e+03, -3.5458825345e-01
-1.0532981469e+03, -3.5453772026e-01
-1.0565117049e+03, -3.5448767592e-01
-1.0597248115e+03, -3.5443811399e-01
-1.0629374710e+03, -3.5438902813e-01
-1.0661496877e+03, -3.5434041212e-01
-1.0693614658e+03, -3.5429225983e-01
-1.0725728096e+03, -3.5424456525e-01
-1.0757837230e+03, -3.5419732246e-01
-1.0789942102e+03, -3.5415052562e-01
-1.0822042752e+03, -3.5410416902e-01
-1.0854139219e+03, -3.5405824701e-01
-1.0886231544e+03, -3.5401275406e-01
-1.0918319764e+03, -3.5396768470e-01
-1.0950403917e+03, -3.5392303359e-01
-1.0982484042e+03, -3.5387879544e-01
-1.1014560175e+03, -3.5383496505e-01
-1.1046632354e+03, -3.5379153732e-01
-1.1078700613e+03, -3.5374850722e-01
-1.1110764990e+03, -3.5370586980e-01
-1.1142825520e+03, -3.5366362018e-01
-1.1174882238e+03, -3.5362175359e-01
-1.1206935177e+03, -3.5358026529e-01
-1.1238984373e+03, -3.5353915064e-01
-1.1271029858e+03, -3.5349840508e-01
-1.1303071667e+03, -3.5345802410e-01
-1.1335109831e+03, -3.5341800326e-01
-1.1367144384e+03, -3.5337833822e-01
-1.1399175357e+03, -3.5333902467e-01
-1.1431202783e+03, -3.5330005839e-01
-1.1463226692e+03, -3.5326143520e-01
-1.1495247115e+03, -3.5322315102e-01
-1.1527264083e+03, -3.5318520179e-01
-1.1559277626e+03, -3.5314758355e-01
-1.1591287774e+03, -3.5311029237e-01
-1.1623294556e+03, -3.5307332440e-01
-1.1655298002e+03, -3.5303667584e-01
-1.1687298139e+03, -3.5300034293e-01
-1.1719294998e+03, -3.5296432200e-01
-1.1751288606e+03, -3.5292860941e-01
-1.1783278990e+03, -3.5289320158e-01
-1.1815266178e+03, -3.5285809499e-01
-1.1847250197e+03, -3.5282328615e-01
-1.1879231074e+03, -3.5278877165e-01
-1.1911208836e+03, -3.5275454810e-01
-1.1943183509e+03, -3.5272061219e-01
-1.1975155118e+03, -3.5268696064e-01
-1.2007123690e+03, -3.5265359021e-01
-1.2039089250e+03, -3.5262049773e-01
-1.2071051822e+03, -3.5258768006e-01
-1.2103011431e+03, -3.5255513411e-01
-1.2134968103e+03, -3.5252285682e-01
-1.2166921861e+03, -3.5249084519e-01
-1.2198872729e+03, -3.5245909627e-01
-1.2230820731e+03, -3.5242760712e-01
-1.2262765890e+03, -3.5239637488e-01
-1.2294708230e+03, -3.5236539670e-01
-1.2326647773e+03, -3.5233466978e-01
-1.2358584542e+03, -3.5230419137e-01
-1.2390518559e+03, -3.5227395874e-01
-1.2422449847e+03, -3.5224396921e-01
-1.2454378427e+03, -3.5221422013e-01
-1.2486304322e+03, -3.5218470889e-01
-1.2518227552e+03, -3.5215543293e-01
-1.2550148139e+03, -3.5212638970e-01
-1.2582066103e+03, -3.5209757669e-01
-1.2613981466e+03, -3.5206899144e-01
-1.2645894248e+03, -3.5204063151e-01
-1.2677804470e+03, -3.5201249450e-01
-1.2709712151e+03, -3.5198457804e-01
-1.2741617311e+03, -3.5195687979e-01
-1.2773519970e+03, -3.5192939744e-01
-1.2805420148e+03, -3.5190212871e-01
-1.2837317864e+03, -3.5187507137e-01
-1.2869213136e+03, -3.5184822318e-01
-1.2901105985e+03, -3.5182158198e-01
-1.2932996427e+03, -3.5179514559e-01
-1.2964884482e+03, -3.5176891189e-01
-1.2996770169e+03, -3.5174287878e-01
-1.3028653504e+03, -3.5171704419e-01
-1.3060534507e+03, -3.5169140607e-01
-1.3092413195e+03, -3.5166596239e-01
-1.3124289584e+03, -3.5164071117e-01
-1.3156163694e+03, -3.5161565044e-01
-1.3188035540e+03, -3.5159077826e-01
-1.3219905141e+03, -3.5156609270e-01
-1.3251772512e+03, -3.5154159189e-01
-1.3283637670e+03, -3.5151727394e-01
-1.3315500632e+03, -3.5149313701e-01
-1.3347361415e+03, -3.5146917929e-01
-1.3379220033e+03, -3.5144539898e-01
-1.3411076505e+03, -3.5142179430e-01
-1.3442930844e+03, -3.5139836350e-01
-1.3474783067e+03, -3.5137510485e-01
-1.3506633190e+03, -3.5135201664e-01
-1.3538481227e+03, -3.5132909719e-01
-1.3570327195e+03, -3.5130634483e-01
-1.3602171107e+03, -3.5128375791e-01
-1.3634012979e+03, -3.5126133481e-01
-1.3665852827e+03, -3.5123907393e-01
-1.3697690663e+03, -3.5121697368e-01
-1.3729526504e+03, -3.5119503250e-01
-1.3761360363e+03, -3.5117324884e-01
-1.3793192254e+03, -3.5115162117e-01
-1.3825022192e+03, -3.5113014799e-01
-1.3856850190e+03, -3.5110882781e-01
-1.3888676262e+03, -3.5108765915e-01
-1.3920500423e+03, -3.5106664057e-01
-1.3952322685e+03, -3.5104577063e-01
-1.3984143062e+03, -3.5102504790e-01
-1.4015961567e+03, -3.5100447099e-01
-1.4047778213e+03, -3.5098403852e-01
-1.4079593013e+03, -3.5096374911e-01
-1.4111405981e+03, -3.5094360142e-01
-1.4143217129e+03, -3.5092359411e-01
-1.4175026470e+03, -3.5090372585e-01
-1.4206834016e+03, -3.5088399535e-01
-1.4238639779e+03, -3.5086440133e-01
-1.4270443773e+03, -3.5084494249e-01
-1.4302246009e+03, -3.5082561759e-01
-1.4334046499e+03, -3.5080642539e-01
-1.4365845255e+03, -3.5078736465e-01
-1.4397642289e+03, -3.5076843417e-01
-1.4429437613e+03, -3.5074963273e-01
-1.4461231239e+03, -3.5073095916e-01
-1.4493023178e+03, -3.5071241228e-01
-1.4524813441e+03, -3.5069399093e-01
-1.4556602040e+03, -3.5067569397e-01
-1.4588388986e+03, -3.5065752027e-01
-1.4620174291e+03, -3.5063946871e-01
-1.4651957964e+03, -3.5062153817e-01
-1.4683740017e+03, -3.5060372758e-01
-1.4715520462e+03, -3.5058603584e-01
-1.4747299308e+03, -3.5056846188e-01
-1.4779076566e+03, -3.5055100466e-01
-1.4810852247e+03, -3.5053366312e-01
-1.4842626362e+03, -3.5051643623e-01
-1.4874398920e+03, -3.5049932297e-01
-1.4906169932e+03, -3.5048232234e-01
-1.4937939407e+03, -3.5046543332e-01
-1.4969707357e+03, -3.5044865495e-01
-1.5001473791e+03, -3.5043198623e-01
-1.5033238719e+03, -3.5041542621e-01
-1.5065002151e+03, -3.5039897392e-01
-1.5096764096e+03, -3.5038262843e-01
-1.5128524564e+03, -3.5036638880e-01
-1.5160283565e+03, -3.5035025410e-01
-1.5192041108e+03, -3.5033422344e-01
-1.5223797203e+03, -3.5031829589e-01
-1.5255551859e+03, -3.5030247057e-01
-1.5287305084e+03, -3.5028674660e-01
-1.5319056889e+03, -3.5027112309e-01
-1.5350807282e+03, -3.5025559919e-01
-1.5382556273e+03, -3.5024017405e-01
-1.5414303870e+03, -3.5022484681e-01
-1.5446050081e+03, -3.5020961663e-01
-1.5477794917e+03, -3.5019448270e-01
-1.5509538385e+03, -3.5017944419e-01
-1.5541280494e+03, -3.5016450030e-01
-1.5573021252e+03, -3.5014965021e-01
-1.5604760669e+03, -3.5013489314e-01
-1.5636498752e+03, -3.5012022831e-01
-1.5668235511e+03, -3.5010565494e-01
-1.5699970952e+03, -3.5009117226e-01
-1.5731705084e+03, -3.5007677951e-01
-1.5763437916e+03, -3.5006247594e-01
-1.5795169455e+03, -3.5004826080e-01
-1.5826899710e+03, -3.5003413337e-01
-1.5858628688e+03, -3.5002009291e-01
-1.5890356397e+03, -3.5000613870e-01
-1.5922082845e+03, -3.4999227003e-01
-1.5953808040e+03, -3.4997848620e-01
-1.5985531990e+03, -3.4996478650e-01
-1.6017254701e+03, -3.4995117024e-01
-1.6048976181e+03, -3.4993763675e-01
-1.6080696439e+03, -3.4992418534e-01
-1.6112415481e+03, -3.4991081534e-01
-1.6144133315e+03, -3.4989752610e-01
-1.6175849947e+03, -3.4988431695e-01
-1.6207565386e+03, -3.4987118725e-01
-1.6239279639e+03, -3.4985813635e-01
-1.6270992712e+03, -3.4984516362e-01
-1.6302704612e+03, -3.4983226843e-01
-1.6334415347e+03, -3.4981945016e-01
-1.6366124924e+03, -3.4980670818e-01
-1.6397833349e+03, -3.4979404189e-01
-1.6429540629e+03, -3.4978145068e-01
-1.6461246771e+03, -3.4976893396e-01
-1.6492951782e+03, -3.4975649113e-01
-1.6524655668e+03, -3.4974412160e-01
-1.6556358437e+03, -3.4973182480e-01
-1.6588060094e+03, -3.4971960014e-01
-1.6619760646e+03, -3.4970744707e-01
-1.6651460100e+03, -3.4969536502e-01
-1.6683158461e+03, -3.4968335343e-01
-1.6714855737e+03, -3.4967141174e-01
-1.6746551934e+03, -3.4965953941e-01
-1.6778247058e+03, -3.4964773590e-01
-1.6809941115e+03, -3.4963600068e-01
-1.6841634111e+03, -3.4962433320e-01
-1.6873326052e+03, -3.4961273295e-01
-1.6905016945e+03, -3.4960119941e-01
-1.6936706796e+03, -3.4958973206e-01
-1.6968395610e+03, -3.4957833038e-01
-1.7000083394e+03, -3.4956699389e-01
-1.7031770152e+03, -3.4955572206e-01
-1.7063455892e+03, -3.4954451441e-01
-1.7095140619e+03, -3.4953337045e-01
-1.7126824339e+03, -3.4952228968e-01
-1.7158507057e+03, -3.4951127164e-01
-1.7190188779e+03, -3.4950031584e-01
-1.7221869511e+03, -3.4948942180e-01
-1.7253549258e+03, -3.4947858907e-01
-1.7285228026e+03, -3.4946781718e-01
-1.7316905820e+03, -3.4945710566e-01
-1.7348582646e+03, -3.4944645407e-01
-1.7380258509e+03, -3.4943586195e-01
-1.7411933414e+03, -3.4942532886e-01
-1.7443607368e+03, -3.4941485436e-01
-1.7475280374e+03, -3.4940443800e-01
-1.7506952439e+03, -3.4939407936e-01
-1.7538623568e+03, -3.4938377801e-01
-1.7570293765e+03, -3.4937353351e-01
-1.7601963037e+03, -3.4936334545e-01
-1.7633631387e+03, -3.4935321342e-01
-1.7665298822e+03, -3.4934313698e-01
-1.7696965345e+03, -3.4933311575e-01
-1.7728630963e+03, -3.4932314931e-01
-1.7760295680e+03, -3.4931323725e-01
-1.7791959500e+03, -3.4930337919e-01
-1.7823622430e+03, -3.4929357472e-01
-1.7855284473e+03, -3.4928382346e-01
-1.7886945634e+03, -3.4927412501e-01
-1.7918605919e+03, -3.4926447899e-01
-1.7950265332e+03, -3.4925488503e-01
-1.7981923878e+03, -3.4924534274e-01
-1.8013581560e+03, -3.4923585175e-01
-1.8045238385e+03, -3.4922641169e-01
-1.8076894357e+03, -3.4921702220e-01
-1.8108549479e+03, -3.4920768290e-01
-1.8140203757e+03, -3.4919839344e-01
-1.8171857196e+03, -3.4918915347e-01
-1.8203509799e+03, -3.4917996263e-01
-1.8235161571e+03, -3.4917082056e-01
-1.8266812517e+03, -3.4916172693e-01
-1.8298462640e+03, -3.4915268138e-01
-1.8330111946e+03, -3.4914368358e-01
-1.8361760438e+03, -3.4913473318e-01
-1.8393408121e+03, -3.4912582985e-01
-1.8425055000e+03, -3.4911697327e-01
-1.8456701077e+03, -3.4910816309e-01
-1.8488346358e+03, -3.4909939900e-01
-1.8519990846e+03, -3.4909068067e-01
-1.8551634547e+03, -3.4908200778e-01
-1.8583277463e+03, -3.4907338000e-01
-1.8614919599e+03, -3.4906479704e-01
-1.8646560959e+03, -3.4905625857e-01
-1.8678201547e+03, -3.4904776429e-01
-1.8709841367e+03, -3.4903931388e-01
-1.8741480423e+03, -3.4903090705e-01
-1.8773118719e+03, -3.4902254349e-01
-1.8804756259e+03, -3.4901422290e-01
-1.8836393047e+03, -3.4900594499e-01
-1.8868029086e+03, -3.4899770946e-01
-1.8899664380e+03, -3.4898951603e-01
-1.8931298934e+03, -3.4898136440e-01
-1.8962932751e+03, -3.4897325429e-01
-1.8994565834e+03, -3.4896518541e-01
-1.9026198188e+03, -3.4895715748e-01
-1.9057829816e+03, -3.4894917023e-01
+2.1629632450e+02, -9.5834911699e+00
+2.1191575190e+02, -1.6562357373e+01
+2.0825791785e+02, -2.2152627729e+01
+2.0497152656e+02, -2.7000762431e+01
+2.0192332358e+02, -3.1356503162e+01
+1.9904508397e+02, -3.5349785325e+01
+1.9629613547e+02, -3.9059215182e+01
+1.9364984069e+02, -4.2536983490e+01
+1.9108759444e+02, -4.5820017033e+01
+1.8859577684e+02, -4.8935681968e+01
+1.8616405342e+02, -5.1904988389e+01
+1.8378435750e+02, -5.4744522015e+01
+1.8145024653e+02, -5.7467674074e+01
+1.7915647658e+02, -6.0085459468e+01
+1.7689871077e+02, -6.2607080991e+01
+1.7467331326e+02, -6.5040330322e+01
+1.7247719992e+02, -6.7391880378e+01
+1.7030772773e+02, -6.9667503195e+01
+1.6816261113e+02, -7.1872235455e+01
+1.6603985788e+02, -7.4010506340e+01
+1.6393771896e+02, -7.6086237787e+01
+1.6185464896e+02, -7.8102924124e+01
+1.5978927449e+02, -8.0063696109e+01
+1.5774036856e+02, -8.1971372948e+01
+1.5570682972e+02, -8.3828504991e+01
+1.5368766480e+02, -8.5637409064e+01
+1.5168197470e+02, -8.7400197957e+01
+1.4968894237e+02, -8.9118805211e+01
+1.4770782280e+02, -9.0795006105e+01
+1.4573793442e+02, -9.2430435521e+01
+1.4377865187e+02, -9.4026603264e+01
+1.4182939976e+02, -9.5584907247e+01
+1.3988964723e+02, -9.7106644918e+01
+1.3795890337e+02, -9.8593023195e+01
+1.3603671310e+02, -1.0004516714e+02
+1.3412265365e+02, -1.0146412760e+02
+1.3221633147e+02, -1.0285088789e+02
+1.3031737947e+02, -1.0420636973e+02
+1.2842545463e+02, -1.0553143853e+02
+1.2654023582e+02, -1.0682690807e+02
+1.2466142192e+02, -1.0809354466e+02
+1.2278873013e+02, -1.0933207090e+02
+1.2092189442e+02, -1.1054316907e+02
+1.1906066419e+02, -1.1172748410e+02
+1.1720480305e+02, -1.1288562637e+02
+1.1535408767e+02, -1.1401817414e+02
+1.1350830686e+02, -1.1512567580e+02
+1.1166726057e+02, -1.1620865191e+02
+1.0983075915e+02, -1.1726759710e+02
+1.0799862256e+02, -1.1830298166e+02
+1.0617067970e+02, -1.1931525322e+02
+1.0434676780e+02, -1.2030483806e+02
+1.0252673184e+02, -1.2127214245e+02
+1.0071042403e+02, -1.2221755389e+02
+9.8897703320e+01, -1.2314144214e+02
+9.7088435001e+01, -1.2404416025e+02
+9.5282490258e+01, -1.2492604556e+02
+9.3479745818e+01, -1.2578742047e+02
+9.1680083599e+01, -1.2662859331e+02
+8.9883390397e+01, -1.2744985907e+02
+8.8089557583e+01, -1.2825150006e+02
+8.6298480837e+01, -1.2903378658e+02
+8.4510059887e+01, -1.2979697752e+02
+8.2724198277e+01, -1.3054132088e+02
+8.0940803145e+01, -1.3126705432e+02
+7.9159785019e+01, -1.3197440563e+02
+7.7381057623e+01, -1.3266359316e+02
+7.5604537698e+01, -1.3333482630e+02
+7.3830144839e+01, -1.3398830579e+02
+7.2057801332e+01, -1.3462422415e+02
+7.0287432009e+01, -1.3524276602e+02
+6.8518964112e+01, -1.3584410844e+02
+6.6752327161e+01, -1.3642842121e+02
+6.4987452829e+01, -1.3699586712e+02
+6.3224274832e+01, -1.3754660227e+02
+6.1462728819e+01, -1.3808077626e+02
+5.9702752265e+01, -1.3859853250e+02
+5.7944284380e+01, -1.3910000836e+02
+5.6187266015e+01, -1.3958533542e+02
+5.4431639573e+01, -1.4005463965e+02
+5.2677348931e+01, -1.4050804160e+02
+5.0924339356e+01, -1.4094565658e+02
+4.9172557436e+01, -1.4136759482e+02
+4.7421951008e+01, -1.4177396159e+02
+4.5672469087e+01, -1.4216485740e+02
+4.3924061808e+01, -1.4254037811e+02
+4.2176680359e+01, -1.4290061503e+02
+4.0430276924e+01, -1.4324565509e+02
+3.8684804628e+01, -1.4357558093e+02
+3.6940217484e+01, -1.4389047099e+02
+3.5196470337e+01, -1.4419039963e+02
+3.3453518820e+01, -1.4447543722e+02
+3.1711319300e+01, -1.4474565022e+02
+2.9969828838e+01, -1.4500110127e+02
+2.8229005141e+01, -1.4524184926e+02
+2.6488806519e+01, -1.4546794939e+02
+2.4749191845e+01, -1.4567945326e+02
+2.3010120513e+01, -1.4587640891e+02
+2.1271552401e+01, -1.4605886090e+02
+1.9533447829e+01, -1.4622685033e+02
+1.7795767527e+01, -1.4638041491e+02
+1.6058472594e+01, -1.4651958899e+02
+1.4321524466e+01, -1.4664440361e+02
+1.2584884879e+01, -1.4675488653e+02
+1.0848515834e+01, -1.4685106227e+02
+9.1123795690e+00, -1.4693295212e+02
+7.3764385180e+00, -1.4700057418e+02
+5.6406552844e+00, -1.4705394336e+02
+3.9049926061e+00, -1.4709307143e+02
+2.1694133239e+00, -1.4711796700e+02
+4.3388034989e-01, -1.4712863556e+02
-1.3016433645e+00, -1.4712507944e+02
-3.0371948598e+00, -1.4710729786e+02
-4.7728112003e+00, -1.4707528692e+02
-6.5085295057e+00, -1.4702903957e+02
-8.2443869826e+00, -1.4696854561e+02
-9.9804209564e+00, -1.4689379173e+02
-1.1716668904e+01, -1.4680476139e+02
-1.3453168486e+01, -1.4670143492e+02
-1.5189957578e+01, -1.4658378942e+02
-1.6927074307e+01, -1.4645179874e+02
-1.8664557084e+01, -1.4630543350e+02
-2.0402444636e+01, -1.4614466100e+02
-2.2140776044e+01, -1.4596944522e+02
-2.3879590780e+01, -1.4577974675e+02
-2.5618928738e+01, -1.4557552277e+02
-2.7358830279e+01, -1.4535672700e+02
-2.9099336263e+01, -1.4512330961e+02
-3.0840488095e+01, -1.4487521722e+02
-3.2582327760e+01, -1.4461239279e+02
-3.4324897869e+01, -1.4433477556e+02
-3.6068241702e+01, -1.4404230100e+02
-3.7812403253e+01, -1.4373490069e+02
-3.9557427278e+01, -1.4341250229e+02
-4.1303359341e+01, -1.4307502940e+02
-4.3050245866e+01, -1.4272240151e+02
-4.4798134192e+01, -1.4235453383e+02
-4.6547072626e+01, -1.4197133727e+02
-4.8297110499e+01, -1.4157271824e+02
-5.0048298228e+01, -1.4115857860e+02
-5.1800687378e+01, -1.4072881546e+02
-5.3554330730e+01, -1.4028332108e+02
-5.5309282345e+01, -1.3982198272e+02
-5.7065597643e+01, -1.3934468248e+02
-5.8823333473e+01, -1.3885129712e+02
-6.0582548198e+01, -1.3834169788e+02
-6.2343301777e+01, -1.3781575030e+02
-6.4105655855e+01, -1.3727331404e+02
-6.5869673857e+01, -1.3671424261e+02
-6.7635421088e+01, -1.3613838320e+02
-6.9402964839e+01, -1.3554557638e+02
-7.1172374500e+01, -1.3493565591e+02
-7.2943721672e+01, -1.3430844839e+02
-7.4717080304e+01, -1.3366377303e+02
-7.6492526817e+01, -1.3300144129e+02
-7.8270140252e+01, -1.3232125657e+02
-8.0050002422e+01, -1.3162301388e+02
-8.1832198071e+01, -1.3090649938e+02
-8.3616815050e+01, -1.3017149006e+02
-8.5403944503e+01, -1.2941775325e+02
-8.7193681061e+01, -1.2864504619e+02
-8.8986123059e+01, -1.2785311549e+02
-9.0781372764e+01, -1.2704169664e+02
-9.2579536617e+01, -1.2621051341e+02
-9.4380725498e+01, -1.2535927722e+02
-9.6185055013e+01, -1.2448768652e+02
-9.7992645797e+01, -1.2359542602e+02
-9.9803623848e+01, -1.2268216597e+02
-1.0161812088e+02, -1.2174756128e+02
-1.0343627473e+02, -1.2079125066e+02
-1.0525822975e+02, -1.1981285563e+02
-1.0708413727e+02, -1.1881197944e+02
-1.0891415614e+02, -1.1778820597e+02
-1.1074845322e+02, -1.1674109843e+02
-1.1258720398e+02, -1.1567019805e+02
-1.1443059320e+02, -1.1457502256e+02
-1.1627881561e+02, -1.1345506462e+02
-1.1813207673e+02, -1.1230978997e+02
-1.1999059371e+02, -1.1113863555e+02
-1.2185459627e+02, -1.0994100735e+02
-1.2372432776e+02, -1.0871627802e+02
-1.2560004634e+02, -1.0746378434e+02
-1.2748202624e+02, -1.0618282425e+02
-1.2937055922e+02, -1.0487265374e+02
-1.3126595617e+02, -1.0353248326e+02
-1.3316854893e+02, -1.0216147378e+02
-1.3507869227e+02, -1.0075873234e+02
-1.3699676618e+02, -9.9323307126e+01
-1.3892317846e+02, -9.7854181840e+01
-1.4085836761e+02, -9.6350269425e+01
-1.4280280617e+02, -9.4810404903e+01
-1.4475700448e+02, -9.3233337251e+01
-1.4672151503e+02, -9.1617720118e+01
-1.4869693749e+02, -8.9962101174e+01
-1.5068392446e+02, -8.8264909848e+01
-1.5268318826e+02, -8.6524443123e+01
-1.5469550877e+02, -8.4738849003e+01
-1.5672174269e+02, -8.2906107165e+01
-1.5876283452e+02, -8.1024006169e+01
-1.6081982963e+02, -7.9090116448e+01
-1.6289388988e+02, -7.7101758061e+01
-1.6498631258e+02, -7.5055961892e+01
-1.6709855359e+02, -7.2949422580e+01
-1.6923225572e+02, -7.0778440873e+01
-1.7138928408e+02, -6.8538852317e+01
-1.7357177051e+02, -6.6225938046e+01
-1.7578217021e+02, -6.3834311755e+01
-1.7802333485e+02, -6.1357774517e+01
-1.8029860849e+02, -5.8789125293e+01
-1.8261195581e+02, -5.6119909195e+01
-1.8496813695e+02, -5.3340076097e+01
-1.8737295179e+02, -5.0437506629e+01
-1.8983359069e+02, -4.7397335515e+01
-1.9235915526e+02, -4.4200953398e+01
-2.3361235022e+02, +9.3478488200e+01
-2.8456223422e+02, +7.4906235074e+01
-2.4056841210e+02, +9.0262013175e+01
-2.4414082297e+02, +8.8687853766e+01
-2.4777507752e+02, +8.7143616780e+01
-2.5146989128e+02, +8.5634642493e+01
-2.5522493796e+02, +8.4165985945e+01
-2.5906068405e+02, +8.2746382033e+01
-2.5712707181e+02, +8.3448423355e+01
-2.4961475568e+02, +8.6384492223e+01
           NaN, -7.4223678704e+02
           NaN, -7.5640058166e+02
           NaN, -7.6972792986e+02
           NaN, -7.8226490590e+02
           NaN, -7.9405591280e+02
           NaN, -8.0514361449e+02
           NaN, -8.1556888660e+02
-1.6932882509e+02, +1.2794468354e+02
-1.6687677648e+02, +1.2925304903e+02
-1.6444657942e+02, +1.3053939548e+02
-1.6203718534e+02, +1.3180383347e+02
-1.5964760743e+02, +1.3304649697e+02
-1.5727691665e+02, +1.3426753897e+02
-1.5492423797e+02, +1.3546712787e+02
-1.5258874676e+02, +1.3664544429e+02
-1.5026966546e+02, +1.3780267846e+02
-1.4796626040e+02, +1.3893902787e+02
-1.4567783891e+02, +1.4005469541e+02
-1.4340374649e+02, +1.4114988768e+02
-1.4114336432e+02, +1.4222481361e+02
-1.3889610687e+02, +1.4327968329e+02
-1.3666141968e+02, +1.4431470695e+02
-1.3443877730e+02, +1.4533009416e+02
-1.3222768140e+02, +1.4632605310e+02
-1.3002765900e+02, +1.4730278997e+02
-1.2783826086e+02, +1.4826050854e+02
           NaN, -9.3258105730e+02
           NaN, -9.3557039979e+02
           NaN, -9.3839914208e+02
-1.1917867320e+02, +1.5190516815e+02
-1.1703638666e+02, +1.5277074103e+02
-1.1490244874e+02, +1.5361844847e+02
           NaN, -9.4829741491e+02
           NaN, -9.5045976355e+02
           NaN, -9.5251208139e+02
           NaN, -9.5446093697e+02
           NaN, -9.5631245932e+02
           NaN, -9.5807236970e+02
           NaN, -9.5974600754e+02
           NaN, -9.6133835850e+02
           NaN, -9.6285407685e+02
           NaN, -9.6429751145e+02
           NaN, -9.6567272325e+02
           NaN, -9.6698350731e+02
           NaN, -9.6823341201e+02
           NaN, -9.6942575363e+02
           NaN, -9.7056363480e+02
           NaN, -9.7164995801e+02
           NaN, -9.7268744036e+02
           NaN, -9.7367862584e+02
           NaN, -9.7462589782e+02
           NaN, -9.7553148986e+02
           NaN, -9.7639749662e+02
           NaN, -9.7722588245e+02
           NaN, -9.7801849263e+02
           NaN, -9.7877705840e+02
           NaN, -9.7950320869e+02
           NaN, -9.8019847321e+02
           NaN, -9.8086429336e+02
           NaN, -9.8150202535e+02
           NaN, -9.8211294670e+02
           NaN, -9.8269826372e+02
           NaN, -9.8325911341e+02
           NaN, -9.8379657037e+02
           NaN, -9.8431165098e+02
           NaN, -9.8480531615e+02
           NaN, -9.8527847668e+02
           NaN, -9.8573199556e+02
           NaN, -9.8616669171e+02
           NaN, -9.8658334362e+02
           NaN, -9.8698269106e+02
           NaN, -9.8736543842e+02
           NaN, -9.8773225724e+02
           NaN, -9.8808378703e+02
           NaN, -9.8842063993e+02
           NaN, -9.8874340058e+02
           NaN, -9.8905262841e+02
           NaN, -9.8934885921e+02
           NaN, -9.8963260727e+02
           NaN, -9.8990436583e+02
           NaN, -9.9016460901e+02
           NaN, -9.9041379317e+02
           NaN, -9.9065235614e+02
           NaN, -9.9088072092e+02
           NaN, -9.9109929398e+02
           NaN, -9.9130846795e+02
           NaN, -9.9150862072e+02
           NaN, -9.9170011669e+02
           NaN, -9.9188330733e+02
           NaN, -9.9205853066e+02
           NaN, -9.9222611213e+02
           NaN, -9.9238636576e+02
           NaN, -9.9253959118e+02
           NaN, -9.9268607795e+02
           NaN, -9.9282610012e+02
           NaN, -9.9295992018e+02
           NaN, -9.9308778750e+02
           NaN, -9.9320993648e+02
           NaN, -9.9332658775e+02
           NaN, -9.9343794605e+02
           NaN, -9.9354420014e+02
           NaN, -9.9364552170e+02
           NaN, -9.9374206285e+02
           NaN, -9.9383395769e+02
           NaN, -9.9392131696e+02
           NaN, -9.9400422947e+02
           NaN, -9.9408275917e+02
           NaN, -9.9415694171e+02
           NaN, -9.9422678425e+02
           NaN, -9.9429226089e+02
           NaN, -9.9435331188e+02
           NaN, -9.9440983816e+02
           NaN, -9.9446169911e+02
           NaN, -9.9450870938e+02
           NaN, -9.9455063238e+02
           NaN, -9.9458717852e+02
           NaN, -9.9461799797e+02
           NaN, -9.9464267612e+02
           NaN, -9.9466072698e+02
           NaN, -9.9467158736e+02
           NaN, -9.9467460984e+02
           NaN, -9.9466905271e+02
           NaN, -9.9465407456e+02
           NaN, -9.9462872254e+02
           NaN, -9.9459192370e+02
           NaN, -9.9454247253e+02
           NaN, -9.9447902006e+02
           NaN, -9.9440006017e+02
           NaN, -9.9430391536e+02
           NaN, -9.9418872127e+02
           NaN, -9.9405241039e+02
           NaN, -9.9389269196e+02
           NaN, -9.9370703385e+02
           NaN, -9.9349264060e+02
           NaN, -9.9324642942e+02
           NaN, -9.9296500485e+02
           NaN, -9.9264463116e+02
           NaN, -9.9228120394e+02
           NaN, -9.9187021550e+02
           NaN, -9.9140672286e+02
           NaN, -9.9088530758e+02
           NaN, -9.9030003675e+02
           NaN, -9.8964442088e+02
           NaN, -9.8891136356e+02
           NaN, -9.8809311483e+02
           NaN, -9.8718121610e+02
           NaN, -9.8616644334e+02
           NaN, -9.8503874561e+02
           NaN, -9.8378718086e+02
           NaN, -9.8239984806e+02
           NaN, -9.8086381241e+02
           NaN, -9.7916503365e+02
           NaN, -9.7728828227e+02
           NaN, -9.7521705944e+02
           NaN, -9.7293351198e+02
           NaN, -9.7041834430e+02
           NaN, -9.6765072982e+02
           NaN, -9.6460822222e+02
           NaN, -9.6126666701e+02
           NaN, -9.5760011433e+02
           NaN, -9.5358073995e+02
           NaN, -9.4917876618e+02
           NaN, -9.4436239746e+02
           NaN, -9.3909776229e+02
           NaN, -9.3334887415e+02
           NaN, -9.2707760937e+02
           NaN, -9.2024370610e+02
           NaN, -9.1280479320e+02
           NaN, -9.0471644869e+02
           NaN, -8.9593229718e+02
           NaN, -8.8640414728e+02
           NaN, -8.7608217795e+02
           NaN, -8.6491517500e+02
           NaN, -8.5285082258e+02
           NaN, -8.3983605410e+02
           NaN, -8.2581745766e+02
           NaN, -8.1074174331e+02
           NaN, -7.9455625635e+02
           NaN, -7.7720953620e+02
           NaN, -7.5865190252e+02
           NaN, -7.3883604811e+02
+1.4770782280e+02, -9.0795006105e+01
+1.9364984069e+02, -4.2536983490e+01
+2.5712713213e+02, +8.3448400915e+01
+2.5333957552e+02, +8.4895045227e+01
+2.4961481316e+02, +8.6384468745e+01
+2.4595012369e+02, +8.7911731171e+01
+2.4234664358e+02, +8.9471607906e+01
+2.3880554773e+02, +9.1058694797e+01
+2.3532751036e+02, +9.2667590977e+01
+2.3191260599e+02, +9.4293042995e+01
+2.2856033293e+02, +9.5930056747e+01
+2.2526968306e+02, +9.7573978277e+01
+2.2203922930e+02, +9.9220545422e+01
+2.1886721632e+02, +1.0086591396e+02
+2.1575164629e+02, +1.0250666303e+02
+2.1269035545e+02, +1.0413978484e+02
+2.0968107952e+02, +1.0576266331e+02
+2.0672150756e+02, +1.0737304579e+02
+2.0380932490e+02, +1.0896901092e+02
+2.0094224631e+02, +1.1054893519e+02
+1.9811804072e+02, +1.1211145983e+02
+1.9533454896e+02, +1.1365545927e+02
+1.9258969584e+02, +1.1518001176e+02
+1.8988149765e+02, +1.1668437256e+02
+1.8720806622e+02, +1.1816794986e+02
+1.8456761031e+02, +1.1963028339e+02
+1.8195843499e+02, +1.2107102545e+02
+1.7937893960e+02, +1.2248992445e+02
+1.7682761474e+02, +1.2388681047e+02
+1.7430303853e+02, +1.2526158280e+02
+1.7180387253e+02, +1.2661419912e+02
+1.6932885735e+02, +1.2794466626e+02
+1.6687680825e+02, +1.2925303214e+02
+1.6444661073e+02, +1.3053937897e+02
+1.6203721620e+02, +1.3180381735e+02
+1.5964763786e+02, +1.3304648122e+02
+1.5727694666e+02, +1.3426752359e+02
+1.5492426758e+02, +1.3546711285e+02
+1.5258877598e+02, +1.3664542963e+02
+1.5026969430e+02, +1.3780266414e+02
+1.4796628889e+02, +1.3893901390e+02
+1.4567786705e+02, +1.4005468177e+02
+1.4340377429e+02, +1.4114987437e+02
+1.4114339180e+02, +1.4222480063e+02
+1.3889613404e+02, +1.4327967062e+02
+1.3666144654e+02, +1.4431469460e+02
+1.3443880386e+02, +1.4533008211e+02
+1.3222770767e+02, +1.4632604135e+02
+1.3002768500e+02, +1.4730277852e+02
+1.2783828658e+02, +1.4826049737e+02
+1.2565908534e+02, +1.4919939881e+02
+1.2348967500e+02, +1.5011968052e+02
+1.2132966871e+02, +1.5102153676e+02
+1.1917869791e+02, +1.5190515808e+02
+1.1703641113e+02, +1.5277073123e+02
+1.1490247298e+02, +1.5361843893e+02
+1.1277656317e+02, +1.5444845986e+02
+1.1065837555e+02, +1.5526096856e+02
-2.1915818411e+02, -4.8477894818e+00
-2.1397261038e+02, -1.3325119639e+01
-2.1002724767e+02, -1.9474708440e+01
-2.0657890903e+02, -2.4649652692e+01
-2.0342281044e+02, -2.9230400574e+01
-2.0046593248e+02, -3.3392728547e+01
-1.9765635121e+02, -3.7236269254e+01
-1.9496146275e+02, -4.0824474826e+01
-1.9235915526e+02, -4.4200953398e+01
-1.8983359069e+02, -4.7397335515e+01
-1.8737295179e+02, -5.0437506629e+01
-1.8496813695e+02, -5.3340076097e+01
-1.8261195581e+02, -5.6119909195e+01
-1.8029860849e+02, -5.8789125293e+01
-1.7802333485e+02, -6.1357774517e+01
-1.7578217021e+02, -6.3834311755e+01
-1.7357177051e+02, -6.6225938046e+01
-1.7138928408e+02, -6.8538852317e+01
-1.6923225572e+02, -7.0778440873e+01
-1.6709855359e+02, -7.2949422580e+01
-1.6498631258e+02, -7.5055961892e+01
-1.6289388988e+02, -7.7101758061e+01
-1.6081982963e+02, -7.9090116448e+01
-1.5876283452e+02, -8.1024006169e+01
-1.5672174269e+02, -8.2906107165e+01
-1.5469550877e+02, -8.4738849003e+01
-1.5268318826e+02, -8.6524443123e+01
-1.5068392446e+02, -8.8264909848e+01
-1.4869693749e+02, -8.9962101174e+01
-1.4672151503e+02, -9.1617720118e+01
-1.4475700448e+02, -9.3233337251e+01
-1.4280280617e+02, -9.4810404903e+01
-1.4085836761e+02, -9.6350269425e+01
-1.3892317846e+02, -9.7854181840e+01
-1.3699676618e+02, -9.9323307126e+01
-1.3507869227e+02, -1.0075873234e+02
-1.3316854893e+02, -1.0216147378e+02
-1.3126595617e+02, -1.0353248326e+02
-1.2937055922e+02, -1.0487265374e+02
-1.2748202624e+02, -1.0618282425e+02
-1.2560004634e+02, -1.0746378434e+02
-1.2372432776e+02, -1.0871627802e+02
-1.2185459627e+02, -1.0994100735e+02
-1.1999059371e+02, -1.1113863555e+02
-1.1813207673e+02, -1.1230978997e+02
-1.1627881561e+02, -1.1345506462e+02
-1.1443059320e+02, -1.1457502256e+02
-1.1258720398e+02, -1.1567019805e+02
-1.1074845322e+02, -1.1674109843e+02
-1.0891415614e+02, -1.1778820597e+02
-1.0708413727e+02, -1.1881197944e+02
-1.0525822975e+02, -1.1981285563e+02
-1.0343627473e+02, -1.2079125066e+02
-1.0161812088e+02, -1.2174756128e+02
-9.9803623848e+01, -1.2268216597e+02
-9.7992645797e+01, -1.2359542602e+02
-9.6185055013e+01, -1.2448768652e+02
-9.4380725498e+01, -1.2535927722e+02
-9.2579536617e+01, -1.2621051341e+02
-9.0781372764e+01, -1.2704169664e+02
-8.8986123059e+01, -1.2785311549e+02
-8.7193681061e+01, -1.2864504619e+02
-8.5403944503e+01, -1.2941775325e+02
-8.3616815050e+01, -1.3017149006e+02
-8.1832198071e+01, -1.3090649938e+02
-8.0050002422e+01, -1.3162301388e+02
-7.8270140252e+01, -1.3232125657e+02
-7.6492526817e+01, -1.3300144129e+02
-7.4717080304e+01, -1.3366377303e+02
-7.2943721672e+01, -1.3430844839e+02
-7.1172374500e+01, -1.3493565591e+02
-6.9402964839e+01, -1.3554557638e+02
-6.7635421088e+01, -1.3613838320e+02
-6.5869673857e+01, -1.3671424261e+02
-6.4105655855e+01, -1.3727331404e+02
-6.2343301777e+01, -1.3781575030e+02
-6.0582548198e+01, -1.3834169788e+02
-5.8823333473e+01, -1.3885129712e+02
-5.7065597643e+01, -1.3934468248e+02
-5.5309282345e+01, -1.3982198272e+02
-5.3554330730e+01, -1.4028332108e+02
-5.1800687378e+01, -1.4072881546e+02
-5.0048298228e+01, -1.4115857860e+02
-4.8297110499e+01, -1.4157271824e+02
-4.6547072626e+01, -1.4197133727e+02
-4.4798134192e+01, -1.4235453383e+02
-4.3050245866e+01, -1.4272240151e+02
-4.1303359341e+01, -1.4307502940e+02
-3.9557427278e+01, -1.4341250229e+02
-3.7812403253e+01, -1.4373490069e+02
-3.6068241702e+01, -1.4404230100e+02
-3.4324897869e+01, -1.4433477556e+02
-3.2582327760e+01, -1.4461239279e+02
-3.0840488095e+01, -1.4487521722e+02
-2.9099336263e+01, -1.4512330961e+02
-2.7358830279e+01, -1.4535672700e+02
-2.5618928738e+01, -1.4557552277e+02
-2.3879590780e+01, -1.4577974675e+02
-2.2140776044e+01, -1.4596944522e+02
-2.0402444636e+01, -1.4614466100e+02
-1.8664557084e+01, -1.4630543350e+02
-1.6927074307e+01, -1.4645179874e+02
-1.5189957578e+01, -1.4658378942e+02
-1.3453168486e+01, -1.4670143492e+02
-1.1716668904e+01, -1.4680476139e+02
-9.9804209564e+00, -1.4689379173e+02
-8.2443869826e+00, -1.4696854561e+02
-6.5085295057e+00, -1.4702903957e+02
-4.7728112003e+00, -1.4707528692e+02
-3.0371948598e+00, -1.4710729786e+02
-1.3016433645e+00, -1.4712507944e+02
+4.3388034989e-01, -1.4712863556e+02
+2.1694133239e+00, -1.4711796700e+02
+3.9049926061e+00, -1.4709307143e+02
+5.6406552844e+00, -1.4705394336e+02
+7.3764385180e+00, -1.4700057418e+02
+9.1123795690e+00, -1.4693295212e+02
+1.0848515834e+01, -1.4685106227e+02
+1.2584884879e+01, -1.4675488653e+02
+1.4321524466e+01, -1.4664440361e+02
+1.6058472594e+01, -1.4651958899e+02
+1.7795767527e+01, -1.4638041491e+02
+1.9533447829e+01, -1.4622685033e+02
+2.1271552401e+01, -1.4605886090e+02
+2.3010120513e+01, -1.4587640891e+02
+2.4749191845e+01, -1.4567945326e+02
+2.6488806519e+01, -1.4546794939e+02
+2.8229005141e+01, -1.4524184926e+02
+2.9969828838e+01, -1.4500110127e+02
+3.1711319300e+01, -1.4474565022e+02
+3.3453518820e+01, -1.4447543722e+02
+3.5196470337e+01, -1.4419039963e+02
+3.6940217484e+01, -1.4389047099e+02
+3.8684804628e+01, -1.4357558093e+02
+4.0430276924e+01, -1.4324565509e+02
+4.2176680359e+01, -1.4290061503e+02
+4.3924061808e+01, -1.4254037811e+02
+4.5672469087e+01, -1.4216485740e+02
+4.7421951008e+01, -1.4177396159e+02
+4.9172557436e+01, -1.4136759482e+02
+5.0924339356e+01, -1.4094565658e+02
+5.2677348931e+01, -1.4050804160e+02
+5.4431639573e+01, -1.4005463965e+02
+5.6187266015e+01, -1.3958533542e+02
+5.7944284380e+01, -1.3910000836e+02
+5.9702752265e+01, -1.3859853250e+02
+6.1462728819e+01, -1.3808077626e+02
+6.3224274832e+01, -1.3754660227e+02
+6.4987452829e+01, -1.3699586712e+02
+6.6752327161e+01, -1.3642842121e+02
+6.8518964112e+01, -1.3584410844e+02
+7.0287432009e+01, -1.3524276602e+02
+7.2057801332e+01, -1.3462422415e+02
+7.3830144839e+01, -1.3398830579e+02
+7.5604537698e+01, -1.3333482630e+02
+7.7381057623e+01, -1.3266359316e+02
+7.9159785019e+01, -1.3197440563e+02
+8.0940803145e+01, -1.3126705432e+02
+8.2724198277e+01, -1.3054132088e+02
+8.4510059887e+01, -1.2979697752e+02
+8.6298480837e+01, -1.2903378658e+02
+8.8089557583e+01, -1.2825150006e+02
+8.9883390397e+01, -1.2744985907e+02
+9.1680083599e+01, -1.2662859331e+02
+9.3479745818e+01, -1.2578742047e+02
+9.5282490258e+01, -1.2492604556e+02
+9.7088435001e+01, -1.2404416025e+02
+9.8897703320e+01, -1.2314144214e+02
+1.0071042403e+02, -1.2221755389e+02
+1.0252673184e+02, -1.2127214245e+02
+1.0434676780e+02, -1.2030483806e+02
+1.0617067970e+02, -1.1931525322e+02
+1.0799862256e+02, -1.1830298166e+02
+1.0983075915e+02, -1.1726759710e+02
+1.1166726057e+02, -1.1620865191e+02
+1.1350830686e+02, -1.1512567580e+02
+1.1535408767e+02, -1.1401817414e+02
+1.1720480305e+02, -1.1288562637e+02
+1.1906066419e+02, -1.1172748410e+02
+1.2092189442e+02, -1.1054316907e+02
+1.2278873013e+02, -1.0933207090e+02
+1.2466142192e+02, -1.0809354466e+02
+1.2654023582e+02, -1.0682690807e+02
+1.2842545463e+02, -1.0553143853e+02
+1.3031737947e+02, -1.0420636973e+02
+1.3221633147e+02, -1.0285088789e+02
+1.3412265365e+02, -1.0146412760e+02
+1.3603671310e+02, -1.0004516714e+02
+1.3795890337e+02, -9.8593023195e+01
+1.3988964723e+02, -9.7106644918e+01
+1.4182939976e+02, -9.5584907247e+01
+1.4377865187e+02, -9.4026603264e+01
+1.4573793442e+02, -9.2430435521e+01
+1.4770782280e+02, -9.0795006105e+01
+1.4968894237e+02, -8.9118805211e+01
+1.5168197470e+02, -8.7400197957e+01
+1.5368766480e+02, -8.5637409064e+01
+1.5570682972e+02, -8.3828504991e+01
+1.5774036856e+02, -8.1971372948e+01
+1.5978927449e+02, -8.0063696109e+01
+1.6185464896e+02, -7.8102924124e+01
+1.6393771896e+02, -7.6086237787e+01
+1.6603985788e+02, -7.4010506340e+01
+1.6816261113e+02, -7.1872235455e+01
+1.7030772773e+02, -6.9667503195e+01
+1.7247719992e+02, -6.7391880378e+01
+1.7467331326e+02, -6.5040330322e+01
+1.7689871077e+02, -6.2607080991e+01
+1.7915647658e+02, -6.0085459468e+01
+1.8145024653e+02, -5.7467674074e+01
+1.8378435750e+02, -5.4744522015e+01
+1.8616405342e+02, -5.1904988389e+01
+1.8859577684e+02, -4.8935681968e+01
+1.9108759444e+02, -4.5820017033e+01
+2.3191276981e+02, +9.4292963978e+01
+2.8656371346e+02, +7.4397680034e+01
+2.8256376608e+02, +7.5428554903e+01
+2.4234681530e+02, +8.9471532230e+01
+2.4595029797e+02, +8.7911657109e+01
+2.4961498993e+02, +8.6384396543e+01
+2.5333975474e+02, +8.4894975116e+01
+2.5712731432e+02, +8.3448333138e+01
+1.9364984069e+02, -4.2536983490e+01
+2.5522469793e+02, +8.4166077667e+01
+2.5146965515e+02, +8.5634736928e+01
           NaN, -7.3482638818e+02
           NaN, -7.4942618280e+02
           NaN, -7.6316589367e+02
           NaN, -7.7609239929e+02
           NaN, -7.8825094771e+02
           NaN, -7.9968507963e+02
           NaN, -8.1043657024e+02
           NaN, -8.2054538869e+02
+1.6810000128e+02, +1.2860162453e+02
+1.6565901354e+02, +1.2989896832e+02
+1.6323934508e+02, +1.3117434515e+02
+1.6083997874e+02, +1.3242787787e+02
+1.5845995706e+02, +1.3365971046e+02
+1.5609837848e+02, +1.3487000402e+02
+1.5375439359e+02, +1.3605893345e+02
+1.5142720172e+02, +1.3722668446e+02
+1.4911604762e+02, +1.3837345118e+02
+1.4682021848e+02, +1.3949943403e+02
+1.4453904104e+02, +1.4060483794e+02
+1.4227187897e+02, +1.4168987082e+02
+1.4001813037e+02, +1.4275474234e+02
+1.3777722549e+02, +1.4379966275e+02
+1.3554862465e+02, +1.4482484206e+02
+1.3333181617e+02, +1.4583048922e+02
+1.3112631463e+02, +1.4681681150e+02
+1.2893165909e+02, +1.4778401392e+02
           NaN, -9.3102285823e+02
           NaN, -9.3409645255e+02
+1.2240849472e+02, +1.5057291029e+02
+1.2025305140e+02, +1.5146562522e+02
+1.1810646575e+02, +1.5234019910e+02
+1.1596839448e+02, +1.5319681667e+02
           NaN, -9.4717279862e+02
           NaN, -9.4939277169e+02
           NaN, -9.5149925502e+02
           NaN, -9.5349904916e+02
           NaN, -9.5539849832e+02
           NaN, -9.5720352382e+02
           NaN, -9.5891965319e+02
           NaN, -9.6055204544e+02
           NaN, -9.6210551814e+02
           NaN, -9.6358456923e+02
           NaN, -9.6499340189e+02
           NaN, -9.6633594122e+02
           NaN, -9.6761585714e+02
           NaN, -9.6883657947e+02
           NaN, -9.7000131597e+02
           NaN, -9.7111306721e+02
           NaN, -9.7217464124e+02
           NaN, -9.7318866756e+02
           NaN, -9.7415760823e+02
           NaN, -9.7508376983e+02
           NaN, -9.7596931560e+02
           NaN, -9.7681627402e+02
           NaN, -9.7762654882e+02
           NaN, -9.7840192696e+02
           NaN, -9.7914408776e+02
           NaN, -9.7985460939e+02
           NaN, -9.8053497721e+02
           NaN, -9.8118658889e+02
           NaN, -9.8181076028e+02
           NaN, -9.8240873321e+02
           NaN, -9.8298167817e+02
           NaN, -9.8353070120e+02
           NaN, -9.8405684667e+02
           NaN, -9.8456110268e+02
           NaN, -9.8504440454e+02
           NaN, -9.8550763926e+02
           NaN, -9.8595164711e+02
           NaN, -9.8637722624e+02
           NaN, -9.8678513553e+02
           NaN, -9.8717609726e+02
           NaN, -9.8755079800e+02
           NaN, -9.8790989424e+02
           NaN, -9.8825401086e+02
           NaN, -9.8858374626e+02
           NaN, -9.8889967213e+02
           NaN, -9.8920233579e+02
           NaN, -9.8949226218e+02
           NaN, -9.8976995501e+02
           NaN, -9.9003589792e+02
           NaN, -9.9029055588e+02
           NaN, -9.9053437541e+02
           NaN, -9.9076778753e+02
           NaN, -9.9099120652e+02
           NaN, -9.9120503212e+02
           NaN, -9.9140964900e+02
           NaN, -9.9160542879e+02
           NaN, -9.9179272883e+02
           NaN, -9.9197189414e+02
           NaN, -9.9214325640e+02
           NaN, -9.9230713603e+02
           NaN, -9.9246383874e+02
           NaN, -9.9261365956e+02
           NaN, -9.9275688013e+02
           NaN, -9.9289376960e+02
           NaN, -9.9302458275e+02
           NaN, -9.9314956266e+02
           NaN, -9.9326893605e+02
           NaN, -9.9338291627e+02
           NaN, -9.9349170000e+02
           NaN, -9.9359546745e+02
           NaN, -9.9369438106e+02
           NaN, -9.9378858362e+02
           NaN, -9.9387819806e+02
           NaN, -9.9396332462e+02
           NaN, -9.9404403934e+02
           NaN, -9.9412039269e+02
           NaN, -9.9419240624e+02
           NaN, -9.9426007113e+02
           NaN, -9.9432334492e+02
           NaN, -9.9438214843e+02
           NaN, -9.9443636253e+02
           NaN, -9.9448582439e+02
           NaN, -9.9453032362e+02
           NaN, -9.9456959819e+02
           NaN, -9.9460332854e+02
           NaN, -9.9463113318e+02
           NaN, -9.9465256303e+02
           NaN, -9.9466709444e+02
           NaN, -9.9467412256e+02
           NaN, -9.9467295376e+02
           NaN, -9.9466279805e+02
           NaN, -9.9464275952e+02
           NaN, -9.9461182626e+02
           NaN, -9.9456886067e+02
           NaN, -9.9451258681e+02
           NaN, -9.9444157941e+02
           NaN, -9.9435424788e+02
           NaN, -9.9424882350e+02
           NaN, -9.9412334320e+02
           NaN, -9.9397562926e+02
           NaN, -9.9380327377e+02
           NaN, -9.9360361494e+02
           NaN, -9.9337371692e+02
           NaN, -9.9311034385e+02
           NaN, -9.9280993420e+02
           NaN, -9.9246857132e+02
           NaN, -9.9208195318e+02
           NaN, -9.9164535951e+02
           NaN, -9.9115361371e+02
           NaN, -9.9060104599e+02
           NaN, -9.8998145087e+02
           NaN, -9.8928804053e+02
           NaN, -9.8851339939e+02
           NaN, -9.8764942940e+02
           NaN, -9.8668729693e+02
           NaN, -9.8561737207e+02
           NaN, -9.8442916705e+02
           NaN, -9.8311126866e+02
           NaN, -9.8165126875e+02
           NaN, -9.8003568912e+02
           NaN, -9.7824990477e+02
           NaN, -9.7627806247e+02
           NaN, -9.7410299709e+02
           NaN, -9.7170614531e+02
           NaN, -9.6906745692e+02
           NaN, -9.6616530638e+02
           NaN, -9.6297640441e+02
           NaN, -9.5947570935e+02
           NaN, -9.5563634429e+02
           NaN, -9.5142951732e+02
           NaN, -9.4682444908e+02
           NaN, -9.4178831212e+02
           NaN, -9.3628618218e+02
           NaN, -9.3028100510e+02
           NaN, -9.2373358690e+02
           NaN, -9.1660260494e+02
           NaN, -9.0884465402e+02
           NaN, -9.0041432015e+02
           NaN, -8.9126430021e+02
           NaN, -8.8134556159e+02
           NaN, -8.7060755357e+02
           NaN, -8.5899847096e+02
           NaN, -8.4646557544e+02
           NaN, -8.3295557356e+02
           NaN, -8.1841505243e+02
           NaN, -8.0279097244e+02
           NaN, -7.8603120423e+02
           NaN, -7.6808510270e+02
           NaN, -7.4890410089e+02
-1.6923225572e+02, -7.0778440873e+01
-2.5906049634e+02, +8.2746446764e+01
-2.5522475743e+02, +8.4166054929e+01
-2.5146971329e+02, +8.5634713677e+01
-2.4777490198e+02, +8.7143689943e+01
-2.4414064996e+02, +8.8687928667e+01
-2.4056824168e+02, +9.0262089563e+01
-2.3705862797e+02, +9.1860749987e+01
-2.3361218509e+02, +9.3478566812e+01
-2.3022869267e+02, +9.5110404239e+01
-2.2690738554e+02, +9.6751430028e+01
-2.2364703472e+02, +9.8397181360e+01
-2.2044603784e+02, +1.0004360319e+02
-2.1730250810e+02, +1.0168706339e+02
-2.1421435582e+02, +1.0332434972e+02
-2.1117935951e+02, +1.0495265344e+02
-2.0819522556e+02, +1.0656954401e+02
-2.0525963641e+02, +1.0817293859e+02
-2.0237028855e+02, +1.0976106891e+02
-1.9952492119e+02, +1.1133244792e+02
-1.9672133739e+02, +1.1288583726e+02
-1.9395741876e+02, +1.1442021678e+02
-1.9123113515e+02, +1.1593475643e+02
-1.8854055031e+02, +1.1742879076e+02
-1.8588382450e+02, +1.1890179626e+02
-1.8325921480e+02, +1.2035337115e+02
-1.8066507374e+02, +1.2178321771e+02
-1.7809984672e+02, +1.2319112687e+02
-1.7556206861e+02, +1.2457696474e+02
-1.7305035977e+02, +1.2594066109e+02
-1.7056342183e+02, +1.2728219922e+02
-1.6810003329e+02, +1.2860160745e+02
-1.6565904507e+02, +1.2989895163e+02
-1.6323937617e+02, +1.3117432884e+02
-1.6084000938e+02, +1.3242786194e+02
-1.5845998728e+02, +1.3365969489e+02
-1.5609840829e+02, +1.3486998882e+02
-1.5375442301e+02, +1.3605891861e+02
-1.5142723075e+02, +1.3722666997e+02
-1.4911607629e+02, +1.3837343704e+02
-1.4682024679e+02, +1.3949942023e+02
-1.4453906902e+02, +1.4060482447e+02
-1.4227190661e+02, +1.4168985768e+02
-1.4001815768e+02, +1.4275472951e+02
-1.3777725250e+02, +1.4379965024e+02
-1.3554865135e+02, +1.4482482986e+02
-1.3333184259e+02, +1.4583047733e+02
-1.3112634076e+02, +1.4681679990e+02
-1.2893168495e+02, +1.4778400261e+02
-1.2674743718e+02, +1.4873228783e+02
-1.2457318093e+02, +1.4966185490e+02
-1.2240851979e+02, +1.5057289982e+02
-1.2025307623e+02, +1.5146561502e+02
-1.1810649034e+02, +1.5234018916e+02
-1.1596841884e+02, +1.5319680699e+02
-1.1383853399e+02, +1.5403564923e+02
-1.1171652269e+02, +1.5485689249e+02
-1.0960208557e+02, +1.5566070921e+02
