-2.8512404354e+02, -6.0120629455e-01
-2.9047584794e+02, -5.8031179933e-01
-2.9565515390e+02, -5.6295619767e-01
-3.0068969504e+02, -5.4824506286e-01
-3.0560052279e+02, -5.3557296841e-01
-3.1657315609e+02, +6.9852836914e+01
-3.1973943345e+02, -5.0606491973e-01
-3.1511348081e+02, -5.1475468079e-01
-3.3228373574e+02, +6.6520092571e+01
-3.2877492380e+02, -4.9121788394e-01
-3.3319816875e+02, -4.8481108676e-01
-3.3756590332e+02, -4.7895633983e-01
-3.4188279138e+02, -4.7358105989e-01
-3.4615289883e+02, -4.6862534477e-01
-3.5037979554e+02, -4.6403925365e-01
-3.5456663601e+02, -4.5978076931e-01
-3.5871622384e+02, -4.5581424891e-01
-3.6283106381e+02, -4.5210923027e-01
-3.6691340452e+02, -4.4863950100e-01
-3.7096527340e+02, -4.4538236464e-01
-3.8211166862e+02, +6.0265227471e+01
-3.9459286956e+02, +5.5750451018e+01
-3.7096527340e+02, -4.4538236464e-01
-3.8482706735e+02, +6.6077446438e+01
-3.8690234333e+02, -4.3411915875e-01
-3.9082632017e+02, -4.3167243813e-01
-3.9472868938e+02, -4.2934999201e-01
-3.9861053355e+02, -4.2714230865e-01
-4.0247285355e+02, -4.2504085296e-01
-4.0631657686e+02, -4.2303794149e-01
-4.1014256476e+02, -4.2112663636e-01
-4.1395161866e+02, -4.1930065496e-01
-4.1774448573e+02, -4.1755429268e-01
-4.2152186376e+02, -4.1588235645e-01
-4.2528440559e+02, -4.1428010746e-01
-4.2903272297e+02, -4.1274321144e-01
-4.3648894637e+02, -4.0984991047e-01
-4.4757988596e+02, -4.0591063912e-01
-4.2528440559e+02, -4.1428010746e-01
-4.3648894637e+02, -4.0984991047e-01
-4.4389472919e+02, -4.0717436092e-01
-4.4757988596e+02, -4.0591063912e-01
-4.5125379691e+02, -4.0469268558e-01
-4.5491686563e+02, -4.0351804709e-01
-4.5856947432e+02, -4.0238444639e-01
-4.6221198526e+02, -4.0128976639e-01
-4.6584474221e+02, -4.0023203601e-01
-4.6946807167e+02, -3.9920941761e-01
-4.7308228406e+02, -3.9822019570e-01
-4.7668767475e+02, -3.9726276671e-01
-4.8028452507e+02, -3.9633562991e-01
-4.8387310315e+02, -3.9543737910e-01
-4.8745366479e+02, -3.9456669521e-01
-4.9102645421e+02, -3.9372233950e-01
-4.9459170472e+02, -3.9290314742e-01
-4.9814963941e+02, -3.9210802311e-01
-5.0913125083e+02, +5.8720957050e+01
-5.0878163805e+02, -3.8985702439e-01
-5.1583673850e+02, -3.8845926533e-01
-4.8745366479e+02, -3.9456669521e-01
-5.0848913010e+02, +5.5388876877e+01
-5.1231235553e+02, -3.8914841710e-01
-5.2155400512e+02, +5.3708870210e+01
-5.2286718527e+02, -3.8713626479e-01
-5.2637357451e+02, -3.8650098435e-01
-5.2987428079e+02, -3.8588229091e-01
-5.3336945161e+02, -3.8527955737e-01
-5.3685922892e+02, -3.8469218808e-01
-5.4034374939e+02, -3.8411961690e-01
-5.4382314472e+02, -3.8356130534e-01
-5.4729754181e+02, -3.8301674087e-01
-5.5076706304e+02, -3.8248543539e-01
-5.5423182649e+02, -3.8196692374e-01
-5.5769194609e+02, -3.8146076236e-01
-5.6114753187e+02, -3.8096652804e-01
-5.6459869009e+02, -3.8048381677e-01
-5.6804552344e+02, -3.8001224261e-01
-5.7148813120e+02, -3.7955143672e-01
-5.7492660936e+02, -3.7910104640e-01
-5.7836105080e+02, -3.7866073421e-01
-5.8179154539e+02, -3.7823017714e-01
-5.8521818016e+02, -3.7780906584e-01
-5.8864103937e+02, -3.7739710390e-01
-5.9206020466e+02, -3.7699400718e-01
-5.9547575515e+02, -3.7659950318e-01
-5.9888776753e+02, -3.7621333043e-01
-6.0229631618e+02, -3.7583523793e-01
-6.0570147325e+02, -3.7546498466e-01
-6.0711033219e+02, +5.2251422872e+01
-6.1842221907e+02, +5.2318077569e+01
-6.1928955534e+02, -3.7405786494e-01
-6.2255465817e+02, +5.2233364603e+01
-6.3119619799e+02, +5.2480843965e+01
-6.4968914452e+02, -3.7127079186e-01
-5.8371092426e+02, +3.9509031029e+01
-6.1928955534e+02, -3.7405786494e-01
-6.2627635727e+02, +5.1861709839e+01
-6.3282862024e+02, -3.7275916802e-01
-6.3620617204e+02, -3.7245004183e-01
-6.3455212860e+02, +5.4208320267e+01
-6.4879970243e+02, +5.1481530269e+01
-6.4968914452e+02, -3.7127079186e-01
-6.5305333154e+02, -3.7098954160e-01
-6.5641499252e+02, -3.7071343374e-01
-6.5977417347e+02, -3.7044233549e-01
-6.6313091922e+02, -3.7017611851e-01
-6.6648527344e+02, -3.6991465879e-01
-6.6983727871e+02, -3.6965783643e-01
-6.7318697654e+02, -3.6940553547e-01
-6.7653440741e+02, -3.6915764378e-01
-6.7987961078e+02, -3.6891405282e-01
-6.8322262517e+02, -3.6867465756e-01
-6.8656348814e+02, -3.6843935634e-01
-6.8990223636e+02, -3.6820805068e-01
-6.9323890561e+02, -3.6798064522e-01
-6.9657353082e+02, -3.6775704755e-01
-6.9990614611e+02, -3.6753716813e-01
-7.0323678478e+02, -3.6732092017e-01
-7.0656547936e+02, -3.6710821951e-01
-7.0989226164e+02, -3.6689898454e-01
-7.1321716268e+02, -3.6669313608e-01
-7.1654021281e+02, -3.6649059733e-01
-7.1986144172e+02, -3.6629129375e-01
-7.2318087838e+02, -3.6609515298e-01
-7.2649855115e+02, -3.6590210477e-01
-7.2981448776e+02, -3.6571208090e-01
-7.3312871531e+02, -3.6552501511e-01
-7.3644126032e+02, -3.6534084303e-01
-7.3975214875e+02, -3.6515950210e-01
-7.4306140598e+02, -3.6498093154e-01
-7.4636905685e+02, -3.6480507224e-01
-7.4967512568e+02, -3.6463186674e-01
-7.5297963627e+02, -3.6446125916e-01
-7.5628261192e+02, -3.6429319517e-01
-7.5958407544e+02, -3.6412762187e-01
-7.6288404919e+02, -3.6396448782e-01
-7.6618255503e+02, -3.6380374296e-01
-7.6947961442e+02, -3.6364533854e-01
-7.7277524835e+02, -3.6348922713e-01
-7.7606947739e+02, -3.6333536251e-01
-7.7936232170e+02, -3.6318369971e-01
-7.8265380105e+02, -3.6303419489e-01
-7.8594393479e+02, -3.6288680536e-01
-7.8923274193e+02, -3.6274148951e-01
-7.9252024106e+02, -3.6259820681e-01
-7.9580645045e+02, -3.6245691775e-01
-7.9909138798e+02, -3.6231758379e-01
-8.0237507120e+02, -3.6218016739e-01
-8.0565751734e+02, -3.6204463191e-01
-8.0893874328e+02, -3.6191094164e-01
-8.1221876558e+02, -3.6177906174e-01
-8.1549760051e+02, -3.6164895821e-01
-8.1877526402e+02, -3.6152059790e-01
-8.2205177175e+02, -3.6139394842e-01
-8.2532713908e+02, -3.6126897819e-01
-8.2860138108e+02, -3.6114565638e-01
-8.3187451256e+02, -3.6102395289e-01
-8.3514654806e+02, -3.6090383830e-01
-8.3841750185e+02, -3.6078528393e-01
-8.4168738794e+02, -3.6066826173e-01
-8.4495622010e+02, -3.6055274432e-01
-8.4822401185e+02, -3.6043870494e-01
-8.5149077646e+02, -3.6032611746e-01
-8.5475652698e+02, -3.6021495632e-01
-8.5802127623e+02, -3.6010519656e-01
-8.6128503680e+02, -3.5999681379e-01
-8.6454782106e+02, -3.5988978414e-01
-8.6780964117e+02, -3.5978408429e-01
-8.6733070082e+02, +4.7751022398e+01
-8.7003914916e+02, +4.9950079430e+01
-8.5364586442e+02, +6.2905457349e+01
-8.9073749824e+02, +5.0525617489e+01
-8.9061636445e+02, -3.5907956619e-01
-8.9061636445e+02, -3.5907956619e-01
-8.9387088498e+02, -3.5898372450e-01
-8.9712454191e+02, -3.5888902441e-01
-9.0037734552e+02, -3.5879544721e-01
-9.0362930591e+02, -3.5870297455e-01
-9.0688043299e+02, -3.5861158850e-01
-9.1013073654e+02, -3.5852127147e-01
-9.0767660777e+02, +5.5664011459e+01
-9.1987680136e+02, -3.5825656426e-01
-9.2312390539e+02, -3.5817035479e-01
-9.2637023243e+02, -3.5808513177e-01
-9.3286059092e+02, -3.5791758338e-01
-9.3588685256e+02, +5.1555155830e+01
-9.4286242741e+02, +5.0408612034e+01
-9.5231391348e+02, -3.5743706229e-01
-9.6526864766e+02, -3.5713405069e-01
-9.9316000009e+02, +4.5592864371e+01
-8.5699256156e+02, +3.8470533768e+01
-9.0497688226e+02, +5.0756053693e+01
-9.2637023243e+02, -3.5808513177e-01
-9.3610463969e+02, -3.5783522790e-01
-9.4259051861e+02, -3.5767328138e-01
-9.4954489048e+02, +4.9632083270e+01
-9.5231391348e+02, -3.5743706229e-01
-9.6009561077e+02, +4.9890571604e+01
-9.6203099032e+02, -3.5720856203e-01
-9.6526864766e+02, -3.5713405069e-01
-9.6850563324e+02, -3.5706034648e-01
-9.8208030089e+02, +5.3905817050e+01
-9.7821263154e+02, -3.5684395790e-01
-9.8144700165e+02, -3.5677336460e-01
-9.8468073526e+02, -3.5670352073e-01
-9.8791383911e+02, -3.5663441538e-01
-9.9114631984e+02, -3.5656603786e-01
-9.9437818402e+02, -3.5649837767e-01
-9.9760943808e+02, -3.5643142452e-01
-1.0008400884e+03, -3.5636516828e-01
-1.0040701412e+03, -3.5629959903e-01
-1.0072996028e+03, -3.5623470702e-01
-1.0104796143e+03, +4.7275904792e+01
-1.0102636049e+03, +4.7312534145e+01
-1.0137567763e+03, -3.5610691660e-01
-1.0112992545e+03, +5.0080018721e+01
-9.7245363429e+02, +1.1686591505e+02
-1.0419786213e+03, +5.0461276721e+01
-1.0384886672e+03, +4.9254778282e+01
-1.0395629971e+03, -3.5562101219e-01
-1.0427863386e+03, -3.5556297439e-01
-1.0454987375e+03, +3.1276795261e+01
-1.0468891599e+03, +4.7710164878e+01
-1.0492314562e+03, -3.5544861010e-01
-1.0524532427e+03, -3.5539226830e-01
-1.0556745209e+03, -3.5533647673e-01
-1.0588952958e+03, -3.5528122806e-01
-1.0621155724e+03, -3.5522651508e-01
-1.0653353553e+03, -3.5517233069e-01
-1.0685546495e+03, -3.5511866793e-01
-1.0717734597e+03, -3.5506551995e-01
-1.0749917903e+03, -3.5501288001e-01
-1.0782096460e+03, -3.5496074150e-01
-1.0814270314e+03, -3.5490909788e-01
-1.0846439509e+03, -3.5485794276e-01
-1.0878604088e+03, -3.5480726985e-01
-1.0910764096e+03, -3.5475707293e-01
-1.0942919575e+03, -3.5470734592e-01
-1.0975070567e+03, -3.5465808283e-01
-1.1007217115e+03, -3.5460927774e-01
-1.1039359259e+03, -3.5456092487e-01
-1.1071497040e+03, -3.5451301851e-01
-1.1103630499e+03, -3.5446555303e-01
-1.1135759674e+03, -3.5441852291e-01
-1.1167884607e+03, -3.5437192272e-01
-1.1200005334e+03, -3.5432574710e-01
-1.1232121895e+03, -3.5427999078e-01
-1.1264234327e+03, -3.5423464858e-01
-1.1296342667e+03, -3.5418971540e-01
-1.1328446953e+03, -3.5414518622e-01
-1.1360547220e+03, -3.5410105609e-01
-1.1392643505e+03, -3.5405732016e-01
-1.1424735843e+03, -3.5401397361e-01
-1.1456824269e+03, -3.5397101175e-01
-1.1488908818e+03, -3.5392842993e-01
-1.1520989524e+03, -3.5388622357e-01
-1.1553066422e+03, -3.5384438818e-01
-1.1585139543e+03, -3.5380291931e-01
-1.1617208922e+03, -3.5376181261e-01
-1.1649274591e+03, -3.5372106377e-01
-1.1681336583e+03, -3.5368066856e-01
-1.1713394928e+03, -3.5364062280e-01
-1.1745449659e+03, -3.5360092239e-01
-1.1777500807e+03, -3.5356156329e-01
-1.1809548403e+03, -3.5352254149e-01
-1.1841592476e+03, -3.5348385309e-01
-1.1873633058e+03, -3.5344549420e-01
-1.1905670177e+03, -3.5340746101e-01
-1.1937703863e+03, -3.5336974978e-01
-1.1969734145e+03, -3.5333235679e-01
-1.2001761052e+03, -3.5329527840e-01
-1.2033784612e+03, -3.5325851102e-01
-1.2065804853e+03, -3.5322205110e-01
-1.2097821802e+03, -3.5318589516e-01
-1.2129835488e+03, -3.5315003975e-01
-1.2161845938e+03, -3.5311448148e-01
-1.2193853177e+03, -3.5307921702e-01
-1.2225857233e+03, -3.5304424306e-01
-1.2257858132e+03, -3.5300955636e-01
-1.2289855899e+03, -3.5297515372e-01
-1.2321850561e+03, -3.5294103199e-01
-1.2353842142e+03, -3.5290718804e-01
-1.2385830668e+03, -3.5287361882e-01
-1.2417816163e+03, -3.5284032130e-01
-1.2449798652e+03, -3.5280729250e-01
-1.2481778159e+03, -3.5277452947e-01
-1.2513754708e+03, -3.5274202932e-01
-1.2545728323e+03, -3.5270978919e-01
-1.2577699028e+03, -3.5267780625e-01
-1.2609666844e+03, -3.5264607773e-01
-1.2641631796e+03, -3.5261460088e-01
-1.2673593906e+03, -3.5258337300e-01
-1.2705553196e+03, -3.5255239142e-01
-1.2737509690e+03, -3.5252165350e-01
-1.2769463407e+03, -3.5249115665e-01
-1.2801414371e+03, -3.5246089831e-01
-1.2833362603e+03, -3.5243087595e-01
-1.2865308124e+03, -3.5240108707e-01
-1.2897250956e+03, -3.5237152923e-01
-1.2929191118e+03, -3.5234219998e-01
-1.2961128632e+03, -3.5231309694e-01
-1.2993063518e+03, -3.5228421775e-01
-1.3024995797e+03, -3.5225556006e-01
-1.3056925487e+03, -3.5222712159e-01
-1.3088852610e+03, -3.5219890006e-01
-1.3120777184e+03, -3.5217089324e-01
-1.3152699229e+03, -3.5214309890e-01
-1.3184618764e+03, -3.5211551487e-01
-1.3216535808e+03, -3.5208813899e-01
-1.3248450380e+03, -3.5206096914e-01
-1.3280362498e+03, -3.5203400323e-01
-1.3312272181e+03, -3.5200723917e-01
-1.3344179447e+03, -3.5198067492e-01
-1.3376084314e+03, -3.5195430847e-01
-1.3407986800e+03, -3.5192813783e-01
-1.3439886922e+03, -3.5190216101e-01
-1.3471784699e+03, -3.5187637610e-01
-1.3503680146e+03, -3.5185078116e-01
-1.3535573283e+03, -3.5182537430e-01
-1.3567464124e+03, -3.5180015366e-01
-1.3599352688e+03, -3.5177511739e-01
-1.3631238990e+03, -3.5175026366e-01
-1.3663123048e+03, -3.5172559068e-01
-1.3695004878e+03, -3.5170109667e-01
-1.3726884495e+03, -3.5167677987e-01
-1.3758761915e+03, -3.5165263856e-01
-1.3790637156e+03, -3.5162867101e-01
-1.3822510232e+03, -3.5160487554e-01
-1.3854381158e+03, -3.5158125049e-01
-1.3886249950e+03, -3.5155779419e-01
-1.3918116624e+03, -3.5153450502e-01
-1.3949981194e+03, -3.5151138137e-01
-1.3981843676e+03, -3.5148842165e-01
-1.4013704084e+03, -3.5146562429e-01
-1.4045562432e+03, -3.5144298775e-01
-1.4077418736e+03, -3.5142051048e-01
-1.4109273009e+03, -3.5139819097e-01
-1.4141125267e+03, -3.5137602773e-01
-1.4172975522e+03, -3.5135401929e-01
-1.4204823789e+03, -3.5133216417e-01
-1.4236670082e+03, -3.5131046094e-01
-1.4268514415e+03, -3.5128890817e-01
-1.4300356801e+03, -3.5126750445e-01
-1.4332197253e+03, -3.5124624839e-01
-1.4364035785e+03, -3.5122513862e-01
-1.4395872410e+03, -3.5120417378e-01
-1.4427707141e+03, -3.5118335251e-01
-1.4459539991e+03, -3.5116267351e-01
-1.4491370973e+03, -3.5114213544e-01
-1.4523200100e+03, -3.5112173702e-01
-1.4555027384e+03, -3.5110147697e-01
-1.4586852838e+03, -3.5108135402e-01
-1.4618676473e+03, -3.5106136691e-01
-1.4650498304e+03, -3.5104151441e-01
-1.4682318340e+03, -3.5102179529e-01
-1.4714136595e+03, -3.5100220835e-01
-1.4745953081e+03, -3.5098275239e-01
-1.4777767809e+03, -3.5096342623e-01
-1.4809580790e+03, -3.5094422870e-01
-1.4841392038e+03, -3.5092515864e-01
-1.4873201562e+03, -3.5090621492e-01
-1.4905009375e+03, -3.5088739640e-01
-1.4936815488e+03, -3.5086870197e-01
-1.4968619911e+03, -3.5085013052e-01
-1.5000422657e+03, -3.5083168096e-01
-1.5032223736e+03, -3.5081335222e-01
-1.5064023159e+03, -3.5079514323e-01
-1.5095820937e+03, -3.5077705293e-01
-1.5127617080e+03, -3.5075908027e-01
-1.5159411599e+03, -3.5074122424e-01
-1.5191204505e+03, -3.5072348380e-01
-1.5222995808e+03, -3.5070585795e-01
-1.5254785518e+03, -3.5068834568e-01
-1.5286573647e+03, -3.5067094602e-01
-1.5318360202e+03, -3.5065365799e-01
-1.5350145196e+03, -3.5063648062e-01
-1.5381928638e+03, -3.5061941296e-01
-1.5413710538e+03, -3.5060245405e-01
-1.5445490905e+03, -3.5058560298e-01
-1.5477269749e+03, -3.5056885881e-01
-1.5509047081e+03, -3.5055222063e-01
-1.5540822909e+03, -3.5053568753e-01
-1.5572597243e+03, -3.5051925863e-01
-1.5604370093e+03, -3.5050293303e-01
-1.5636141467e+03, -3.5048670987e-01
-1.5667911375e+03, -3.5047058827e-01
-1.5699679827e+03, -3.5045456738e-01
-1.5731446831e+03, -3.5043864635e-01
-1.5763212396e+03, -3.5042282434e-01
-1.5794976531e+03, -3.5040710052e-01
-1.5826739246e+03, -3.5039147408e-01
-1.5858500548e+03, -3.5037594420e-01
-1.5890260447e+03, -3.5036051007e-01
-1.5922018951e+03, -3.5034517090e-01
-1.5953776070e+03, -3.5032992591e-01
-1.5985531810e+03, -3.5031477431e-01
-1.6017286181e+03, -3.5029971534e-01
-1.6049039191e+03, -3.5028474823e-01
-1.6080790849e+03, -3.5026987222e-01
-1.6112541162e+03, -3.5025508658e-01
-1.6144290139e+03, -3.5024039055e-01
-1.6176037788e+03, -3.5022578342e-01
-1.6207784117e+03, -3.5021126445e-01
-1.6239529134e+03, -3.5019683294e-01
-1.6271272847e+03, -3.5018248816e-01
-1.6303015263e+03, -3.5016822942e-01
-1.6334756390e+03, -3.5015405603e-01
-1.6366496237e+03, -3.5013996729e-01
-1.6398234810e+03, -3.5012596253e-01
-1.6429972117e+03, -3.5011204107e-01
-1.6461708167e+03, -3.5009820224e-01
-1.6493442965e+03, -3.5008444539e-01
-1.6525176521e+03, -3.5007076986e-01
-1.6556908840e+03, -3.5005717501e-01
-1.6588639930e+03, -3.5004366019e-01
-1.6620369799e+03, -3.5003022476e-01
-1.6652098454e+03, -3.5001686811e-01
-1.6683825902e+03, -3.5000358962e-01
-1.6715552149e+03, -3.4999038865e-01
-1.6747277204e+03, -3.4997726461e-01
-1.6779001072e+03, -3.4996421690e-01
-1.6810723761e+03, -3.4995124491e-01
-1.6842445277e+03, -3.4993834805e-01
-1.6874165628e+03, -3.4992552575e-01
-1.6905884819e+03, -3.4991277741e-01
-1.6937602859e+03, -3.4990010247e-01
-1.6969319753e+03, -3.4988750036e-01
-1.7001035507e+03, -3.4987497051e-01
-1.7032750130e+03, -3.4986251236e-01
-1.7064463626e+03, -3.4985012537e-01
-1.7096176002e+03, -3.4983780899e-01
-1.7127887265e+03, -3.4982556268e-01
-1.7159597422e+03, -3.4981338590e-01
-1.7191306477e+03, -3.4980127811e-01
-1.7223014439e+03, -3.4978923880e-01
-1.7254721312e+03, -3.4977726745e-01
-1.7286427102e+03, -3.4976536353e-01
-1.7318131817e+03, -3.4975352653e-01
-1.7349835462e+03, -3.4974175596e-01
-1.7381538043e+03, -3.4973005131e-01
-1.7413239566e+03, -3.4971841208e-01
-1.7444940037e+03, -3.4970683778e-01
-1.7476639461e+03, -3.4969532793e-01
-1.7508337845e+03, -3.4968388204e-01
-1.7540035194e+03, -3.4967249963e-01
-1.7571731515e+03, -3.4966118023e-01
-1.7603426812e+03, -3.4964992338e-01
-1.7635121092e+03, -3.4963872860e-01
-1.7666814359e+03, -3.4962759544e-01
-1.7698506621e+03, -3.4961652344e-01
-1.7730197881e+03, -3.4960551215e-01
-1.7761888146e+03, -3.4959456113e-01
-1.7793577421e+03, -3.4958366992e-01
-1.7825265711e+03, -3.4957283809e-01
-1.7856953023e+03, -3.4956206521e-01
-1.7888639360e+03, -3.4955135084e-01
-1.7920324729e+03, -3.4954069456e-01
-1.7952009134e+03, -3.4953009594e-01
-1.7983692582e+03, -3.4951955457e-01
-1.8015375076e+03, -3.4950907002e-01
-1.8047056622e+03, -3.4949864189e-01
-1.8078737226e+03, -3.4948826977e-01
-1.8110416892e+03, -3.4947795326e-01
-1.8142095625e+03, -3.4946769195e-01
-1.8173773431e+03, -3.4945748544e-01
-1.8205450314e+03, -3.4944733336e-01
-1.8237126279e+03, -3.4943723529e-01
-1.8268801332e+03, -3.4942719087e-01
-1.8300475476e+03, -3.4941719970e-01
-1.8332148717e+03, -3.4940726140e-01
-1.8363821059e+03, -3.4939737561e-01
-1.8395492508e+03, -3.4938754194e-01
-1.8427163068e+03, -3.4937776004e-01
-1.8458832743e+03, -3.4936802952e-01
-1.8490501538e+03, -3.4935835004e-01
-1.8522169459e+03, -3.4934872122e-01
-1.8553836509e+03, -3.4933914272e-01
-1.8585502692e+03, -3.4932961419e-01
-1.8617168015e+03, -3.4932013526e-01
-1.8648832480e+03, -3.4931070559e-01
-1.8680496093e+03, -3.4930132485e-01
-1.8712158858e+03, -3.4929199269e-01
-1.8743820779e+03, -3.4928270877e-01
-1.8775481860e+03, -3.4927347275e-01
-1.8807142107e+03, -3.4926428431e-01
-1.8838801522e+03, -3.4925514312e-01
-1.8870460112e+03, -3.4924604885e-01
-1.8902117879e+03, -3.4923700117e-01
-1.8933774828e+03, -3.4922799977e-01
-1.8965430963e+03, -3.4921904432e-01
-1.8997086288e+03, -3.4921013452e-01
-1.9028740808e+03, -3.4920127005e-01
-1.9060394526e+03, -3.4919245060e-01
-1.9092047447e+03, -3.4918367587e-01
-1.9123699574e+03, -3.4917494554e-01
-1.9155350912e+03, -3.4916625932e-01
-1.9187001465e+03, -3.4915761691e-01
-1.9218651236e+03, -3.4914901802e-01
+2.2720638541e+02, -9.7439976302e+00
+2.2276030056e+02, -1.6846084862e+01
+2.1904997946e+02, -2.2539219823e+01
+2.1571806155e+02, -2.7479760546e+01
+2.1262894877e+02, -3.1921206299e+01
+2.0971319630e+02, -3.5995418443e+01
+2.0692939355e+02, -3.9782152997e+01
+2.0425041256e+02, -4.3334355018e+01
+2.0165730084e+02, -4.6689479223e+01
+1.9913618089e+02, -4.9875279173e+01
+1.9667652032e+02, -5.2913059737e+01
+1.9427009607e+02, -5.5819637460e+01
+1.9191033920e+02, -5.8608588586e+01
+1.8959190174e+02, -6.1291079221e+01
+1.8731035980e+02, -6.3876437776e+01
+1.8506200380e+02, -6.6372561761e+01
+1.8284368639e+02, -6.8786214358e+01
+1.8065270983e+02, -7.1123245424e+01
+1.7848674076e+02, -7.3388759368e+01
+1.7634374489e+02, -7.5587244831e+01
+1.7422193589e+02, -7.7722676345e+01
+1.7211973514e+02, -7.9798595094e+01
+1.7003573943e+02, -8.1818173840e+01
+1.6796869492e+02, -8.3784269675e+01
+1.6591747584e+02, -8.5699467296e+01
+1.6388106695e+02, -8.7566114833e+01
+1.6185854898e+02, -8.9386353739e+01
+1.5984908644e+02, -9.1162143916e+01
+1.5785191736e+02, -9.2895284984e+01
+1.5586634459e+02, -9.4587434396e+01
+1.5389172835e+02, -9.6240122959e+01
+1.5192747991e+02, -9.7854768198e+01
+1.4997305605e+02, -9.9432685939e+01
+1.4802795433e+02, -1.0097510037e+02
+1.4609170897e+02, -1.0248315285e+02
+1.4416388720e+02, -1.0395790961e+02
+1.4224408613e+02, -1.0540036857e+02
+1.4033192991e+02, -1.0681146535e+02
+1.3842706731e+02, -1.0819207859e+02
+1.3652916951e+02, -1.0954303473e+02
+1.3463792816e+02, -1.1086511218e+02
+1.3275305364e+02, -1.1215904521e+02
+1.3087427354e+02, -1.1342552727e+02
+1.2900133119e+02, -1.1466521412e+02
+1.2713398452e+02, -1.1587872657e+02
+1.2527200483e+02, -1.1706665300e+02
+1.2341517583e+02, -1.1822955162e+02
+1.2156329269e+02, -1.1936795256e+02
+1.1971616122e+02, -1.2048235971e+02
+1.1787359710e+02, -1.2157325248e+02
+1.1603542518e+02, -1.2264108735e+02
+1.1420147884e+02, -1.2368629929e+02
+1.1237159943e+02, -1.2470930312e+02
+1.1054563573e+02, -1.2571049470e+02
+1.0872344347e+02, -1.2669025204e+02
+1.0690488484e+02, -1.2764893633e+02
+1.0508982814e+02, -1.2858689290e+02
+1.0327814736e+02, -1.2950445210e+02
+1.0146972182e+02, -1.3040193011e+02
+9.9664435887e+01, -1.3127962969e+02
+9.7862178633e+01, -1.3213784085e+02
+9.6062843571e+01, -1.3297684159e+02
+9.4266328397e+01, -1.3379689839e+02
+9.2472534748e+01, -1.3459826687e+02
+9.0681367974e+01, -1.3538119225e+02
+8.8892736932e+01, -1.3614590987e+02
+8.7106553787e+01, -1.3689264565e+02
+8.5322733837e+01, -1.3762161651e+02
+8.3541195331e+01, -1.3833303076e+02
+8.1761859321e+01, -1.3902708851e+02
+7.9984649502e+01, -1.3970398197e+02
+7.8209492079e+01, -1.4036389584e+02
+7.6436315631e+01, -1.4100700755e+02
+7.4665050987e+01, -1.4163348763e+02
+7.2895631111e+01, -1.4224349991e+02
+7.1127990989e+01, -1.4283720182e+02
+6.9362067529e+01, -1.4341474464e+02
+6.7597799459e+01, -1.4397627368e+02
+6.5835127236e+01, -1.4452192853e+02
+6.4073992959e+01, -1.4505184328e+02
+6.2314340284e+01, -1.4556614666e+02
+6.0556114348e+01, -1.4606496225e+02
+5.8799261691e+01, -1.4654840865e+02
+5.7043730188e+01, -1.4701659964e+02
+5.5289468981e+01, -1.4746964432e+02
+5.3536428410e+01, -1.4790764724e+02
+5.1784559962e+01, -1.4833070860e+02
+5.0033816200e+01, -1.4873892427e+02
+4.8284150719e+01, -1.4913238601e+02
+4.6535518085e+01, -1.4951118152e+02
+4.4787873786e+01, -1.4987539459e+02
+4.3041174185e+01, -1.5022510514e+02
+4.1295376473e+01, -1.5056038938e+02
+3.9550438619e+01, -1.5088131987e+02
+3.7806319334e+01, -1.5118796558e+02
+3.6062978027e+01, -1.5148039203e+02
+3.4320374760e+01, -1.5175866129e+02
+3.2578470217e+01, -1.5202283211e+02
+3.0837225661e+01, -1.5227295995e+02
+2.9096602903e+01, -1.5250909705e+02
+2.7356564259e+01, -1.5273129249e+02
+2.5617072525e+01, -1.5293959225e+02
+2.3878090939e+01, -1.5313403924e+02
+2.2139583149e+01, -1.5331467335e+02
+2.0401513183e+01, -1.5348153151e+02
+1.8663845418e+01, -1.5363464772e+02
+1.6926544550e+01, -1.5377405307e+02
+1.5189575567e+01, -1.5389977577e+02
+1.3452903714e+01, -1.5401184123e+02
+1.1716494473e+01, -1.5411027202e+02
+9.9803135297e+00, -1.5419508793e+02
+8.2443267487e+00, -1.5426630597e+02
+6.5085001452e+00, -1.5432394043e+02
+4.7727998589e+00, -1.5436800283e+02
+3.0371921276e+00, -1.5439850199e+02
+1.3016432608e+00, -1.5441544399e+02
-4.3388038648e-01, -1.5441883222e+02
-2.1694124398e+00, -1.5440866736e+02
-3.9049865309e+00, -1.5438494737e+02
-5.6406363245e+00, -1.5434766752e+02
-7.3763955436e+00, -1.5429682037e+02
-9.1122979962e+00, -1.5423239573e+02
-1.0848377601e+01, -1.5415438070e+02
-1.2584668416e+01, -1.5406275966e+02
-1.4321204661e+01, -1.5395751418e+02
-1.6058020751e+01, -1.5383862310e+02
-1.7795151317e+01, -1.5370606242e+02
-1.9532631239e+01, -1.5355980535e+02
-2.1270495672e+01, -1.5339982223e+02
-2.3008780076e+01, -1.5322608052e+02
-2.4747520245e+01, -1.5303854477e+02
-2.6486752336e+01, -1.5283717658e+02
-2.8226512902e+01, -1.5262193453e+02
-2.9966838924e+01, -1.5239277420e+02
-3.1707767840e+01, -1.5214964806e+02
-3.3449337582e+01, -1.5189250546e+02
-3.5191586609e+01, -1.5162129256e+02
-3.6934553944e+01, -1.5133595226e+02
-3.8678279208e+01, -1.5103642415e+02
-4.0422802661e+01, -1.5072264445e+02
-4.2168165238e+01, -1.5039454593e+02
-4.3914408593e+01, -1.5005205783e+02
-4.5661575141e+01, -1.4969510578e+02
-4.7409708099e+01, -1.4932361172e+02
-4.9158851536e+01, -1.4893749381e+02
-5.0909050419e+01, -1.4853666631e+02
-5.2660350660e+01, -1.4812103953e+02
-5.4412799174e+01, -1.4769051964e+02
-5.6166443929e+01, -1.4724500863e+02
-5.7921334003e+01, -1.4678440415e+02
-5.9677519648e+01, -1.4630859938e+02
-6.1435052347e+01, -1.4581748290e+02
-6.3193984884e+01, -1.4531093855e+02
-6.4954371411e+01, -1.4478884525e+02
-6.6716267523e+01, -1.4425107687e+02
-6.8479730331e+01, -1.4369750202e+02
-7.0244818548e+01, -1.4312798390e+02
-7.2011592568e+01, -1.4254238007e+02
-7.3780114562e+01, -1.4194054226e+02
-7.5550448572e+01, -1.4132231615e+02
-7.7322660608e+01, -1.4068754115e+02
-7.9096818759e+01, -1.4003605010e+02
-8.0872993307e+01, -1.3936766906e+02
-8.2651256843e+01, -1.3868221700e+02
-8.4431684401e+01, -1.3797950551e+02
-8.6214353590e+01, -1.3725933848e+02
-8.7999344738e+01, -1.3652151172e+02
-8.9786741051e+01, -1.3576581269e+02
-9.1576628778e+01, -1.3499202001e+02
-9.3369097382e+01, -1.3419990311e+02
-9.5164239735e+01, -1.3338922176e+02
-9.6962152317e+01, -1.3255972561e+02
-9.8762935431e+01, -1.3171115367e+02
-1.0056669344e+02, -1.3084323379e+02
-1.0237353502e+02, -1.2995568203e+02
-1.0418357342e+02, -1.2904820209e+02
-1.0599692675e+02, -1.2812048459e+02
-1.0781371832e+02, -1.2717220637e+02
-1.0963407693e+02, -1.2620302969e+02
-1.1145813729e+02, -1.2521260141e+02
-1.1328604038e+02, -1.2420055205e+02
-1.1511793390e+02, -1.2316649480e+02
-1.1695397272e+02, -1.2211002448e+02
-1.1879431940e+02, -1.2103071635e+02
-1.2063914474e+02, -1.1992812484e+02
-1.2248862840e+02, -1.1880178222e+02
-1.2434295955e+02, -1.1765119702e+02
-1.2620233760e+02, -1.1647585247e+02
-1.2806697299e+02, -1.1527520463e+02
-1.2993708810e+02, -1.1404868050e+02
-1.3181291818e+02, -1.1279567577e+02
-1.3369471246e+02, -1.1151555249e+02
-1.3558273530e+02, -1.1020763640e+02
-1.3747726754e+02, -1.0887121407e+02
-1.3937860796e+02, -1.0750552959e+02
-1.4128707491e+02, -1.0610978104e+02
-1.4320300817e+02, -1.0468311644e+02
-1.4512677098e+02, -1.0322462929e+02
-1.4705875239e+02, -1.0173335354e+02
-1.4899936985e+02, -1.0020825789e+02
-1.5094907221e+02, -9.8648239455e+01
-1.5290834312e+02, -9.7052116496e+01
-1.5487770483e+02, -9.5418620177e+01
-1.5685772269e+02, -9.3746385170e+01
-1.5884901022e+02, -9.2033938859e+01
-1.6085223502e+02, -9.0279688912e+01
-1.6286812566e+02, -8.8481908882e+01
-1.6489747968e+02, -8.6638721456e+01
-1.6694117306e+02, -8.4748078835e+01
-1.6900017142e+02, -8.2807739646e+01
-1.7107554325e+02, -8.0815241549e+01
-1.7316847597e+02, -7.8767868553e+01
-1.7528029515e+02, -7.6662611679e+01
-1.7741248812e+02, -7.4496121236e+01
-1.7956673285e+02, -7.2264648372e+01
-1.8174493403e+02, -6.9963972763e+01
-1.8394926831e+02, -6.7589312146e+01
-1.8618224197e+02, -6.5135207699e+01
-1.8844676542e+02, -6.2595376790e+01
-1.9074625090e+02, -5.9962520781e+01
-1.9308474308e+02, -5.7228069669e+01
-1.9546709708e+02, -5.4381835776e+01
-1.9789922720e+02, -5.1411532839e+01
-2.0038846404e+02, -4.8302089476e+01
-2.4170413606e+02, +9.6507037524e+01
-2.4512000337e+02, +9.4831857402e+01
-2.9657656989e+02, +7.5778508685e+01
-2.1115243037e+02, -3.3998409520e+01
-2.5575098209e+02, +8.9916233511e+01
-2.5942108438e+02, +8.8332281353e+01
-2.6315249069e+02, +8.6784691009e+01
-2.6694479590e+02, +8.5278573755e+01
-2.7081852803e+02, +8.3822680981e+01
-2.6886579967e+02, +8.4542717385e+01
-2.6127897923e+02, +8.7553705122e+01
           NaN, -7.4597870326e+02
           NaN, -7.6200851920e+02
           NaN, -7.7714558848e+02
           NaN, -7.9143465478e+02
           NaN, -8.0491919026e+02
           NaN, -8.1764130965e+02
           NaN, -8.2964169651e+02
           NaN, -8.4095954311e+02
-1.8030380771e+02, +1.3036412636e+02
           NaN, -8.6169667367e+02
-1.7538969895e+02, +1.3305783688e+02
-1.7296506793e+02, +1.3437190804e+02
-1.7056069745e+02, +1.3566429308e+02
-1.6817564544e+02, +1.3693514510e+02
-1.6580902460e+02, +1.3818463304e+02
-1.6345999873e+02, +1.3941293856e+02
-1.6112777939e+02, +1.4062025327e+02
-1.5881162267e+02, +1.4180677643e+02
-1.5651082621e+02, +1.4297271296e+02
-1.5422472644e+02, +1.4411827178e+02
-1.5195269599e+02, +1.4524366437e+02
-1.4969414127e+02, +1.4634910360e+02
-1.4744850024e+02, +1.4743480267e+02
-1.4521524034e+02, +1.4850097428e+02
-1.4299385654e+02, +1.4954782992e+02
-1.4078386960e+02, +1.5057557922e+02
-1.3858482434e+02, +1.5158442952e+02
-1.3639628815e+02, +1.5257458539e+02
-1.3421784955e+02, +1.5354624834e+02
           NaN, -9.7749832358e+02
           NaN, -9.8055816423e+02
-1.2773929411e+02, +1.5635224294e+02
-1.2559750901e+02, +1.5725187895e+02
-1.2346403765e+02, +1.5813397537e+02
-1.2133857049e+02, +1.5899871105e+02
           NaN, -9.9367379689e+02
           NaN, -9.9591764810e+02
           NaN, -9.9805183986e+02
           NaN, -1.0000826531e+03
           NaN, -1.0020159664e+03
           NaN, -1.0038572848e+03
           NaN, -1.0056117627e+03
           NaN, -1.0072842271e+03
           NaN, -1.0088791990e+03
           NaN, -1.0104009141e+03
           NaN, -1.0118533407e+03
           NaN, -1.0132401982e+03
           NaN, -1.0145649724e+03
           NaN, -1.0158309326e+03
           NaN, -1.0170411452e+03
           NaN, -1.0181984853e+03
           NaN, -1.0193056531e+03
           NaN, -1.0203651826e+03
           NaN, -1.0213794543e+03
           NaN, -1.0223507029e+03
           NaN, -1.0232810312e+03
           NaN, -1.0241724145e+03
           NaN, -1.0250267117e+03
           NaN, -1.0258456721e+03
           NaN, -1.0266309431e+03
           NaN, -1.0273840767e+03
           NaN, -1.0281065353e+03
           NaN, -1.0287996996e+03
           NaN, -1.0294648700e+03
           NaN, -1.0301032775e+03
           NaN, -1.0307160841e+03
           NaN, -1.0313043882e+03
           NaN, -1.0318692295e+03
           NaN, -1.0324115930e+03
           NaN, -1.0329324116e+03
           NaN, -1.0334325712e+03
           NaN, -1.0339129119e+03
           NaN, -1.0343742316e+03
           NaN, -1.0348172906e+03
           NaN, -1.0352428107e+03
           NaN, -1.0356514813e+03
           NaN, -1.0360439588e+03
           NaN, -1.0364208702e+03
           NaN, -1.0367828142e+03
           NaN, -1.0371303637e+03
           NaN, -1.0374640669e+03
           NaN, -1.0377844503e+03
           NaN, -1.0380920164e+03
           NaN, -1.0383872512e+03
           NaN, -1.0386706184e+03
           NaN, -1.0389425660e+03
           NaN, -1.0392035240e+03
           NaN, -1.0394539080e+03
           NaN, -1.0396941174e+03
           NaN, -1.0399245382e+03
           NaN, -1.0401455425e+03
           NaN, -1.0403574899e+03
           NaN, -1.0405607268e+03
           NaN, -1.0407555891e+03
           NaN, -1.0409423992e+03
           NaN, -1.0411214705e+03
           NaN, -1.0412931038e+03
           NaN, -1.0414575893e+03
           NaN, -1.0416152070e+03
           NaN, -1.0417662252e+03
           NaN, -1.0419109022e+03
           NaN, -1.0420494845e+03
           NaN, -1.0421822072e+03
           NaN, -1.0423092943e+03
           NaN, -1.0424309570e+03
           NaN, -1.0425473945e+03
           NaN, -1.0426587924e+03
           NaN, -1.0427653218e+03
           NaN, -1.0428671390e+03
           NaN, -1.0429643846e+03
           NaN, -1.0430571828e+03
           NaN, -1.0431456381e+03
           NaN, -1.0432298366e+03
           NaN, -1.0433098426e+03
           NaN, -1.0433856980e+03
           NaN, -1.0434574192e+03
           NaN, -1.0435249962e+03
           NaN, -1.0435883896e+03
           NaN, -1.0436475286e+03
           NaN, -1.0437023081e+03
           NaN, -1.0437525855e+03
           NaN, -1.0437981772e+03
           NaN, -1.0438388552e+03
           NaN, -1.0438743442e+03
           NaN, -1.0439043166e+03
           NaN, -1.0439283861e+03
           NaN, -1.0439461059e+03
           NaN, -1.0439569612e+03
           NaN, -1.0439603633e+03
           NaN, -1.0439556445e+03
           NaN, -1.0439420490e+03
           NaN, -1.0439187266e+03
           NaN, -1.0438847250e+03
           NaN, -1.0438389791e+03
           NaN, -1.0437803019e+03
           NaN, -1.0437073747e+03
           NaN, -1.0436187357e+03
           NaN, -1.0435127654e+03
           NaN, -1.0433876759e+03
           NaN, -1.0432414957e+03
           NaN, -1.0430720520e+03
           NaN, -1.0428769567e+03
           NaN, -1.0426535855e+03
           NaN, -1.0423990589e+03
           NaN, -1.0421102220e+03
           NaN, -1.0417836194e+03
           NaN, -1.0414154717e+03
           NaN, -1.0410016476e+03
           NaN, -1.0405376371e+03
           NaN, -1.0400185157e+03
           NaN, -1.0394389181e+03
           NaN, -1.0387929960e+03
           NaN, -1.0380743842e+03
           NaN, -1.0372761569e+03
           NaN, -1.0363907860e+03
           NaN, -1.0354100937e+03
           NaN, -1.0343252034e+03
           NaN, -1.0331264871e+03
           NaN, -1.0318035106e+03
           NaN, -1.0303449745e+03
           NaN, -1.0287386537e+03
           NaN, -1.0269713336e+03
           NaN, -1.0250287423e+03
           NaN, -1.0228954828e+03
           NaN, -1.0205549619e+03
           NaN, -1.0179893175e+03
           NaN, -1.0151793461e+03
           NaN, -1.0121044279e+03
           NaN, -1.0087424559e+03
           NaN, -1.0050697644e+03
           NaN, -1.0010610620e+03
           NaN, -9.9668936879e+02
           NaN, -9.9192596136e+02
           NaN, -9.8674032543e+02
           NaN, -9.8110012095e+02
           NaN, -9.7497116114e+02
           NaN, -9.6831740734e+02
           NaN, -9.6110098625e+02
           NaN, -9.5328222973e+02
           NaN, -9.4481974280e+02
           NaN, -9.3567050364e+02
           NaN, -9.2578999727e+02
           NaN, -9.1513238906e+02
           NaN, -9.0365074157e+02
           NaN, -8.9129727193e+02
           NaN, -8.7802365852e+02
           NaN, -8.6378139151e+02
           NaN, -8.4852216665e+02
           NaN, -8.3219831886e+02
           NaN, -8.1476328717e+02
           NaN, -7.9617209931e+02
           NaN, -7.7638186044e+02
           NaN, -7.5535222310e+02
+1.5586634459e+02, -9.4587434396e+01
+2.0425041256e+02, -4.3334355018e+01
+2.6886585773e+02, +8.4542695454e+01
+2.6504073290e+02, +8.6026215026e+01
+2.6127903459e+02, +8.7553682159e+01
+2.5757811584e+02, +8.9120118517e+01
+2.5393918550e+02, +9.0720233423e+01
+2.5036347503e+02, +9.2348546526e+01
+2.4685170031e+02, +9.3999576532e+01
+2.4340396409e+02, +9.5667988789e+01
+2.4001978092e+02, +9.7348709667e+01
+2.3669814856e+02, +9.9037009139e+01
+2.3343763718e+02, +1.0072855365e+02
+2.3023648154e+02, +1.0241943303e+02
+2.2709266836e+02, +1.0410616630e+02
+2.2400401415e+02, +1.0578569148e+02
+2.2096823183e+02, +1.0745534413e+02
+2.1798298552e+02, +1.0911282874e+02
+2.1504593434e+02, +1.1075618628e+02
+2.1215476615e+02, +1.1238376033e+02
+2.0930722283e+02, +1.1399416353e+02
+2.0650111842e+02, +1.1558624563e+02
+2.0373435144e+02, +1.1715906363e+02
+2.0100491262e+02, +1.1871185466e+02
+1.9831088915e+02, +1.2024401152e+02
+1.9565046609e+02, +1.2175506090e+02
+1.9302192585e+02, +1.2324464424e+02
+1.9042364620e+02, +1.2471250089e+02
+1.8785409723e+02, +1.2615845354e+02
+1.8531183760e+02, +1.2758239546e+02
+1.8279551043e+02, +1.2898427960e+02
+1.8030383892e+02, +1.3036410914e+02
+1.7783562187e+02, +1.3172192929e+02
+1.7538972924e+02, +1.3305782039e+02
+1.7296509779e+02, +1.3437189192e+02
+1.7056072689e+02, +1.3566427732e+02
-2.3011269149e+02, -4.9277715164e+00
-2.2484754950e+02, -1.3550994763e+01
-2.2084445336e+02, -1.9811546389e+01
-2.1734752315e+02, -2.5083455808e+01
-2.1414840524e+02, -2.9752943245e+01
-2.1115243037e+02, -3.3998409520e+01
-2.0830673898e+02, -3.7920954029e+01
-2.0557813100e+02, -4.1584951328e+01
-2.0294408458e+02, -4.5034636317e+01
-2.0038846404e+02, -4.8302089476e+01
-1.9789922720e+02, -5.1411532839e+01
-1.9546709708e+02, -5.4381835776e+01
-1.9308474308e+02, -5.7228069669e+01
-1.9074625090e+02, -5.9962520781e+01
-1.8844676542e+02, -6.2595376790e+01
-1.8618224197e+02, -6.5135207699e+01
-1.8394926831e+02, -6.7589312146e+01
-1.8174493403e+02, -6.9963972763e+01
-1.7956673285e+02, -7.2264648372e+01
-1.7741248812e+02, -7.4496121236e+01
-1.7528029515e+02, -7.6662611679e+01
-1.7316847597e+02, -7.8767868553e+01
-1.7107554325e+02, -8.0815241549e+01
-1.6900017142e+02, -8.2807739646e+01
-1.6694117306e+02, -8.4748078835e+01
-1.6489747968e+02, -8.6638721456e+01
-1.6286812566e+02, -8.8481908882e+01
-1.6085223502e+02, -9.0279688912e+01
-1.5884901022e+02, -9.2033938859e+01
-1.5685772269e+02, -9.3746385170e+01
-1.5487770483e+02, -9.5418620177e+01
-1.5290834312e+02, -9.7052116496e+01
-1.5094907221e+02, -9.8648239455e+01
-1.4899936985e+02, -1.0020825789e+02
-1.4705875239e+02, -1.0173335354e+02
-1.4512677098e+02, -1.0322462929e+02
-1.4320300817e+02, -1.0468311644e+02
-1.4128707491e+02, -1.0610978104e+02
-1.3937860796e+02, -1.0750552959e+02
-1.3747726754e+02, -1.0887121407e+02
-1.3558273530e+02, -1.1020763640e+02
-1.3369471246e+02, -1.1151555249e+02
-1.3181291818e+02, -1.1279567577e+02
-1.2993708810e+02, -1.1404868050e+02
-1.2806697299e+02, -1.1527520463e+02
-1.2620233760e+02, -1.1647585247e+02
-1.2434295955e+02, -1.1765119702e+02
-1.2248862840e+02, -1.1880178222e+02
-1.2063914474e+02, -1.1992812484e+02
-1.1879431940e+02, -1.2103071635e+02
-1.1695397272e+02, -1.2211002448e+02
-1.1511793390e+02, -1.2316649480e+02
-1.1328604038e+02, -1.2420055205e+02
-1.1145813729e+02, -1.2521260141e+02
-1.0963407693e+02, -1.2620302969e+02
-1.0781371832e+02, -1.2717220637e+02
-1.0599692675e+02, -1.2812048459e+02
-1.0418357342e+02, -1.2904820209e+02
-1.0237353502e+02, -1.2995568203e+02
-1.0056669344e+02, -1.3084323379e+02
-9.8762935431e+01, -1.3171115367e+02
-9.6962152317e+01, -1.3255972561e+02
-9.5164239735e+01, -1.3338922176e+02
-9.3369097382e+01, -1.3419990311e+02
-9.1576628778e+01, -1.3499202001e+02
-8.9786741051e+01, -1.3576581269e+02
-8.7999344738e+01, -1.3652151172e+02
-8.6214353590e+01, -1.3725933848e+02
-8.4431684401e+01, -1.3797950551e+02
-8.2651256843e+01, -1.3868221700e+02
-8.0872993307e+01, -1.3936766906e+02
-7.9096818759e+01, -1.4003605010e+02
-7.7322660608e+01, -1.4068754115e+02
-7.5550448572e+01, -1.4132231615e+02
-7.3780114562e+01, -1.4194054226e+02
-7.2011592568e+01, -1.4254238007e+02
-7.0244818548e+01, -1.4312798390e+02
-6.8479730331e+01, -1.4369750202e+02
-6.6716267523e+01, -1.4425107687e+02
-6.4954371411e+01, -1.4478884525e+02
-6.3193984884e+01, -1.4531093855e+02
-6.1435052347e+01, -1.4581748290e+02
-5.9677519648e+01, -1.4630859938e+02
-5.7921334003e+01, -1.4678440415e+02
-5.6166443929e+01, -1.4724500863e+02
-5.4412799174e+01, -1.4769051964e+02
-5.2660350660e+01, -1.4812103953e+02
-5.0909050419e+01, -1.4853666631e+02
-4.9158851536e+01, -1.4893749381e+02
-4.7409708099e+01, -1.4932361172e+02
-4.5661575141e+01, -1.4969510578e+02
-4.3914408593e+01, -1.5005205783e+02
-4.2168165238e+01, -1.5039454593e+02
-4.0422802661e+01, -1.5072264445e+02
-3.8678279208e+01, -1.5103642415e+02
-3.6934553944e+01, -1.5133595226e+02
-3.5191586609e+01, -1.5162129256e+02
-3.3449337582e+01, -1.5189250546e+02
-3.1707767840e+01, -1.5214964806e+02
-2.9966838924e+01, -1.5239277420e+02
-2.8226512902e+01, -1.5262193453e+02
-2.6486752336e+01, -1.5283717658e+02
-2.4747520245e+01, -1.5303854477e+02
-2.3008780076e+01, -1.5322608052e+02
-2.1270495672e+01, -1.5339982223e+02
-1.9532631239e+01, -1.5355980535e+02
-1.7795151317e+01, -1.5370606242e+02
-1.6058020751e+01, -1.5383862310e+02
-1.4321204661e+01, -1.5395751418e+02
-1.2584668416e+01, -1.5406275966e+02
-1.0848377601e+01, -1.5415438070e+02
-9.1122979962e+00, -1.5423239573e+02
-7.3763955436e+00, -1.5429682037e+02
-5.6406363245e+00, -1.5434766752e+02
-3.9049865309e+00, -1.5438494737e+02
-2.1694124398e+00, -1.5440866736e+02
-4.3388038648e-01, -1.5441883222e+02
+1.3016432608e+00, -1.5441544399e+02
+3.0371921276e+00, -1.5439850199e+02
+4.7727998589e+00, -1.5436800283e+02
+6.5085001452e+00, -1.5432394043e+02
+8.2443267487e+00, -1.5426630597e+02
+9.9803135297e+00, -1.5419508793e+02
+1.1716494473e+01, -1.5411027202e+02
+1.3452903714e+01, -1.5401184123e+02
+1.5189575567e+01, -1.5389977577e+02
+1.6926544550e+01, -1.5377405307e+02
+1.8663845418e+01, -1.5363464772e+02
+2.0401513183e+01, -1.5348153151e+02
+2.2139583149e+01, -1.5331467335e+02
+2.3878090939e+01, -1.5313403924e+02
+2.5617072525e+01, -1.5293959225e+02
+2.7356564259e+01, -1.5273129249e+02
+2.9096602903e+01, -1.5250909705e+02
+3.0837225661e+01, -1.5227295995e+02
+3.2578470217e+01, -1.5202283211e+02
+3.4320374760e+01, -1.5175866129e+02
+3.6062978027e+01, -1.5148039203e+02
+3.7806319334e+01, -1.5118796558e+02
+3.9550438619e+01, -1.5088131987e+02
+4.1295376473e+01, -1.5056038938e+02
+4.3041174185e+01, -1.5022510514e+02
+4.4787873786e+01, -1.4987539459e+02
+4.6535518085e+01, -1.4951118152e+02
+4.8284150719e+01, -1.4913238601e+02
+5.0033816200e+01, -1.4873892427e+02
+5.1784559962e+01, -1.4833070860e+02
+5.3536428410e+01, -1.4790764724e+02
+5.5289468981e+01, -1.4746964432e+02
+5.7043730188e+01, -1.4701659964e+02
+5.8799261691e+01, -1.4654840865e+02
+6.0556114348e+01, -1.4606496225e+02
+6.2314340284e+01, -1.4556614666e+02
+6.4073992959e+01, -1.4505184328e+02
+6.5835127236e+01, -1.4452192853e+02
+6.7597799459e+01, -1.4397627368e+02
+6.9362067529e+01, -1.4341474464e+02
+7.1127990989e+01, -1.4283720182e+02
+7.2895631111e+01, -1.4224349991e+02
+7.4665050987e+01, -1.4163348763e+02
+7.6436315631e+01, -1.4100700755e+02
+7.8209492079e+01, -1.4036389584e+02
+7.9984649502e+01, -1.3970398197e+02
+8.1761859321e+01, -1.3902708851e+02
+8.3541195331e+01, -1.3833303076e+02
+8.5322733837e+01, -1.3762161651e+02
+8.7106553787e+01, -1.3689264565e+02
+8.8892736932e+01, -1.3614590987e+02
+9.0681367974e+01, -1.3538119225e+02
+9.2472534748e+01, -1.3459826687e+02
+9.4266328397e+01, -1.3379689839e+02
+9.6062843571e+01, -1.3297684159e+02
+9.7862178633e+01, -1.3213784085e+02
+9.9664435887e+01, -1.3127962969e+02
+1.0146972182e+02, -1.3040193011e+02
+1.0327814736e+02, -1.2950445210e+02
+1.0508982814e+02, -1.2858689290e+02
+1.0690488484e+02, -1.2764893633e+02
+1.0872344347e+02, -1.2669025204e+02
+1.1054563573e+02, -1.2571049470e+02
+1.1237159943e+02, -1.2470930312e+02
+1.1420147884e+02, -1.2368629929e+02
+1.1603542518e+02, -1.2264108735e+02
+1.1787359710e+02, -1.2157325248e+02
+1.1971616122e+02, -1.2048235971e+02
+1.2156329269e+02, -1.1936795256e+02
+1.2341517583e+02, -1.1822955162e+02
+1.2527200483e+02, -1.1706665300e+02
+1.2713398452e+02, -1.1587872657e+02
+1.2900133119e+02, -1.1466521412e+02
+1.3087427354e+02, -1.1342552727e+02
+1.3275305364e+02, -1.1215904521e+02
+1.3463792816e+02, -1.1086511218e+02
+1.3652916951e+02, -1.0954303473e+02
+1.3842706731e+02, -1.0819207859e+02
+1.4033192991e+02, -1.0681146535e+02
+1.4224408613e+02, -1.0540036857e+02
+1.4416388720e+02, -1.0395790961e+02
+1.4609170897e+02, -1.0248315285e+02
+1.4802795433e+02, -1.0097510037e+02
+1.4997305605e+02, -9.9432685939e+01
+1.5192747991e+02, -9.7854768198e+01
+1.5389172835e+02, -9.6240122959e+01
+1.5586634459e+02, -9.4587434396e+01
+1.5785191736e+02, -9.2895284984e+01
+1.5984908644e+02, -9.1162143916e+01
+1.6185854898e+02, -8.9386353739e+01
+1.6388106695e+02, -8.7566114833e+01
+1.6591747584e+02, -8.5699467296e+01
+1.6796869492e+02, -8.3784269675e+01
+1.7003573943e+02, -8.1818173840e+01
+1.7211973514e+02, -7.9798595094e+01
+1.7422193589e+02, -7.7722676345e+01
+1.7634374489e+02, -7.5587244831e+01
+1.7848674076e+02, -7.3388759368e+01
+1.8065270983e+02, -7.1123245424e+01
+1.8284368639e+02, -6.8786214358e+01
+1.8506200380e+02, -6.6372561761e+01
+1.8731035980e+02, -6.3876437776e+01
+1.8959190174e+02, -6.1291079221e+01
+1.9191033920e+02, -5.8608588586e+01
+1.9427009607e+02, -5.5819637460e+01
+1.9667652032e+02, -5.2913059737e+01
+1.9913618089e+02, -4.9875279173e+01
+2.0165730084e+02, -4.6689479223e+01
+3.0264751176e+02, +7.4254768114e+01
+2.9859798990e+02, +7.5256718986e+01
+2.9455813412e+02, +7.6314397292e+01
+2.5393935062e+02, +9.0720159493e+01
+2.5757828346e+02, +8.9120046166e+01
+2.6127920463e+02, +8.7553611627e+01
+2.6504090532e+02, +8.6026146535e+01
+2.6886603302e+02, +8.4542629236e+01
+2.0425041256e+02, -4.3334355018e+01
+2.6694456494e+02, +8.5278663373e+01
+2.6315226348e+02, +8.6784783284e+01
           NaN, -7.3761470820e+02
           NaN, -7.5410804814e+02
           NaN, -7.6968582195e+02
           NaN, -7.8439337417e+02
           NaN, -7.9827482387e+02
           NaN, -8.1137297485e+02
           NaN, -8.2372923478e+02
           NaN, -8.3538354738e+02
           NaN, -8.4637434198e+02
           NaN, -8.5673849458e+02
+1.7660992246e+02, +1.3239262641e+02
+1.7417478975e+02, +1.3371759207e+02
+1.7176041033e+02, +1.3502080217e+02
+1.6936581333e+02, +1.3630240049e+02
+1.6699008454e+02, +1.3756254849e+02
+1.6463236265e+02, +1.3880142183e+02
+1.6229183575e+02, +1.4001920747e+02
+1.5996773804e+02, +1.4121610110e+02
+1.5765934676e+02, +1.4239230504e+02
+1.5536597927e+02, +1.4354802641e+02
+1.5308699041e+02, +1.4468347557e+02
+1.5082177000e+02, +1.4579886483e+02
+1.4856974049e+02, +1.4689440734e+02
+1.4633035483e+02, +1.4797031615e+02
+1.4410309446e+02, +1.4902680345e+02
+1.4188746746e+02, +1.5006407985e+02
+1.3968300681e+02, +1.5108235389e+02
+1.3748926881e+02, +1.5208183159e+02
+1.3530583158e+02, +1.5306271602e+02
           NaN, -9.7590627935e+02
           NaN, -9.7904853001e+02
           NaN, -9.8202845051e+02
+1.2666734244e+02, +1.5680426473e+02
+1.2452975379e+02, +1.5769510834e+02
+1.2240032235e+02, +1.5856850229e+02
+1.2027874549e+02, +1.5942462338e+02
           NaN, -9.9480983869e+02
           NaN, -9.9699804938e+02
           NaN, -9.9907979234e+02
           NaN, -1.0010611447e+03
           NaN, -1.0029477951e+03
           NaN, -1.0047450698e+03
           NaN, -1.0064579570e+03
           NaN, -1.0080911282e+03
           NaN, -1.0096489594e+03
           NaN, -1.0111355504e+03
           NaN, -1.0125547425e+03
           NaN, -1.0139101364e+03
           NaN, -1.0152051080e+03
           NaN, -1.0164428234e+03
           NaN, -1.0176262514e+03
           NaN, -1.0187581784e+03
           NaN, -1.0198412203e+03
           NaN, -1.0208778328e+03
           NaN, -1.0218703220e+03
           NaN, -1.0228208562e+03
           NaN, -1.0237314721e+03
           NaN, -1.0246040872e+03
           NaN, -1.0254405039e+03
           NaN, -1.0262424201e+03
           NaN, -1.0270114337e+03
           NaN, -1.0277490526e+03
           NaN, -1.0284566960e+03
           NaN, -1.0291357053e+03
           NaN, -1.0297873451e+03
           NaN, -1.0304128110e+03
           NaN, -1.0310132326e+03
           NaN, -1.0315896788e+03
           NaN, -1.0321431613e+03
           NaN, -1.0326746391e+03
           NaN, -1.0331850203e+03
           NaN, -1.0336751680e+03
           NaN, -1.0341459009e+03
           NaN, -1.0345979978e+03
           NaN, -1.0350321993e+03
           NaN, -1.0354492106e+03
           NaN, -1.0358497042e+03
           NaN, -1.0362343223e+03
           NaN, -1.0366036766e+03
           NaN, -1.0369583533e+03
           NaN, -1.0372989123e+03
           NaN, -1.0376258915e+03
           NaN, -1.0379398047e+03
           NaN, -1.0382411460e+03
           NaN, -1.0385303897e+03
           NaN, -1.0388079924e+03
           NaN, -1.0390743920e+03
           NaN, -1.0393300126e+03
           NaN, -1.0395752601e+03
           NaN, -1.0398105280e+03
           NaN, -1.0400361947e+03
           NaN, -1.0402526264e+03
           NaN, -1.0404601762e+03
           NaN, -1.0406591841e+03
           NaN, -1.0408499808e+03
           NaN, -1.0410328832e+03
           NaN, -1.0412081986e+03
           NaN, -1.0413762223e+03
           NaN, -1.0415372397e+03
           NaN, -1.0416915247e+03
           NaN, -1.0418393409e+03
           NaN, -1.0419809403e+03
           NaN, -1.0421165642e+03
           NaN, -1.0422464416e+03
           NaN, -1.0423707912e+03
           NaN, -1.0424898171e+03
           NaN, -1.0426037125e+03
           NaN, -1.0427126553e+03
           NaN, -1.0428168100e+03
           NaN, -1.0429163251e+03
           NaN, -1.0430113325e+03
           NaN, -1.0431019474e+03
           NaN, -1.0431882649e+03
           NaN, -1.0432703606e+03
           NaN, -1.0433482878e+03
           NaN, -1.0434220754e+03
           NaN, -1.0434917278e+03
           NaN, -1.0435572197e+03
           NaN, -1.0436184967e+03
           NaN, -1.0436754714e+03
           NaN, -1.0437280203e+03
           NaN, -1.0437759801e+03
           NaN, -1.0438191465e+03
           NaN, -1.0438572679e+03
           NaN, -1.0438900426e+03
           NaN, -1.0439171155e+03
           NaN, -1.0439380704e+03
           NaN, -1.0439524267e+03
           NaN, -1.0439596337e+03
           NaN, -1.0439590644e+03
           NaN, -1.0439500073e+03
           NaN, -1.0439316606e+03
           NaN, -1.0439031249e+03
           NaN, -1.0438633912e+03
           NaN, -1.0438113360e+03
           NaN, -1.0437457075e+03
           NaN, -1.0436651165e+03
           NaN, -1.0435680243e+03
           NaN, -1.0434527291e+03
           NaN, -1.0433173530e+03
           NaN, -1.0431598257e+03
           NaN, -1.0429778690e+03
           NaN, -1.0427689789e+03
           NaN, -1.0425304067e+03
           NaN, -1.0422591378e+03
           NaN, -1.0419518696e+03
           NaN, -1.0416049885e+03
           NaN, -1.0412145421e+03
           NaN, -1.0407762134e+03
           NaN, -1.0402852894e+03
           NaN, -1.0397366302e+03
           NaN, -1.0391246327e+03
           NaN, -1.0384431957e+03
           NaN, -1.0376856781e+03
           NaN, -1.0368448596e+03
           NaN, -1.0359128928e+03
           NaN, -1.0348812568e+03
           NaN, -1.0337407058e+03
           NaN, -1.0324812165e+03
           NaN, -1.0310919290e+03
           NaN, -1.0295610891e+03
           NaN, -1.0278759850e+03
           NaN, -1.0260228819e+03
           NaN, -1.0239869540e+03
           NaN, -1.0217522158e+03
           NaN, -1.0193014481e+03
           NaN, -1.0166161274e+03
           NaN, -1.0136763512e+03
           NaN, -1.0104607655e+03
           NaN, -1.0069464919e+03
           NaN, -1.0031090604e+03
           NaN, -9.9892234297e+02
           NaN, -9.9435849407e+02
           NaN, -9.8938790006e+02
           NaN, -9.8397913771e+02
           NaN, -9.7809894457e+02
           NaN, -9.7171220776e+02
           NaN, -9.6478196803e+02
           NaN, -9.5726944754e+02
           NaN, -9.4913410435e+02
           NaN, -9.4033371645e+02
           NaN, -9.3082449482e+02
           NaN, -9.2056124131e+02
           NaN, -9.0949754014e+02
           NaN, -8.9758599554e+02
           NaN, -8.8477851482e+02
           NaN, -8.7102663533e+02
           NaN, -8.5628189803e+02
           NaN, -8.4049626236e+02
           NaN, -8.2362255481e+02
           NaN, -8.0561494832e+02
           NaN, -7.8642944798e+02
           NaN, -7.6602437664e+02
           NaN, -7.4436082453e+02
-1.7956673285e+02, -7.2264648372e+01
-2.7081834741e+02, +8.3822744264e+01
-2.6694462222e+02, +8.5278641148e+01
-2.6315231946e+02, +8.6784760548e+01
-2.5942091554e+02, +8.8332352824e+01
-2.5575081571e+02, +8.9916306681e+01
-2.5214336890e+02, +9.1531209656e+01
-2.4859957487e+02, +9.3171560267e+01
-2.4511984465e+02, +9.4831934218e+01
-2.4170397991e+02, +9.6507115087e+01
-2.3835122632e+02, +9.8192192649e+01
-2.3506035628e+02, +9.9882630231e+01
-2.3182976087e+02, +1.0157430405e+02
-2.2865754046e+02, +1.0326351891e+02
-2.2554158760e+02, +1.0494700544e+02
-2.2247965942e+02, +1.0662190362e+02
-2.1946943830e+02, +1.0828573737e+02
-2.1650858106e+02, +1.0993638361e+02
-2.1359475751e+02, +1.1157203887e+02
-2.1072567986e+02, +1.1319118537e+02
-2.0789912420e+02, +1.1479255818e+02
-2.0511294556e+02, +1.1637511424e+02
-2.0236508785e+02, +1.1793800384e+02
-1.9965358970e+02, +1.1948054484e+02
-1.9697658718e+02, +1.2100219954e+02
-1.9433231421e+02, +1.2250255423e+02
-1.9171910120e+02, +1.2398130128e+02
-1.8913537250e+02, +1.2543822340e+02
-1.8657964298e+02, +1.2687318006e+02
-1.8405051408e+02, +1.2828609563e+02
-1.8154666951e+02, +1.2967694927e+02
-1.7906687083e+02, +1.3104576611e+02
-1.7660995297e+02, +1.3239260975e+02
-1.7417481983e+02, +1.3371757577e+02
-1.7176043998e+02, +1.3502078623e+02
-1.6936584258e+02, +1.3630238491e+02
