-3.1388789575e+02, +7.9444318745e+01
-3.0866761117e+02, -5.9082316601e-01
-3.1393967876e+02, -5.7292589771e-01
-3.1906241836e+02, -5.5774628693e-01
-3.2405746742e+02, -5.4466283265e-01
-3.2894172610e+02, -5.3323733220e-01
-3.3372870000e+02, -5.2315051366e-01
-3.3842938822e+02, -5.1416336611e-01
-3.4305289220e+02, -5.0609284170e-01
-3.4760684606e+02, -4.9879600514e-01
-3.5209772866e+02, -4.9215935947e-01
-3.5653109482e+02, -4.8609145870e-01
-3.6418596488e+02, +6.5814570366e+01
-3.6953118104e+02, -4.7061626320e-01
-3.3942232766e+02, +3.0634335001e+01
-3.6524388537e+02, -4.7537639692e-01
-3.7377689043e+02, -4.6619404409e-01
-3.7798390575e+02, -4.6207306343e-01
-3.8215481174e+02, -4.5822196997e-01
-3.8629192942e+02, -4.5461378123e-01
-3.9039735215e+02, -4.5122512955e-01
-3.9447297552e+02, -4.4803566158e-01
-3.9852052248e+02, -4.4502755565e-01
-4.0254156438e+02, -4.4218513045e-01
-4.0653753892e+02, -4.3949452534e-01
-4.1050976541e+02, -4.3694343722e-01
-4.1445945786e+02, -4.3452090253e-01
-4.1979176142e+02, +5.9457838216e+01
-4.2618411835e+02, -4.2793145817e-01
-4.4156080809e+02, -4.2045094700e-01
-4.2229563640e+02, -4.3002327529e-01
-4.3350269226e+02, +5.8984624516e+01
-4.3390633319e+02, -4.2402594215e-01
-4.3774167020e+02, -4.2219987512e-01
-4.4156080809e+02, -4.2045094700e-01
-4.4536442360e+02, -4.1877426607e-01
-4.4915315102e+02, -4.1716535743e-01
-4.5292758582e+02, -4.1562011849e-01
-4.5668828781e+02, -4.1413478025e-01
-4.6043578403e+02, -4.1270587331e-01
-4.6417057132e+02, -4.1133019804e-01
-4.6789311860e+02, -4.1000479832e-01
-4.7160386907e+02, -4.0872693832e-01
-4.7530324199e+02, -4.0749408195e-01
-4.8378686696e+02, +6.2836427719e+01
-4.8823773049e+02, +5.6245140334e+01
-4.8196200363e+02, +5.6719154990e+01
-4.8574081375e+02, +5.8298576607e+01
-4.9364265209e+02, -4.0192792806e-01
-4.9728142677e+02, -4.0092094939e-01
-5.0091121756e+02, -3.9994550200e-01
-5.0453230363e+02, -3.9900012999e-01
-5.0814495133e+02, -3.9808346743e-01
-5.1174941504e+02, -3.9719423132e-01
-5.1534593783e+02, -3.9633121529e-01
-5.1893475220e+02, -3.9549328390e-01
-5.2251608061e+02, -3.9467936738e-01
-5.2609013615e+02, -3.9388845686e-01
-5.2965712299e+02, -3.9311960006e-01
-5.3321723693e+02, -3.9237189730e-01
-5.3677066583e+02, -3.9164449782e-01
-5.4031759005e+02, -3.9093659651e-01
-5.4385818285e+02, -3.9024743079e-01
-5.4739261075e+02, -3.8957627781e-01
-5.5092103390e+02, -3.8892245189e-01
-5.6032355950e+02, +6.2666451766e+01
-5.6147178724e+02, -3.8705858752e-01
-5.6753621581e+02, +4.9071613109e+01
-5.5796047654e+02, -3.8766420990e-01
-5.6497767616e+02, -3.8646787563e-01
-5.6549046432e+02, +6.0206553235e+01
-5.7546411611e+02, -3.8478000359e-01
-5.7894959913e+02, -3.8424385475e-01
-5.8243027905e+02, -3.8372019246e-01
-5.8590626713e+02, -3.8320859663e-01
-5.8937767091e+02, -3.8270866591e-01
-5.9284459439e+02, -3.8222001663e-01
-5.9630713816e+02, -3.8174228188e-01
-5.9976539955e+02, -3.8127511053e-01
-6.0321947277e+02, -3.8081816640e-01
-6.0666944906e+02, -3.8037112749e-01
-6.1011541681e+02, -3.7993368521e-01
-6.1355746164e+02, -3.7950554368e-01
-6.1699566659e+02, -3.7908641908e-01
-6.2043011213e+02, -3.7867603905e-01
-6.2386087634e+02, -3.7827414209e-01
-6.2728803497e+02, -3.7788047702e-01
-6.3071166154e+02, -3.7749480249e-01
-6.3413182743e+02, -3.7711688650e-01
-6.3754860194e+02, -3.7674650590e-01
-6.4096205240e+02, -3.7638344604e-01
-6.4437224422e+02, -3.7602750032e-01
-6.4777924100e+02, -3.7567846982e-01
-6.5118310454e+02, -3.7533616294e-01
-6.5458389494e+02, -3.7500039510e-01
-6.5798167066e+02, -3.7467098836e-01
-6.6137648860e+02, -3.7434777116e-01
-6.6476840409e+02, -3.7403057805e-01
-6.6815747102e+02, -3.7371924936e-01
-6.6962045949e+02, +5.1906119672e+01
-6.8189887616e+02, +5.2649867163e+01
-6.8168628194e+02, -3.7252957560e-01
-6.8506186615e+02, -3.7224536080e-01
-6.9180541898e+02, -3.7169185177e-01
-7.0190236605e+02, -3.7089706977e-01
-7.5542109486e+02, -3.6726851135e-01
-6.7154374184e+02, -3.7341363102e-01
-6.8601858235e+02, +5.2054630114e+01
-6.9214937333e+02, +5.4671657193e+01
-6.9853911141e+02, -3.7115742142e-01
-7.0190236605e+02, -3.7089706977e-01
-7.0136345100e+02, +5.2746847470e+01
-7.1524049765e+02, +5.1530954602e+01
-7.1533237786e+02, -3.6989889498e-01
-7.1868432039e+02, -3.6965965171e-01
-7.2203411212e+02, -3.6942433652e-01
-7.2538178825e+02, -3.6919285849e-01
-7.2872738316e+02, -3.6896512946e-01
-7.3207093044e+02, -3.6874106391e-01
-7.3541246292e+02, -3.6852057886e-01
-7.3875201269e+02, -3.6830359381e-01
-7.4208961112e+02, -3.6809003061e-01
-7.4542528889e+02, -3.6787981338e-01
-7.4875907598e+02, -3.6767286846e-01
-7.5209100174e+02, -3.6746912429e-01
-7.5542109486e+02, -3.6726851135e-01
-7.5874938342e+02, -3.6707096210e-01
-7.6207589489e+02, -3.6687641088e-01
-7.6540065616e+02, -3.6668479390e-01
-7.6872369353e+02, -3.6649604910e-01
-7.7204503279e+02, -3.6631011616e-01
-7.7536469913e+02, -3.6612693640e-01
-7.7868271727e+02, -3.6594645271e-01
-7.8199911138e+02, -3.6576860957e-01
-7.8531390516e+02, -3.6559335292e-01
-7.8862712181e+02, -3.6542063013e-01
-7.9193878407e+02, -3.6525038999e-01
-7.9524891422e+02, -3.6508258261e-01
-7.9855753409e+02, -3.6491715943e-01
-8.0186466507e+02, -3.6475407313e-01
-8.0517032813e+02, -3.6459327762e-01
-8.0847454384e+02, -3.6443472799e-01
-8.1177733236e+02, -3.6427838046e-01
-8.1507871346e+02, -3.6412419238e-01
-8.1837870651e+02, -3.6397212216e-01
-8.2167733054e+02, -3.6382212925e-01
-8.2497460419e+02, -3.6367417412e-01
-8.2827054576e+02, -3.6352821820e-01
-8.3156517320e+02, -3.6338422387e-01
-8.3485850412e+02, -3.6324215443e-01
-8.3815055582e+02, -3.6310197408e-01
-8.4144134525e+02, -3.6296364787e-01
-8.4473088907e+02, -3.6282714169e-01
-8.4801920362e+02, -3.6269242224e-01
-8.5130630495e+02, -3.6255945703e-01
-8.5459220882e+02, -3.6242821431e-01
-8.5787693071e+02, -3.6229866309e-01
-8.6116048580e+02, -3.6217077309e-01
-8.6444288902e+02, -3.6204451473e-01
-8.6772415504e+02, -3.6191985914e-01
-8.7100429824e+02, -3.6179677807e-01
-8.7428333278e+02, -3.6167524394e-01
-8.7756127256e+02, -3.6155522980e-01
-8.8083813124e+02, -3.6143670928e-01
-8.8411392223e+02, -3.6131965662e-01
-8.8738865873e+02, -3.6120404664e-01
-8.9066235371e+02, -3.6108985470e-01
-8.9393501990e+02, -3.6097705671e-01
-8.9720666984e+02, -3.6086562913e-01
-9.0047731585e+02, -3.6075554889e-01
-9.0374697003e+02, -3.6064679347e-01
-9.0701564430e+02, -3.6053934080e-01
-9.1028335036e+02, -3.6043316929e-01
-9.1355009973e+02, -3.6032825784e-01
-9.1681590375e+02, -3.6022458575e-01
-9.2008077354e+02, -3.6012213281e-01
-9.2334472009e+02, -3.6002087919e-01
-9.2660775416e+02, -3.5992080551e-01
-9.2986988636e+02, -3.5982189278e-01
-9.3313112714e+02, -3.5972412239e-01
-9.3639148677e+02, -3.5962747615e-01
-9.3965097536e+02, -3.5953193621e-01
-9.4290960285e+02, -3.5943748509e-01
-9.4616737904e+02, -3.5934410568e-01
-9.4942431357e+02, -3.5925178121e-01
-9.5268041592e+02, -3.5916049525e-01
-9.5817772926e+02, +4.8378630522e+01
-9.5593569544e+02, -3.5907023169e-01
-9.5776875259e+02, +4.9876334434e+01
-9.4172441616e+02, +6.0927371208e+01
-9.8001229615e+02, +5.0667936811e+01
-9.7870036763e+02, -3.5846572687e-01
-9.7870036763e+02, -3.5846572687e-01
-9.8194938397e+02, -3.5838309977e-01
-9.8519765536e+02, -3.5830136369e-01
-9.8844518983e+02, -3.5822050544e-01
-9.9169199528e+02, -3.5814051202e-01
-9.9493807947e+02, -3.5806137074e-01
-9.9818345009e+02, -3.5798306910e-01
-1.0014281147e+03, -3.5790559487e-01
-9.9831219039e+02, +5.5796308572e+01
-1.0111579463e+03, -3.5767801753e-01
-1.0143998601e+03, -3.5760373496e-01
-1.0176411042e+03, -3.5753022190e-01
-1.0253284216e+03, +5.0127905324e+01
-1.0273608859e+03, -3.5731419134e-01
-1.0338375155e+03, -3.5717382310e-01
-1.0403116261e+03, -3.5703628204e-01
-1.0491292267e+03, +4.9696692597e+01
-1.0629518930e+03, -3.5657605337e-01
-1.0920196112e+03, -3.5602894116e-01
-9.4290960285e+02, -3.5943748509e-01
-9.9845443111e+02, +4.7538721573e+01
-1.0176411042e+03, -3.5753022190e-01
-1.0273608859e+03, -3.5731419134e-01
-1.0350433909e+03, +5.1705175746e+01
-1.0400951796e+03, +4.9588579276e+01
-1.0467832682e+03, -3.5690149035e-01
-1.0493807881e+03, +4.9544054896e+01
-1.0564862100e+03, -3.5670429438e-01
-1.0597193421e+03, -3.5663985740e-01
-1.0629518930e+03, -3.5657605337e-01
-1.0661838683e+03, -3.5651287376e-01
-1.0795202520e+03, +6.6087354025e+01
-1.0758763970e+03, -3.5632699848e-01
-1.0791061257e+03, -3.5626623428e-01
-1.0823353062e+03, -3.5620605407e-01
-1.0855639439e+03, -3.5614645016e-01
-1.0887920438e+03, -3.5608741500e-01
-1.0920196112e+03, -3.5602894116e-01
-1.0952466510e+03, -3.5597102135e-01
-1.0984731682e+03, -3.5591364838e-01
-1.1016991679e+03, -3.5585681520e-01
-1.1049246548e+03, -3.5580051486e-01
-1.1081496337e+03, -3.5574474053e-01
-1.1113741095e+03, -3.5568948549e-01
-1.1081496337e+03, -3.5574474053e-01
-1.1145980866e+03, -3.5563474315e-01
-1.1154401874e+03, +4.9379180279e+01
-1.1084565850e+03, +5.1641005032e+01
-1.1711717973e+03, +6.5315627251e+01
-1.1432800384e+03, +4.9719992578e+01
-1.1405248029e+03, +4.4900583744e+01
-1.1435921899e+03, -3.5516409417e-01
-1.1468114263e+03, -3.5511413789e-01
-1.1564664467e+03, -3.5496692720e-01
-1.1482431179e+03, +5.0504264282e+01
-1.1532485507e+03, -3.5501555980e-01
-1.1564664467e+03, -3.5496692720e-01
-1.1596839038e+03, -3.5491872514e-01
-1.1629009258e+03, -3.5487094844e-01
-1.1661175168e+03, -3.5482359198e-01
-1.1693336803e+03, -3.5477665071e-01
-1.1725494202e+03, -3.5473011968e-01
-1.1757647401e+03, -3.5468399398e-01
-1.1789796437e+03, -3.5463826882e-01
-1.1821941347e+03, -3.5459293945e-01
-1.1854082165e+03, -3.5454800121e-01
-1.1886218927e+03, -3.5450344948e-01
-1.1918351669e+03, -3.5445927975e-01
-1.1950480423e+03, -3.5441548756e-01
-1.1982605225e+03, -3.5437206849e-01
-1.2014726107e+03, -3.5432901824e-01
-1.2046843104e+03, -3.5428633253e-01
-1.2078956248e+03, -3.5424400715e-01
-1.2111065572e+03, -3.5420203797e-01
-1.2143171107e+03, -3.5416042090e-01
-1.2175272885e+03, -3.5411915192e-01
-1.2207370938e+03, -3.5407822708e-01
-1.2239465297e+03, -3.5403764246e-01
-1.2271555992e+03, -3.5399739421e-01
-1.2303643054e+03, -3.5395747855e-01
-1.2335726512e+03, -3.5391789174e-01
-1.2367806397e+03, -3.5387863008e-01
-1.2399882738e+03, -3.5383968994e-01
-1.2431955563e+03, -3.5380106775e-01
-1.2464024901e+03, -3.5376275998e-01
-1.2496090781e+03, -3.5372476313e-01
-1.2528153231e+03, -3.5368707379e-01
-1.2560212278e+03, -3.5364968857e-01
-1.2592267950e+03, -3.5361260413e-01
-1.2624320274e+03, -3.5357581719e-01
-1.2656369276e+03, -3.5353932449e-01
-1.2688414984e+03, -3.5350312285e-01
-1.2720457423e+03, -3.5346720910e-01
-1.2752496620e+03, -3.5343158014e-01
-1.2784532600e+03, -3.5339623290e-01
-1.2816565388e+03, -3.5336116435e-01
-1.2848595010e+03, -3.5332637150e-01
-1.2880621491e+03, -3.5329185143e-01
-1.2912644854e+03, -3.5325760121e-01
-1.2944665125e+03, -3.5322361798e-01
-1.2976682328e+03, -3.5318989893e-01
-1.3008696486e+03, -3.5315644125e-01
-1.3040707623e+03, -3.5312324220e-01
-1.3072715762e+03, -3.5309029907e-01
-1.3104720926e+03, -3.5305760918e-01
-1.3136723139e+03, -3.5302516989e-01
-1.3168722422e+03, -3.5299297858e-01
-1.3200718798e+03, -3.5296103269e-01
-1.3232712290e+03, -3.5292932968e-01
-1.3264702918e+03, -3.5289786704e-01
-1.3296690706e+03, -3.5286664231e-01
-1.3328675673e+03, -3.5283565303e-01
-1.3360657843e+03, -3.5280489680e-01
-1.3392637234e+03, -3.5277437125e-01
-1.3424613869e+03, -3.5274407403e-01
-1.3456587768e+03, -3.5271400282e-01
-1.3488558951e+03, -3.5268415533e-01
-1.3520527439e+03, -3.5265452932e-01
-1.3552493251e+03, -3.5262512254e-01
-1.3584456408e+03, -3.5259593281e-01
-1.3616416928e+03, -3.5256695795e-01
-1.3648374831e+03, -3.5253819582e-01
-1.3680330137e+03, -3.5250964430e-01
-1.3712282864e+03, -3.5248130129e-01
-1.3744233031e+03, -3.5245316475e-01
-1.3776180657e+03, -3.5242523262e-01
-1.3808125760e+03, -3.5239750290e-01
-1.3840068358e+03, -3.5236997359e-01
-1.3872008471e+03, -3.5234264275e-01
-1.3903946114e+03, -3.5231550842e-01
-1.3935881307e+03, -3.5228856870e-01
-1.3967814067e+03, -3.5226182170e-01
-1.3999744410e+03, -3.5223526554e-01
-1.4031672355e+03, -3.5220889839e-01
-1.4063597919e+03, -3.5218271842e-01
-1.4095521117e+03, -3.5215672383e-01
-1.4127441968e+03, -3.5213091285e-01
-1.4159360487e+03, -3.5210528372e-01
-1.4191276691e+03, -3.5207983470e-01
-1.4223190597e+03, -3.5205456409e-01
-1.4255102220e+03, -3.5202947019e-01
-1.4287011576e+03, -3.5200455132e-01
-1.4318918681e+03, -3.5197980584e-01
-1.4350823550e+03, -3.5195523212e-01
-1.4382726200e+03, -3.5193082853e-01
-1.4414626646e+03, -3.5190659348e-01
-1.4446524902e+03, -3.5188252541e-01
-1.4478420984e+03, -3.5185862276e-01
-1.4510314907e+03, -3.5183488397e-01
-1.4542206685e+03, -3.5181130755e-01
-1.4574096333e+03, -3.5178789198e-01
-1.4605983866e+03, -3.5176463578e-01
-1.4637869299e+03, -3.5174153749e-01
-1.4669752644e+03, -3.5171859565e-01
-1.4701633917e+03, -3.5169580883e-01
-1.4733513131e+03, -3.5167317561e-01
-1.4765390301e+03, -3.5165069460e-01
-1.4797265439e+03, -3.5162836440e-01
-1.4829138560e+03, -3.5160618366e-01
-1.4861009678e+03, -3.5158415102e-01
-1.4892878805e+03, -3.5156226515e-01
-1.4924745954e+03, -3.5154052471e-01
-1.4956611139e+03, -3.5151892842e-01
-1.4988474373e+03, -3.5149747496e-01
-1.5020335669e+03, -3.5147616308e-01
-1.5052195040e+03, -3.5145499150e-01
-1.5084052497e+03, -3.5143395897e-01
-1.5115908054e+03, -3.5141306427e-01
-1.5147761724e+03, -3.5139230617e-01
-1.5179613518e+03, -3.5137168347e-01
-1.5211463448e+03, -3.5135119497e-01
-1.5243311528e+03, -3.5133083950e-01
-1.5275157768e+03, -3.5131061588e-01
-1.5307002181e+03, -3.5129052296e-01
-1.5338844778e+03, -3.5127055961e-01
-1.5370685572e+03, -3.5125072469e-01
-1.5402524573e+03, -3.5123101708e-01
-1.5434361794e+03, -3.5121143570e-01
-1.5466197246e+03, -3.5119197943e-01
-1.5498030939e+03, -3.5117264721e-01
-1.5529862886e+03, -3.5115343796e-01
-1.5561693096e+03, -3.5113435063e-01
-1.5593521583e+03, -3.5111538418e-01
-1.5625348355e+03, -3.5109653757e-01
-1.5657173424e+03, -3.5107780978e-01
-1.5688996801e+03, -3.5105919979e-01
-1.5720818497e+03, -3.5104070661e-01
-1.5752638521e+03, -3.5102232925e-01
-1.5784456885e+03, -3.5100406673e-01
-1.5816273598e+03, -3.5098591808e-01
-1.5848088671e+03, -3.5096788235e-01
-1.5879902115e+03, -3.5094995857e-01
-1.5911713939e+03, -3.5093214583e-01
-1.5943524153e+03, -3.5091444318e-01
-1.5975332767e+03, -3.5089684971e-01
-1.6007139792e+03, -3.5087936452e-01
-1.6038945236e+03, -3.5086198669e-01
-1.6070749110e+03, -3.5084471535e-01
-1.6102551424e+03, -3.5082754962e-01
-1.6134352186e+03, -3.5081048862e-01
-1.6166151406e+03, -3.5079353148e-01
-1.6197949093e+03, -3.5077667737e-01
-1.6229745258e+03, -3.5075992543e-01
-1.6261539909e+03, -3.5074327482e-01
-1.6293333055e+03, -3.5072672473e-01
-1.6325124705e+03, -3.5071027433e-01
-1.6356914868e+03, -3.5069392282e-01
-1.6388703554e+03, -3.5067766939e-01
-1.6420490771e+03, -3.5066151324e-01
-1.6452276527e+03, -3.5064545360e-01
-1.6484060833e+03, -3.5062948969e-01
-1.6515843695e+03, -3.5061362073e-01
-1.6547625123e+03, -3.5059784597e-01
-1.6579405126e+03, -3.5058216465e-01
-1.6611183711e+03, -3.5056657603e-01
-1.6642960888e+03, -3.5055107936e-01
-1.6674736664e+03, -3.5053567392e-01
-1.6706511047e+03, -3.5052035898e-01
-1.6738284046e+03, -3.5050513383e-01
-1.6770055670e+03, -3.5048999776e-01
-1.6801825925e+03, -3.5047495005e-01
-1.6833594820e+03, -3.5045999003e-01
-1.6865362363e+03, -3.5044511700e-01
-1.6897128562e+03, -3.5043033028e-01
-1.6928893424e+03, -3.5041562919e-01
-1.6960656958e+03, -3.5040101306e-01
-1.6992419170e+03, -3.5038648125e-01
-1.7024180069e+03, -3.5037203308e-01
-1.7055939662e+03, -3.5035766791e-01
-1.7087697956e+03, -3.5034338509e-01
-1.7119454960e+03, -3.5032918400e-01
-1.7151210680e+03, -3.5031506401e-01
-1.7182965124e+03, -3.5030102448e-01
-1.7214718298e+03, -3.5028706480e-01
-1.7246470211e+03, -3.5027318436e-01
-1.7278220870e+03, -3.5025938256e-01
-1.7309970280e+03, -3.5024565878e-01
-1.7341718450e+03, -3.5023201245e-01
-1.7373465387e+03, -3.5021844297e-01
-1.7405211097e+03, -3.5020494976e-01
-1.7436955588e+03, -3.5019153223e-01
-1.7468698865e+03, -3.5017818983e-01
-1.7500440937e+03, -3.5016492198e-01
-1.7532181809e+03, -3.5015172812e-01
-1.7563921488e+03, -3.5013860770e-01
-1.7595659982e+03, -3.5012556016e-01
-1.7627397296e+03, -3.5011258497e-01
-1.7659133437e+03, -3.5009968157e-01
-1.7690868411e+03, -3.5008684945e-01
-1.7722602226e+03, -3.5007408805e-01
-1.7754334887e+03, -3.5006139688e-01
-1.7786066401e+03, -3.5004877539e-01
-1.7817796774e+03, -3.5003622308e-01
-1.7849526012e+03, -3.5002373943e-01
-1.7881254122e+03, -3.5001132395e-01
-1.7912981109e+03, -3.4999897612e-01
-1.7944706980e+03, -3.4998669546e-01
-1.7976431741e+03, -3.4997448148e-01
-1.8008155398e+03, -3.4996233367e-01
-1.8039877956e+03, -3.4995025157e-01
-1.8071599422e+03, -3.4993823470e-01
-1.8103319802e+03, -3.4992628257e-01
-1.8135039102e+03, -3.4991439472e-01
-1.8166757326e+03, -3.4990257070e-01
-1.8198474482e+03, -3.4989081002e-01
-1.8230190575e+03, -3.4987911225e-01
-1.8261905610e+03, -3.4986747692e-01
-1.8293619593e+03, -3.4985590358e-01
-1.8325332530e+03, -3.4984439180e-01
-1.8357044426e+03, -3.4983294114e-01
-1.8388755287e+03, -3.4982155115e-01
-1.8420465118e+03, -3.4981022140e-01
-1.8452173925e+03, -3.4979895147e-01
-1.8483881713e+03, -3.4978774093e-01
-1.8515588487e+03, -3.4977658936e-01
-1.8547294253e+03, -3.4976549634e-01
-1.8578999016e+03, -3.4975446146e-01
-1.8610702782e+03, -3.4974348431e-01
-1.8642405555e+03, -3.4973256448e-01
-1.8674107341e+03, -3.4972170157e-01
-1.8705808145e+03, -3.4971089518e-01
-1.8737507972e+03, -3.4970014492e-01
-1.8769206827e+03, -3.4968945040e-01
-1.8800904714e+03, -3.4967881122e-01
-1.8832601640e+03, -3.4966822700e-01
-1.8864297609e+03, -3.4965769736e-01
-1.8895992626e+03, -3.4964722191e-01
-1.8927686696e+03, -3.4963680030e-01
-1.8959379824e+03, -3.4962643214e-01
-1.8991072014e+03, -3.4961611706e-01
-1.9022763272e+03, -3.4960585470e-01
-1.9054453601e+03, -3.4959564470e-01
-1.9086143008e+03, -3.4958548670e-01
-1.9117831496e+03, -3.4957538034e-01
-1.9149519070e+03, -3.4956532527e-01
-1.9181205735e+03, -3.4955532114e-01
-1.9212891496e+03, -3.4954536760e-01
-1.9244576356e+03, -3.4953546431e-01
-1.9276260322e+03, -3.4952561093e-01
-1.9307943396e+03, -3.4951580712e-01
-1.9339625584e+03, -3.4950605254e-01
-1.9371306889e+03, -3.4949634687e-01
-1.9402987317e+03, -3.4948668977e-01
-1.9434666872e+03, -3.4947708091e-01
-1.9466345559e+03, -3.4946751998e-01
+2.4407271890e+02, -9.9822638190e+00
+2.3952916461e+02, -1.7267091688e+01
+2.3574068364e+02, -2.3112666964e+01
+2.3234091776e+02, -2.8190065894e+01
+2.2919079312e+02, -3.2758377016e+01
+2.2621905637e+02, -3.6952327140e+01
+2.2338320253e+02, -4.0853383194e+01
+2.2065537677e+02, -4.4515612810e+01
+2.1801611210e+02, -4.7977256430e+01
+2.1545114951e+02, -5.1266644199e+01
+2.1294966354e+02, -5.4405519683e+01
+2.1050319961e+02, -5.7411042907e+01
+2.0810500174e+02, -6.0297065388e+01
+2.0574956797e+02, -6.3074978138e+01
+2.0343234568e+02, -6.5754296355e+01
+2.0114951618e+02, -6.8343074865e+01
+1.9889783865e+02, -7.0848210958e+01
+1.9667453438e+02, -7.3275670051e+01
+1.9447719934e+02, -7.5630657074e+01
+1.9230373701e+02, -7.7917748843e+01
+1.9015230593e+02, -8.0140997833e+01
+1.8802127832e+02, -8.2304014606e+01
+1.8590920690e+02, -8.4410034061e+01
+1.8381479810e+02, -8.6461969269e+01
+1.8173689021e+02, -8.8462455631e+01
+1.7967443530e+02, -9.0413887426e+01
+1.7762648428e+02, -9.2318448307e+01
+1.7559217435e+02, -9.4178136931e+01
+1.7357071848e+02, -9.5994788654e+01
+1.7156139639e+02, -9.7770094006e+01
+1.6956354699e+02, -9.9505614521e+01
+1.6757656176e+02, -1.0120279637e+02
+1.6559987915e+02, -1.0286298215e+02
+1.6363297967e+02, -1.0448742120e+02
+1.6167538161e+02, -1.0607727849e+02
+1.5972663738e+02, -1.0763364257e+02
+1.5778633018e+02, -1.0915753246e+02
+1.5585407117e+02, -1.1064990380e+02
+1.5392949690e+02, -1.1211165425e+02
+1.5201226709e+02, -1.1354362839e+02
+1.5010206260e+02, -1.1494662198e+02
+1.4819858366e+02, -1.1632138586e+02
+1.4630154827e+02, -1.1766862944e+02
+1.4441069075e+02, -1.1898902377e+02
+1.4252576047e+02, -1.2028320445e+02
+1.4064652068e+02, -1.2155177409e+02
+1.3877274745e+02, -1.2279530470e+02
+1.3690422873e+02, -1.2401433976e+02
+1.3504076349e+02, -1.2520939615e+02
+1.3318216092e+02, -1.2638096590e+02
+1.3132823973e+02, -1.2752951777e+02
+1.2947882747e+02, -1.2865549876e+02
+1.2763375997e+02, -1.2975933541e+02
+1.2579288076e+02, -1.3084143506e+02
+1.2395604057e+02, -1.3190218698e+02
+1.2212309690e+02, -1.3294196343e+02
+1.2029391356e+02, -1.3396112060e+02
+1.1846836027e+02, -1.3495999957e+02
+1.1664631233e+02, -1.3593892705e+02
+1.1482765028e+02, -1.3689821623e+02
+1.1301225956e+02, -1.3783816746e+02
+1.1120003026e+02, -1.3875906889e+02
+1.0939085681e+02, -1.3966119714e+02
+1.0758463778e+02, -1.4054481784e+02
+1.0578127561e+02, -1.4141018618e+02
+1.0398067640e+02, -1.4225754740e+02
+1.0218274975e+02, -1.4308713729e+02
+1.0038740850e+02, -1.4389918258e+02
+9.8594568616e+01, -1.4469390137e+02
+9.6804149004e+01, -1.4547150356e+02
+9.5016071347e+01, -1.4623219114e+02
+9.3230259972e+01, -1.4697615855e+02
+9.1446641713e+01, -1.4770359304e+02
+8.9665145780e+01, -1.4841467492e+02
+8.7885703640e+01, -1.4910957786e+02
+8.6108248908e+01, -1.4978846916e+02
+8.4332717234e+01, -1.5045150998e+02
+8.2559046208e+01, -1.5109885559e+02
+8.0787175265e+01, -1.5173065562e+02
+7.9017045591e+01, -1.5234705420e+02
+7.7248600043e+01, -1.5294819023e+02
+7.5481783066e+01, -1.5353419751e+02
+7.3716540619e+01, -1.5410520496e+02
+7.1952820102e+01, -1.5466133676e+02
+7.0190570288e+01, -1.5520271252e+02
+6.8429741255e+01, -1.5572944742e+02
+6.6670284331e+01, -1.5624165237e+02
+6.4912152028e+01, -1.5673943411e+02
+6.3155297991e+01, -1.5722289538e+02
+6.1399676941e+01, -1.5769213501e+02
+5.9645244629e+01, -1.5814724805e+02
+5.7891957781e+01, -1.5858832584e+02
+5.6139774057e+01, -1.5901545617e+02
+5.4388652002e+01, -1.5942872334e+02
+5.2638551010e+01, -1.5982820826e+02
+5.0889431274e+01, -1.6021398854e+02
+4.9141253756e+01, -1.6058613857e+02
+4.7393980143e+01, -1.6094472958e+02
+4.5647572813e+01, -1.6128982974e+02
+4.3901994802e+01, -1.6162150423e+02
+4.2157209767e+01, -1.6193981529e+02
+4.0413181958e+01, -1.6224482227e+02
+3.8669876181e+01, -1.6253658172e+02
+3.6927257776e+01, -1.6281514743e+02
+3.5185292578e+01, -1.6308057050e+02
+3.3443946898e+01, -1.6333289934e+02
+3.1703187491e+01, -1.6357217977e+02
+2.9962981527e+01, -1.6379845503e+02
+2.8223296573e+01, -1.6401176585e+02
+2.6484100561e+01, -1.6421215046e+02
+2.4745361764e+01, -1.6439964462e+02
+2.3007048777e+01, -1.6457428169e+02
+2.1269130490e+01, -1.6473609263e+02
+1.9531576063e+01, -1.6488510605e+02
+1.7794354910e+01, -1.6502134819e+02
+1.6057436673e+01, -1.6514484301e+02
+1.4320791198e+01, -1.6525561216e+02
+1.2584388520e+01, -1.6535367502e+02
+1.0848198838e+01, -1.6543904872e+02
+9.1121924951e+00, -1.6551174813e+02
+7.3763399586e+00, -1.6557178592e+02
+5.6406117993e+00, -1.6561917252e+02
+3.9049786721e+00, -1.6565391616e+02
+2.1694112960e+00, -1.6567602287e+02
+4.3388043382e-01, -1.6568549650e+02
-1.3016431268e+00, -1.6568233867e+02
-3.0371885933e+00, -1.6566654884e+02
-4.7727851880e+00, -1.6563812428e+02
-6.5084621676e+00, -1.6559706005e+02
-8.2442488426e+00, -1.6554334902e+02
-9.9801745977e+00, -1.6547698187e+02
-1.1716268911e+01, -1.6539794703e+02
-1.3452561375e+01, -1.6530623075e+02
-1.5189081717e+01, -1.6520181703e+02
-1.6925859816e+01, -1.6508468761e+02
-1.8662925730e+01, -1.6495482198e+02
-2.0400309711e+01, -1.6481219734e+02
-2.2138042230e+01, -1.6465678859e+02
-2.3876153996e+01, -1.6448856830e+02
-2.5614675980e+01, -1.6430750670e+02
-2.7353639440e+01, -1.6411357164e+02
-2.9093075937e+01, -1.6390672855e+02
-3.0833017364e+01, -1.6368694044e+02
-3.2573495972e+01, -1.6345416784e+02
-3.4314544386e+01, -1.6320836877e+02
-3.6056195642e+01, -1.6294949871e+02
-3.7798483204e+01, -1.6267751054e+02
-3.9541440994e+01, -1.6239235451e+02
-4.1285103422e+01, -1.6209397819e+02
-4.3029505410e+01, -1.6178232641e+02
-4.4774682428e+01, -1.6145734124e+02
-4.6520670518e+01, -1.6111896187e+02
-4.8267506328e+01, -1.6076712462e+02
-5.0015227149e+01, -1.6040176281e+02
-5.1763870942e+01, -1.6002280676e+02
-5.3513476380e+01, -1.5963018366e+02
-5.5264082878e+01, -1.5922381751e+02
-5.7015730639e+01, -1.5880362908e+02
-5.8768460689e+01, -1.5836953578e+02
-6.0522314920e+01, -1.5792145156e+02
-6.2277336132e+01, -1.5745928688e+02
-6.4033568081e+01, -1.5698294854e+02
-6.5791055525e+01, -1.5649233962e+02
-6.7549844275e+01, -1.5598735937e+02
-6.9309981244e+01, -1.5546790304e+02
-7.1071514507e+01, -1.5493386184e+02
-7.2834493353e+01, -1.5438512273e+02
-7.4598968347e+01, -1.5382156834e+02
-7.6364991395e+01, -1.5324307679e+02
-7.8132615810e+01, -1.5264952155e+02
-7.9901896379e+01, -1.5204077129e+02
-8.1672889442e+01, -1.5141668967e+02
-8.3445652968e+01, -1.5077713520e+02
-8.5220246633e+01, -1.5012196104e+02
-8.6996731917e+01, -1.4945101475e+02
-8.8775172184e+01, -1.4876413816e+02
-9.0555632791e+01, -1.4806116705e+02
-9.2338181182e+01, -1.4734193098e+02
-9.4122887004e+01, -1.4660625300e+02
-9.5909822221e+01, -1.4585394935e+02
-9.7699061234e+01, -1.4508482924e+02
-9.9490681022e+01, -1.4429869448e+02
-1.0128476127e+02, -1.4349533918e+02
-1.0308138453e+02, -1.4267454939e+02
-1.0488063636e+02, -1.4183610273e+02
-1.0668260554e+02, -1.4097976800e+02
-1.0848738418e+02, -1.4010530474e+02
-1.1029506799e+02, -1.3921246281e+02
-1.1210575643e+02, -1.3830098184e+02
-1.1391955298e+02, -1.3737059080e+02
-1.1573656534e+02, -1.3642100737e+02
-1.1755690572e+02, -1.3545193736e+02
-1.1938069108e+02, -1.3446307412e+02
-1.2120804347e+02, -1.3345409776e+02
-1.2303909033e+02, -1.3242467451e+02
-1.2487396485e+02, -1.3137445583e+02
-1.2671280632e+02, -1.3030307762e+02
-1.2855576058e+02, -1.2921015923e+02
-1.3040298043e+02, -1.2809530250e+02
-1.3225462613e+02, -1.2695809064e+02
-1.3411086592e+02, -1.2579808703e+02
-1.3597187658e+02, -1.2461483397e+02
-1.3783784409e+02, -1.2340785126e+02
-1.3970896426e+02, -1.2217663466e+02
-1.4158544355e+02, -1.2092065420e+02
-1.4346749982e+02, -1.1963935241e+02
-1.4535536328e+02, -1.1833214224e+02
-1.4724927750e+02, -1.1699840488e+02
-1.4914950046e+02, -1.1563748736e+02
-1.5105630585e+02, -1.1424869981e+02
-1.5296998436e+02, -1.1283131253e+02
-1.5489084523e+02, -1.1138455266e+02
-1.5681921793e+02, -1.0990760055e+02
-1.5875545408e+02, -1.0839958564e+02
-1.6069992951e+02, -1.0685958194e+02
-1.6265304670e+02, -1.0528660282e+02
-1.6461523746e+02, -1.0367959533e+02
-1.6658696603e+02, -1.0203743361e+02
-1.6856873249e+02, -1.0035891156e+02
-1.7056107680e+02, -9.8642734425e+01
-1.7256458333e+02, -9.6887509177e+01
-1.7457988614e+02, -9.5091733550e+01
-1.7660767503e+02, -9.3253783345e+01
-1.7864870262e+02, -9.1371897751e+01
-1.8070379261e+02, -8.9444162256e+01
-1.8277384952e+02, -8.7468488645e+01
-1.8485987014e+02, -8.5442591436e+01
-1.8696295726e+02, -8.3363959947e+01
-1.8908433603e+02, -8.1229824945e+01
-1.9122537388e+02, -7.9037118513e+01
-1.9338760462e+02, -7.6782425352e+01
-1.9557275827e+02, -7.4461923134e+01
-1.9778279802e+02, -7.2071308710e+01
-2.0001996678e+02, -6.9605705764e+01
-2.0228684641e+02, -6.7059547818e+01
-2.0458643420e+02, -6.4426427905e+01
-2.0692224326e+02, -6.1698902343e+01
-2.0929843658e+02, -5.8868229990e+01
-2.1172000983e+02, -5.5924018589e+01
-2.1419304665e+02, -5.2853733611e+01
-2.1672508521e+02, -4.9641996991e+01
-2.1932566216e+02, -4.6269552420e+01
-3.1918892569e+02, +7.6015564936e+01
-3.1508377666e+02, +7.7083822974e+01
-2.6999009965e+02, +9.3422258567e+01
-2.7365031743e+02, +9.1747239860e+01
-2.7737439110e+02, +9.0104676879e+01
-2.8116087749e+02, +8.8500090320e+01
-2.8500925705e+02, +8.6938676715e+01
-2.8894015997e+02, +8.5429218125e+01
-2.8695865850e+02, +8.6175815830e+01
-2.8307699577e+02, +8.7713769476e+01
-2.7925970643e+02, +8.9297391433e+01
           NaN, -7.5469040147e+02
           NaN, -7.7309911099e+02
           NaN, -7.9056778004e+02
           NaN, -8.0713770310e+02
           NaN, -8.2284933476e+02
           NaN, -8.3774222321e+02
           NaN, -8.5185493731e+02
           NaN, -8.6522499754e+02
           NaN, -8.7788881257e+02
           NaN, -8.8988162572e+02
           NaN, -9.0123746976e+02
           NaN, -9.1198913502e+02
           NaN, -9.2216814449e+02
-1.8740093181e+02, +1.3953785636e+02
-1.8499360025e+02, +1.4088159430e+02
-1.8260530958e+02, +1.4220407203e+02
-1.8023520612e+02, +1.4350547225e+02
-1.7788248492e+02, +1.4478598817e+02
-1.7554638652e+02, +1.4604582116e+02
-1.7322619387e+02, +1.4728517868e+02
-1.7092122955e+02, +1.4850427256e+02
-1.6863085313e+02, +1.4970331756e+02
-1.6635445870e+02, +1.5088253010e+02
-1.6409147259e+02, +1.5204212721e+02
-1.6184135127e+02, +1.5318232569e+02
-1.5960357938e+02, +1.5430334128e+02
-1.5737766791e+02, +1.5540538814e+02
-1.5516315249e+02, +1.5648867823e+02
-1.5295959185e+02, +1.5755342097e+02
-1.5076656634e+02, +1.5859982280e+02
-1.4858367659e+02, +1.5962808697e+02
-1.4641054224e+02, +1.6063841326e+02
-1.4424680079e+02, +1.6163099781e+02
-1.4209210649e+02, +1.6260603295e+02
           NaN, -1.0497442095e+03
           NaN, -1.0527648900e+03
-1.3567907979e+02, +1.6542770653e+02
-1.3355741804e+02, +1.6633438856e+02
-1.3144329318e+02, +1.6722442324e+02
-1.2933644114e+02, +1.6809797881e+02
           NaN, -1.0658486586e+03
           NaN, -1.0681112256e+03
           NaN, -1.0702703813e+03
           NaN, -1.0723316654e+03
           NaN, -1.0743002866e+03
           NaN, -1.0761811435e+03
           NaN, -1.0779788441e+03
           NaN, -1.0796977215e+03
           NaN, -1.0813418531e+03
           NaN, -1.0829150755e+03
           NaN, -1.0844209975e+03
           NaN, -1.0858630166e+03
           NaN, -1.0872443314e+03
           NaN, -1.0885679521e+03
           NaN, -1.0898367154e+03
           NaN, -1.0910532930e+03
           NaN, -1.0922202005e+03
           NaN, -1.0933398117e+03
           NaN, -1.0944143621e+03
           NaN, -1.0954459611e+03
           NaN, -1.0964365990e+03
           NaN, -1.0973881527e+03
           NaN, -1.0983023950e+03
           NaN, -1.0991810003e+03
           NaN, -1.1000255494e+03
           NaN, -1.1008375381e+03
           NaN, -1.1016183786e+03
           NaN, -1.1023694098e+03
           NaN, -1.1030918960e+03
           NaN, -1.1037870362e+03
           NaN, -1.1044559655e+03
           NaN, -1.1050997609e+03
           NaN, -1.1057194425e+03
           NaN, -1.1063159802e+03
           NaN, -1.1068902942e+03
           NaN, -1.1074432587e+03
           NaN, -1.1079757046e+03
           NaN, -1.1084884250e+03
           NaN, -1.1089821713e+03
           NaN, -1.1094576629e+03
           NaN, -1.1099155844e+03
           NaN, -1.1103565889e+03
           NaN, -1.1107813012e+03
           NaN, -1.1111903175e+03
           NaN, -1.1115842095e+03
           NaN, -1.1119635237e+03
           NaN, -1.1123287833e+03
           NaN, -1.1126804918e+03
           NaN, -1.1130191312e+03
           NaN, -1.1133451650e+03
           NaN, -1.1136590391e+03
           NaN, -1.1139611826e+03
           NaN, -1.1142520080e+03
           NaN, -1.1145319140e+03
           NaN, -1.1148012850e+03
           NaN, -1.1150604912e+03
           NaN, -1.1153098912e+03
           NaN, -1.1155498306e+03
           NaN, -1.1157806453e+03
           NaN, -1.1160026578e+03
           NaN, -1.1162161822e+03
           NaN, -1.1164215217e+03
           NaN, -1.1166189695e+03
           NaN, -1.1168088096e+03
           NaN, -1.1169913180e+03
           NaN, -1.1171667600e+03
           NaN, -1.1173353920e+03
           NaN, -1.1174974631e+03
           NaN, -1.1176532129e+03
           NaN, -1.1178028724e+03
           NaN, -1.1179466628e+03
           NaN, -1.1180847978e+03
           NaN, -1.1182174798e+03
           NaN, -1.1183449048e+03
           NaN, -1.1184672566e+03
           NaN, -1.1185847083e+03
           NaN, -1.1186974246e+03
           NaN, -1.1188055573e+03
           NaN, -1.1189092468e+03
           NaN, -1.1190086206e+03
           NaN, -1.1191037935e+03
           NaN, -1.1191948654e+03
           NaN, -1.1192819207e+03
           NaN, -1.1193650296e+03
           NaN, -1.1194442408e+03
           NaN, -1.1195195888e+03
           NaN, -1.1195910838e+03
           NaN, -1.1196587159e+03
           NaN, -1.1197224515e+03
           NaN, -1.1197822319e+03
           NaN, -1.1198379700e+03
           NaN, -1.1198895486e+03
           NaN, -1.1199368203e+03
           NaN, -1.1199795995e+03
           NaN, -1.1200176665e+03
           NaN, -1.1200507576e+03
           NaN, -1.1200785675e+03
           NaN, -1.1201007415e+03
           NaN, -1.1201168735e+03
           NaN, -1.1201265016e+03
           NaN, -1.1201291041e+03
           NaN, -1.1201240915e+03
           NaN, -1.1201108067e+03
           NaN, -1.1200885133e+03
           NaN, -1.1200563929e+03
           NaN, -1.1200135387e+03
           NaN, -1.1199589450e+03
           NaN, -1.1198915030e+03
           NaN, -1.1198099899e+03
           NaN, -1.1197130611e+03
           NaN, -1.1195992408e+03
           NaN, -1.1194669087e+03
           NaN, -1.1193142929e+03
           NaN, -1.1191394539e+03
           NaN, -1.1189402737e+03
           NaN, -1.1187144419e+03
           NaN, -1.1184594377e+03
           NaN, -1.1181725170e+03
           NaN, -1.1178506929e+03
           NaN, -1.1174907184e+03
           NaN, -1.1170890655e+03
           NaN, -1.1166419027e+03
           NaN, -1.1161450739e+03
           NaN, -1.1155940729e+03
           NaN, -1.1149840178e+03
           NaN, -1.1143096213e+03
           NaN, -1.1135651634e+03
           NaN, -1.1127444582e+03
           NaN, -1.1118408196e+03
           NaN, -1.1108470280e+03
           NaN, -1.1097552906e+03
           NaN, -1.1085572025e+03
           NaN, -1.1072437033e+03
           NaN, -1.1058050369e+03
           NaN, -1.1042307008e+03
           NaN, -1.1025094017e+03
           NaN, -1.1006290031e+03
           NaN, -1.0985764761e+03
           NaN, -1.0963378447e+03
           NaN, -1.0938981314e+03
           NaN, -1.0912413046e+03
           NaN, -1.0883502199e+03
           NaN, -1.0852065672e+03
           NaN, -1.0817908153e+03
           NaN, -1.0780821587e+03
           NaN, -1.0740584684e+03
           NaN, -1.0696962462e+03
           NaN, -1.0649705785e+03
           NaN, -1.0598551068e+03
           NaN, -1.0543219953e+03
           NaN, -1.0483419155e+03
           NaN, -1.0418840393e+03
           NaN, -1.0349160449e+03
           NaN, -1.0274041434e+03
           NaN, -1.0193131173e+03
           NaN, -1.0106063846e+03
           NaN, -1.0012460848e+03
           NaN, -9.9119319093e+02
           NaN, -9.8040764820e+02
           NaN, -9.6884854612e+02
           NaN, -9.5647431723e+02
           NaN, -9.4324297223e+02
           NaN, -9.2911236376e+02
           NaN, -9.1404048453e+02
           NaN, -8.9798578928e+02
           NaN, -8.8090754363e+02
           NaN, -8.6276618473e+02
           NaN, -8.4352369387e+02
           NaN, -8.2314395731e+02
           NaN, -8.0159310509e+02
           NaN, -7.7883980582e+02
           NaN, -7.5485548765e+02
+1.7156139639e+02, -9.7770094006e+01
+2.2065537677e+02, -4.4515612810e+01
-2.4704510111e+02, -5.0465356463e+00
-2.4166164021e+02, -1.3886223176e+01
-2.3757260822e+02, -2.0311272665e+01
-2.3400329005e+02, -2.5726834633e+01
-2.3074003714e+02, -3.0527713801e+01
-2.2768573380e+02, -3.4896215107e+01
-2.2478613354e+02, -3.8935620394e+01
-2.2200715278e+02, -4.2711676931e+01
-2.1932566216e+02, -4.6269552420e+01
-2.1672508521e+02, -4.9641996991e+01
-2.1419304665e+02, -5.2853733611e+01
-2.1172000983e+02, -5.5924018589e+01
-2.0929843658e+02, -5.8868229990e+01
-2.0692224326e+02, -6.1698902343e+01
-2.0458643420e+02, -6.4426427905e+01
-2.0228684641e+02, -6.7059547818e+01
-2.0001996678e+02, -6.9605705764e+01
-1.9778279802e+02, -7.2071308710e+01
-1.9557275827e+02, -7.4461923134e+01
-1.9338760462e+02, -7.6782425352e+01
-1.9122537388e+02, -7.9037118513e+01
-1.8908433603e+02, -8.1229824945e+01
-1.8696295726e+02, -8.3363959947e+01
-1.8485987014e+02, -8.5442591436e+01
-1.8277384952e+02, -8.7468488645e+01
-1.8070379261e+02, -8.9444162256e+01
-1.7864870262e+02, -9.1371897751e+01
-1.7660767503e+02, -9.3253783345e+01
-1.7457988614e+02, -9.5091733550e+01
-1.7256458333e+02, -9.6887509177e+01
-1.7056107680e+02, -9.8642734425e+01
-1.6856873249e+02, -1.0035891156e+02
-1.6658696603e+02, -1.0203743361e+02
-1.6461523746e+02, -1.0367959533e+02
-1.6265304670e+02, -1.0528660282e+02
-1.6069992951e+02, -1.0685958194e+02
-1.5875545408e+02, -1.0839958564e+02
-1.5681921793e+02, -1.0990760055e+02
-1.5489084523e+02, -1.1138455266e+02
-1.5296998436e+02, -1.1283131253e+02
-1.5105630585e+02, -1.1424869981e+02
-1.4914950046e+02, -1.1563748736e+02
-1.4724927750e+02, -1.1699840488e+02
-1.4535536328e+02, -1.1833214224e+02
-1.4346749982e+02, -1.1963935241e+02
-1.4158544355e+02, -1.2092065420e+02
-1.3970896426e+02, -1.2217663466e+02
-1.3783784409e+02, -1.2340785126e+02
-1.3597187658e+02, -1.2461483397e+02
-1.3411086592e+02, -1.2579808703e+02
-1.3225462613e+02, -1.2695809064e+02
-1.3040298043e+02, -1.2809530250e+02
-1.2855576058e+02, -1.2921015923e+02
-1.2671280632e+02, -1.3030307762e+02
-1.2487396485e+02, -1.3137445583e+02
-1.2303909033e+02, -1.3242467451e+02
-1.2120804347e+02, -1.3345409776e+02
-1.1938069108e+02, -1.3446307412e+02
-1.1755690572e+02, -1.3545193736e+02
-1.1573656534e+02, -1.3642100737e+02
-1.1391955298e+02, -1.3737059080e+02
-1.1210575643e+02, -1.3830098184e+02
-1.1029506799e+02, -1.3921246281e+02
-1.0848738418e+02, -1.4010530474e+02
-1.0668260554e+02, -1.4097976800e+02
-1.0488063636e+02, -1.4183610273e+02
-1.0308138453e+02, -1.4267454939e+02
-1.0128476127e+02, -1.4349533918e+02
-9.9490681022e+01, -1.4429869448e+02
-9.7699061234e+01, -1.4508482924e+02
-9.5909822221e+01, -1.4585394935e+02
-9.4122887004e+01, -1.4660625300e+02
-9.2338181182e+01, -1.4734193098e+02
-9.0555632791e+01, -1.4806116705e+02
-8.8775172184e+01, -1.4876413816e+02
-8.6996731917e+01, -1.4945101475e+02
-8.5220246633e+01, -1.5012196104e+02
-8.3445652968e+01, -1.5077713520e+02
-8.1672889442e+01, -1.5141668967e+02
-7.9901896379e+01, -1.5204077129e+02
-7.8132615810e+01, -1.5264952155e+02
-7.6364991395e+01, -1.5324307679e+02
-7.4598968347e+01, -1.5382156834e+02
-7.2834493353e+01, -1.5438512273e+02
-7.1071514507e+01, -1.5493386184e+02
-6.9309981244e+01, -1.5546790304e+02
-6.7549844275e+01, -1.5598735937e+02
-6.5791055525e+01, -1.5649233962e+02
-6.4033568081e+01, -1.5698294854e+02
-6.2277336132e+01, -1.5745928688e+02
-6.0522314920e+01, -1.5792145156e+02
-5.8768460689e+01, -1.5836953578e+02
-5.7015730639e+01, -1.5880362908e+02
-5.5264082878e+01, -1.5922381751e+02
-5.3513476380e+01, -1.5963018366e+02
-5.1763870942e+01, -1.6002280676e+02
-5.0015227149e+01, -1.6040176281e+02
-4.8267506328e+01, -1.6076712462e+02
-4.6520670518e+01, -1.6111896187e+02
-4.4774682428e+01, -1.6145734124e+02
-4.3029505410e+01, -1.6178232641e+02
-4.1285103422e+01, -1.6209397819e+02
-3.9541440994e+01, -1.6239235451e+02
-3.7798483204e+01, -1.6267751054e+02
-3.6056195642e+01, -1.6294949871e+02
-3.4314544386e+01, -1.6320836877e+02
-3.2573495972e+01, -1.6345416784e+02
-3.0833017364e+01, -1.6368694044e+02
-2.9093075937e+01, -1.6390672855e+02
-2.7353639440e+01, -1.6411357164e+02
-2.5614675980e+01, -1.6430750670e+02
-2.3876153996e+01, -1.6448856830e+02
-2.2138042230e+01, -1.6465678859e+02
-2.0400309711e+01, -1.6481219734e+02
-1.8662925730e+01, -1.6495482198e+02
-1.6925859816e+01, -1.6508468761e+02
-1.5189081717e+01, -1.6520181703e+02
-1.3452561375e+01, -1.6530623075e+02
-1.1716268911e+01, -1.6539794703e+02
-9.9801745977e+00, -1.6547698187e+02
-8.2442488426e+00, -1.6554334902e+02
-6.5084621676e+00, -1.6559706005e+02
-4.7727851880e+00, -1.6563812428e+02
-3.0371885933e+00, -1.6566654884e+02
-1.3016431268e+00, -1.6568233867e+02
+4.3388043382e-01, -1.6568549650e+02
+2.1694112960e+00, -1.6567602287e+02
+3.9049786721e+00, -1.6565391616e+02
+5.6406117993e+00, -1.6561917252e+02
+7.3763399586e+00, -1.6557178592e+02
+9.1121924951e+00, -1.6551174813e+02
+1.0848198838e+01, -1.6543904872e+02
+1.2584388520e+01, -1.6535367502e+02
+1.4320791198e+01, -1.6525561216e+02
+1.6057436673e+01, -1.6514484301e+02
+1.7794354910e+01, -1.6502134819e+02
+1.9531576063e+01, -1.6488510605e+02
+2.1269130490e+01, -1.6473609263e+02
+2.3007048777e+01, -1.6457428169e+02
+2.4745361764e+01, -1.6439964462e+02
+2.6484100561e+01, -1.6421215046e+02
+2.8223296573e+01, -1.6401176585e+02
+2.9962981527e+01, -1.6379845503e+02
+3.1703187491e+01, -1.6357217977e+02
+3.3443946898e+01, -1.6333289934e+02
+3.5185292578e+01, -1.6308057050e+02
+3.6927257776e+01, -1.6281514743e+02
+3.8669876181e+01, -1.6253658172e+02
+4.0413181958e+01, -1.6224482227e+02
+4.2157209767e+01, -1.6193981529e+02
+4.3901994802e+01, -1.6162150423e+02
+4.5647572813e+01, -1.6128982974e+02
+4.7393980143e+01, -1.6094472958e+02
+4.9141253756e+01, -1.6058613857e+02
+5.0889431274e+01, -1.6021398854e+02
+5.2638551010e+01, -1.5982820826e+02
+5.4388652002e+01, -1.5942872334e+02
+5.6139774057e+01, -1.5901545617e+02
+5.7891957781e+01, -1.5858832584e+02
+5.9645244629e+01, -1.5814724805e+02
+6.1399676941e+01, -1.5769213501e+02
+6.3155297991e+01, -1.5722289538e+02
+6.4912152028e+01, -1.5673943411e+02
+6.6670284331e+01, -1.5624165237e+02
+6.8429741255e+01, -1.5572944742e+02
+7.0190570288e+01, -1.5520271252e+02
+7.1952820102e+01, -1.5466133676e+02
+7.3716540619e+01, -1.5410520496e+02
+7.5481783066e+01, -1.5353419751e+02
+7.7248600043e+01, -1.5294819023e+02
+7.9017045591e+01, -1.5234705420e+02
+8.0787175265e+01, -1.5173065562e+02
+8.2559046208e+01, -1.5109885559e+02
+8.4332717234e+01, -1.5045150998e+02
+8.6108248908e+01, -1.4978846916e+02
+8.7885703640e+01, -1.4910957786e+02
+8.9665145780e+01, -1.4841467492e+02
+9.1446641713e+01, -1.4770359304e+02
+9.3230259972e+01, -1.4697615855e+02
+9.5016071347e+01, -1.4623219114e+02
+9.6804149004e+01, -1.4547150356e+02
+9.8594568616e+01, -1.4469390137e+02
+1.0038740850e+02, -1.4389918258e+02
+1.0218274975e+02, -1.4308713729e+02
+1.0398067640e+02, -1.4225754740e+02
+1.0578127561e+02, -1.4141018618e+02
+1.0758463778e+02, -1.4054481784e+02
+1.0939085681e+02, -1.3966119714e+02
+1.1120003026e+02, -1.3875906889e+02
+1.1301225956e+02, -1.3783816746e+02
+1.1482765028e+02, -1.3689821623e+02
+1.1664631233e+02, -1.3593892705e+02
+1.1846836027e+02, -1.3495999957e+02
+1.2029391356e+02, -1.3396112060e+02
+1.2212309690e+02, -1.3294196343e+02
+1.2395604057e+02, -1.3190218698e+02
+1.2579288076e+02, -1.3084143506e+02
+1.2763375997e+02, -1.2975933541e+02
+1.2947882747e+02, -1.2865549876e+02
+1.3132823973e+02, -1.2752951777e+02
+1.3318216092e+02, -1.2638096590e+02
+1.3504076349e+02, -1.2520939615e+02
+1.3690422873e+02, -1.2401433976e+02
+1.3877274745e+02, -1.2279530470e+02
+1.4064652068e+02, -1.2155177409e+02
+1.4252576047e+02, -1.2028320445e+02
+1.4441069075e+02, -1.1898902377e+02
+1.4630154827e+02, -1.1766862944e+02
+1.4819858366e+02, -1.1632138586e+02
+1.5010206260e+02, -1.1494662198e+02
+1.5201226709e+02, -1.1354362839e+02
+1.5392949690e+02, -1.1211165425e+02
+1.5585407117e+02, -1.1064990380e+02
+1.5778633018e+02, -1.0915753246e+02
+1.5972663738e+02, -1.0763364257e+02
+1.6167538161e+02, -1.0607727849e+02
+1.6363297967e+02, -1.0448742120e+02
+1.6559987915e+02, -1.0286298215e+02
+1.6757656176e+02, -1.0120279637e+02
+1.6956354699e+02, -9.9505614521e+01
+1.7156139639e+02, -9.7770094006e+01
+1.7357071848e+02, -9.5994788654e+01
+1.7559217435e+02, -9.4178136931e+01
+1.7762648428e+02, -9.2318448307e+01
+1.7967443530e+02, -9.0413887426e+01
+1.8173689021e+02, -8.8462455631e+01
+1.8381479810e+02, -8.6461969269e+01
+1.8590920690e+02, -8.4410034061e+01
+1.8802127832e+02, -8.2304014606e+01
+1.9015230593e+02, -8.0140997833e+01
+1.9230373701e+02, -7.7917748843e+01
+1.9447719934e+02, -7.5630657074e+01
+1.9667453438e+02, -7.3275670051e+01
+1.9889783865e+02, -7.0848210958e+01
+2.0114951618e+02, -6.8343074865e+01
+2.0343234568e+02, -6.5754296355e+01
+2.0574956797e+02, -6.3074978138e+01
+2.0810500174e+02, -6.0297065388e+01
+2.1050319961e+02, -5.7411042907e+01
+2.1294966354e+02, -5.4405519683e+01
+2.1545114951e+02, -5.1266644199e+01
+2.5769213721e+02, +9.9460308184e+01
+2.6112444916e+02, +9.7715138032e+01
+3.1713517339e+02, +7.6542481893e+01
+2.2621905637e+02, -3.6952327140e+01
+2.7181214638e+02, +9.2581043370e+01
+2.7550445946e+02, +9.0921551720e+01
+2.7925991960e+02, +8.9297301088e+01
+2.8307721239e+02, +8.7713681570e+01
+2.8695887919e+02, +8.6175730658e+01
+2.2065537677e+02, -4.4515612810e+01
+2.8500903861e+02, +8.6938763302e+01
           NaN, -7.4512041129e+02
           NaN, -7.6401487335e+02
           NaN, -7.8194835078e+02
           NaN, -7.9896253599e+02
           NaN, -8.1509831132e+02
           NaN, -8.3039568758e+02
           NaN, -8.4489373171e+02
           NaN, -8.5863049690e+02
           NaN, -8.7164295500e+02
           NaN, -8.8396693863e+02
           NaN, -8.9563709016e+02
           NaN, -9.0668682479e+02
+1.9104962752e+02, +1.3748202048e+02
+1.8861201886e+02, +1.3885796127e+02
+1.8619483057e+02, +1.4021239379e+02
+1.8379712934e+02, +1.4154547955e+02
+1.8141803586e+02, +1.4285739497e+02
+1.7905672124e+02, +1.4414832833e+02
+1.7671240365e+02, +1.4541847719e+02
+1.7438434521e+02, +1.4666804620e+02
+1.7207184903e+02, +1.4789724520e+02
+1.6977425651e+02, +1.4910628767e+02
+1.6749094475e+02, +1.5029538932e+02
+1.6522132426e+02, +1.5146476702e+02
+1.6296483668e+02, +1.5261463776e+02
+1.6072095281e+02, +1.5374521792e+02
+1.5848917067e+02, +1.5485672250e+02
+1.5626901379e+02, +1.5594936463e+02
+1.5406002954e+02, +1.5702335504e+02
+1.5186178762e+02, +1.5807890171e+02
+1.4967387870e+02, +1.5911620953e+02
+1.4749591305e+02, +1.6013548001e+02
+1.4532751939e+02, +1.6113691114e+02
+1.4316834373e+02, +1.6212069718e+02
+5.0024843436e+02, +5.7581811407e+01
           NaN, -1.0512731769e+03
           NaN, -1.0542203966e+03
           NaN, -1.0570268263e+03
+1.3249943027e+02, +1.6678147621e+02
+1.3038897413e+02, +1.6766325056e+02
+1.2828566292e+02, +1.6852862838e+02
           NaN, -1.0669932282e+03
           NaN, -1.0692033758e+03
           NaN, -1.0713129246e+03
           NaN, -1.0733272456e+03
           NaN, -1.0752513911e+03
           NaN, -1.0770901110e+03
           NaN, -1.0788478748e+03
           NaN, -1.0805288852e+03
           NaN, -1.0821370973e+03
           NaN, -1.0836762318e+03
           NaN, -1.0851497905e+03
           NaN, -1.0865610694e+03
           NaN, -1.0879131722e+03
           NaN, -1.0892090203e+03
           NaN, -1.0904513667e+03
           NaN, -1.0916428038e+03
           NaN, -1.0927857753e+03
           NaN, -1.0938825848e+03
           NaN, -1.0949354036e+03
           NaN, -1.0959462802e+03
           NaN, -1.0969171483e+03
           NaN, -1.0978498309e+03
           NaN, -1.0987460513e+03
           NaN, -1.0996074361e+03
           NaN, -1.1004355237e+03
           NaN, -1.1012317667e+03
           NaN, -1.1019975398e+03
           NaN, -1.1027341444e+03
           NaN, -1.1034428121e+03
           NaN, -1.1041247083e+03
           NaN, -1.1047809399e+03
           NaN, -1.1054125539e+03
           NaN, -1.1060205463e+03
           NaN, -1.1066058596e+03
           NaN, -1.1071693922e+03
           NaN, -1.1077119963e+03
           NaN, -1.1082344831e+03
           NaN, -1.1087376239e+03
           NaN, -1.1092221553e+03
           NaN, -1.1096887785e+03
           NaN, -1.1101381617e+03
           NaN, -1.1105709438e+03
           NaN, -1.1109877351e+03
           NaN, -1.1113891194e+03
           NaN, -1.1117756557e+03
           NaN, -1.1121478785e+03
           NaN, -1.1125063011e+03
           NaN, -1.1128514159e+03
           NaN, -1.1131836954e+03
           NaN, -1.1135035952e+03
           NaN, -1.1138115508e+03
           NaN, -1.1141079846e+03
           NaN, -1.1143933015e+03
           NaN, -1.1146678929e+03
           NaN, -1.1149321360e+03
           NaN, -1.1151863946e+03
           NaN, -1.1154310222e+03
           NaN, -1.1156663584e+03
           NaN, -1.1158927323e+03
           NaN, -1.1161104621e+03
           NaN, -1.1163198569e+03
           NaN, -1.1165212140e+03
           NaN, -1.1167148232e+03
           NaN, -1.1169009637e+03
           NaN, -1.1170799059e+03
           NaN, -1.1172519117e+03
           NaN, -1.1174172326e+03
           NaN, -1.1175761138e+03
           NaN, -1.1177287898e+03
           NaN, -1.1178754875e+03
           NaN, -1.1180164241e+03
           NaN, -1.1181518080e+03
           NaN, -1.1182818383e+03
           NaN, -1.1184067037e+03
           NaN, -1.1185265841e+03
           NaN, -1.1186416487e+03
           NaN, -1.1187520549e+03
           NaN, -1.1188579490e+03
           NaN, -1.1189594656e+03
           NaN, -1.1190567255e+03
           NaN, -1.1191498361e+03
           NaN, -1.1192388904e+03
           NaN, -1.1193239650e+03
           NaN, -1.1194051197e+03
           NaN, -1.1194823967e+03
           NaN, -1.1195558177e+03
           NaN, -1.1196253839e+03
           NaN, -1.1196910739e+03
           NaN, -1.1197528410e+03
           NaN, -1.1198106131e+03
           NaN, -1.1198642879e+03
           NaN, -1.1199137337e+03
           NaN, -1.1199587843e+03
           NaN, -1.1199992374e+03
           NaN, -1.1200348522e+03
           NaN, -1.1200653441e+03
           NaN, -1.1200903829e+03
           NaN, -1.1201095901e+03
           NaN, -1.1201225316e+03
           NaN, -1.1201287159e+03
           NaN, -1.1201275887e+03
           NaN, -1.1201185270e+03
           NaN, -1.1201008350e+03
           NaN, -1.1200737360e+03
           NaN, -1.1200363682e+03
           NaN, -1.1199877761e+03
           NaN, -1.1199269036e+03
           NaN, -1.1198525868e+03
           NaN, -1.1197635417e+03
           NaN, -1.1196583601e+03
           NaN, -1.1195354954e+03
           NaN, -1.1193932534e+03
           NaN, -1.1192297792e+03
           NaN, -1.1190430462e+03
           NaN, -1.1188308418e+03
           NaN, -1.1185907524e+03
           NaN, -1.1183201476e+03
           NaN, -1.1180161649e+03
           NaN, -1.1176756884e+03
           NaN, -1.1172953336e+03
           NaN, -1.1168714244e+03
           NaN, -1.1163999696e+03
           NaN, -1.1158766405e+03
           NaN, -1.1152967474e+03
           NaN, -1.1146552089e+03
           NaN, -1.1139465252e+03
           NaN, -1.1131647471e+03
           NaN, -1.1123034437e+03
           NaN, -1.1113556659e+03
           NaN, -1.1103139130e+03
           NaN, -1.1091700906e+03
           NaN, -1.1079154721e+03
           NaN, -1.1065406546e+03
           NaN, -1.1050355146e+03
           NaN, -1.1033891599e+03
           NaN, -1.1015898826e+03
           NaN, -1.0996251065e+03
           NaN, -1.0974813353e+03
           NaN, -1.0951440996e+03
           NaN, -1.0925979019e+03
           NaN, -1.0898261612e+03
           NaN, -1.0868111561e+03
           NaN, -1.0835339733e+03
           NaN, -1.0799744515e+03
           NaN, -1.0761111288e+03
           NaN, -1.0719211973e+03
           NaN, -1.0673804558e+03
           NaN, -1.0624632732e+03
           NaN, -1.0571425539e+03
           NaN, -1.0513897180e+03
           NaN, -1.0451746873e+03
           NaN, -1.0384658847e+03
           NaN, -1.0312302508e+03
           NaN, -1.0234332762e+03
           NaN, -1.0150390520e+03
           NaN, -1.0060103440e+03
           NaN, -9.9630869321e+02
           NaN, -9.8589453962e+02
           NaN, -9.7472737738e+02
           NaN, -9.6276594021e+02
           NaN, -9.4996841811e+02
           NaN, -9.3629270817e+02
           NaN, -9.2169669439e+02
           NaN, -9.0613855828e+02
           NaN, -8.8957711484e+02
           NaN, -8.7197216967e+02
           NaN, -8.5328488685e+02
           NaN, -8.3347815450e+02
           NaN, -8.1251694145e+02
           NaN, -7.9036861374e+02
           NaN, -7.6700319825e+02
           NaN, -7.4239355240e+02
-1.9338760462e+02, -7.6782425352e+01
-2.8893998916e+02, +8.5429279316e+01
