-3.1934528228e+02, -5.9681685384e-01
-3.2984332296e+02, -5.6316907547e-01
-3.6218317506e+02, +3.7432367917e+01
-3.2467025608e+02, -5.7861343575e-01
-3.4595583331e+02, +7.1208340725e+01
-3.3981680464e+02, -5.3822105799e-01
-3.4464809861e+02, -5.2794871333e-01
-3.4939150697e+02, -5.1879354753e-01
-3.5405627681e+02, -5.1056975112e-01
-3.5865016570e+02, -5.0313221694e-01
-3.6317975828e+02, -4.9636571144e-01
-3.6765070103e+02, -4.9017737981e-01
-3.7206787960e+02, -4.8449143404e-01
-3.7643555519e+02, -4.7924530865e-01
-3.8075747085e+02, -4.7438682712e-01
-3.8503693560e+02, -4.6987207848e-01
-3.9150481853e+02, +6.4539782240e+01
-3.9764852929e+02, -4.5804369081e-01
-3.6765070103e+02, -4.9017737981e-01
-3.9347996895e+02, -4.6173014591e-01
-4.0178470325e+02, -4.5458069049e-01
-4.0589042040e+02, -4.5132045929e-01
-4.0996743483e+02, -4.4824488280e-01
-4.1401734654e+02, -4.4533802053e-01
-4.1804161967e+02, -4.4258578136e-01
-4.2204159797e+02, -4.3997565641e-01
-4.2601851815e+02, -4.3749649762e-01
-4.2997352131e+02, -4.3513833316e-01
-4.3390766291e+02, -4.3289221256e-01
-4.3782192141e+02, -4.3075007616e-01
-4.4171720583e+02, -4.2870464430e-01
-4.4655323479e+02, +5.8931110931e+01
-4.5329739691e+02, -4.2308559143e-01
-4.7228718119e+02, -4.1514264545e-01
-4.4945418025e+02, -4.2487812322e-01
-4.6074998168e+02, +5.8956927540e+01
-4.6093674413e+02, -4.1971704385e-01
-4.6473412920e+02, -4.1813229812e-01
-4.6851742894e+02, -4.1660867597e-01
-4.7228718119e+02, -4.1514264545e-01
-4.7604389301e+02, -4.1373094897e-01
-4.7978804312e+02, -4.1237057651e-01
-4.8352008394e+02, -4.1105874214e-01
-4.8724044361e+02, -4.0979286301e-01
-4.9094952769e+02, -4.0857054086e-01
-4.9464772076e+02, -4.0738954542e-01
-4.9833538793e+02, -4.0624779971e-01
-5.0201287609e+02, -4.0514336679e-01
-5.0568051517e+02, -4.0407443792e-01
-5.1298748761e+02, -4.0203643563e-01
-5.2417840045e+02, +5.4341755401e+01
-4.9748093672e+02, +5.2873277671e+01
-5.1298748761e+02, -4.0203643563e-01
-5.2420504677e+02, +5.7433653644e+01
-5.2388146734e+02, -3.9920676674e-01
-5.2749611984e+02, -3.9831884096e-01
-5.3110284072e+02, -3.9745657310e-01
-5.3470185758e+02, -3.9661887229e-01
-5.3829338838e+02, -3.9580470967e-01
-5.4187764206e+02, -3.9501311399e-01
-5.4545481897e+02, -3.9424316753e-01
-5.4902511139e+02, -3.9349400243e-01
-5.5258870394e+02, -3.9276479729e-01
-5.5614577399e+02, -3.9205477404e-01
-5.5969649203e+02, -3.9136319506e-01
-5.6324102208e+02, -3.9068936058e-01
-5.6677952193e+02, -3.9003260622e-01
-5.7031214352e+02, -3.8939230075e-01
-5.7383903322e+02, -3.8876784403e-01
-5.7736033208e+02, -3.8815866506e-01
-5.8087617610e+02, -3.8756422025e-01
-5.8353587656e+02, +5.3708948262e+01
-5.9139226839e+02, -3.8586423169e-01
-5.9551853405e+02, +5.3907894636e+01
-6.0882138612e+02, -3.8328169445e-01
-5.7182319409e+02, +4.2799654879e+01
-5.9227391420e+02, +5.3601322579e+01
-5.9837800943e+02, -3.8479570146e-01
-6.1106447956e+02, +5.9835763497e+01
-6.0882138612e+02, -3.8328169445e-01
-6.1229353211e+02, -3.8279918420e-01
-6.1576135211e+02, -3.8232716784e-01
-6.1922493974e+02, -3.8186531625e-01
-6.2268438570e+02, -3.8141331399e-01
-6.2613977789e+02, -3.8097085856e-01
-6.2959120153e+02, -3.8053765979e-01
-6.3303873925e+02, -3.8011343918e-01
-6.3648247121e+02, -3.7969792931e-01
-6.3992247521e+02, -3.7929087330e-01
-6.4335882675e+02, -3.7889202430e-01
-6.4679159914e+02, -3.7850114498e-01
-6.5022086358e+02, -3.7811800706e-01
-6.5364668925e+02, -3.7774239093e-01
-6.5706914336e+02, -3.7737408520e-01
-6.6048829125e+02, -3.7701288630e-01
-6.6390419645e+02, -3.7665859816e-01
-6.6731692074e+02, -3.7631103184e-01
-6.7072652421e+02, -3.7597000522e-01
-6.7413306536e+02, -3.7563534267e-01
-6.7753660109e+02, -3.7530687479e-01
-6.8093718682e+02, -3.7498443811e-01
-6.8433487649e+02, -3.7466787485e-01
-6.8772972266e+02, -3.7435703266e-01
-6.9112177650e+02, -3.7405176438e-01
-6.9451108790e+02, -3.7375192785e-01
-6.9789770547e+02, -3.7345738567e-01
-7.0128167659e+02, -3.7316800499e-01
-7.0466304747e+02, -3.7288365738e-01
-7.0804186317e+02, -3.7260421858e-01
-7.2107622675e+02, +6.7684533991e+01
-7.1816341330e+02, -3.7179417201e-01
-7.2153243719e+02, -3.7153320414e-01
-7.2693096408e+02, +5.5282920381e+01
-7.3439156893e+02, +5.2133498313e+01
-7.4840333606e+02, -3.6959366054e-01
-7.1780301029e+02, +5.2440675945e+01
-7.2826348641e+02, -3.7102420058e-01
-7.3622103314e+02, +5.2152656054e+01
-7.3834313408e+02, -3.7029153691e-01
-7.4169864893e+02, -3.7005516409e-01
-7.3997222453e+02, +5.3338561324e+01
-7.5488311925e+02, +5.1357514434e+01
-7.5509978823e+02, -3.6914659149e-01
-7.5844500661e+02, -3.6892827087e-01
-7.6178826133e+02, -3.6871332464e-01
-7.6512958265e+02, -3.6850167936e-01
-7.6846900015e+02, -3.6829326367e-01
-7.7180654280e+02, -3.6808800824e-01
-7.7514223894e+02, -3.6788584569e-01
-7.7847611630e+02, -3.6768671050e-01
-7.8180820204e+02, -3.6749053897e-01
-7.8513852274e+02, -3.6729726914e-01
-7.8846710443e+02, -3.6710684075e-01
-7.9179397259e+02, -3.6691919517e-01
-7.9511915220e+02, -3.6673427536e-01
-7.9844266771e+02, -3.6655202577e-01
-8.0176454308e+02, -3.6637239236e-01
-8.0508480178e+02, -3.6619532250e-01
-8.0840346682e+02, -3.6602076495e-01
-8.1172056075e+02, -3.6584866978e-01
-8.1503610565e+02, -3.6567898837e-01
-8.1835012321e+02, -3.6551167336e-01
-8.2166263465e+02, -3.6534667857e-01
-8.2497366081e+02, -3.6518395902e-01
-8.2828322211e+02, -3.6502347086e-01
-8.3159133858e+02, -3.6486517131e-01
-8.3489802988e+02, -3.6470901870e-01
-8.3820331527e+02, -3.6455497236e-01
-8.4150721368e+02, -3.6440299263e-01
-8.4480974365e+02, -3.6425304082e-01
-8.4811092340e+02, -3.6410507919e-01
-8.5141077080e+02, -3.6395907090e-01
-8.5470930340e+02, -3.6381498000e-01
-8.5800653841e+02, -3.6367277140e-01
-8.6130249274e+02, -3.6353241084e-01
-8.6459718299e+02, -3.6339386487e-01
-8.6789062547e+02, -3.6325710083e-01
-8.7118283617e+02, -3.6312208681e-01
-8.7447383083e+02, -3.6298879166e-01
-8.7776362487e+02, -3.6285718493e-01
-8.8105223349e+02, -3.6272723688e-01
-8.8433967156e+02, -3.6259891845e-01
-8.8762595375e+02, -3.6247220124e-01
-8.9091109443e+02, -3.6234705747e-01
-8.9419510775e+02, -3.6222346001e-01
-8.9747800760e+02, -3.6210138233e-01
-9.0075980764e+02, -3.6198079848e-01
-9.0404052130e+02, -3.6186168310e-01
-9.0732016178e+02, -3.6174401136e-01
-9.1059874204e+02, -3.6162775899e-01
-9.1387627485e+02, -3.6151290226e-01
-9.1715277276e+02, -3.6139941794e-01
-9.2042824810e+02, -3.6128728329e-01
-9.2370271301e+02, -3.6117647606e-01
-9.2697617941e+02, -3.6106697450e-01
-9.3024865905e+02, -3.6095875729e-01
-9.3352016347e+02, -3.6085180358e-01
-9.3679070404e+02, -3.6074609293e-01
-9.4006029193e+02, -3.6064160537e-01
-9.4332893814e+02, -3.6053832130e-01
-9.4659665349e+02, -3.6043622155e-01
-9.4986344863e+02, -3.6033528734e-01
-9.5312933405e+02, -3.6023550027e-01
-9.5639432005e+02, -3.6013684232e-01
-9.5965841680e+02, -3.6003929584e-01
-9.6292163429e+02, -3.5994284352e-01
-9.6618398237e+02, -3.5984746842e-01
-9.6944547071e+02, -3.5975315390e-01
-9.7270610887e+02, -3.5965988370e-01
-9.7596590623e+02, -3.5956764185e-01
-9.7922487205e+02, -3.5947641269e-01
-9.8248301543e+02, -3.5938618090e-01
-9.8574034535e+02, -3.5929693142e-01
-9.8899687064e+02, -3.5920864951e-01
-9.9225260002e+02, -3.5912132071e-01
-9.9550754205e+02, -3.5903493082e-01
-9.9876170519e+02, -3.5894946594e-01
-1.0020150977e+03, -3.5886491241e-01
-1.0052677279e+03, -3.5878125684e-01
-1.0117707334e+03, -3.5861658731e-01
-1.0085196038e+03, -3.5869848610e-01
-1.0104620224e+03, +4.9778401967e+01
-9.9873827154e+02, +5.6144553801e+01
-1.0344556385e+03, +5.1137849450e+01
-1.0312622694e+03, -3.5814281318e-01
-1.0309785206e+03, +4.7817078255e+01
-1.0345083881e+03, -3.5806667666e-01
-1.0377538202e+03, -3.5799131722e-01
-1.0409985727e+03, -3.5791672393e-01
-1.0442426524e+03, -3.5784288611e-01
-1.0474860662e+03, -3.5776979323e-01
-1.0507288208e+03, -3.5769743497e-01
-1.0539709227e+03, -3.5762580118e-01
-1.0572123786e+03, -3.5755488190e-01
-1.0694150914e+03, +5.3328134958e+01
-1.0669329335e+03, -3.5734631410e-01
-1.0701718684e+03, -3.5727815668e-01
-1.0734101886e+03, -3.5721066652e-01
-1.0805899163e+03, +4.9558000508e+01
-1.0831215199e+03, -3.5701211072e-01
-1.0895927748e+03, -3.5688291618e-01
-1.0960617099e+03, -3.5675618469e-01
-1.1033733798e+03, +4.9723206824e+01
-1.1154550315e+03, -3.5639013771e-01
-1.1412828637e+03, -3.5593290019e-01
-1.2442956209e+03, -3.5439665823e-01
-9.4332893814e+02, -3.6053832130e-01
-1.0442426524e+03, -3.5784288611e-01
-1.0709253321e+03, +4.9263342223e+01
-1.0806305625e+03, +4.9704185612e+01
-1.0895927748e+03, -3.5688291618e-01
-1.0960617099e+03, -3.5675618469e-01
-1.1036930878e+03, +5.0942833423e+01
-1.1057608590e+03, -3.5657056595e-01
-1.1062277262e+03, +5.2899333398e+01
-1.1154550315e+03, -3.5639013771e-01
-1.1186853404e+03, -3.5633111400e-01
-1.1219151168e+03, -3.5627263793e-01
-1.1251443656e+03, -3.5621470255e-01
-1.1413075418e+03, +6.1200327400e+01
-1.1348289947e+03, -3.5604407260e-01
-1.1380561812e+03, -3.5598823262e-01
-1.1412828637e+03, -3.5593290019e-01
-1.1445090470e+03, -3.5587806900e-01
-1.1477347355e+03, -3.5582373285e-01
-1.1509599337e+03, -3.5576988563e-01
-1.1541846459e+03, -3.5571652132e-01
-1.1574088766e+03, -3.5566363400e-01
-1.1606326300e+03, -3.5561121784e-01
-1.1638559104e+03, -3.5555926711e-01
-1.1670787220e+03, -3.5550777616e-01
-1.1703010689e+03, -3.5545673943e-01
-1.1740236221e+03, +4.8353824263e+01
-1.1732841750e+03, +4.7348864917e+01
-1.1767443849e+03, -3.5535600682e-01
-1.1764342556e+03, +4.9470972047e+01
-1.1651318811e+03, +5.3360258490e+01
-1.2227502001e+03, +5.6812892256e+01
-1.2048457984e+03, +4.9552558836e+01
-1.2024998563e+03, -3.5497019061e-01
-1.2057173513e+03, -3.5492380684e-01
-1.2089344276e+03, -3.5487781684e-01
-1.2217986164e+03, -3.5469770435e-01
-1.2089746400e+03, +4.7403307467e+01
-1.2153673383e+03, -3.5478699998e-01
-1.2185831797e+03, -3.5474216420e-01
-1.2217986164e+03, -3.5469770435e-01
-1.2250136517e+03, -3.5465361613e-01
-1.2282282891e+03, -3.5460989531e-01
-1.2314425318e+03, -3.5456653772e-01
-1.2346563831e+03, -3.5452353924e-01
-1.2378698463e+03, -3.5448089582e-01
-1.2410829245e+03, -3.5443860346e-01
-1.2442956209e+03, -3.5439665823e-01
-1.2475079387e+03, -3.5435505625e-01
-1.2507198808e+03, -3.5431379369e-01
-1.2539314505e+03, -3.5427286677e-01
-1.2571426507e+03, -3.5423227179e-01
-1.2603534844e+03, -3.5419200507e-01
-1.2635639546e+03, -3.5415206300e-01
-1.2667740641e+03, -3.5411244202e-01
-1.2699838160e+03, -3.5407313861e-01
-1.2731932130e+03, -3.5403414931e-01
-1.2764022580e+03, -3.5399547070e-01
-1.2796109537e+03, -3.5395709942e-01
-1.2828193031e+03, -3.5391903214e-01
-1.2860273087e+03, -3.5388126559e-01
-1.2892349733e+03, -3.5384379652e-01
-1.2924422996e+03, -3.5380662177e-01
-1.2956492903e+03, -3.5376973817e-01
-1.2988559479e+03, -3.5373314263e-01
-1.3020622751e+03, -3.5369683210e-01
-1.3052682744e+03, -3.5366080354e-01
-1.3084739485e+03, -3.5362505399e-01
-1.3116792997e+03, -3.5358958051e-01
-1.3148843305e+03, -3.5355438020e-01
-1.3180890436e+03, -3.5351945020e-01
-1.3212934412e+03, -3.5348478769e-01
-1.3244975258e+03, -3.5345038989e-01
-1.3277012998e+03, -3.5341625405e-01
-1.3309047655e+03, -3.5338237745e-01
-1.3341079254e+03, -3.5334875743e-01
-1.3373107816e+03, -3.5331539135e-01
-1.3405133365e+03, -3.5328227659e-01
-1.3437155924e+03, -3.5324941059e-01
-1.3469175514e+03, -3.5321679081e-01
-1.3501192159e+03, -3.5318441475e-01
-1.3533205880e+03, -3.5315227993e-01
-1.3565216699e+03, -3.5312038391e-01
-1.3597224637e+03, -3.5308872429e-01
-1.3629229716e+03, -3.5305729868e-01
-1.3661231957e+03, -3.5302610474e-01
-1.3693231381e+03, -3.5299514014e-01
-1.3725228008e+03, -3.5296440261e-01
-1.3757221859e+03, -3.5293388988e-01
-1.3789212954e+03, -3.5290359972e-01
-1.3821201314e+03, -3.5287352992e-01
-1.3853186957e+03, -3.5284367832e-01
-1.3885169905e+03, -3.5281404276e-01
-1.3917150176e+03, -3.5278462113e-01
-1.3949127789e+03, -3.5275541133e-01
-1.3981102765e+03, -3.5272641128e-01
-1.4013075121e+03, -3.5269761896e-01
-1.4045044876e+03, -3.5266903233e-01
-1.4077012049e+03, -3.5264064942e-01
-1.4108976659e+03, -3.5261246824e-01
-1.4140938723e+03, -3.5258448686e-01
-1.4172898260e+03, -3.5255670335e-01
-1.4204855287e+03, -3.5252911583e-01
-1.4236809822e+03, -3.5250172241e-01
-1.4268761883e+03, -3.5247452124e-01
-1.4300711486e+03, -3.5244751050e-01
-1.4332658650e+03, -3.5242068837e-01
-1.4364603391e+03, -3.5239405309e-01
-1.4396545726e+03, -3.5236760287e-01
-1.4428485672e+03, -3.5234133598e-01
-1.4460423245e+03, -3.5231525070e-01
-1.4492358461e+03, -3.5228934532e-01
-1.4524291337e+03, -3.5226361818e-01
-1.4556221890e+03, -3.5223806759e-01
-1.4588150134e+03, -3.5221269193e-01
-1.4620076085e+03, -3.5218748958e-01
-1.4651999760e+03, -3.5216245892e-01
-1.4683921174e+03, -3.5213759838e-01
-1.4715840342e+03, -3.5211290639e-01
-1.4747757279e+03, -3.5208838140e-01
-1.4779672001e+03, -3.5206402189e-01
-1.4811584521e+03, -3.5203982634e-01
-1.4843494856e+03, -3.5201579325e-01
-1.4875403020e+03, -3.5199192116e-01
-1.4907309027e+03, -3.5196820861e-01
-1.4939212892e+03, -3.5194465414e-01
-1.4971114629e+03, -3.5192125634e-01
-1.5003014252e+03, -3.5189801379e-01
-1.5034911775e+03, -3.5187492510e-01
-1.5066807212e+03, -3.5185198889e-01
-1.5098700576e+03, -3.5182920380e-01
-1.5130591882e+03, -3.5180656849e-01
-1.5162481143e+03, -3.5178408161e-01
-1.5194368373e+03, -3.5176174186e-01
-1.5226253584e+03, -3.5173954794e-01
-1.5258136789e+03, -3.5171749854e-01
-1.5290018003e+03, -3.5169559241e-01
-1.5321897237e+03, -3.5167382828e-01
-1.5353774505e+03, -3.5165220491e-01
-1.5385649819e+03, -3.5163072107e-01
-1.5417523191e+03, -3.5160937554e-01
-1.5449394635e+03, -3.5158816711e-01
-1.5481264163e+03, -3.5156709461e-01
-1.5513131787e+03, -3.5154615683e-01
-1.5544997519e+03, -3.5152535264e-01
-1.5576861371e+03, -3.5150468086e-01
-1.5608723355e+03, -3.5148414037e-01
-1.5640583483e+03, -3.5146373004e-01
-1.5672441767e+03, -3.5144344874e-01
-1.5704298218e+03, -3.5142329539e-01
-1.5736152848e+03, -3.5140326888e-01
-1.5768005668e+03, -3.5138336814e-01
-1.5799856690e+03, -3.5136359211e-01
-1.5831705925e+03, -3.5134393972e-01
-1.5863553385e+03, -3.5132440993e-01
-1.5895399079e+03, -3.5130500172e-01
-1.5927243020e+03, -3.5128571405e-01
-1.5959085217e+03, -3.5126654591e-01
-1.5990925683e+03, -3.5124749632e-01
-1.6022764427e+03, -3.5122856426e-01
-1.6054601460e+03, -3.5120974877e-01
-1.6086436793e+03, -3.5119104888e-01
-1.6118270436e+03, -3.5117246363e-01
-1.6150102399e+03, -3.5115399206e-01
-1.6181932694e+03, -3.5113563324e-01
-1.6213761329e+03, -3.5111738624e-01
-1.6245588315e+03, -3.5109925015e-01
-1.6277413662e+03, -3.5108122404e-01
-1.6309237380e+03, -3.5106330702e-01
-1.6341059479e+03, -3.5104549821e-01
-1.6372879968e+03, -3.5102779670e-01
-1.6404698858e+03, -3.5101020165e-01
-1.6436516157e+03, -3.5099271217e-01
-1.6468331876e+03, -3.5097532742e-01
-1.6500146023e+03, -3.5095804654e-01
-1.6531958609e+03, -3.5094086871e-01
-1.6563769643e+03, -3.5092379309e-01
-1.6595579133e+03, -3.5090681886e-01
-1.6627387089e+03, -3.5088994521e-01
-1.6659193520e+03, -3.5087317134e-01
-1.6690998435e+03, -3.5085649644e-01
-1.6722801843e+03, -3.5083991973e-01
-1.6754603752e+03, -3.5082344044e-01
-1.6786404173e+03, -3.5080705778e-01
-1.6818203112e+03, -3.5079077100e-01
-1.6850000580e+03, -3.5077457934e-01
-1.6881796584e+03, -3.5075848204e-01
-1.6913591133e+03, -3.5074247837e-01
-1.6945384236e+03, -3.5072656759e-01
-1.6977175900e+03, -3.5071074898e-01
-1.7008966135e+03, -3.5069502181e-01
-1.7040754949e+03, -3.5067938538e-01
-1.7072542349e+03, -3.5066383897e-01
-1.7104328344e+03, -3.5064838188e-01
-1.7136112941e+03, -3.5063301344e-01
-1.7167896150e+03, -3.5061773294e-01
-1.7199677977e+03, -3.5060253971e-01
-1.7231458432e+03, -3.5058743308e-01
-1.7263237520e+03, -3.5057241239e-01
-1.7295015251e+03, -3.5055747697e-01
-1.7326791632e+03, -3.5054262618e-01
-1.7358566671e+03, -3.5052785936e-01
-1.7390340375e+03, -3.5051317587e-01
-1.7422112751e+03, -3.5049857509e-01
-1.7453883808e+03, -3.5048405638e-01
-1.7485653552e+03, -3.5046961913e-01
-1.7517421992e+03, -3.5045526271e-01
-1.7549189133e+03, -3.5044098652e-01
-1.7580954984e+03, -3.5042678995e-01
-1.7612719552e+03, -3.5041267241e-01
-1.7644482844e+03, -3.5039863330e-01
-1.7676244866e+03, -3.5038467203e-01
-1.7708005627e+03, -3.5037078803e-01
-1.7739765132e+03, -3.5035698071e-01
-1.7771523390e+03, -3.5034324951e-01
-1.7803280406e+03, -3.5032959386e-01
-1.7835036187e+03, -3.5031601320e-01
-1.7866790741e+03, -3.5030250697e-01
-1.7898544074e+03, -3.5028907464e-01
-1.7930296193e+03, -3.5027571564e-01
-1.7962047104e+03, -3.5026242945e-01
-1.7993796814e+03, -3.5024921553e-01
-1.8025545330e+03, -3.5023607335e-01
-1.8057292657e+03, -3.5022300238e-01
-1.8089038803e+03, -3.5021000210e-01
-1.8120783773e+03, -3.5019707201e-01
-1.8152527575e+03, -3.5018421159e-01
-1.8184270214e+03, -3.5017142033e-01
-1.8216011697e+03, -3.5015869773e-01
-1.8247752029e+03, -3.5014604330e-01
-1.8279491217e+03, -3.5013345655e-01
-1.8311229268e+03, -3.5012093698e-01
-1.8342966187e+03, -3.5010848412e-01
-1.8374701979e+03, -3.5009609749e-01
-1.8406436652e+03, -3.5008377661e-01
-1.8438170212e+03, -3.5007152101e-01
-1.8469902663e+03, -3.5005933023e-01
-1.8501634012e+03, -3.5004720380e-01
-1.8533364264e+03, -3.5003514128e-01
-1.8565093426e+03, -3.5002314220e-01
-1.8596821504e+03, -3.5001120611e-01
-1.8628548502e+03, -3.4999933258e-01
-1.8660274427e+03, -3.4998752115e-01
-1.8691999283e+03, -3.4997577140e-01
-1.8723723078e+03, -3.4996408289e-01
-1.8755445816e+03, -3.4995245518e-01
-1.8787167502e+03, -3.4994088787e-01
-1.8818888143e+03, -3.4992938051e-01
-1.8850607743e+03, -3.4991793269e-01
-1.8882326308e+03, -3.4990654401e-01
-1.8914043843e+03, -3.4989521405e-01
-1.8945760355e+03, -3.4988394239e-01
-1.8977475847e+03, -3.4987272864e-01
-1.9009190325e+03, -3.4986157240e-01
-1.9040903794e+03, -3.4985047327e-01
-1.9072616260e+03, -3.4983943086e-01
-1.9104327727e+03, -3.4982844477e-01
-1.9136038202e+03, -3.4981751463e-01
-1.9167747687e+03, -3.4980664004e-01
-1.9199456190e+03, -3.4979582063e-01
-1.9231163714e+03, -3.4978505602e-01
-1.9262870266e+03, -3.4977434583e-01
-1.9294575848e+03, -3.4976368971e-01
-1.9326280467e+03, -3.4975308727e-01
-1.9357984128e+03, -3.4974253817e-01
-1.9389686835e+03, -3.4973204203e-01
-1.9421388592e+03, -3.4972159849e-01
-1.9453089405e+03, -3.4971120721e-01
-1.9484789279e+03, -3.4970086783e-01
-1.9516488218e+03, -3.4969058001e-01
-1.9548186227e+03, -3.4968034339e-01
-1.9579883309e+03, -3.4967015764e-01
-1.9611579471e+03, -3.4966002242e-01
+2.5399686405e+02, -1.0117338865e+01
+2.4939794322e+02, -1.7505674850e+01
+2.4556502941e+02, -2.3437539494e+01
+2.4212666616e+02, -2.8592365662e+01
+2.3894181084e+02, -3.3232416201e+01
+2.3593818595e+02, -3.7494045637e+01
+2.3307266695e+02, -4.1459692937e+01
+2.3031698762e+02, -4.5184063581e+01
+2.2765138982e+02, -4.8705844498e+01
+2.2506139870e+02, -5.2053693479e+01
+2.2253602304e+02, -5.5249603374e+01
+2.2006667734e+02, -5.8310929376e+01
+2.1764649985e+02, -6.1251679389e+01
+2.1526990157e+02, -6.4083372181e+01
+2.1293225711e+02, -6.6815629024e+01
+2.1062968612e+02, -6.9456594057e+01
+2.0835889495e+02, -7.2013240686e+01
+2.0611705914e+02, -7.4491599883e+01
+2.0390173473e+02, -7.6896933576e+01
+2.0171079004e+02, -7.9233868556e+01
+1.9954235248e+02, -8.1506501447e+01
+1.9739476648e+02, -8.3718482075e+01
+1.9526655987e+02, -8.5873080488e+01
+1.9315641666e+02, -8.7973241393e+01
+1.9106315478e+02, -9.0021628818e+01
+1.8898570787e+02, -9.2020663077e+01
+1.8692310998e+02, -9.3972551600e+01
+1.8487448288e+02, -9.5879314859e+01
+1.8283902536e+02, -9.7742808300e+01
+1.8081600409e+02, -9.9564741025e+01
+1.7880474589e+02, -1.0134669180e+02
+1.7680463109e+02, -1.0309012282e+02
+1.7481508774e+02, -1.0479639167e+02
+1.7283558669e+02, -1.0646676169e+02
+1.7086563726e+02, -1.0810241104e+02
+1.6890478341e+02, -1.0970444067e+02
+1.6695260048e+02, -1.1127388131e+02
+1.6500869226e+02, -1.1281169968e+02
+1.6307268838e+02, -1.1431880398e+02
+1.6114424203e+02, -1.1579604877e+02
+1.5922302797e+02, -1.1724423938e+02
+1.5730874063e+02, -1.1866413574e+02
+1.5540109257e+02, -1.2005645600e+02
+1.5349981296e+02, -1.2142187958e+02
+1.5160464632e+02, -1.2276105011e+02
+1.4971535126e+02, -1.2407457797e+02
+1.4783169953e+02, -1.2536304264e+02
+1.4595347492e+02, -1.2662699483e+02
+1.4408047249e+02, -1.2786695841e+02
+1.4221249771e+02, -1.2908343220e+02
+1.4034936574e+02, -1.3027689156e+02
+1.3849090080e+02, -1.3144778989e+02
+1.3663693552e+02, -1.3259655999e+02
+1.3478731038e+02, -1.3372361530e+02
+1.3294187326e+02, -1.3482935106e+02
+1.3110047888e+02, -1.3591414536e+02
+1.2926298845e+02, -1.3697836012e+02
+1.2742926921e+02, -1.3802234203e+02
+1.2559919410e+02, -1.3904642334e+02
+1.2377264140e+02, -1.4005092265e+02
+1.2194949441e+02, -1.4103614566e+02
+1.2012964118e+02, -1.4200238583e+02
+1.1831297421e+02, -1.4294992497e+02
+1.1649939022e+02, -1.4387903388e+02
+1.1468878990e+02, -1.4478997285e+02
+1.1288107771e+02, -1.4568299219e+02
+1.1107616163e+02, -1.4655833270e+02
+1.0927395304e+02, -1.4741622608e+02
+1.0747436647e+02, -1.4825689542e+02
+1.0567731949e+02, -1.4908055551e+02
+1.0388273250e+02, -1.4988741326e+02
+1.0209052865e+02, -1.5067766803e+02
+1.0030063362e+02, -1.5145151192e+02
+9.8512975574e+01, -1.5220913013e+02
+9.6727484974e+01, -1.5295070119e+02
+9.4944094500e+01, -1.5367639728e+02
+9.3162738927e+01, -1.5438638444e+02
+9.1383355034e+01, -1.5508082282e+02
+8.9605881497e+01, -1.5575986694e+02
+8.7830258806e+01, -1.5642366586e+02
+8.6056429176e+01, -1.5707236340e+02
+8.4284336466e+01, -1.5770609831e+02
+8.2513926103e+01, -1.5832500449e+02
+8.0745145007e+01, -1.5892921114e+02
+7.8977941526e+01, -1.5951884290e+02
+7.7212265365e+01, -1.6009402003e+02
+7.5448067527e+01, -1.6065485855e+02
+7.3685300256e+01, -1.6120147037e+02
+7.1923916973e+01, -1.6173396343e+02
+7.0163872229e+01, -1.6225244179e+02
+6.8405121653e+01, -1.6275700581e+02
+6.6647621900e+01, -1.6324775220e+02
+6.4891330606e+01, -1.6372477416e+02
+6.3136206344e+01, -1.6418816146e+02
+6.1382208583e+01, -1.6463800056e+02
+5.9629297642e+01, -1.6507437468e+02
+5.7877434655e+01, -1.6549736387e+02
+5.6126581534e+01, -1.6590704514e+02
+5.4376700931e+01, -1.6630349249e+02
+5.2627756204e+01, -1.6668677700e+02
+5.0879711383e+01, -1.6705696692e+02
+4.9132531142e+01, -1.6741412769e+02
+4.7386180763e+01, -1.6775832204e+02
+4.5640626111e+01, -1.6808961005e+02
+4.3895833600e+01, -1.6840804918e+02
+4.2151770173e+01, -1.6871369434e+02
+4.0408403268e+01, -1.6900659792e+02
+3.8665700796e+01, -1.6928680989e+02
+3.6923631116e+01, -1.6955437778e+02
+3.5182163011e+01, -1.6980934677e+02
+3.3441265661e+01, -1.7005175969e+02
+3.1700908625e+01, -1.7028165710e+02
+2.9961061817e+01, -1.7049907730e+02
+2.8221695483e+01, -1.7070405634e+02
+2.6482780181e+01, -1.7089662812e+02
+2.4744286760e+01, -1.7107682434e+02
+2.3006186341e+01, -1.7124467459e+02
+2.1268450298e+01, -1.7140020633e+02
+1.9531050235e+01, -1.7154344494e+02
+1.7793957969e+01, -1.7167441373e+02
+1.6057145515e+01, -1.7179313397e+02
+1.4320585063e+01, -1.7189962487e+02
+1.2584248959e+01, -1.7199390366e+02
+1.0848109695e+01, -1.7207598554e+02
+9.1121398806e+00, -1.7214588375e+02
+7.3763122356e+00, -1.7220360952e+02
+5.6405995667e+00, -1.7224917215e+02
+3.9049747522e+00, -1.7228257893e+02
+2.1694107255e+00, -1.7230383524e+02
+4.3388045743e-01, -1.7231294447e+02
-1.3016430599e+00, -1.7230990810e+02
-3.0371868304e+00, -1.7229472563e+02
-4.7727778704e+00, -1.7226739464e+02
-6.5084432257e+00, -1.7222791073e+02
-8.2442099884e+00, -1.7217626756e+02
-9.9801053136e+00, -1.7211245685e+02
-1.1716156437e+01, -1.7203646834e+02
-1.3452390690e+01, -1.7194828978e+02
-1.5188835521e+01, -1.7184790696e+02
-1.6925518508e+01, -1.7173530367e+02
-1.8662467381e+01, -1.7161046169e+02
-2.0399710035e+01, -1.7147336077e+02
-2.2137274553e+01, -1.7132397864e+02
-2.3875189220e+01, -1.7116229095e+02
-2.5613482546e+01, -1.7098827127e+02
-2.7352183281e+01, -1.7080189110e+02
-2.9091320438e+01, -1.7060311979e+02
-3.0830923310e+01, -1.7039192455e+02
-3.2571021492e+01, -1.7016827039e+02
-3.4311644902e+01, -1.6993212015e+02
-3.6052823802e+01, -1.6968343441e+02
-3.7794588818e+01, -1.6942217147e+02
-3.9536970965e+01, -1.6914828733e+02
-4.1280001671e+01, -1.6886173565e+02
-4.3023712798e+01, -1.6856246767e+02
-4.4768136666e+01, -1.6825043224e+02
-4.6513306083e+01, -1.6792557569e+02
-4.8259254367e+01, -1.6758784185e+02
-5.0006015374e+01, -1.6723717196e+02
-5.1753623528e+01, -1.6687350463e+02
-5.3502113846e+01, -1.6649677577e+02
-5.5251521974e+01, -1.6610691855e+02
-5.7001884213e+01, -1.6570386330e+02
-5.8753237552e+01, -1.6528753751e+02
-6.0505619708e+01, -1.6485786567e+02
-6.2259069151e+01, -1.6441476926e+02
-6.4013625150e+01, -1.6395816666e+02
-6.5769327806e+01, -1.6348797304e+02
-6.7526218094e+01, -1.6300410030e+02
-6.9284337903e+01, -1.6250645696e+02
-7.1043730081e+01, -1.6199494809e+02
-7.2804438482e+01, -1.6146947515e+02
-7.4566508009e+01, -1.6092993596e+02
-7.6329984669e+01, -1.6037622453e+02
-7.8094915622e+01, -1.5980823095e+02
-7.9861349239e+01, -1.5922584127e+02
-8.1629335157e+01, -1.5862893737e+02
-8.3398924343e+01, -1.5801739681e+02
-8.5170169153e+01, -1.5739109270e+02
-8.6943123405e+01, -1.5674989351e+02
-8.8717842447e+01, -1.5609366294e+02
-9.0494383232e+01, -1.5542225972e+02
-9.2272804397e+01, -1.5473553744e+02
-9.4053166348e+01, -1.5403334433e+02
-9.5835531346e+01, -1.5331552309e+02
-9.7619963601e+01, -1.5258191065e+02
-9.9406529374e+01, -1.5183233792e+02
-1.0119529708e+02, -1.5106662960e+02
-1.0298633738e+02, -1.5028460385e+02
-1.0477972336e+02, -1.4948607205e+02
-1.0657553057e+02, -1.4867083851e+02
-1.0837383722e+02, -1.4783870014e+02
-1.1017472431e+02, -1.4698944614e+02
-1.1197827577e+02, -1.4612285761e+02
-1.1378457862e+02, -1.4523870721e+02
-1.1559372316e+02, -1.4433675874e+02
-1.1740580314e+02, -1.4341676670e+02
-1.1922091596e+02, -1.4247847585e+02
-1.2103916289e+02, -1.4152162072e+02
-1.2286064929e+02, -1.4054592507e+02
-1.2468548486e+02, -1.3955110134e+02
-1.2651378387e+02, -1.3853685004e+02
-1.2834566550e+02, -1.3750285909e+02
-1.3018125411e+02, -1.3644880317e+02
-1.3202067955e+02, -1.3537434290e+02
-1.3386407755e+02, -1.3427912410e+02
-1.3571159011e+02, -1.3316277688e+02
-1.3756336585e+02, -1.3202491469e+02
-1.3941956055e+02, -1.3086513333e+02
-1.4128033756e+02, -1.2968300984e+02
-1.4314586841e+02, -1.2847810129e+02
-1.4501633332e+02, -1.2724994345e+02
-1.4689192189e+02, -1.2599804945e+02
-1.4877283376e+02, -1.2472190814e+02
-1.5065927940e+02, -1.2342098246e+02
-1.5255148092e+02, -1.2209470758e+02
-1.5444967302e+02, -1.2074248884e+02
-1.5635410399e+02, -1.1936369955e+02
-1.5826503683e+02, -1.1795767851e+02
-1.6018275050e+02, -1.1652372733e+02
-1.6210754132e+02, -1.1506110738e+02
-1.6403972448e+02, -1.1356903648e+02
-1.6597963576e+02, -1.1204668521e+02
-1.6792763348e+02, -1.1049317276e+02
-1.6988410062e+02, -1.0890756233e+02
-1.7184944730e+02, -1.0728885592e+02
-1.7382411345e+02, -1.0563598850e+02
-1.7580857200e+02, -1.0394782146e+02
-1.7780333237e+02, -1.0222313510e+02
-1.7980894452e+02, -1.0046062018e+02
-1.8182600359e+02, -9.8658868196e+01
-1.8385515525e+02, -9.6816360257e+01
-1.8589710185e+02, -9.4931454288e+01
-1.8795260961e+02, -9.3002370169e+01
-1.9002251702e+02, -9.1027172465e+01
-1.9210774472e+02, -8.9003750197e+01
-1.9420930713e+02, -8.6929793015e+01
-1.9632832638e+02, -8.4802762955e+01
-1.9846604900e+02, -8.2619860706e+01
-2.0062386600e+02, -8.0377985031e+01
-2.0280333749e+02, -7.8073683508e+01
-2.0500622287e+02, -7.5703092208e+01
-2.0723451840e+02, -7.3261861050e+01
-2.0949050443e+02, -7.0745060404e+01
-2.1177680549e+02, -6.8147062730e+01
-2.1409646800e+02, -6.5461390509e+01
-2.1645306207e+02, -6.2680517728e+01
-2.1885081755e+02, -5.9795606068e+01
-2.2129480957e+02, -5.6796147078e+01
-2.2379121751e+02, -5.3669465192e+01
-2.6636262362e+02, +1.0155475114e+02
-2.2897393128e+02, -4.6968299623e+01
-3.3007842829e+02, +7.6739040486e+01
-3.2593894270e+02, +7.7829094940e+01
-2.8046639988e+02, +9.4497943812e+01
-2.8415691072e+02, +9.2789028846e+01
-2.8791196046e+02, +9.1113414577e+01
-2.9173005319e+02, +8.9476683602e+01
-2.9561060580e+02, +8.7884081647e+01
-2.9957431178e+02, +8.6344411213e+01
-2.9757629989e+02, +8.7105989267e+01
-2.9366219780e+02, +8.8674645249e+01
-2.8981301047e+02, +9.0289938311e+01
           NaN, -7.4867722132e+02
           NaN, -7.6886296748e+02
           NaN, -7.8807150832e+02
           NaN, -8.0634232556e+02
           NaN, -8.2371422754e+02
           NaN, -8.4022531907e+02
           NaN, -8.5591295352e+02
           NaN, -8.7081367420e+02
           NaN, -8.8496315278e+02
           NaN, -8.9839613046e+02
           NaN, -9.1114636292e+02
           NaN, -9.2324657384e+02
           NaN, -9.3472841629e+02
           NaN, -9.4562244221e+02
           NaN, -9.5595808106e+02
-1.9487462449e+02, +1.4311212523e+02
-1.9247357307e+02, +1.4447544609e+02
-1.9009103888e+02, +1.4581773520e+02
-1.8772620747e+02, +1.4713918648e+02
-1.8537831042e+02, +1.4844000226e+02
-1.8304662220e+02, +1.4972039124e+02
-1.8073045741e+02, +1.5098056666e+02
-1.7842916805e+02, +1.5222074491e+02
-1.7614214106e+02, +1.5344114418e+02
-1.7386879602e+02, +1.5464198343e+02
-1.7160858302e+02, +1.5582348150e+02
-1.6936098067e+02, +1.5698585632e+02
-1.6712549425e+02, +1.5812932429e+02
-1.6490165400e+02, +1.5925409977e+02
-1.6268901356e+02, +1.6036039458e+02
-1.6048714845e+02, +1.6144841771e+02
-1.5829565476e+02, +1.6251837499e+02
-1.5611414781e+02, +1.6357046884e+02
-1.5394226104e+02, +1.6460489809e+02
-1.5177964487e+02, +1.6562185785e+02
-1.4962596569e+02, +1.6662153936e+02
           NaN, -1.0879427719e+03
           NaN, -1.0911427362e+03
           NaN, -1.0941936764e+03
-1.4109445409e+02, +1.7045116928e+02
           NaN, -1.0998799172e+03
-1.3687467096e+02, +1.7226699438e+02
-1.3477536702e+02, +1.7315074820e+02
-1.3268280466e+02, +1.7401860983e+02
           NaN, -1.1097857135e+03
           NaN, -1.1119928755e+03
           NaN, -1.1141033603e+03
           NaN, -1.1161221367e+03
           NaN, -1.1180538895e+03
           NaN, -1.1199030330e+03
           NaN, -1.1216737314e+03
           NaN, -1.1233699100e+03
           NaN, -1.1249952693e+03
           NaN, -1.1265533011e+03
           NaN, -1.1280472973e+03
           NaN, -1.1294803648e+03
           NaN, -1.1308554351e+03
           NaN, -1.1321752732e+03
           NaN, -1.1334424924e+03
           NaN, -1.1346595563e+03
           NaN, -1.1358287942e+03
           NaN, -1.1369524055e+03
           NaN, -1.1380324681e+03
           NaN, -1.1390709469e+03
           NaN, -1.1400696987e+03
           NaN, -1.1410304803e+03
           NaN, -1.1419549526e+03
           NaN, -1.1428446882e+03
           NaN, -1.1437011765e+03
           NaN, -1.1445258262e+03
           NaN, -1.1453199747e+03
           NaN, -1.1460848878e+03
           NaN, -1.1468217654e+03
           NaN, -1.1475317477e+03
           NaN, -1.1482159148e+03
           NaN, -1.1488752948e+03
           NaN, -1.1495108631e+03
           NaN, -1.1501235461e+03
           NaN, -1.1507142267e+03
           NaN, -1.1512837441e+03
           NaN, -1.1518328983e+03
           NaN, -1.1523624513e+03
           NaN, -1.1528731286e+03
           NaN, -1.1533656237e+03
           NaN, -1.1538405983e+03
           NaN, -1.1542986850e+03
           NaN, -1.1547404878e+03
           NaN, -1.1551665852e+03
           NaN, -1.1555775314e+03
           NaN, -1.1559738572e+03
           NaN, -1.1563560716e+03
           NaN, -1.1567246627e+03
           NaN, -1.1570801002e+03
           NaN, -1.1574228348e+03
           NaN, -1.1577533007e+03
           NaN, -1.1580719162e+03
           NaN, -1.1583790838e+03
           NaN, -1.1586751907e+03
           NaN, -1.1589606122e+03
           NaN, -1.1592357105e+03
           NaN, -1.1595008345e+03
           NaN, -1.1597563214e+03
           NaN, -1.1600024995e+03
           NaN, -1.1602396840e+03
           NaN, -1.1604681829e+03
           NaN, -1.1606882920e+03
           NaN, -1.1609002979e+03
           NaN, -1.1611044810e+03
           NaN, -1.1613011114e+03
           NaN, -1.1614904494e+03
           NaN, -1.1616727498e+03
           NaN, -1.1618482584e+03
           NaN, -1.1620172124e+03
           NaN, -1.1621798411e+03
           NaN, -1.1623363689e+03
           NaN, -1.1624870079e+03
           NaN, -1.1626319661e+03
           NaN, -1.1627714419e+03
           NaN, -1.1629056247e+03
           NaN, -1.1630346975e+03
           NaN, -1.1631588335e+03
           NaN, -1.1632781968e+03
           NaN, -1.1633929431e+03
           NaN, -1.1635032177e+03
           NaN, -1.1636091540e+03
           NaN, -1.1637108788e+03
           NaN, -1.1638085027e+03
           NaN, -1.1639021272e+03
           NaN, -1.1639918392e+03
           NaN, -1.1640777124e+03
           NaN, -1.1641598051e+03
           NaN, -1.1642381610e+03
           NaN, -1.1643128046e+03
           NaN, -1.1643837441e+03
           NaN, -1.1644509668e+03
           NaN, -1.1645144388e+03
           NaN, -1.1645741053e+03
           NaN, -1.1646298835e+03
           NaN, -1.1646816666e+03
           NaN, -1.1647293182e+03
           NaN, -1.1647726715e+03
           NaN, -1.1648115270e+03
           NaN, -1.1648456471e+03
           NaN, -1.1648747584e+03
           NaN, -1.1648985434e+03
           NaN, -1.1649166413e+03
           NaN, -1.1649286419e+03
           NaN, -1.1649340823e+03
           NaN, -1.1649324435e+03
           NaN, -1.1649231451e+03
           NaN, -1.1649055415e+03
           NaN, -1.1648789167e+03
           NaN, -1.1648424764e+03
           NaN, -1.1647953460e+03
           NaN, -1.1647365608e+03
           NaN, -1.1646650614e+03
           NaN, -1.1645796840e+03
           NaN, -1.1644791552e+03
           NaN, -1.1643620822e+03
           NaN, -1.1642269426e+03
           NaN, -1.1640720754e+03
           NaN, -1.1638956723e+03
           NaN, -1.1636957625e+03
           NaN, -1.1634702040e+03
           NaN, -1.1632166693e+03
           NaN, -1.1629326320e+03
           NaN, -1.1626153505e+03
           NaN, -1.1622618537e+03
           NaN, -1.1618689232e+03
           NaN, -1.1614330759e+03
           NaN, -1.1609505433e+03
           NaN, -1.1604172518e+03
           NaN, -1.1598288012e+03
           NaN, -1.1591804399e+03
           NaN, -1.1584670406e+03
           NaN, -1.1576830738e+03
           NaN, -1.1568225805e+03
           NaN, -1.1558791422e+03
           NaN, -1.1548458479e+03
           NaN, -1.1537152643e+03
           NaN, -1.1524793981e+03
           NaN, -1.1511296611e+03
           NaN, -1.1496568322e+03
           NaN, -1.1480510158e+03
           NaN, -1.1463016027e+03
           NaN, -1.1443972252e+03
           NaN, -1.1423257146e+03
           NaN, -1.1400740537e+03
           NaN, -1.1376283322e+03
           NaN, -1.1349736973e+03
           NaN, -1.1320943105e+03
           NaN, -1.1289732947e+03
           NaN, -1.1255926927e+03
           NaN, -1.1219334193e+03
           NaN, -1.1179752172e+03
           NaN, -1.1136966195e+03
           NaN, -1.1090749112e+03
           NaN, -1.1040860963e+03
           NaN, -1.0987048750e+03
           NaN, -1.0929046234e+03
           NaN, -1.0866573841e+03
           NaN, -1.0799338700e+03
           NaN, -1.0727034750e+03
           NaN, -1.0649343044e+03
           NaN, -1.0565932174e+03
           NaN, -1.0476458910e+03
           NaN, -1.0380569002e+03
           NaN, -1.0277898249e+03
           NaN, -1.0168073749e+03
           NaN, -1.0050715471e+03
           NaN, -9.9254379948e+02
           NaN, -9.7918526038e+02
           NaN, -9.6495696003e+02
           NaN, -9.4982008412e+02
           NaN, -9.3373625730e+02
           NaN, -9.1666783755e+02
           NaN, -8.9857822989e+02
           NaN, -8.7943219910e+02
           NaN, -8.5919618351e+02
           NaN, -8.3783858550e+02
           NaN, -8.1533002947e+02
-2.5700675423e+02, -5.1138809501e+00
-2.5155611520e+02, -1.4076228960e+01
-2.4741824820e+02, -2.0594421468e+01
-2.4380776388e+02, -2.6091275731e+01
-2.4050801397e+02, -3.0966471232e+01
-2.3742049724e+02, -3.5404530422e+01
-2.3449018194e+02, -3.9509974987e+01
-2.3168248432e+02, -4.3349332139e+01
-2.2897393128e+02, -4.6968299623e+01
-2.2634769690e+02, -5.0400008099e+01
-2.2379121751e+02, -5.3669465192e+01
-2.2129480957e+02, -5.6796147078e+01
-2.1885081755e+02, -5.9795606068e+01
-2.1645306207e+02, -6.2680517728e+01
-2.1409646800e+02, -6.5461390509e+01
-2.1177680549e+02, -6.8147062730e+01
-2.0949050443e+02, -7.0745060404e+01
-2.0723451840e+02, -7.3261861050e+01
-2.0500622287e+02, -7.5703092208e+01
-2.0280333749e+02, -7.8073683508e+01
-2.0062386600e+02, -8.0377985031e+01
-1.9846604900e+02, -8.2619860706e+01
-1.9632832638e+02, -8.4802762955e+01
-1.9420930713e+02, -8.6929793015e+01
-1.9210774472e+02, -8.9003750197e+01
-1.9002251702e+02, -9.1027172465e+01
-1.8795260961e+02, -9.3002370169e+01
-1.8589710185e+02, -9.4931454288e+01
-1.8385515525e+02, -9.6816360257e+01
-1.8182600359e+02, -9.8658868196e+01
-1.7980894452e+02, -1.0046062018e+02
-1.7780333237e+02, -1.0222313510e+02
-1.7580857200e+02, -1.0394782146e+02
-1.7382411345e+02, -1.0563598850e+02
-1.7184944730e+02, -1.0728885592e+02
-1.6988410062e+02, -1.0890756233e+02
-1.6792763348e+02, -1.1049317276e+02
-1.6597963576e+02, -1.1204668521e+02
-1.6403972448e+02, -1.1356903648e+02
-1.6210754132e+02, -1.1506110738e+02
-1.6018275050e+02, -1.1652372733e+02
-1.5826503683e+02, -1.1795767851e+02
-1.5635410399e+02, -1.1936369955e+02
-1.5444967302e+02, -1.2074248884e+02
-1.5255148092e+02, -1.2209470758e+02
-1.5065927940e+02, -1.2342098246e+02
-1.4877283376e+02, -1.2472190814e+02
-1.4689192189e+02, -1.2599804945e+02
-1.4501633332e+02, -1.2724994345e+02
-1.4314586841e+02, -1.2847810129e+02
-1.4128033756e+02, -1.2968300984e+02
-1.3941956055e+02, -1.3086513333e+02
-1.3756336585e+02, -1.3202491469e+02
-1.3571159011e+02, -1.3316277688e+02
-1.3386407755e+02, -1.3427912410e+02
-1.3202067955e+02, -1.3537434290e+02
-1.3018125411e+02, -1.3644880317e+02
-1.2834566550e+02, -1.3750285909e+02
-1.2651378387e+02, -1.3853685004e+02
-1.2468548486e+02, -1.3955110134e+02
-1.2286064929e+02, -1.4054592507e+02
-1.2103916289e+02, -1.4152162072e+02
-1.1922091596e+02, -1.4247847585e+02
-1.1740580314e+02, -1.4341676670e+02
-1.1559372316e+02, -1.4433675874e+02
-1.1378457862e+02, -1.4523870721e+02
-1.1197827577e+02, -1.4612285761e+02
-1.1017472431e+02, -1.4698944614e+02
-1.0837383722e+02, -1.4783870014e+02
-1.0657553057e+02, -1.4867083851e+02
-1.0477972336e+02, -1.4948607205e+02
-1.0298633738e+02, -1.5028460385e+02
-1.0119529708e+02, -1.5106662960e+02
-9.9406529374e+01, -1.5183233792e+02
-9.7619963601e+01, -1.5258191065e+02
-9.5835531346e+01, -1.5331552309e+02
-9.4053166348e+01, -1.5403334433e+02
-9.2272804397e+01, -1.5473553744e+02
-9.0494383232e+01, -1.5542225972e+02
-8.8717842447e+01, -1.5609366294e+02
-8.6943123405e+01, -1.5674989351e+02
-8.5170169153e+01, -1.5739109270e+02
-8.3398924343e+01, -1.5801739681e+02
-8.1629335157e+01, -1.5862893737e+02
-7.9861349239e+01, -1.5922584127e+02
-7.8094915622e+01, -1.5980823095e+02
-7.6329984669e+01, -1.6037622453e+02
-7.4566508009e+01, -1.6092993596e+02
-7.2804438482e+01, -1.6146947515e+02
-7.1043730081e+01, -1.6199494809e+02
-6.9284337903e+01, -1.6250645696e+02
-6.7526218094e+01, -1.6300410030e+02
-6.5769327806e+01, -1.6348797304e+02
-6.4013625150e+01, -1.6395816666e+02
-6.2259069151e+01, -1.6441476926e+02
-6.0505619708e+01, -1.6485786567e+02
-5.8753237552e+01, -1.6528753751e+02
-5.7001884213e+01, -1.6570386330e+02
-5.5251521974e+01, -1.6610691855e+02
-5.3502113846e+01, -1.6649677577e+02
-5.1753623528e+01, -1.6687350463e+02
-5.0006015374e+01, -1.6723717196e+02
-4.8259254367e+01, -1.6758784185e+02
-4.6513306083e+01, -1.6792557569e+02
-4.4768136666e+01, -1.6825043224e+02
-4.3023712798e+01, -1.6856246767e+02
-4.1280001671e+01, -1.6886173565e+02
-3.9536970965e+01, -1.6914828733e+02
-3.7794588818e+01, -1.6942217147e+02
-3.6052823802e+01, -1.6968343441e+02
-3.4311644902e+01, -1.6993212015e+02
-3.2571021492e+01, -1.7016827039e+02
-3.0830923310e+01, -1.7039192455e+02
-2.9091320438e+01, -1.7060311979e+02
-2.7352183281e+01, -1.7080189110e+02
-2.5613482546e+01, -1.7098827127e+02
-2.3875189220e+01, -1.7116229095e+02
-2.2137274553e+01, -1.7132397864e+02
-2.0399710035e+01, -1.7147336077e+02
-1.8662467381e+01, -1.7161046169e+02
-1.6925518508e+01, -1.7173530367e+02
-1.5188835521e+01, -1.7184790696e+02
-1.3452390690e+01, -1.7194828978e+02
-1.1716156437e+01, -1.7203646834e+02
-9.9801053136e+00, -1.7211245685e+02
-8.2442099884e+00, -1.7217626756e+02
-6.5084432257e+00, -1.7222791073e+02
-4.7727778704e+00, -1.7226739464e+02
-3.0371868304e+00, -1.7229472563e+02
-1.3016430599e+00, -1.7230990810e+02
+4.3388045743e-01, -1.7231294447e+02
+2.1694107255e+00, -1.7230383524e+02
+3.9049747522e+00, -1.7228257893e+02
+5.6405995667e+00, -1.7224917215e+02
+7.3763122356e+00, -1.7220360952e+02
+9.1121398806e+00, -1.7214588375e+02
+1.0848109695e+01, -1.7207598554e+02
+1.2584248959e+01, -1.7199390366e+02
+1.4320585063e+01, -1.7189962487e+02
+1.6057145515e+01, -1.7179313397e+02
+1.7793957969e+01, -1.7167441373e+02
+1.9531050235e+01, -1.7154344494e+02
+2.1268450298e+01, -1.7140020633e+02
+2.3006186341e+01, -1.7124467459e+02
+2.4744286760e+01, -1.7107682434e+02
+2.6482780181e+01, -1.7089662812e+02
+2.8221695483e+01, -1.7070405634e+02
+2.9961061817e+01, -1.7049907730e+02
+3.1700908625e+01, -1.7028165710e+02
+3.3441265661e+01, -1.7005175969e+02
+3.5182163011e+01, -1.6980934677e+02
+3.6923631116e+01, -1.6955437778e+02
+3.8665700796e+01, -1.6928680989e+02
+4.0408403268e+01, -1.6900659792e+02
+4.2151770173e+01, -1.6871369434e+02
+4.3895833600e+01, -1.6840804918e+02
+4.5640626111e+01, -1.6808961005e+02
+4.7386180763e+01, -1.6775832204e+02
+4.9132531142e+01, -1.6741412769e+02
+5.0879711383e+01, -1.6705696692e+02
+5.2627756204e+01, -1.6668677700e+02
+5.4376700931e+01, -1.6630349249e+02
+5.6126581534e+01, -1.6590704514e+02
+5.7877434655e+01, -1.6549736387e+02
+5.9629297642e+01, -1.6507437468e+02
+6.1382208583e+01, -1.6463800056e+02
+6.3136206344e+01, -1.6418816146e+02
+6.4891330606e+01, -1.6372477416e+02
+6.6647621900e+01, -1.6324775220e+02
+6.8405121653e+01, -1.6275700581e+02
+7.0163872229e+01, -1.6225244179e+02
+7.1923916973e+01, -1.6173396343e+02
+7.3685300256e+01, -1.6120147037e+02
+7.5448067527e+01, -1.6065485855e+02
+7.7212265365e+01, -1.6009402003e+02
+7.8977941526e+01, -1.5951884290e+02
+8.0745145007e+01, -1.5892921114e+02
+8.2513926103e+01, -1.5832500449e+02
+8.4284336466e+01, -1.5770609831e+02
+8.6056429176e+01, -1.5707236340e+02
+8.7830258806e+01, -1.5642366586e+02
+8.9605881497e+01, -1.5575986694e+02
+9.1383355034e+01, -1.5508082282e+02
+9.3162738927e+01, -1.5438638444e+02
+9.4944094500e+01, -1.5367639728e+02
+9.6727484974e+01, -1.5295070119e+02
+9.8512975574e+01, -1.5220913013e+02
+1.0030063362e+02, -1.5145151192e+02
+1.0209052865e+02, -1.5067766803e+02
+1.0388273250e+02, -1.4988741326e+02
+1.0567731949e+02, -1.4908055551e+02
+1.0747436647e+02, -1.4825689542e+02
+1.0927395304e+02, -1.4741622608e+02
+1.1107616163e+02, -1.4655833270e+02
+1.1288107771e+02, -1.4568299219e+02
+1.1468878990e+02, -1.4478997285e+02
+1.1649939022e+02, -1.4387903388e+02
+1.1831297421e+02, -1.4294992497e+02
+1.2012964118e+02, -1.4200238583e+02
+1.2194949441e+02, -1.4103614566e+02
+1.2377264140e+02, -1.4005092265e+02
+1.2559919410e+02, -1.3904642334e+02
+1.2742926921e+02, -1.3802234203e+02
+1.2926298845e+02, -1.3697836012e+02
+1.3110047888e+02, -1.3591414536e+02
+1.3294187326e+02, -1.3482935106e+02
+1.3478731038e+02, -1.3372361530e+02
+1.3663693552e+02, -1.3259655999e+02
+1.3849090080e+02, -1.3144778989e+02
+1.4034936574e+02, -1.3027689156e+02
+1.4221249771e+02, -1.2908343220e+02
+1.4408047249e+02, -1.2786695841e+02
+1.4595347492e+02, -1.2662699483e+02
+1.4783169953e+02, -1.2536304264e+02
+1.4971535126e+02, -1.2407457797e+02
+1.5160464632e+02, -1.2276105011e+02
+1.5349981296e+02, -1.2142187958e+02
+1.5540109257e+02, -1.2005645600e+02
+1.5730874063e+02, -1.1866413574e+02
+1.5922302797e+02, -1.1724423938e+02
+1.6114424203e+02, -1.1579604877e+02
+1.6307268838e+02, -1.1431880398e+02
+1.6500869226e+02, -1.1281169968e+02
+1.6695260048e+02, -1.1127388131e+02
+1.6890478341e+02, -1.0970444067e+02
+1.7086563726e+02, -1.0810241104e+02
+1.7283558669e+02, -1.0646676169e+02
+1.7481508774e+02, -1.0479639167e+02
+1.7680463109e+02, -1.0309012282e+02
+1.7880474589e+02, -1.0134669180e+02
+1.8081600409e+02, -9.9564741025e+01
+1.8283902536e+02, -9.7742808300e+01
+1.8487448288e+02, -9.5879314859e+01
+1.8692310998e+02, -9.3972551600e+01
+1.8898570787e+02, -9.2020663077e+01
+1.9106315478e+02, -9.0021628818e+01
+1.9315641666e+02, -8.7973241393e+01
+1.9526655987e+02, -8.5873080488e+01
+1.9739476648e+02, -8.3718482075e+01
+1.9954235248e+02, -8.1506501447e+01
+2.0171079004e+02, -7.9233868556e+01
+2.0390173473e+02, -7.6896933576e+01
+2.0611705914e+02, -7.4491599883e+01
+2.0835889495e+02, -7.2013240686e+01
+2.1062968612e+02, -6.9456594057e+01
+2.1293225711e+02, -6.6815629024e+01
+2.1526990157e+02, -6.4083372181e+01
+2.1764649985e+02, -6.1251679389e+01
+2.2006667734e+02, -5.8310929376e+01
+2.2253602304e+02, -5.5249603374e+01
+2.2506139870e+02, -5.2053693479e+01
+2.6806826574e+02, +1.0066030444e+02
+3.3215108831e+02, +7.6215853280e+01
+3.2800752286e+02, +7.7276719253e+01
+2.3593818595e+02, -3.7494045637e+01
+2.8230350497e+02, +9.3639678989e+01
+2.8602645841e+02, +9.1946705394e+01
+2.8981321714e+02, +9.0289849702e+01
+2.9366240783e+02, +8.8674559036e+01
+2.9757651386e+02, +8.7105905736e+01
+2.3031698762e+02, -4.5184063581e+01
+2.9561039401e+02, +8.7884166565e+01
+2.8791175547e+02, +9.1113504280e+01
           NaN, -7.5889473892e+02
           NaN, -7.7858690536e+02
           NaN, -7.9732169080e+02
           NaN, -8.1513824239e+02
           NaN, -8.3207502165e+02
           NaN, -8.4816976459e+02
           NaN, -8.6345942753e+02
           NaN, -8.7798012503e+02
           NaN, -8.9176707090e+02
           NaN, -9.0485451993e+02
           NaN, -9.1727571723e+02
           NaN, -9.2906285571e+02
           NaN, -9.4024704052e+02
+1.9851282516e+02, +1.4102731254e+02
           NaN, -9.6092539196e+02
+1.9367173134e+02, +1.4379642636e+02
+1.9128004334e+02, +1.4514920772e+02
+1.8890645940e+02, +1.4648105309e+02
+1.8655018847e+02, +1.4779216089e+02
+1.8421048395e+02, +1.4908273686e+02
+1.8188664073e+02, +1.5035299218e+02
+1.7957799241e+02, +1.5160314183e+02
+1.7728390877e+02, +1.5283340324e+02
+1.7500379335e+02, +1.5404399512e+02
+1.7273708125e+02, +1.5523513647e+02
+1.7048323704e+02, +1.5640704575e+02
+1.6824175289e+02, +1.5755994021e+02
+1.6601214678e+02, +1.5869403529e+02
+1.6379396083e+02, +1.5980954412e+02
+1.6158675980e+02, +1.6090667716e+02
+1.5939012966e+02, +1.6198564185e+02
+1.5720367626e+02, +1.6304664233e+02
+1.5502702414e+02, +1.6408987926e+02
+1.5285981535e+02, +1.6511554961e+02
+1.5070170841e+02, +1.6612384659e+02
+1.4855237734e+02, +1.6711495947e+02
           NaN, -1.0895618985e+03
           NaN, -1.0926863249e+03
           NaN, -1.0956657719e+03
+1.4003678441e+02, +1.7091121639e+02
+1.3792692413e+02, +1.7181910829e+02
+1.3582416182e+02, +1.7271086767e+02
+1.3372825746e+02, +1.7358665574e+02
           NaN, -1.1086442433e+03
           NaN, -1.1109017013e+03
           NaN, -1.1130598854e+03
           NaN, -1.1151239128e+03
           NaN, -1.1170986090e+03
           NaN, -1.1189885214e+03
           NaN, -1.1207979375e+03
           NaN, -1.1225308992e+03
           NaN, -1.1241912192e+03
           NaN, -1.1257824908e+03
           NaN, -1.1273081051e+03
           NaN, -1.1287712597e+03
           NaN, -1.1301749730e+03
           NaN, -1.1315220915e+03
           NaN, -1.1328153027e+03
           NaN, -1.1340571447e+03
           NaN, -1.1352500131e+03
           NaN, -1.1363961703e+03
           NaN, -1.1374977549e+03
           NaN, -1.1385567872e+03
           NaN, -1.1395751770e+03
           NaN, -1.1405547298e+03
           NaN, -1.1414971545e+03
           NaN, -1.1424040677e+03
           NaN, -1.1432769984e+03
           NaN, -1.1441173959e+03
           NaN, -1.1449266325e+03
           NaN, -1.1457060093e+03
           NaN, -1.1464567583e+03
           NaN, -1.1471800497e+03
           NaN, -1.1478769928e+03
           NaN, -1.1485486412e+03
           NaN, -1.1491959966e+03
           NaN, -1.1498200090e+03
           NaN, -1.1504215835e+03
           NaN, -1.1510015802e+03
           NaN, -1.1515608183e+03
           NaN, -1.1521000792e+03
           NaN, -1.1526201051e+03
           NaN, -1.1531216066e+03
           NaN, -1.1536052609e+03
           NaN, -1.1540717139e+03
           NaN, -1.1545215850e+03
           NaN, -1.1549554645e+03
           NaN, -1.1553739186e+03
           NaN, -1.1557774898e+03
           NaN, -1.1561666977e+03
           NaN, -1.1565420401e+03
           NaN, -1.1569039973e+03
           NaN, -1.1572530279e+03
           NaN, -1.1575895748e+03
           NaN, -1.1579140647e+03
           NaN, -1.1582269064e+03
           NaN, -1.1585284960e+03
           NaN, -1.1588192146e+03
           NaN, -1.1590994298e+03
           NaN, -1.1593694976e+03
           NaN, -1.1596297618e+03
           NaN, -1.1598805541e+03
           NaN, -1.1601221964e+03
           NaN, -1.1603550009e+03
           NaN, -1.1605792678e+03
           NaN, -1.1607952896e+03
           NaN, -1.1610033505e+03
           NaN, -1.1612037237e+03
           NaN, -1.1613966758e+03
           NaN, -1.1615824641e+03
           NaN, -1.1617613382e+03
           NaN, -1.1619335395e+03
           NaN, -1.1620993029e+03
           NaN, -1.1622588544e+03
           NaN, -1.1624124110e+03
           NaN, -1.1625601846e+03
           NaN, -1.1627023771e+03
           NaN, -1.1628391828e+03
           NaN, -1.1629707889e+03
           NaN, -1.1630973721e+03
           NaN, -1.1632191022e+03
           NaN, -1.1633361378e+03
           NaN, -1.1634486304e+03
           NaN, -1.1635567198e+03
           NaN, -1.1636605358e+03
           NaN, -1.1637601967e+03
           NaN, -1.1638558095e+03
           NaN, -1.1639474670e+03
           NaN, -1.1640352518e+03
           NaN, -1.1641192283e+03
           NaN, -1.1641994480e+03
           NaN, -1.1642759454e+03
           NaN, -1.1643487376e+03
           NaN, -1.1644178217e+03
           NaN, -1.1644831746e+03
           NaN, -1.1645447523e+03
           NaN, -1.1646024863e+03
           NaN, -1.1646562821e+03
           NaN, -1.1647060187e+03
           NaN, -1.1647515441e+03
           NaN, -1.1647926755e+03
           NaN, -1.1648291947e+03
           NaN, -1.1648608476e+03
           NaN, -1.1648873381e+03
           NaN, -1.1649083279e+03
           NaN, -1.1649234316e+03
           NaN, -1.1649322134e+03
           NaN, -1.1649341826e+03
           NaN, -1.1649287907e+03
           NaN, -1.1649154247e+03
           NaN, -1.1648934043e+03
           NaN, -1.1648619761e+03
           NaN, -1.1648203058e+03
           NaN, -1.1647674737e+03
           NaN, -1.1647024702e+03
           NaN, -1.1646241840e+03
           NaN, -1.1645313975e+03
           NaN, -1.1644227788e+03
           NaN, -1.1642968710e+03
           NaN, -1.1641520842e+03
           NaN, -1.1639866851e+03
           NaN, -1.1637987851e+03
           NaN, -1.1635863302e+03
           NaN, -1.1633470866e+03
           NaN, -1.1630786300e+03
           NaN, -1.1627783267e+03
           NaN, -1.1624433241e+03
           NaN, -1.1620705290e+03
           NaN, -1.1616565929e+03
           NaN, -1.1611978919e+03
           NaN, -1.1606905093e+03
           NaN, -1.1601302105e+03
           NaN, -1.1595124208e+03
           NaN, -1.1588322058e+03
           NaN, -1.1580842402e+03
           NaN, -1.1572627830e+03
           NaN, -1.1563616495e+03
           NaN, -1.1553741786e+03
           NaN, -1.1542932034e+03
           NaN, -1.1531110139e+03
           NaN, -1.1518193243e+03
           NaN, -1.1504092355e+03
           NaN, -1.1488711932e+03
           NaN, -1.1471949507e+03
           NaN, -1.1453695258e+03
           NaN, -1.1433831549e+03
           NaN, -1.1412232509e+03
           NaN, -1.1388763562e+03
           NaN, -1.1363280950e+03
           NaN, -1.1335631282e+03
           NaN, -1.1305651029e+03
           NaN, -1.1273166082e+03
           NaN, -1.1237991280e+03
           NaN, -1.1199929971e+03
           NaN, -1.1158773583e+03
           NaN, -1.1114301238e+03
           NaN, -1.1066279421e+03
           NaN, -1.1014461693e+03
           NaN, -1.0958588439e+03
           NaN, -1.0898386767e+03
           NaN, -1.0833570437e+03
           NaN, -1.0763839964e+03
           NaN, -1.0688882795e+03
           NaN, -1.0608373687e+03
           NaN, -1.0521975237e+03
           NaN, -1.0429338577e+03
           NaN, -1.0330104348e+03
           NaN, -1.0223903820e+03
           NaN, -1.0110360315e+03
           NaN, -9.9890908748e+02
           NaN, -9.8597081485e+02
           NaN, -9.7218226300e+02
           NaN, -9.5750450571e+02
           NaN, -9.4189891311e+02
           NaN, -9.2532743681e+02
           NaN, -9.0775292009e+02
           NaN, -8.8913940767e+02
           NaN, -8.6945246351e+02
           NaN, -8.4865947275e+02
           NaN, -8.2672992033e+02
           NaN, -8.0363562082e+02
