-3.2681005913e+02, -6.0093422815e-01
-3.3217138198e+02, -5.8252158414e-01
-3.3737903551e+02, -5.6689630541e-01
-3.4994043076e+02, +7.3332677851e+01
-3.6072682983e+02, +6.9476990684e+01
-3.1610773519e+02, +4.4855390414e+01
-3.4741726212e+02, -5.4164827697e-01
-3.6554001150e+02, +6.8758747428e+01
-3.6174500010e+02, -5.1365069211e-01
-3.6636637487e+02, -5.0611703005e-01
-3.7092261636e+02, -4.9926180113e-01
-3.7541943365e+02, -4.9299118741e-01
-3.7986176708e+02, -4.8722860954e-01
-3.8425392598e+02, -4.8191084456e-01
-3.8859969609e+02, -4.7698516410e-01
-3.9290242450e+02, -4.7240718983e-01
-3.9716508761e+02, -4.6813926255e-01
-4.0139034607e+02, -4.6414918540e-01
-4.0558058969e+02, -4.6040924351e-01
-4.1806275068e+02, +6.6565017616e+01
-4.2203163725e+02, -4.4751423302e-01
-4.0139034607e+02, -4.6414918540e-01
-4.1644947567e+02, +6.2807904427e+01
-4.2203163725e+02, -4.4751423302e-01
-4.2607544472e+02, -4.4471986057e-01
-4.3009458357e+02, -4.4206937493e-01
-4.3409030600e+02, -4.3955150204e-01
-4.3806376751e+02, -4.3715615673e-01
-4.4201603699e+02, -4.3487428622e-01
-4.4594810544e+02, -4.3269773817e-01
-4.4986089363e+02, -4.3061914874e-01
-4.5375525876e+02, -4.2863184730e-01
-4.5763200043e+02, -4.2672977479e-01
-4.6149186579e+02, -4.2490741355e-01
-4.6509823426e+02, +6.0405994458e+01
-4.7523248192e+02, +5.7923245635e+01
-4.4201603699e+02, -4.3487428622e-01
-4.6916372143e+02, -4.2148210625e-01
-4.7955418168e+02, +5.7821322990e+01
-4.8056107189e+02, -4.1682906507e-01
-4.8433295830e+02, -4.1539271221e-01
-4.8809206276e+02, -4.1400839868e-01
-4.9183884404e+02, -4.1267330431e-01
-4.9557373628e+02, -4.1138481440e-01
-4.9929715080e+02, -4.1014050091e-01
-5.0300947767e+02, -4.0893810579e-01
-5.0671108724e+02, -4.0777552599e-01
-5.1040233142e+02, -4.0665080017e-01
-5.1408354494e+02, -4.0556209668e-01
-5.1775504648e+02, -4.0450770282e-01
-5.2141713970e+02, -4.0348601514e-01
-5.2507011419e+02, -4.0249553068e-01
-5.3422887222e+02, +5.5838715196e+01
-5.3959617103e+02, -3.9881866133e-01
-4.9929715080e+02, -4.1014050091e-01
-5.3230189231e+02, +5.6276905295e+01
-5.3520154634e+02, +5.7052267364e+01
-5.4320746062e+02, -3.9796465260e-01
-5.4681111800e+02, -3.9713454519e-01
-5.5040735531e+02, -3.9632735491e-01
-5.5399637604e+02, -3.9554215176e-01
-5.5757837547e+02, -3.9477805621e-01
-5.6115354111e+02, -3.9403423575e-01
-5.6472205317e+02, -3.9330990174e-01
-5.6828408484e+02, -3.9260430652e-01
-5.7183980276e+02, -3.9191674070e-01
-5.7538936726e+02, -3.9124653076e-01
-5.7893293276e+02, -3.9059303674e-01
-5.8247064799e+02, -3.8995565014e-01
-5.8600265632e+02, -3.8933379198e-01
-5.8952909598e+02, -3.8872691105e-01
-5.9305010035e+02, -3.8813448216e-01
-5.9656579814e+02, -3.8755600467e-01
-6.0007631362e+02, -3.8699100103e-01
-6.0358176686e+02, -3.8643901542e-01
-6.0579982812e+02, +5.3779991350e+01
-6.1406889417e+02, -3.8485690949e-01
-6.1815089044e+02, +5.3932380742e+01
-6.3145630495e+02, -3.8244335100e-01
-5.9265238981e+02, +4.6593686308e+01
-6.1406889417e+02, -3.8485690949e-01
-6.2103702848e+02, -3.8385977765e-01
-6.2206101970e+02, +6.2908252079e+01
-6.3145630495e+02, -3.8244335100e-01
-6.3492098939e+02, -3.8199105235e-01
-6.3838161680e+02, -3.8154817413e-01
-6.4183827128e+02, -3.8111443365e-01
-6.4529103441e+02, -3.8068955947e-01
-6.4873998539e+02, -3.8027329081e-01
-6.5218520107e+02, -3.7986537708e-01
-6.5562675609e+02, -3.7946557730e-01
-6.5906472293e+02, -3.7907365972e-01
-6.6249917205e+02, -3.7868940134e-01
-6.6593017188e+02, -3.7831258748e-01
-6.6935778896e+02, -3.7794301144e-01
-6.7278208799e+02, -3.7758047407e-01
-6.7620313190e+02, -3.7722478349e-01
-6.7962098192e+02, -3.7687575471e-01
-6.8303569761e+02, -3.7653320932e-01
-6.8644733697e+02, -3.7619697525e-01
-6.8985595643e+02, -3.7586688642e-01
-6.9326161099e+02, -3.7554278253e-01
-6.9666435418e+02, -3.7522450879e-01
-7.0006423816e+02, -3.7491191566e-01
-7.0346131379e+02, -3.7460485870e-01
-7.0685563060e+02, -3.7430319826e-01
-7.1024723689e+02, -3.7400679936e-01
-7.1363617976e+02, -3.7371553143e-01
-7.1702250516e+02, -3.7342926819e-01
-7.2040625788e+02, -3.7314788743e-01
-7.2378748165e+02, -3.7287127088e-01
-7.2716621913e+02, -3.7259930401e-01
-7.3054251197e+02, -3.7233187594e-01
-7.3391640081e+02, -3.7206887923e-01
-7.2931902132e+02, +5.7230655550e+01
-7.4402403572e+02, -3.7130545236e-01
-7.4738869639e+02, -3.7105917173e-01
-7.5075114254e+02, -3.7081683292e-01
-7.5746953175e+02, -3.7034362653e-01
-7.6753136434e+02, -3.6966123411e-01
-8.1758414888e+02, -3.6667751701e-01
-7.3190619012e+02, +4.8576912975e+01
-7.5075114254e+02, -3.7081683292e-01
-7.5746953175e+02, -3.7034362653e-01
-7.6417947654e+02, -3.6988515061e-01
-7.6753136434e+02, -3.6966123411e-01
-7.7088123807e+02, -3.6944076192e-01
-7.7896636344e+02, +7.5795581671e+01
-7.8426120001e+02, -3.6859185325e-01
-7.8426120001e+02, -3.6859185325e-01
-7.8760145354e+02, -3.6838752313e-01
-7.9093986864e+02, -3.6818621936e-01
-7.9427647246e+02, -3.6798787887e-01
-7.9761129158e+02, -3.6779244034e-01
-8.0094435203e+02, -3.6759984407e-01
-8.0427567931e+02, -3.6741003198e-01
-8.0760529841e+02, -3.6722294755e-01
-8.1093323379e+02, -3.6703853573e-01
-8.1425950945e+02, -3.6685674295e-01
-8.1758414888e+02, -3.6667751701e-01
-8.2090717512e+02, -3.6650080709e-01
-8.2422861075e+02, -3.6632656367e-01
-8.2754847791e+02, -3.6615473851e-01
-8.3086679831e+02, -3.6598528458e-01
-8.3418359323e+02, -3.6581815606e-01
-8.3749888355e+02, -3.6565330828e-01
-8.4081268975e+02, -3.6549069768e-01
-8.4412503190e+02, -3.6533028179e-01
-8.4743592973e+02, -3.6517201918e-01
-8.5074540255e+02, -3.6501586945e-01
-8.5405346935e+02, -3.6486179317e-01
-8.5736014874e+02, -3.6470975189e-01
-8.6066545901e+02, -3.6455970805e-01
-8.6396941808e+02, -3.6441162504e-01
-8.6727204358e+02, -3.6426546708e-01
-8.7057335279e+02, -3.6412119925e-01
-8.7387336269e+02, -3.6397878747e-01
-8.7717208996e+02, -3.6383819844e-01
-8.8046955097e+02, -3.6369939964e-01
-8.8376576180e+02, -3.6356235930e-01
-8.8706073824e+02, -3.6342704638e-01
-8.9035449584e+02, -3.6329343057e-01
-8.9364704982e+02, -3.6316148223e-01
-8.9693841517e+02, -3.6303117240e-01
-9.0022860663e+02, -3.6290247275e-01
-9.0351763865e+02, -3.6277535563e-01
-9.0680552546e+02, -3.6264979397e-01
-9.1009228105e+02, -3.6252576130e-01
-9.1337791914e+02, -3.6240323175e-01
-9.1666245325e+02, -3.6228218001e-01
-9.1994589667e+02, -3.6216258133e-01
-9.2322826246e+02, -3.6204441148e-01
-9.2650956346e+02, -3.6192764675e-01
-9.2978981230e+02, -3.6181226397e-01
-9.3306902140e+02, -3.6169824044e-01
-9.3634720299e+02, -3.6158555395e-01
-9.3962436909e+02, -3.6147418274e-01
-9.4290053152e+02, -3.6136410554e-01
-9.4617570192e+02, -3.6125530151e-01
-9.4944989173e+02, -3.6114775024e-01
-9.5272311222e+02, -3.6104143174e-01
-9.5599537448e+02, -3.6093632644e-01
-9.5926668942e+02, -3.6083241518e-01
-9.6253706777e+02, -3.6072967917e-01
-9.6580652011e+02, -3.6062810002e-01
-9.6907505684e+02, -3.6052765970e-01
-9.7234268820e+02, -3.6042834054e-01
-9.7560942427e+02, -3.6033012524e-01
-9.7887527499e+02, -3.6023299684e-01
-9.8214025013e+02, -3.6013693870e-01
-9.8540435932e+02, -3.6004193452e-01
-9.8866761205e+02, -3.5994796833e-01
-9.9193001764e+02, -3.5985502445e-01
-9.9519158529e+02, -3.5976308753e-01
-9.9845232407e+02, -3.5967214249e-01
-1.0017122429e+03, -3.5958217457e-01
-1.0049713506e+03, -3.5949316928e-01
-1.0082296557e+03, -3.5940511240e-01
-1.0114871670e+03, -3.5931798998e-01
-1.0147438926e+03, -3.5923178835e-01
-1.0179998410e+03, -3.5914649408e-01
-1.0212550203e+03, -3.5906209401e-01
-1.0245094385e+03, -3.5897857521e-01
-1.0277631036e+03, -3.5889592501e-01
-1.0310160233e+03, -3.5881413094e-01
-1.0342682055e+03, -3.5873318080e-01
-1.0375196577e+03, -3.5865306258e-01
-1.0407703873e+03, -3.5857376452e-01
-1.0440204018e+03, -3.5849527505e-01
-1.0407703873e+03, -3.5857376452e-01
-1.0472697084e+03, -3.5841758282e-01
-1.0465316565e+03, +5.0271326265e+01
-1.0897236213e+03, +1.0518742397e+02
-1.0692628671e+03, +4.9981884816e+01
-1.0699956251e+03, -3.5789514845e-01
-1.0699956251e+03, -3.5789514845e-01
-1.0732395190e+03, -3.5782344919e-01
-1.0764827662e+03, -3.5775245372e-01
-1.0797253729e+03, -3.5768215253e-01
-1.0829673455e+03, -3.5761253630e-01
-1.0862086901e+03, -3.5754359587e-01
-1.0894494129e+03, -3.5747532222e-01
-1.0926895197e+03, -3.5740770650e-01
-1.0959290165e+03, -3.5734074001e-01
-1.1086207664e+03, +5.3909137962e+01
-1.1056439054e+03, -3.5714365100e-01
-1.1088810201e+03, -3.5707919726e-01
-1.1121175533e+03, -3.5701535137e-01
-1.1201431477e+03, +5.0346590576e+01
-1.1218237183e+03, -3.5682738285e-01
-1.1287204015e+03, +4.9635024466e+01
-1.1340578040e+03, +5.1409705599e+01
-1.1412210652e+03, -3.5646683626e-01
-1.1509125192e+03, -3.5629387664e-01
-1.1697545619e+03, +5.1768607076e+01
-1.2154093632e+03, -3.5525156525e-01
-1.0602599984e+03, -3.5811456640e-01
-1.0991679093e+03, -3.5727441418e-01
-1.1153535104e+03, -3.5695210547e-01
-1.1250579795e+03, -3.5676589104e-01
-1.1314750341e+03, +4.9799897341e+01
-1.1379895274e+03, -3.5652555019e-01
-1.1444520733e+03, -3.5640865713e-01
-1.1476825563e+03, -3.5635100611e-01
-1.1574560988e+03, +5.2793507107e+01
-1.1573709030e+03, -3.5618115663e-01
-1.1605993331e+03, -3.5612555347e-01
-1.1638272615e+03, -3.5607044663e-01
-1.1656503091e+03, +4.9328818550e+01
-1.1823355199e+03, +5.4958997496e+01
-1.1767340459e+03, -3.5585486264e-01
-1.1799595314e+03, -3.5580214834e-01
-1.1831845411e+03, -3.5574989537e-01
-1.1864090793e+03, -3.5569809822e-01
-1.1896331500e+03, -3.5564675144e-01
-1.1928567573e+03, -3.5559584969e-01
-1.1960799051e+03, -3.5554538770e-01
-1.1993025975e+03, -3.5549536027e-01
-1.2025248384e+03, -3.5544576228e-01
-1.2057466316e+03, -3.5539658871e-01
-1.2089679810e+03, -3.5534783460e-01
-1.2121888903e+03, -3.5529949505e-01
-1.2154093632e+03, -3.5525156525e-01
-1.2121888903e+03, -3.5529949505e-01
-1.2186294036e+03, -3.5520404047e-01
-1.2207931104e+03, +4.5741446884e+01
-1.2176633408e+03, +5.0079298763e+01
-1.1688036668e+03, +1.0516915260e+02
-1.2532695047e+03, +5.0831878879e+01
-1.2478956070e+03, +4.9230222068e+01
-1.2475908870e+03, -3.5479379405e-01
-1.2508067951e+03, -3.5475007335e-01
-1.2538809461e+03, +4.7201623721e+01
-1.2443745810e+03, -3.5483787600e-01
-1.2561745135e+03, +5.0974958151e+01
-1.2604521639e+03, -3.5462103860e-01
-1.2636665124e+03, -3.5457872306e-01
-1.2668804788e+03, -3.5453674915e-01
-1.2700940663e+03, -3.5449511310e-01
-1.2733072779e+03, -3.5445381121e-01
-1.2765201166e+03, -3.5441283982e-01
-1.2797325854e+03, -3.5437219533e-01
-1.2829446872e+03, -3.5433187419e-01
-1.2861564250e+03, -3.5429187290e-01
-1.2893678016e+03, -3.5425218799e-01
-1.2925788199e+03, -3.5421281606e-01
-1.2957894827e+03, -3.5417375375e-01
-1.2989997928e+03, -3.5413499775e-01
-1.3022097530e+03, -3.5409654478e-01
-1.3054193660e+03, -3.5405839162e-01
-1.3086286344e+03, -3.5402053509e-01
-1.3118375611e+03, -3.5398297205e-01
-1.3150461485e+03, -3.5394569939e-01
-1.3182543995e+03, -3.5390871408e-01
-1.3214623164e+03, -3.5387201309e-01
-1.3246699019e+03, -3.5383559345e-01
-1.3278771586e+03, -3.5379945222e-01
-1.3310840889e+03, -3.5376358652e-01
-1.3342906953e+03, -3.5372799348e-01
-1.3374969803e+03, -3.5369267029e-01
-1.3407029463e+03, -3.5365761416e-01
-1.3439085958e+03, -3.5362282235e-01
-1.3471139310e+03, -3.5358829214e-01
-1.3503189545e+03, -3.5355402087e-01
-1.3535236684e+03, -3.5352000590e-01
-1.3567280751e+03, -3.5348624462e-01
-1.3599321770e+03, -3.5345273446e-01
-1.3631359762e+03, -3.5341947288e-01
-1.3663394751e+03, -3.5338645737e-01
-1.3695426757e+03, -3.5335368546e-01
-1.3727455804e+03, -3.5332115472e-01
-1.3759481913e+03, -3.5328886272e-01
-1.3791505105e+03, -3.5325680710e-01
-1.3823525403e+03, -3.5322498549e-01
-1.3855542826e+03, -3.5319339558e-01
-1.3887557396e+03, -3.5316203508e-01
-1.3919569134e+03, -3.5313090172e-01
-1.3951578060e+03, -3.5309999328e-01
-1.3983584194e+03, -3.5306930755e-01
-1.4015587557e+03, -3.5303884234e-01
-1.4047588168e+03, -3.5300859551e-01
-1.4079586047e+03, -3.5297856493e-01
-1.4111581213e+03, -3.5294874851e-01
-1.4143573686e+03, -3.5291914416e-01
-1.4175563486e+03, -3.5288974986e-01
-1.4207550630e+03, -3.5286056356e-01
-1.4239535138e+03, -3.5283158328e-01
-1.4271517028e+03, -3.5280280704e-01
-1.4303496319e+03, -3.5277423290e-01
-1.4335473029e+03, -3.5274585892e-01
-1.4367447176e+03, -3.5271768322e-01
-1.4399418777e+03, -3.5268970390e-01
-1.4431387852e+03, -3.5266191911e-01
-1.4463354416e+03, -3.5263432702e-01
-1.4495318488e+03, -3.5260692581e-01
-1.4527280085e+03, -3.5257971371e-01
-1.4559239223e+03, -3.5255268892e-01
-1.4591195921e+03, -3.5252584972e-01
-1.4623150193e+03, -3.5249919437e-01
-1.4655102058e+03, -3.5247272116e-01
-1.4687051531e+03, -3.5244642840e-01
-1.4718998629e+03, -3.5242031444e-01
-1.4750943368e+03, -3.5239437762e-01
-1.4782885763e+03, -3.5236861632e-01
-1.4814825832e+03, -3.5234302892e-01
-1.4846763588e+03, -3.5231761383e-01
-1.4878699049e+03, -3.5229236949e-01
-1.4910632229e+03, -3.5226729434e-01
-1.4942563144e+03, -3.5224238683e-01
-1.4974491808e+03, -3.5221764547e-01
-1.5006418237e+03, -3.5219306874e-01
-1.5038342446e+03, -3.5216865515e-01
-1.5070264449e+03, -3.5214440326e-01
-1.5102184261e+03, -3.5212031159e-01
-1.5134101896e+03, -3.5209637873e-01
-1.5166017369e+03, -3.5207260325e-01
-1.5197930694e+03, -3.5204898375e-01
-1.5229841885e+03, -3.5202551885e-01
-1.5261750956e+03, -3.5200220717e-01
-1.5293657921e+03, -3.5197904737e-01
-1.5325562793e+03, -3.5195603810e-01
-1.5357465586e+03, -3.5193317804e-01
-1.5389366313e+03, -3.5191046588e-01
-1.5421264989e+03, -3.5188790033e-01
-1.5453161626e+03, -3.5186548010e-01
-1.5485056236e+03, -3.5184320393e-01
-1.5516948834e+03, -3.5182107057e-01
-1.5548839432e+03, -3.5179907878e-01
-1.5580728043e+03, -3.5177722732e-01
-1.5612614680e+03, -3.5175551500e-01
-1.5644499354e+03, -3.5173394061e-01
-1.5676382080e+03, -3.5171250297e-01
-1.5708262868e+03, -3.5169120091e-01
-1.5740141731e+03, -3.5167003326e-01
-1.5772018681e+03, -3.5164899888e-01
-1.5803893731e+03, -3.5162809664e-01
-1.5835766892e+03, -3.5160732541e-01
-1.5867638176e+03, -3.5158668408e-01
-1.5899507595e+03, -3.5156617155e-01
-1.5931375160e+03, -3.5154578675e-01
-1.5963240883e+03, -3.5152552858e-01
-1.5995104775e+03, -3.5150539599e-01
-1.6026966848e+03, -3.5148538793e-01
-1.6058827113e+03, -3.5146550336e-01
-1.6090685582e+03, -3.5144574124e-01
-1.6122542264e+03, -3.5142610056e-01
-1.6154397171e+03, -3.5140658030e-01
-1.6186250314e+03, -3.5138717948e-01
-1.6218101704e+03, -3.5136789710e-01
-1.6249951352e+03, -3.5134873218e-01
-1.6281799267e+03, -3.5132968377e-01
-1.6313645462e+03, -3.5131075089e-01
-1.6345489945e+03, -3.5129193261e-01
-1.6377332727e+03, -3.5127322799e-01
-1.6409173819e+03, -3.5125463610e-01
-1.6441013231e+03, -3.5123615603e-01
-1.6472850972e+03, -3.5121778686e-01
-1.6504687054e+03, -3.5119952770e-01
-1.6536521485e+03, -3.5118137765e-01
-1.6568354276e+03, -3.5116333584e-01
-1.6600185437e+03, -3.5114540139e-01
-1.6632014976e+03, -3.5112757345e-01
-1.6663842905e+03, -3.5110985116e-01
-1.6695669231e+03, -3.5109223366e-01
-1.6727493966e+03, -3.5107472014e-01
-1.6759317117e+03, -3.5105730975e-01
-1.6791138695e+03, -3.5104000168e-01
-1.6822958708e+03, -3.5102279511e-01
-1.6854777167e+03, -3.5100568925e-01
-1.6886594079e+03, -3.5098868329e-01
-1.6918409455e+03, -3.5097177645e-01
-1.6950223302e+03, -3.5095496796e-01
-1.6982035630e+03, -3.5093825703e-01
-1.7013846447e+03, -3.5092164290e-01
-1.7045655763e+03, -3.5090512482e-01
-1.7077463586e+03, -3.5088870204e-01
-1.7109269925e+03, -3.5087237382e-01
-1.7141074787e+03, -3.5085613941e-01
-1.7172878183e+03, -3.5083999810e-01
-1.7204680119e+03, -3.5082394917e-01
-1.7236480605e+03, -3.5080799189e-01
-1.7268279648e+03, -3.5079212557e-01
-1.7300077257e+03, -3.5077634950e-01
-1.7331873441e+03, -3.5076066299e-01
-1.7363668206e+03, -3.5074506537e-01
-1.7395461561e+03, -3.5072955593e-01
-1.7427253515e+03, -3.5071413403e-01
-1.7459044074e+03, -3.5069879898e-01
-1.7490833248e+03, -3.5068355013e-01
-1.7522621043e+03, -3.5066838683e-01
-1.7554407467e+03, -3.5065330842e-01
-1.7586192528e+03, -3.5063831428e-01
-1.7617976234e+03, -3.5062340375e-01
-1.7649758592e+03, -3.5060857622e-01
-1.7681539610e+03, -3.5059383106e-01
-1.7713319295e+03, -3.5057916765e-01
-1.7745097654e+03, -3.5056458539e-01
-1.7776874696e+03, -3.5055008366e-01
-1.7808650426e+03, -3.5053566188e-01
-1.7840424852e+03, -3.5052131943e-01
-1.7872197982e+03, -3.5050705574e-01
-1.7903969823e+03, -3.5049287023e-01
-1.7935740381e+03, -3.5047876231e-01
-1.7967509664e+03, -3.5046473141e-01
-1.7999277679e+03, -3.5045077697e-01
-1.8031044432e+03, -3.5043689842e-01
-1.8062809930e+03, -3.5042309522e-01
-1.8094574181e+03, -3.5040936680e-01
-1.8126337190e+03, -3.5039571262e-01
-1.8158098965e+03, -3.5038213215e-01
-1.8189859513e+03, -3.5036862484e-01
-1.8221618839e+03, -3.5035519016e-01
-1.8253376951e+03, -3.5034182759e-01
-1.8285133855e+03, -3.5032853660e-01
-1.8316889557e+03, -3.5031531669e-01
-1.8348644064e+03, -3.5030216733e-01
-1.8380397382e+03, -3.5028908802e-01
-1.8412149518e+03, -3.5027607826e-01
-1.8443900478e+03, -3.5026313755e-01
-1.8475650267e+03, -3.5025026540e-01
-1.8507398893e+03, -3.5023746131e-01
-1.8539146362e+03, -3.5022472480e-01
-1.8570892679e+03, -3.5021205540e-01
-1.8602637850e+03, -3.5019945262e-01
-1.8634381882e+03, -3.5018691599e-01
-1.8666124781e+03, -3.5017444505e-01
-1.8697866552e+03, -3.5016203933e-01
-1.8729607202e+03, -3.5014969838e-01
-1.8761346735e+03, -3.5013742173e-01
-1.8793085159e+03, -3.5012520894e-01
-1.8824822479e+03, -3.5011305956e-01
-1.8856558700e+03, -3.5010097315e-01
-1.8888293829e+03, -3.5008894926e-01
-1.8920027870e+03, -3.5007698747e-01
-1.8951760830e+03, -3.5006508733e-01
-1.8983492714e+03, -3.5005324843e-01
-1.9015223527e+03, -3.5004147033e-01
-1.9046953276e+03, -3.5002975262e-01
-1.9078681965e+03, -3.5001809488e-01
-1.9110409600e+03, -3.5000649670e-01
-1.9142136187e+03, -3.4999495767e-01
-1.9173861730e+03, -3.4998347738e-01
-1.9205586235e+03, -3.4997205543e-01
-1.9237309707e+03, -3.4996069142e-01
-1.9269032152e+03, -3.4994938495e-01
-1.9300753575e+03, -3.4993813564e-01
-1.9332473980e+03, -3.4992694309e-01
-1.9364193374e+03, -3.4991580692e-01
-1.9395911760e+03, -3.4990472675e-01
-1.9427629145e+03, -3.4989370219e-01
-1.9459345532e+03, -3.4988273288e-01
-1.9491060928e+03, -3.4987181844e-01
-1.9522775337e+03, -3.4986095849e-01
-1.9554488765e+03, -3.4985015268e-01
-1.9586201215e+03, -3.4983940064e-01
-1.9617912692e+03, -3.4982870202e-01
-1.9649623203e+03, -3.4981805645e-01
-1.9681332751e+03, -3.4980746357e-01
-1.9713041340e+03, -3.4979692305e-01
+2.6094489996e+02, -1.0209815928e+01
+2.5630802922e+02, -1.7668981620e+01
+2.5244464590e+02, -2.3659870971e+01
+2.4897980415e+02, -2.8867643172e+01
+2.4577111408e+02, -3.3556736599e+01
+2.4274559748e+02, -3.7864621484e+01
+2.3985970600e+02, -4.1874403131e+01
+2.3708489201e+02, -4.5641224305e+01
+2.3440119826e+02, -4.9204078041e+01
+2.3179400232e+02, -5.2591846764e+01
+2.2925219962e+02, -5.5826694235e+01
+2.2676711516e+02, -5.8926109451e+01
+2.2433181488e+02, -6.1904207525e+01
+2.2194065031e+02, -6.4772594799e+01
+2.1958894629e+02, -6.7540965251e+01
+2.1727278037e+02, -7.0217524225e+01
+2.1498882276e+02, -7.2809297279e+01
+2.1273421777e+02, -7.5322360296e+01
+2.1050649414e+02, -7.7762014240e+01
+2.0830349618e+02, -8.0132920119e+01
+2.0612333002e+02, -8.2439204774e+01
+2.0396432112e+02, -8.4684544900e+01
+2.0182498029e+02, -8.6872234584e+01
+1.9970397620e+02, -8.9005240162e+01
+1.9760011293e+02, -9.1086245226e+01
+1.9551231148e+02, -9.3117687869e+01
+1.9343959439e+02, -9.5101791755e+01
+1.9138107290e+02, -9.7040592239e+01
+1.8933593609e+02, -9.8935958463e+01
+1.8730344173e+02, -1.0078961218e+02
+1.8528290838e+02, -1.0260314389e+02
+1.8327370871e+02, -1.0437802669e+02
+1.8127526371e+02, -1.0611562836e+02
+1.7928703761e+02, -1.0781722175e+02
+1.7730853356e+02, -1.0948399396e+02
+1.7533928979e+02, -1.1111705434e+02
+1.7337887625e+02, -1.1271744156e+02
+1.7142689166e+02, -1.1428612983e+02
+1.6948296093e+02, -1.1582403447e+02
+1.6754673279e+02, -1.1733201681e+02
+1.6561787779e+02, -1.1881088857e+02
+1.6369608641e+02, -1.2026141586e+02
+1.6178106748e+02, -1.2168432266e+02
+1.5987254664e+02, -1.2308029405e+02
+1.5797026505e+02, -1.2444997903e+02
+1.5607397819e+02, -1.2579399318e+02
+1.5418345478e+02, -1.2711292097e+02
+1.5229847580e+02, -1.2840731795e+02
+1.5041883360e+02, -1.2967771264e+02
+1.4854433108e+02, -1.3092460839e+02
+1.4667478099e+02, -1.3214848494e+02
+1.4481000521e+02, -1.3334979994e+02
+1.4294983417e+02, -1.3452899034e+02
+1.4109410628e+02, -1.3568647360e+02
+1.3924266739e+02, -1.3682264892e+02
+1.3739537034e+02, -1.3793789822e+02
+1.3555207453e+02, -1.3903258720e+02
+1.3371264548e+02, -1.4010706622e+02
+1.3187695446e+02, -1.4116167115e+02
+1.3004487821e+02, -1.4219672417e+02
+1.2821629852e+02, -1.4321253445e+02
+1.2639110203e+02, -1.4420939890e+02
+1.2456917987e+02, -1.4518760274e+02
+1.2275042747e+02, -1.4614742009e+02
+1.2093474430e+02, -1.4708911458e+02
+1.1912203362e+02, -1.4801293977e+02
+1.1731220232e+02, -1.4891913970e+02
+1.1550516070e+02, -1.4980794930e+02
+1.1370082230e+02, -1.5067959483e+02
+1.1189910370e+02, -1.5153429427e+02
+1.1009992442e+02, -1.5237225765e+02
+1.0830320672e+02, -1.5319368746e+02
+1.0650887548e+02, -1.5399877894e+02
+1.0471685807e+02, -1.5478772037e+02
+1.0292708423e+02, -1.5556069339e+02
+1.0113948595e+02, -1.5631787326e+02
+9.9353997348e+01, -1.5705942912e+02
+9.7570554593e+01, -1.5778552423e+02
+9.5789095787e+01, -1.5849631616e+02
+9.4009560884e+01, -1.5919195708e+02
+9.2231891597e+01, -1.5987259391e+02
+9.0456031323e+01, -1.6053836852e+02
+8.8681925057e+01, -1.6118941793e+02
+8.6909519325e+01, -1.6182587444e+02
+8.5138762113e+01, -1.6244786587e+02
+8.3369602797e+01, -1.6305551562e+02
+8.1601992087e+01, -1.6364894290e+02
+7.9835881959e+01, -1.6422826282e+02
+7.8071225605e+01, -1.6479358653e+02
+7.6307977377e+01, -1.6534502136e+02
+7.4546092732e+01, -1.6588267092e+02
+7.2785528188e+01, -1.6640663523e+02
+7.1026241275e+01, -1.6691701083e+02
+6.9268190488e+01, -1.6741389084e+02
+6.7511335248e+01, -1.6789736512e+02
+6.5755635858e+01, -1.6836752030e+02
+6.4001053468e+01, -1.6882443994e+02
+6.2247550033e+01, -1.6926820452e+02
+6.0495088278e+01, -1.6969889160e+02
+5.8743631666e+01, -1.7011657587e+02
+5.6993144362e+01, -1.7052132919e+02
+5.5243591204e+01, -1.7091322071e+02
+5.3494937671e+01, -1.7129231688e+02
+5.1747149853e+01, -1.7165868157e+02
+5.0000194422e+01, -1.7201237608e+02
+4.8254038608e+01, -1.7235345922e+02
+4.6508650169e+01, -1.7268198734e+02
+4.4763997370e+01, -1.7299801441e+02
+4.3020048952e+01, -1.7330159205e+02
+4.1276774113e+01, -1.7359276957e+02
+3.9534142485e+01, -1.7387159402e+02
+3.7792124108e+01, -1.7413811024e+02
+3.6050689413e+01, -1.7439236088e+02
+3.4309809197e+01, -1.7463438643e+02
+3.2569454605e+01, -1.7486422528e+02
+3.0829597108e+01, -1.7508191373e+02
+2.9090208486e+01, -1.7528748604e+02
+2.7351260808e+01, -1.7548097442e+02
+2.5612726410e+01, -1.7566240910e+02
+2.3874577884e+01, -1.7583181833e+02
+2.2136788055e+01, -1.7598922841e+02
+2.0399329965e+01, -1.7613466371e+02
+1.8662176855e+01, -1.7626814667e+02
+1.6925302151e+01, -1.7638969785e+02
+1.5188679443e+01, -1.7649933594e+02
+1.3452282475e+01, -1.7659707774e+02
+1.1716085123e+01, -1.7668293822e+02
+9.9800613827e+00, -1.7675693051e+02
+8.2441853511e+00, -1.7681906589e+02
+6.5084312143e+00, -1.7686935384e+02
+4.7727732300e+00, -1.7690780203e+02
+3.0371857124e+00, -1.7693441629e+02
+1.3016430175e+00, -1.7694920068e+02
-4.3388047241e-01, -1.7695215744e+02
-2.1694103637e+00, -1.7694328703e+02
-3.9049722664e+00, -1.7692258810e+02
-5.6405918096e+00, -1.7689005750e+02
-7.3762946563e+00, -1.7684569028e+02
-9.1121065185e+00, -1.7678947968e+02
-1.0848053173e+01, -1.7672141714e+02
-1.2584160475e+01, -1.7664149229e+02
-1.4320454378e+01, -1.7654969290e+02
-1.6056960942e+01, -1.7644600494e+02
-1.7793706356e+01, -1.7633041252e+02
-1.9530716953e+01, -1.7620289790e+02
-2.1268019220e+01, -1.7606344146e+02
-2.3005639823e+01, -1.7591202170e+02
-2.4743605617e+01, -1.7574861521e+02
-2.6481943667e+01, -1.7557319666e+02
-2.8220681264e+01, -1.7538573878e+02
-2.9959845940e+01, -1.7518621234e+02
-3.1699465491e+01, -1.7497458612e+02
-3.3439567989e+01, -1.7475082688e+02
-3.5180181807e+01, -1.7451489934e+02
-3.6921335634e+01, -1.7426676618e+02
-3.8663058497e+01, -1.7400638795e+02
-4.0405379779e+01, -1.7373372307e+02
-4.2148329243e+01, -1.7344872783e+02
-4.3891937049e+01, -1.7315135627e+02
-4.5636233779e+01, -1.7284156022e+02
-4.7381250462e+01, -1.7251928923e+02
-4.9127018590e+01, -1.7218449049e+02
-5.0873570150e+01, -1.7183710887e+02
-5.2620937644e+01, -1.7147708677e+02
-5.4369154118e+01, -1.7110436416e+02
-5.6118253187e+01, -1.7071887846e+02
-5.7868269063e+01, -1.7032056451e+02
-5.9619236585e+01, -1.6990935453e+02
-6.1371191246e+01, -1.6948517801e+02
-6.3124169229e+01, -1.6904796169e+02
-6.4878207435e+01, -1.6859762946e+02
-6.6633343519e+01, -1.6813410230e+02
-6.8389615925e+01, -1.6765729821e+02
-7.0147063923e+01, -1.6716713209e+02
-7.1905727644e+01, -1.6666351572e+02
-7.3665648125e+01, -1.6614635762e+02
-7.5426867349e+01, -1.6561556296e+02
-7.7189428285e+01, -1.6507103349e+02
-7.8953374940e+01, -1.6451266740e+02
-8.0718752403e+01, -1.6394035924e+02
-8.2485606897e+01, -1.6335399978e+02
-8.4253985829e+01, -1.6275347590e+02
-8.6023937850e+01, -1.6213867048e+02
-8.7795512908e+01, -1.6150946220e+02
-8.9568762316e+01, -1.6086572550e+02
-9.1343738808e+01, -1.6020733032e+02
-9.3120496615e+01, -1.5953414203e+02
-9.4899091531e+01, -1.5884602119e+02
-9.6679580991e+01, -1.5814282345e+02
-9.8462024153e+01, -1.5742439929e+02
-1.0024648197e+02, -1.5669059386e+02
-1.0203301731e+02, -1.5594124676e+02
-1.0382169501e+02, -1.5517619183e+02
-1.0561258199e+02, -1.5439525690e+02
-1.0740574739e+02, -1.5359826357e+02
-1.0920126263e+02, -1.5278502689e+02
-1.1099920157e+02, -1.5195535514e+02
-1.1279964062e+02, -1.5110904950e+02
-1.1460265888e+02, -1.5024590376e+02
-1.1640833828e+02, -1.4936570395e+02
-1.1821676373e+02, -1.4846822800e+02
-1.2002802330e+02, -1.4755324536e+02
-1.2184220836e+02, -1.4662051662e+02
-1.2365941383e+02, -1.4566979301e+02
-1.2547973829e+02, -1.4470081601e+02
-1.2730328428e+02, -1.4371331682e+02
-1.2913015849e+02, -1.4270701582e+02
-1.3096047200e+02, -1.4168162203e+02
-1.3279434054e+02, -1.4063683250e+02
-1.3463188484e+02, -1.3957233163e+02
-1.3647323083e+02, -1.3848779050e+02
-1.3831851007e+02, -1.3738286609e+02
-1.4016786006e+02, -1.3625720049e+02
-1.4202142463e+02, -1.3511042000e+02
-1.4387935438e+02, -1.3394213418e+02
-1.4574180710e+02, -1.3275193485e+02
-1.4760894832e+02, -1.3153939496e+02
-1.4948095180e+02, -1.3030406737e+02
-1.5135800016e+02, -1.2904548355e+02
-1.5324028547e+02, -1.2776315217e+02
-1.5512801002e+02, -1.2645655749e+02
-1.5702138703e+02, -1.2512515772e+02
-1.5892064154e+02, -1.2376838311e+02
-1.6082601133e+02, -1.2238563390e+02
-1.6273774792e+02, -1.2097627813e+02
-1.6465611776e+02, -1.1953964907e+02
-1.6658140344e+02, -1.1807504260e+02
-1.6851390511e+02, -1.1658171408e+02
-1.7045394205e+02, -1.1505887506e+02
-1.7240185436e+02, -1.1350568954e+02
-1.7435800496e+02, -1.1192126976e+02
-1.7632278173e+02, -1.1030467163e+02
-1.7829659997e+02, -1.0865488943e+02
-1.8027990522e+02, -1.0697084999e+02
-1.8227317632e+02, -1.0525140601e+02
-1.8427692909e+02, -1.0349532858e+02
-1.8629172033e+02, -1.0170129862e+02
-1.8831815253e+02, -9.9867897076e+01
-1.9035687931e+02, -9.7993593770e+01
-1.9240861158e+02, -9.6076734441e+01
-1.9447412488e+02, -9.4115525810e+01
-1.9655426779e+02, -9.2108018173e+01
-1.9864997195e+02, -9.0052085014e+01
-2.0076226384e+02, -8.7945399005e+01
-2.0289227882e+02, -8.5785403540e+01
-2.0504127798e+02, -8.3569278752e+01
-2.0721066849e+02, -8.1293900617e+01
-2.0940202841e+02, -7.8955791317e+01
-2.1161713722e+02, -7.6551058452e+01
-2.1385801376e+02, -7.4075319816e+01
-2.1612696395e+02, -7.1523609265e+01
-2.1842664151e+02, -6.8890257438e+01
-2.2076012641e+02, -6.6168738479e+01
-2.2313102770e+02, -6.3351469955e+01
-2.2554362095e+02, -6.0429546948e+01
-2.2800303559e+02, -5.7392381362e+01
-2.3051551644e+02, -5.4227200949e+01
-2.7360881655e+02, +1.0238997801e+02
-2.3573266804e+02, -4.7446153418e+01
-3.3768784478e+02, +7.7236506124e+01
-2.4128723734e+02, -3.9902851929e+01
-2.8779104243e+02, +9.5235823762e+01
-2.9150244312e+02, +9.3503776481e+01
-2.9527885079e+02, +9.1805604844e+01
-2.9911873375e+02, +9.0146934031e+01
-3.0302146584e+02, +8.8533043783e+01
-3.0700778603e+02, +8.6972751792e+01
-3.0499839148e+02, +8.7744554681e+01
-3.0106192649e+02, +8.9334167459e+01
-2.9719074872e+02, +9.0971077876e+01
           NaN, -7.5768879881e+02
           NaN, -7.7840986812e+02
           NaN, -7.9815812813e+02
           NaN, -8.1697137737e+02
           NaN, -8.3488679428e+02
           NaN, -8.5194092632e+02
           NaN, -8.6816965659e+02
           NaN, -8.8360815473e+02
           NaN, -8.9829082367e+02
           NaN, -9.1225124556e+02
           NaN, -9.2552212705e+02
           NaN, -9.3813525513e+02
           NaN, -9.5012145402e+02
           NaN, -9.6151055289e+02
           NaN, -9.7233136078e+02
           NaN, -9.8261164719e+02
-1.9937696841e+02, +1.4602762959e+02
-1.9698573624e+02, +1.4739769727e+02
-1.9461242417e+02, +1.4874695364e+02
-1.9225625758e+02, +1.5007560164e+02
-1.8991650510e+02, +1.5138385069e+02
-1.8759247580e+02, +1.5267191495e+02
-1.8528351644e+02, +1.5394001183e+02
-1.8298900903e+02, +1.5518836065e+02
-1.8070836848e+02, +1.5641718160e+02
-1.7844104043e+02, +1.5762669483e+02
-1.7618649932e+02, +1.5881711966e+02
-1.7394424646e+02, +1.5998867396e+02
-1.7171380834e+02, +1.6114157359e+02
-1.6949473504e+02, +1.6227603196e+02
-1.6728659874e+02, +1.6339225968e+02
-1.6508899232e+02, +1.6449046422e+02
-1.6290152810e+02, +1.6557084972e+02
-1.6072383667e+02, +1.6663361675e+02
-1.5855556574e+02, +1.6767896217e+02
-1.5639637914e+02, +1.6870707904e+02
-1.5424595588e+02, +1.6971815649e+02
-1.5210398920e+02, +1.7071237971e+02
           NaN, -1.1188498582e+03
           NaN, -1.1219783297e+03
           NaN, -1.1249653105e+03
-1.4361500797e+02, +1.7452429355e+02
-1.4151116741e+02, +1.7543688297e+02
-1.3941419983e+02, +1.7633364511e+02
-1.3732387801e+02, +1.7721473725e+02
           NaN, -1.1380216590e+03
           NaN, -1.1403007101e+03
           NaN, -1.1424819338e+03
           NaN, -1.1445702521e+03
           NaN, -1.1465703117e+03
           NaN, -1.1484864987e+03
           NaN, -1.1503229556e+03
           NaN, -1.1520835934e+03
           NaN, -1.1537721049e+03
           NaN, -1.1553919781e+03
           NaN, -1.1569465085e+03
           NaN, -1.1584388078e+03
           NaN, -1.1598718177e+03
           NaN, -1.1612483170e+03
           NaN, -1.1625709331e+03
           NaN, -1.1638421492e+03
           NaN, -1.1650643138e+03
           NaN, -1.1662396471e+03
           NaN, -1.1673702511e+03
           NaN, -1.1684581143e+03
           NaN, -1.1695051175e+03
           NaN, -1.1705130434e+03
           NaN, -1.1714835781e+03
           NaN, -1.1724183217e+03
           NaN, -1.1733187881e+03
           NaN, -1.1741864139e+03
           NaN, -1.1750225601e+03
           NaN, -1.1758285192e+03
           NaN, -1.1766055175e+03
           NaN, -1.1773547194e+03
           NaN, -1.1780772297e+03
           NaN, -1.1787740998e+03
           NaN, -1.1794463278e+03
           NaN, -1.1800948654e+03
           NaN, -1.1807206151e+03
           NaN, -1.1813244386e+03
           NaN, -1.1819071559e+03
           NaN, -1.1824695491e+03
           NaN, -1.1830123630e+03
           NaN, -1.1835363098e+03
           NaN, -1.1840420683e+03
           NaN, -1.1845302876e+03
           NaN, -1.1850015882e+03
           NaN, -1.1854565647e+03
           NaN, -1.1858957845e+03
           NaN, -1.1863197925e+03
           NaN, -1.1867291115e+03
           NaN, -1.1871242418e+03
           NaN, -1.1875056646e+03
           NaN, -1.1878738421e+03
           NaN, -1.1882292190e+03
           NaN, -1.1885722221e+03
           NaN, -1.1889032645e+03
           NaN, -1.1892227425e+03
           NaN, -1.1895310382e+03
           NaN, -1.1898285224e+03
           NaN, -1.1901155511e+03
           NaN, -1.1903924692e+03
           NaN, -1.1906596101e+03
           NaN, -1.1909172969e+03
           NaN, -1.1911658412e+03
           NaN, -1.1914055453e+03
           NaN, -1.1916367044e+03
           NaN, -1.1918595999e+03
           NaN, -1.1920745097e+03
           NaN, -1.1922817008e+03
           NaN, -1.1924814311e+03
           NaN, -1.1926739531e+03
           NaN, -1.1928595109e+03
           NaN, -1.1930383403e+03
           NaN, -1.1932106709e+03
           NaN, -1.1933767250e+03
           NaN, -1.1935367158e+03
           NaN, -1.1936908528e+03
           NaN, -1.1938393354e+03
           NaN, -1.1939823567e+03
           NaN, -1.1941201021e+03
           NaN, -1.1942527500e+03
           NaN, -1.1943804699e+03
           NaN, -1.1945034252e+03
           NaN, -1.1946217682e+03
           NaN, -1.1947356455e+03
           NaN, -1.1948451919e+03
           NaN, -1.1949505339e+03
           NaN, -1.1950517883e+03
           NaN, -1.1951490609e+03
           NaN, -1.1952424449e+03
           NaN, -1.1953320230e+03
           NaN, -1.1954178640e+03
           NaN, -1.1955000247e+03
           NaN, -1.1955785437e+03
           NaN, -1.1956534481e+03
           NaN, -1.1957247452e+03
           NaN, -1.1957924256e+03
           NaN, -1.1958564601e+03
           NaN, -1.1959167979e+03
           NaN, -1.1959733672e+03
           NaN, -1.1960260709e+03
           NaN, -1.1960747854e+03
           NaN, -1.1961193620e+03
           NaN, -1.1961596181e+03
           NaN, -1.1961953417e+03
           NaN, -1.1962262845e+03
           NaN, -1.1962521610e+03
           NaN, -1.1962726443e+03
           NaN, -1.1962873652e+03
           NaN, -1.1962959088e+03
           NaN, -1.1962978061e+03
           NaN, -1.1962925368e+03
           NaN, -1.1962795221e+03
           NaN, -1.1962581187e+03
           NaN, -1.1962276151e+03
           NaN, -1.1961872305e+03
           NaN, -1.1961361030e+03
           NaN, -1.1960732865e+03
           NaN, -1.1959977450e+03
           NaN, -1.1959083452e+03
           NaN, -1.1958038490e+03
           NaN, -1.1956829056e+03
           NaN, -1.1955440433e+03
           NaN, -1.1953856611e+03
           NaN, -1.1952060186e+03
           NaN, -1.1950032246e+03
           NaN, -1.1947752279e+03
           NaN, -1.1945198051e+03
           NaN, -1.1942345482e+03
           NaN, -1.1939168486e+03
           NaN, -1.1935638870e+03
           NaN, -1.1931726150e+03
           NaN, -1.1927397397e+03
           NaN, -1.1922617075e+03
           NaN, -1.1917346824e+03
           NaN, -1.1911545300e+03
           NaN, -1.1905167943e+03
           NaN, -1.1898166773e+03
           NaN, -1.1890490120e+03
           NaN, -1.1882082424e+03
           NaN, -1.1872883927e+03
           NaN, -1.1862830433e+03
           NaN, -1.1851852977e+03
           NaN, -1.1839877548e+03
           NaN, -1.1826824763e+03
           NaN, -1.1812609499e+03
           NaN, -1.1797140582e+03
           NaN, -1.1780320400e+03
           NaN, -1.1762044511e+03
           NaN, -1.1742201271e+03
           NaN, -1.1720671426e+03
           NaN, -1.1697327677e+03
           NaN, -1.1672034298e+03
           NaN, -1.1644646671e+03
           NaN, -1.1615010890e+03
           NaN, -1.1582963320e+03
           NaN, -1.1548330187e+03
           NaN, -1.1510927175e+03
           NaN, -1.1470559049e+03
           NaN, -1.1427019288e+03
           NaN, -1.1380089788e+03
           NaN, -1.1329540551e+03
           NaN, -1.1275129505e+03
           NaN, -1.1216602332e+03
           NaN, -1.1153692394e+03
           NaN, -1.1086120778e+03
           NaN, -1.1013596407e+03
           NaN, -1.0935816331e+03
           NaN, -1.0852466093e+03
           NaN, -1.0763220322e+03
           NaN, -1.0667743457e+03
           NaN, -1.0565690681e+03
-2.6398048890e+02, -5.1599946482e+00
-2.5848381661e+02, -1.4206298367e+01
-2.5431246865e+02, -2.0788215057e+01
-2.5067374912e+02, -2.6340666796e+01
-2.4734895686e+02, -3.1266673758e+01
-2.4423864261e+02, -3.5752278278e+01
-2.4128723734e+02, -3.9902851929e+01
-2.3845981523e+02, -4.3785456598e+01
-2.3573266804e+02, -4.7446153418e+01
-2.3308879928e+02, -5.0918333939e+01
-2.3051551644e+02, -5.4227200949e+01
-2.2800303559e+02, -5.7392381362e+01
-2.2554362095e+02, -6.0429546948e+01
-2.2313102770e+02, -6.3351469955e+01
-2.2076012641e+02, -6.6168738479e+01
-2.1842664151e+02, -6.8890257438e+01
-2.1612696395e+02, -7.1523609265e+01
-2.1385801376e+02, -7.4075319816e+01
-2.1161713722e+02, -7.6551058452e+01
-2.0940202841e+02, -7.8955791317e+01
-2.0721066849e+02, -8.1293900617e+01
-2.0504127798e+02, -8.3569278752e+01
-2.0289227882e+02, -8.5785403540e+01
-2.0076226384e+02, -8.7945399005e+01
-1.9864997195e+02, -9.0052085014e+01
-1.9655426779e+02, -9.2108018173e+01
-1.9447412488e+02, -9.4115525810e+01
-1.9240861158e+02, -9.6076734441e+01
-1.9035687931e+02, -9.7993593770e+01
-1.8831815253e+02, -9.9867897076e+01
-1.8629172033e+02, -1.0170129862e+02
-1.8427692909e+02, -1.0349532858e+02
-1.8227317632e+02, -1.0525140601e+02
-1.8027990522e+02, -1.0697084999e+02
-1.7829659997e+02, -1.0865488943e+02
-1.7632278173e+02, -1.1030467163e+02
-1.7435800496e+02, -1.1192126976e+02
-1.7240185436e+02, -1.1350568954e+02
-1.7045394205e+02, -1.1505887506e+02
-1.6851390511e+02, -1.1658171408e+02
-1.6658140344e+02, -1.1807504260e+02
-1.6465611776e+02, -1.1953964907e+02
-1.6273774792e+02, -1.2097627813e+02
-1.6082601133e+02, -1.2238563390e+02
-1.5892064154e+02, -1.2376838311e+02
-1.5702138703e+02, -1.2512515772e+02
-1.5512801002e+02, -1.2645655749e+02
-1.5324028547e+02, -1.2776315217e+02
-1.5135800016e+02, -1.2904548355e+02
-1.4948095180e+02, -1.3030406737e+02
-1.4760894832e+02, -1.3153939496e+02
-1.4574180710e+02, -1.3275193485e+02
-1.4387935438e+02, -1.3394213418e+02
-1.4202142463e+02, -1.3511042000e+02
-1.4016786006e+02, -1.3625720049e+02
-1.3831851007e+02, -1.3738286609e+02
-1.3647323083e+02, -1.3848779050e+02
-1.3463188484e+02, -1.3957233163e+02
-1.3279434054e+02, -1.4063683250e+02
-1.3096047200e+02, -1.4168162203e+02
-1.2913015849e+02, -1.4270701582e+02
-1.2730328428e+02, -1.4371331682e+02
-1.2547973829e+02, -1.4470081601e+02
-1.2365941383e+02, -1.4566979301e+02
-1.2184220836e+02, -1.4662051662e+02
-1.2002802330e+02, -1.4755324536e+02
-1.1821676373e+02, -1.4846822800e+02
-1.1640833828e+02, -1.4936570395e+02
-1.1460265888e+02, -1.5024590376e+02
-1.1279964062e+02, -1.5110904950e+02
-1.1099920157e+02, -1.5195535514e+02
-1.0920126263e+02, -1.5278502689e+02
-1.0740574739e+02, -1.5359826357e+02
-1.0561258199e+02, -1.5439525690e+02
-1.0382169501e+02, -1.5517619183e+02
-1.0203301731e+02, -1.5594124676e+02
-1.0024648197e+02, -1.5669059386e+02
-9.8462024153e+01, -1.5742439929e+02
-9.6679580991e+01, -1.5814282345e+02
-9.4899091531e+01, -1.5884602119e+02
-9.3120496615e+01, -1.5953414203e+02
-9.1343738808e+01, -1.6020733032e+02
-8.9568762316e+01, -1.6086572550e+02
-8.7795512908e+01, -1.6150946220e+02
-8.6023937850e+01, -1.6213867048e+02
-8.4253985829e+01, -1.6275347590e+02
-8.2485606897e+01, -1.6335399978e+02
-8.0718752403e+01, -1.6394035924e+02
-7.8953374940e+01, -1.6451266740e+02
-7.7189428285e+01, -1.6507103349e+02
-7.5426867349e+01, -1.6561556296e+02
-7.3665648125e+01, -1.6614635762e+02
-7.1905727644e+01, -1.6666351572e+02
-7.0147063923e+01, -1.6716713209e+02
-6.8389615925e+01, -1.6765729821e+02
-6.6633343519e+01, -1.6813410230e+02
-6.4878207435e+01, -1.6859762946e+02
-6.3124169229e+01, -1.6904796169e+02
-6.1371191246e+01, -1.6948517801e+02
-5.9619236585e+01, -1.6990935453e+02
-5.7868269063e+01, -1.7032056451e+02
-5.6118253187e+01, -1.7071887846e+02
-5.4369154118e+01, -1.7110436416e+02
-5.2620937644e+01, -1.7147708677e+02
-5.0873570150e+01, -1.7183710887e+02
-4.9127018590e+01, -1.7218449049e+02
-4.7381250462e+01, -1.7251928923e+02
-4.5636233779e+01, -1.7284156022e+02
-4.3891937049e+01, -1.7315135627e+02
-4.2148329243e+01, -1.7344872783e+02
-4.0405379779e+01, -1.7373372307e+02
-3.8663058497e+01, -1.7400638795e+02
-3.6921335634e+01, -1.7426676618e+02
-3.5180181807e+01, -1.7451489934e+02
-3.3439567989e+01, -1.7475082688e+02
-3.1699465491e+01, -1.7497458612e+02
-2.9959845940e+01, -1.7518621234e+02
-2.8220681264e+01, -1.7538573878e+02
-2.6481943667e+01, -1.7557319666e+02
-2.4743605617e+01, -1.7574861521e+02
-2.3005639823e+01, -1.7591202170e+02
-2.1268019220e+01, -1.7606344146e+02
-1.9530716953e+01, -1.7620289790e+02
-1.7793706356e+01, -1.7633041252e+02
-1.6056960942e+01, -1.7644600494e+02
-1.4320454378e+01, -1.7654969290e+02
-1.2584160475e+01, -1.7664149229e+02
-1.0848053173e+01, -1.7672141714e+02
-9.1121065185e+00, -1.7678947968e+02
-7.3762946563e+00, -1.7684569028e+02
-5.6405918096e+00, -1.7689005750e+02
-3.9049722664e+00, -1.7692258810e+02
-2.1694103637e+00, -1.7694328703e+02
-4.3388047241e-01, -1.7695215744e+02
+1.3016430175e+00, -1.7694920068e+02
+3.0371857124e+00, -1.7693441629e+02
+4.7727732300e+00, -1.7690780203e+02
+6.5084312143e+00, -1.7686935384e+02
+8.2441853511e+00, -1.7681906589e+02
+9.9800613827e+00, -1.7675693051e+02
+1.1716085123e+01, -1.7668293822e+02
+1.3452282475e+01, -1.7659707774e+02
+1.5188679443e+01, -1.7649933594e+02
+1.6925302151e+01, -1.7638969785e+02
+1.8662176855e+01, -1.7626814667e+02
+2.0399329965e+01, -1.7613466371e+02
+2.2136788055e+01, -1.7598922841e+02
+2.3874577884e+01, -1.7583181833e+02
+2.5612726410e+01, -1.7566240910e+02
+2.7351260808e+01, -1.7548097442e+02
+2.9090208486e+01, -1.7528748604e+02
+3.0829597108e+01, -1.7508191373e+02
+3.2569454605e+01, -1.7486422528e+02
+3.4309809197e+01, -1.7463438643e+02
+3.6050689413e+01, -1.7439236088e+02
+3.7792124108e+01, -1.7413811024e+02
+3.9534142485e+01, -1.7387159402e+02
+4.1276774113e+01, -1.7359276957e+02
+4.3020048952e+01, -1.7330159205e+02
+4.4763997370e+01, -1.7299801441e+02
+4.6508650169e+01, -1.7268198734e+02
+4.8254038608e+01, -1.7235345922e+02
+5.0000194422e+01, -1.7201237608e+02
+5.1747149853e+01, -1.7165868157e+02
+5.3494937671e+01, -1.7129231688e+02
+5.5243591204e+01, -1.7091322071e+02
+5.6993144362e+01, -1.7052132919e+02
+5.8743631666e+01, -1.7011657587e+02
+6.0495088278e+01, -1.6969889160e+02
+6.2247550033e+01, -1.6926820452e+02
+6.4001053468e+01, -1.6882443994e+02
+6.5755635858e+01, -1.6836752030e+02
+6.7511335248e+01, -1.6789736512e+02
+6.9268190488e+01, -1.6741389084e+02
+7.1026241275e+01, -1.6691701083e+02
+7.2785528188e+01, -1.6640663523e+02
+7.4546092732e+01, -1.6588267092e+02
+7.6307977377e+01, -1.6534502136e+02
+7.8071225605e+01, -1.6479358653e+02
+7.9835881959e+01, -1.6422826282e+02
+8.1601992087e+01, -1.6364894290e+02
+8.3369602797e+01, -1.6305551562e+02
+8.5138762113e+01, -1.6244786587e+02
+8.6909519325e+01, -1.6182587444e+02
+8.8681925057e+01, -1.6118941793e+02
+9.0456031323e+01, -1.6053836852e+02
+9.2231891597e+01, -1.5987259391e+02
+9.4009560884e+01, -1.5919195708e+02
+9.5789095787e+01, -1.5849631616e+02
+9.7570554593e+01, -1.5778552423e+02
+9.9353997348e+01, -1.5705942912e+02
+1.0113948595e+02, -1.5631787326e+02
+1.0292708423e+02, -1.5556069339e+02
+1.0471685807e+02, -1.5478772037e+02
+1.0650887548e+02, -1.5399877894e+02
+1.0830320672e+02, -1.5319368746e+02
+1.1009992442e+02, -1.5237225765e+02
+1.1189910370e+02, -1.5153429427e+02
+1.1370082230e+02, -1.5067959483e+02
+1.1550516070e+02, -1.4980794930e+02
+1.1731220232e+02, -1.4891913970e+02
+1.1912203362e+02, -1.4801293977e+02
+1.2093474430e+02, -1.4708911458e+02
+1.2275042747e+02, -1.4614742009e+02
+1.2456917987e+02, -1.4518760274e+02
+1.2639110203e+02, -1.4420939890e+02
+1.2821629852e+02, -1.4321253445e+02
+1.3004487821e+02, -1.4219672417e+02
+1.3187695446e+02, -1.4116167115e+02
+1.3371264548e+02, -1.4010706622e+02
+1.3555207453e+02, -1.3903258720e+02
+1.3739537034e+02, -1.3793789822e+02
+1.3924266739e+02, -1.3682264892e+02
+1.4109410628e+02, -1.3568647360e+02
+1.4294983417e+02, -1.3452899034e+02
+1.4481000521e+02, -1.3334979994e+02
+1.4667478099e+02, -1.3214848494e+02
+1.4854433108e+02, -1.3092460839e+02
+1.5041883360e+02, -1.2967771264e+02
+1.5229847580e+02, -1.2840731795e+02
+1.5418345478e+02, -1.2711292097e+02
+1.5607397819e+02, -1.2579399318e+02
+1.5797026505e+02, -1.2444997903e+02
+1.5987254664e+02, -1.2308029405e+02
+1.6178106748e+02, -1.2168432266e+02
+1.6369608641e+02, -1.2026141586e+02
+1.6561787779e+02, -1.1881088857e+02
+1.6754673279e+02, -1.1733201681e+02
+1.6948296093e+02, -1.1582403447e+02
+1.7142689166e+02, -1.1428612983e+02
+1.7337887625e+02, -1.1271744156e+02
+1.7533928979e+02, -1.1111705434e+02
+1.7730853356e+02, -1.0948399396e+02
+1.7928703761e+02, -1.0781722175e+02
+1.8127526371e+02, -1.0611562836e+02
+1.8327370871e+02, -1.0437802669e+02
+1.8528290838e+02, -1.0260314389e+02
+1.8730344173e+02, -1.0078961218e+02
+1.8933593609e+02, -9.8935958463e+01
+1.9138107290e+02, -9.7040592239e+01
+1.9343959439e+02, -9.5101791755e+01
+1.9551231148e+02, -9.3117687869e+01
+1.9760011293e+02, -9.1086245226e+01
+1.9970397620e+02, -8.9005240162e+01
+2.0182498029e+02, -8.6872234584e+01
+2.0396432112e+02, -8.4684544900e+01
+2.0612333002e+02, -8.2439204774e+01
+2.0830349618e+02, -8.0132920119e+01
+2.1050649414e+02, -7.7762014240e+01
+2.1273421777e+02, -7.5322360296e+01
+2.1498882276e+02, -7.2809297279e+01
+2.1727278037e+02, -7.0217524225e+01
+2.1958894629e+02, -6.7540965251e+01
+2.2194065031e+02, -6.4772594799e+01
+2.2433181488e+02, -6.1904207525e+01
+2.2676711516e+02, -5.8926109451e+01
+2.2925219962e+02, -5.5826694235e+01
+2.7190997847e+02, +1.0329873180e+02
+2.7532380279e+02, +1.0148300230e+02
+3.3977229812e+02, +7.6706153112e+01
+3.3560511984e+02, +7.7781533375e+01
+2.8596009940e+02, +9.6112758338e+01
+2.8963853204e+02, +9.4365923747e+01
+2.9338261329e+02, +9.2650099695e+01
+2.9719095113e+02, +9.0970990434e+01
+3.0106213219e+02, +8.9334082384e+01
+3.0499860104e+02, +8.7744472252e+01
+2.3708489201e+02, -4.5641224305e+01
+3.0302125842e+02, +8.8533127580e+01
+2.9527865004e+02, +9.1805693368e+01
           NaN, -7.4695147291e+02
           NaN, -7.6817332180e+02
           NaN, -7.8840322226e+02
           NaN, -8.0767929087e+02
           NaN, -8.2603901553e+02
           NaN, -8.4351926229e+02
           NaN, -8.6015625139e+02
           NaN, -8.7598551580e+02
           NaN, -8.9104184920e+02
           NaN, -9.0535925024e+02
           NaN, -9.1897087016e+02
           NaN, -9.3190896072e+02
           NaN, -9.4420483286e+02
           NaN, -9.5588881631e+02
           NaN, -9.6699023311e+02
+2.0299922625e+02, +1.4393308468e+02
           NaN, -9.8755748655e+02
+1.9817906213e+02, +1.4671527722e+02
+1.9579688966e+02, +1.4807491436e+02
+1.9343224438e+02, +1.4941384073e+02
+1.9108437367e+02, +1.5073226274e+02
+1.8875256673e+02, +1.5203039239e+02
+1.8643615180e+02, +1.5330844564e+02
+1.8413449356e+02, +1.5456664099e+02
+1.8184699074e+02, +1.5580519833e+02
+1.7957307389e+02, +1.5702433794e+02
+1.7731220329e+02, +1.5822427964e+02
+1.7506386702e+02, +1.5940524208e+02
+1.7282757921e+02, +1.6056744221e+02
+1.7060287833e+02, +1.6171109470e+02
+1.6838932568e+02, +1.6283641161e+02
+1.6618650396e+02, +1.6394360201e+02
+1.6399401594e+02, +1.6503287173e+02
+1.6181148319e+02, +1.6610442315e+02
+1.5963854502e+02, +1.6715845500e+02
+1.5747485731e+02, +1.6819516226e+02
+1.5532009159e+02, +1.6921473603e+02
+1.5317393410e+02, +1.7021736347e+02
           NaN, -1.1172301451e+03
+1.4890625716e+02, +1.7217250808e+02
           NaN, -1.1234890362e+03
           NaN, -1.1264080595e+03
           NaN, -1.1291964821e+03
+1.4046183892e+02, +1.7588723253e+02
+1.3836822205e+02, +1.7677614025e+02
+1.3628114071e+02, +1.7764945517e+02
           NaN, -1.1391737317e+03
           NaN, -1.1414032361e+03
           NaN, -1.1435374089e+03
           NaN, -1.1455810342e+03
           NaN, -1.1475386250e+03
           NaN, -1.1494144437e+03
           NaN, -1.1512125161e+03
           NaN, -1.1529366424e+03
           NaN, -1.1545904107e+03
           NaN, -1.1561772126e+03
           NaN, -1.1577002492e+03
           NaN, -1.1591625469e+03
           NaN, -1.1605669637e+03
           NaN, -1.1619162021e+03
           NaN, -1.1632128166e+03
           NaN, -1.1644592210e+03
           NaN, -1.1656577001e+03
           NaN, -1.1668104137e+03
           NaN, -1.1679194056e+03
           NaN, -1.1689866097e+03
           NaN, -1.1700138576e+03
           NaN, -1.1710028830e+03
           NaN, -1.1719553274e+03
           NaN, -1.1728727481e+03
           NaN, -1.1737566196e+03
           NaN, -1.1746083396e+03
           NaN, -1.1754292351e+03
           NaN, -1.1762205646e+03
           NaN, -1.1769835230e+03
           NaN, -1.1777192435e+03
           NaN, -1.1784288062e+03
           NaN, -1.1791132337e+03
           NaN, -1.1797735004e+03
           NaN, -1.1804105337e+03
           NaN, -1.1810252154e+03
           NaN, -1.1816183860e+03
           NaN, -1.1821908460e+03
           NaN, -1.1827433583e+03
           NaN, -1.1832766517e+03
           NaN, -1.1837914215e+03
           NaN, -1.1842883307e+03
           NaN, -1.1847680147e+03
           NaN, -1.1852310809e+03
           NaN, -1.1856781093e+03
           NaN, -1.1861096571e+03
           NaN, -1.1865262566e+03
           NaN, -1.1869284194e+03
           NaN, -1.1873166372e+03
           NaN, -1.1876913812e+03
           NaN, -1.1880531036e+03
           NaN, -1.1884022411e+03
           NaN, -1.1887392134e+03
           NaN, -1.1890644249e+03
           NaN, -1.1893782644e+03
           NaN, -1.1896811093e+03
           NaN, -1.1899733217e+03
           NaN, -1.1902552529e+03
           NaN, -1.1905272414e+03
           NaN, -1.1907896157e+03
           NaN, -1.1910426922e+03
           NaN, -1.1912867793e+03
           NaN, -1.1915221751e+03
           NaN, -1.1917491672e+03
           NaN, -1.1919680365e+03
           NaN, -1.1921790536e+03
           NaN, -1.1923824821e+03
           NaN, -1.1925785778e+03
           NaN, -1.1927675874e+03
           NaN, -1.1929497524e+03
           NaN, -1.1931253040e+03
           NaN, -1.1932944691e+03
           NaN, -1.1934574651e+03
           NaN, -1.1936145033e+03
           NaN, -1.1937657886e+03
           NaN, -1.1939115172e+03
           NaN, -1.1940518772e+03
           NaN, -1.1941870521e+03
           NaN, -1.1943172157e+03
           NaN, -1.1944425333e+03
           NaN, -1.1945631639e+03
           NaN, -1.1946792562e+03
           NaN, -1.1947909517e+03
           NaN, -1.1948983807e+03
           NaN, -1.1950016649e+03
           NaN, -1.1951009163e+03
           NaN, -1.1951962331e+03
           NaN, -1.1952877052e+03
           NaN, -1.1953754070e+03
           NaN, -1.1954594011e+03
           NaN, -1.1955397369e+03
           NaN, -1.1956164469e+03
           NaN, -1.1956895479e+03
           NaN, -1.1957590392e+03
           NaN, -1.1958249014e+03
           NaN, -1.1958870952e+03
           NaN, -1.1959455594e+03
           NaN, -1.1960002094e+03
           NaN, -1.1960509352e+03
           NaN, -1.1960976013e+03
           NaN, -1.1961400424e+03
           NaN, -1.1961780613e+03
           NaN, -1.1962114274e+03
           NaN, -1.1962398750e+03
           NaN, -1.1962630984e+03
           NaN, -1.1962807499e+03
           NaN, -1.1962924369e+03
           NaN, -1.1962977190e+03
           NaN, -1.1962961019e+03
           NaN, -1.1962870365e+03
           NaN, -1.1962699113e+03
           NaN, -1.1962440512e+03
           NaN, -1.1962087102e+03
           NaN, -1.1961630672e+03
           NaN, -1.1961062185e+03
           NaN, -1.1960371748e+03
           NaN, -1.1959548526e+03
           NaN, -1.1958580659e+03
           NaN, -1.1957455219e+03
           NaN, -1.1956158111e+03
           NaN, -1.1954673981e+03
           NaN, -1.1952986119e+03
           NaN, -1.1951076394e+03
           NaN, -1.1948925115e+03
           NaN, -1.1946510910e+03
           NaN, -1.1943810642e+03
           NaN, -1.1940799246e+03
           NaN, -1.1937449606e+03
           NaN, -1.1933732398e+03
           NaN, -1.1929615936e+03
           NaN, -1.1925066016e+03
           NaN, -1.1920045701e+03
           NaN, -1.1914515175e+03
           NaN, -1.1908431516e+03
           NaN, -1.1901748475e+03
           NaN, -1.1894416259e+03
           NaN, -1.1886381286e+03
           NaN, -1.1877585930e+03
           NaN, -1.1867968254e+03
           NaN, -1.1857461707e+03
           NaN, -1.1845994845e+03
           NaN, -1.1833491008e+03
           NaN, -1.1819867996e+03
           NaN, -1.1805037696e+03
           NaN, -1.1788905765e+03
           NaN, -1.1771371219e+03
           NaN, -1.1752326080e+03
           NaN, -1.1731654937e+03
           NaN, -1.1709234569e+03
           NaN, -1.1684933517e+03
           NaN, -1.1658611664e+03
           NaN, -1.1630119797e+03
           NaN, -1.1599299198e+03
           NaN, -1.1565981218e+03
           NaN, -1.1529986857e+03
           NaN, -1.1491126391e+03
           NaN, -1.1449198981e+03
           NaN, -1.1403992346e+03
           NaN, -1.1355282480e+03
           NaN, -1.1302833359e+03
           NaN, -1.1246396809e+03
           NaN, -1.1185712350e+03
           NaN, -1.1120507206e+03
           NaN, -1.1050496347e+03
           NaN, -1.0975382724e+03
           NaN, -1.0894857566e+03
           NaN, -1.0808600892e+03
           NaN, -1.0716282118e+03
           NaN, -1.0617560941e+03
           NaN, -1.0512088319e+03
