-3.3426730626e+02, -6.0499000009e-01
-3.3966443819e+02, -5.8637209414e-01
-3.4490617184e+02, -5.7056933591e-01
-3.5001492513e+02, -5.5693878899e-01
-3.5500821469e+02, -5.4502702013e-01
-3.5990004422e+02, -5.3450357685e-01
-3.7258521084e+02, +7.5977349070e+01
-3.8269572401e+02, +6.7755526995e+01
-3.3966443819e+02, -5.8637209414e-01
-3.6942299466e+02, -5.1668978824e-01
-3.7865402011e+02, -5.0211959079e-01
-3.8317637200e+02, -4.9576827256e-01
-3.8764353415e+02, -4.8993053111e-01
-3.9205986308e+02, -4.8454249831e-01
-3.9642918639e+02, -4.7955090436e-01
-4.0075488851e+02, -4.7491091237e-01
-4.0503997932e+02, -4.7058447166e-01
-4.0928714969e+02, -4.6653904859e-01
-4.1349881676e+02, -4.6274663669e-01
-4.1767716137e+02, -4.5918297598e-01
-4.2182415901e+02, -4.5582693114e-01
-4.2594160588e+02, -4.5265999159e-01
-4.3409426330e+02, -4.4683015212e-01
-4.5010859499e+02, -4.3683540801e-01
-4.2594160588e+02, -4.5265999159e-01
-4.4291484206e+02, +6.4940702153e+01
-4.4214666973e+02, -4.4158419829e-01
-4.4613839054e+02, -4.3915236466e-01
-4.5010859499e+02, -4.3683540801e-01
-4.5405828638e+02, -4.3462508516e-01
-4.5798839698e+02, -4.3251394977e-01
-4.6189979478e+02, -4.3049525603e-01
-4.6579328953e+02, -4.2856287626e-01
-4.6966963793e+02, -4.2671122995e-01
-4.7352954835e+02, -4.2493522265e-01
-4.7737368500e+02, -4.2323019295e-01
-4.8120267159e+02, -4.2159186632e-01
-4.8856633629e+02, +6.4331235235e+01
-4.9637835239e+02, -4.1563152283e-01
-4.6780887555e+02, +4.8331800764e+01
-4.8881750678e+02, -4.1849992230e-01
-4.9874048222e+02, +5.7283645307e+01
-5.0013974276e+02, -4.1427357954e-01
-5.0388903988e+02, -4.1296287672e-01
-5.0762666069e+02, -4.1169695717e-01
-5.1135300066e+02, -4.1047353559e-01
-5.1506843525e+02, -4.0929048343e-01
-5.1877332130e+02, -4.0814581544e-01
-5.2246799824e+02, -4.0703767752e-01
-5.2615278925e+02, -4.0596433587e-01
-5.2982800232e+02, -4.0492416721e-01
-5.3349393117e+02, -4.0391564988e-01
-5.3715085618e+02, -4.0293735590e-01
-5.4079904515e+02, -4.0198794373e-01
-5.4443875413e+02, -4.0106615165e-01
-5.5160655979e+02, +6.3197757114e+01
-5.5530939866e+02, -3.9845495534e-01
-5.8011559549e+02, +4.4401937891e+01
-5.4807022803e+02, -4.0017079188e-01
-5.5530939866e+02, -3.9845495534e-01
-5.6467947305e+02, +5.4967458510e+01
-5.6611194454e+02, -3.9605343058e-01
-5.6969860569e+02, -3.9529523046e-01
-5.7327848425e+02, -3.9455681522e-01
-5.7685175611e+02, -3.9383742735e-01
-5.8041859046e+02, -3.9313634808e-01
-5.8397915013e+02, -3.9245289492e-01
-5.8753359194e+02, -3.9178641935e-01
-5.9108206696e+02, -3.9113630470e-01
-5.9462472083e+02, -3.9050196419e-01
-5.9816169397e+02, -3.8988283913e-01
-6.0169312187e+02, -3.8927839719e-01
-6.0521913532e+02, -3.8868813088e-01
-6.0873986060e+02, -3.8811155607e-01
-6.1225541971e+02, -3.8754821068e-01
-6.1576593055e+02, -3.8699765336e-01
-6.1927150712e+02, -3.8645946239e-01
-6.2277225967e+02, -3.8593323453e-01
-6.2626829488e+02, -3.8541858403e-01
-6.2835880025e+02, +5.3673330093e+01
-6.3672911287e+02, -3.8394048211e-01
-6.4064925775e+02, +5.3317967350e+01
-6.5407848915e+02, -3.8167694811e-01
-6.0521913532e+02, -3.8868813088e-01
-6.3672911287e+02, -3.8394048211e-01
-6.4368121321e+02, -3.8300660049e-01
-6.4506526370e+02, +5.4383914854e+01
-6.5407848915e+02, -3.8167694811e-01
-6.5753634924e+02, -3.8125159556e-01
-6.6099039235e+02, -3.8083474301e-01
-6.6444069442e+02, -3.8042614593e-01
-6.6788732920e+02, -3.8002556915e-01
-6.7133036836e+02, -3.7963278635e-01
-6.7476988157e+02, -3.7924757966e-01
-6.7820593654e+02, -3.7886973928e-01
-6.8163859911e+02, -3.7849906307e-01
-6.8506793335e+02, -3.7813535626e-01
-6.8849400157e+02, -3.7777843104e-01
-6.9191686442e+02, -3.7742810630e-01
-6.9533658093e+02, -3.7708420734e-01
-6.9875320859e+02, -3.7674656554e-01
-7.0216680337e+02, -3.7641501812e-01
-7.0557741979e+02, -3.7608940789e-01
-7.0898511099e+02, -3.7576958303e-01
-7.1238992874e+02, -3.7545539680e-01
-7.1579192350e+02, -3.7514670741e-01
-7.1919114447e+02, -3.7484337772e-01
-7.2258763965e+02, -3.7454527514e-01
-7.2598145581e+02, -3.7425227137e-01
-7.2937263862e+02, -3.7396424228e-01
-7.3276123263e+02, -3.7368106769e-01
-7.3614728130e+02, -3.7340263126e-01
-7.3953082707e+02, -3.7312882032e-01
-7.4291191138e+02, -3.7285952569e-01
-7.4629057469e+02, -3.7259464163e-01
-7.4966685649e+02, -3.7233406560e-01
-7.5304079541e+02, -3.7207769823e-01
-7.5641242913e+02, -3.7182544314e-01
-7.5978179453e+02, -3.7157720685e-01
-7.5977859155e+02, +5.2153149878e+01
-7.7263963145e+02, +5.1827681222e+01
-7.7323728107e+02, -3.7062267565e-01
-7.7659582919e+02, -3.7039322530e-01
-7.8383501935e+02, +5.1381443024e+01
-7.9000969409e+02, -3.6950980514e-01
-8.0673352783e+02, -3.6847757476e-01
-7.7001198620e+02, +5.1281445319e+01
-7.8349026795e+02, +5.1570445007e+01
-7.8968164791e+02, +5.5708763362e+01
-7.9335823090e+02, -3.6929718132e-01
-7.9670485469e+02, -3.6908771142e-01
-7.9835888127e+02, +5.1259622370e+01
-8.1512225003e+02, +5.4412551045e+01
-8.1007277658e+02, -3.6828007883e-01
-8.1341024801e+02, -3.6808542454e-01
-8.1674596762e+02, -3.6789355435e-01
-8.2007996038e+02, -3.6770441229e-01
-8.2341225079e+02, -3.6751794383e-01
-8.2674286283e+02, -3.6733409585e-01
-8.3007182002e+02, -3.6715281665e-01
-8.3339914542e+02, -3.6697405582e-01
-8.3672486163e+02, -3.6679776427e-01
-8.4004899083e+02, -3.6662389413e-01
-8.4337155473e+02, -3.6645239876e-01
-8.4669257468e+02, -3.6628323269e-01
-8.5001207157e+02, -3.6611635158e-01
-8.5333006592e+02, -3.6595171219e-01
-8.5664657787e+02, -3.6578927235e-01
-8.5996162716e+02, -3.6562899091e-01
-8.6327523317e+02, -3.6547082775e-01
-8.6658741494e+02, -3.6531474368e-01
-8.6989819112e+02, -3.6516070049e-01
-8.7320758006e+02, -3.6500866086e-01
-8.7651559975e+02, -3.6485858838e-01
-8.7982226785e+02, -3.6471044748e-01
-8.8312760172e+02, -3.6456420344e-01
-8.8643161840e+02, -3.6441982234e-01
-8.8973433463e+02, -3.6427727106e-01
-8.9303576684e+02, -3.6413651723e-01
-8.9633593118e+02, -3.6399752925e-01
-8.9963484352e+02, -3.6386027620e-01
-9.0293251946e+02, -3.6372472791e-01
-9.0622897430e+02, -3.6359085486e-01
-9.0952422310e+02, -3.6345862819e-01
-9.1281828067e+02, -3.6332801972e-01
-9.1611116153e+02, -3.6319900185e-01
-9.1940288000e+02, -3.6307154764e-01
-9.2269345011e+02, -3.6294563069e-01
-9.2598288569e+02, -3.6282122521e-01
-9.2927120033e+02, -3.6269830598e-01
-9.3255840738e+02, -3.6257684829e-01
-9.3584451999e+02, -3.6245682798e-01
-9.3912955107e+02, -3.6233822143e-01
-9.4241351334e+02, -3.6222100548e-01
-9.4569641930e+02, -3.6210515750e-01
-9.4897828124e+02, -3.6199065531e-01
-9.5225911127e+02, -3.6187747721e-01
-9.5553892130e+02, -3.6176560194e-01
-9.5881772303e+02, -3.6165500870e-01
-9.6209552800e+02, -3.6154567711e-01
-9.6537234756e+02, -3.6143758720e-01
-9.6864819286e+02, -3.6133071942e-01
-9.7192307491e+02, -3.6122505463e-01
-9.7519700451e+02, -3.6112057404e-01
-9.7846999233e+02, -3.6101725927e-01
-9.8174204884e+02, -3.6091509231e-01
-9.8501318437e+02, -3.6081405550e-01
-9.8828340910e+02, -3.6071413152e-01
-9.9155273301e+02, -3.6061530341e-01
-9.9482116599e+02, -3.6051755453e-01
-9.9808871773e+02, -3.6042086859e-01
-1.0013553978e+03, -3.6032522960e-01
-1.0046212156e+03, -3.6023062187e-01
-1.0078861804e+03, -3.6013703004e-01
-1.0111503014e+03, -3.6004443901e-01
-1.0144135876e+03, -3.5995283401e-01
-1.0176760478e+03, -3.5986220053e-01
-1.0209376908e+03, -3.5977252432e-01
-1.0241985252e+03, -3.5968379144e-01
-1.0274585595e+03, -3.5959598817e-01
-1.0307178020e+03, -3.5950910107e-01
-1.0339762610e+03, -3.5942311694e-01
-1.0372339446e+03, -3.5933802285e-01
-1.0404908609e+03, -3.5925380607e-01
-1.0437470177e+03, -3.5917045413e-01
-1.0470024228e+03, -3.5908795478e-01
-1.0502570839e+03, -3.5900629600e-01
-1.0535110086e+03, -3.5892546598e-01
-1.0567642042e+03, -3.5884545313e-01
-1.0600166783e+03, -3.5876624607e-01
-1.0632684379e+03, -3.5868783360e-01
-1.0665194903e+03, -3.5861020477e-01
-1.0697698426e+03, -3.5853334877e-01
-1.0730195016e+03, -3.5845725501e-01
-1.0762684743e+03, -3.5838191309e-01
-1.0795167674e+03, -3.5830731278e-01
-1.0853135573e+03, +4.8152064721e+01
-1.0827643876e+03, -3.5823344404e-01
-1.0860113415e+03, -3.5816029700e-01
-1.0812020262e+03, +5.1400650341e+01
-1.1187140224e+03, +5.5857531775e+01
-1.1066101421e+03, +4.9671109962e+01
-1.1119637467e+03, -3.5759997198e-01
-1.1087218966e+03, -3.5766768103e-01
-1.1119637467e+03, -3.5759997198e-01
-1.1152049859e+03, -3.5753290308e-01
-1.1184456201e+03, -3.5746646601e-01
-1.1216856548e+03, -3.5740065259e-01
-1.1249250958e+03, -3.5733545479e-01
-1.1281639485e+03, -3.5727086469e-01
-1.1314022185e+03, -3.5720687453e-01
-1.1346399110e+03, -3.5714347666e-01
-1.1466470029e+03, +6.3562692502e+01
-1.1443495777e+03, -3.5695676215e-01
-1.1475850135e+03, -3.5689565941e-01
-1.1508198979e+03, -3.5683511255e-01
-1.1540987763e+03, +5.6792041370e+01
-1.1605212930e+03, -3.5665673844e-01
-1.1630056451e+03, +5.1726637549e+01
-1.1702179024e+03, -3.5648312413e-01
-1.1766797130e+03, -3.5636993988e-01
-1.1863686265e+03, -3.5620387837e-01
-1.1992802649e+03, -3.5598915076e-01
-1.2250808447e+03, -3.5558130401e-01
-1.3408548670e+03, -3.5404443926e-01
-1.0183510042e+03, +1.8716796913e+01
-1.1216856548e+03, -3.5740065259e-01
-1.1475850135e+03, -3.5689565941e-01
-1.1605212930e+03, -3.5665673844e-01
-1.1694658995e+03, +5.0806907056e+01
-1.1770780061e+03, +5.0547459551e+01
-1.1796307470e+03, +4.9445481817e+01
-1.1863686265e+03, -3.5620387837e-01
-1.1895972681e+03, -3.5614949140e-01
-1.1982095243e+03, +5.0265732637e+01
-1.1992802649e+03, -3.5598915076e-01
-1.2025069686e+03, -3.5593662542e-01
-1.2057331982e+03, -3.5588455180e-01
-1.2075643557e+03, +4.9286416491e+01
-1.2254314572e+03, +5.7194496753e+01
-1.2186334564e+03, -3.5568066937e-01
-1.2218573757e+03, -3.5563077619e-01
-1.2250808447e+03, -3.5558130401e-01
-1.2283038671e+03, -3.5553224798e-01
-1.2315264467e+03, -3.5548360332e-01
-1.2347485871e+03, -3.5543536530e-01
-1.2379702922e+03, -3.5538752930e-01
-1.2411915654e+03, -3.5534009072e-01
-1.2444124104e+03, -3.5529304506e-01
-1.2476328307e+03, -3.5524638788e-01
-1.2508528298e+03, -3.5520011479e-01
-1.2540724112e+03, -3.5515422149e-01
-1.2572915782e+03, -3.5510870370e-01
-1.2628232753e+03, +4.7883799237e+01
-1.2604623869e+03, +4.7178618680e+01
-1.2637286830e+03, -3.5501877798e-01
-1.2639477137e+03, +4.9312948171e+01
-1.2571826044e+03, +5.1336246755e+01
-1.3367428014e+03, +8.1125210410e+01
-1.2944417636e+03, +4.9895648739e+01
-1.2926760138e+03, -3.5463163448e-01
-1.2926760138e+03, -3.5463163448e-01
-1.2958904628e+03, -3.5459031221e-01
-1.2998411617e+03, +4.8675782344e+01
-1.2894611887e+03, -3.5467328568e-01
-1.3035781467e+03, +4.9484425432e+01
-1.3055315830e+03, -3.5446828375e-01
-1.3087445571e+03, -3.5442824223e-01
-1.3119571697e+03, -3.5438851241e-01
-1.3151694235e+03, -3.5434909097e-01
-1.3183813213e+03, -3.5430997467e-01
-1.3215928660e+03, -3.5427116028e-01
-1.3248040602e+03, -3.5423264462e-01
-1.3280149065e+03, -3.5419442457e-01
-1.3312254078e+03, -3.5415649704e-01
-1.3344355666e+03, -3.5411885897e-01
-1.3376453854e+03, -3.5408150737e-01
-1.3408548670e+03, -3.5404443926e-01
-1.3440640139e+03, -3.5400765171e-01
-1.3472728285e+03, -3.5397114184e-01
-1.3504813135e+03, -3.5393490679e-01
-1.3536894712e+03, -3.5389894375e-01
-1.3568973041e+03, -3.5386324993e-01
-1.3601048147e+03, -3.5382782260e-01
-1.3633120054e+03, -3.5379265905e-01
-1.3665188785e+03, -3.5375775661e-01
-1.3697254364e+03, -3.5372311263e-01
-1.3729316814e+03, -3.5368872453e-01
-1.3761376158e+03, -3.5365458973e-01
-1.3793432420e+03, -3.5362070568e-01
-1.3825485621e+03, -3.5358706989e-01
-1.3857535785e+03, -3.5355367989e-01
-1.3889582933e+03, -3.5352053323e-01
-1.3921627087e+03, -3.5348762750e-01
-1.3953668269e+03, -3.5345496032e-01
-1.3985706501e+03, -3.5342252934e-01
-1.4017741804e+03, -3.5339033225e-01
-1.4049774198e+03, -3.5335836674e-01
-1.4081803705e+03, -3.5332663056e-01
-1.4113830346e+03, -3.5329512147e-01
-1.4145854141e+03, -3.5326383726e-01
-1.4177875110e+03, -3.5323277575e-01
-1.4209893274e+03, -3.5320193480e-01
-1.4241908652e+03, -3.5317131226e-01
-1.4273921263e+03, -3.5314090605e-01
-1.4305931129e+03, -3.5311071409e-01
-1.4337938267e+03, -3.5308073432e-01
-1.4369942697e+03, -3.5305096473e-01
-1.4401944438e+03, -3.5302140331e-01
-1.4433943508e+03, -3.5299204809e-01
-1.4465939927e+03, -3.5296289711e-01
-1.4497933713e+03, -3.5293394845e-01
-1.4529924883e+03, -3.5290520020e-01
-1.4561913457e+03, -3.5287665048e-01
-1.4593899452e+03, -3.5284829742e-01
-1.4625882885e+03, -3.5282013920e-01
-1.4657863775e+03, -3.5279217398e-01
-1.4689842138e+03, -3.5276439999e-01
-1.4721817993e+03, -3.5273681544e-01
-1.4753791355e+03, -3.5270941858e-01
-1.4785762243e+03, -3.5268220768e-01
-1.4817730672e+03, -3.5265518104e-01
-1.4849696660e+03, -3.5262833694e-01
-1.4881660222e+03, -3.5260167374e-01
-1.4913621376e+03, -3.5257518976e-01
-1.4945580137e+03, -3.5254888338e-01
-1.4977536521e+03, -3.5252275299e-01
-1.5009490545e+03, -3.5249679698e-01
-1.5041442224e+03, -3.5247101379e-01
-1.5073391573e+03, -3.5244540185e-01
-1.5105338608e+03, -3.5241995962e-01
-1.5137283345e+03, -3.5239468557e-01
-1.5169225798e+03, -3.5236957820e-01
-1.5201165983e+03, -3.5234463602e-01
-1.5233103914e+03, -3.5231985756e-01
-1.5265039607e+03, -3.5229524136e-01
-1.5296973076e+03, -3.5227078598e-01
-1.5328904335e+03, -3.5224649000e-01
-1.5360833398e+03, -3.5222235202e-01
-1.5392760281e+03, -3.5219837063e-01
-1.5424684997e+03, -3.5217454447e-01
-1.5456607560e+03, -3.5215087217e-01
-1.5488527985e+03, -3.5212735238e-01
-1.5520446284e+03, -3.5210398379e-01
-1.5552362472e+03, -3.5208076506e-01
-1.5584276561e+03, -3.5205769491e-01
-1.5616188567e+03, -3.5203477204e-01
-1.5648098500e+03, -3.5201199518e-01
-1.5680006376e+03, -3.5198936307e-01
-1.5711912207e+03, -3.5196687447e-01
-1.5743816006e+03, -3.5194452814e-01
-1.5775717785e+03, -3.5192232286e-01
-1.5807617558e+03, -3.5190025744e-01
-1.5839515337e+03, -3.5187833068e-01
-1.5871411135e+03, -3.5185654140e-01
-1.5903304964e+03, -3.5183488843e-01
-1.5935196836e+03, -3.5181337062e-01
-1.5967086764e+03, -3.5179198684e-01
-1.5998974759e+03, -3.5177073594e-01
-1.6030860834e+03, -3.5174961681e-01
-1.6062745001e+03, -3.5172862835e-01
-1.6094627271e+03, -3.5170776947e-01
-1.6126507656e+03, -3.5168703907e-01
-1.6158386167e+03, -3.5166643610e-01
-1.6190262817e+03, -3.5164595949e-01
-1.6222137616e+03, -3.5162560820e-01
-1.6254010576e+03, -3.5160538118e-01
-1.6285881708e+03, -3.5158527741e-01
-1.6317751024e+03, -3.5156529588e-01
-1.6349618533e+03, -3.5154543558e-01
-1.6381484248e+03, -3.5152569551e-01
-1.6413348179e+03, -3.5150607470e-01
-1.6445210336e+03, -3.5148657217e-01
-1.6477070732e+03, -3.5146718695e-01
-1.6508929375e+03, -3.5144791810e-01
-1.6540786276e+03, -3.5142876466e-01
-1.6572641447e+03, -3.5140972570e-01
-1.6604494897e+03, -3.5139080030e-01
-1.6636346637e+03, -3.5137198755e-01
-1.6668196676e+03, -3.5135328653e-01
-1.6700045025e+03, -3.5133469636e-01
-1.6731891694e+03, -3.5131621613e-01
-1.6763736693e+03, -3.5129784498e-01
-1.6795580031e+03, -3.5127958203e-01
-1.6827421719e+03, -3.5126142643e-01
-1.6859261766e+03, -3.5124337732e-01
-1.6891100182e+03, -3.5122543386e-01
-1.6922936976e+03, -3.5120759521e-01
-1.6954772157e+03, -3.5118986054e-01
-1.6986605736e+03, -3.5117222904e-01
-1.7018437721e+03, -3.5115469990e-01
-1.7050268121e+03, -3.5113727231e-01
-1.7082096947e+03, -3.5111994548e-01
-1.7113924206e+03, -3.5110271863e-01
-1.7145749908e+03, -3.5108559097e-01
-1.7177574062e+03, -3.5106856173e-01
-1.7209396677e+03, -3.5105163015e-01
-1.7241217762e+03, -3.5103479547e-01
-1.7273037325e+03, -3.5101805695e-01
-1.7304855375e+03, -3.5100141384e-01
-1.7336671920e+03, -3.5098486541e-01
-1.7368486970e+03, -3.5096841093e-01
-1.7400300533e+03, -3.5095204969e-01
-1.7432112616e+03, -3.5093578096e-01
-1.7463923229e+03, -3.5091960405e-01
-1.7495732380e+03, -3.5090351825e-01
-1.7527540077e+03, -3.5088752287e-01
-1.7559346327e+03, -3.5087161723e-01
-1.7591151141e+03, -3.5085580065e-01
-1.7622954524e+03, -3.5084007244e-01
-1.7654756486e+03, -3.5082443196e-01
-1.7686557033e+03, -3.5080887853e-01
-1.7718356175e+03, -3.5079341151e-01
-1.7750153919e+03, -3.5077803024e-01
-1.7781950272e+03, -3.5076273409e-01
-1.7813745243e+03, -3.5074752241e-01
-1.7845538838e+03, -3.5073239459e-01
-1.7877331066e+03, -3.5071734999e-01
-1.7909121934e+03, -3.5070238800e-01
-1.7940911450e+03, -3.5068750801e-01
-1.7972699620e+03, -3.5067270941e-01
-1.8004486453e+03, -3.5065799160e-01
-1.8036271955e+03, -3.5064335398e-01
-1.8068056133e+03, -3.5062879598e-01
-1.8099838996e+03, -3.5061431699e-01
-1.8131620550e+03, -3.5059991645e-01
-1.8163400802e+03, -3.5058559378e-01
-1.8195179759e+03, -3.5057134842e-01
-1.8226957428e+03, -3.5055717980e-01
-1.8258733817e+03, -3.5054308736e-01
-1.8290508931e+03, -3.5052907055e-01
-1.8322282779e+03, -3.5051512883e-01
-1.8354055365e+03, -3.5050126165e-01
-1.8385826699e+03, -3.5048746848e-01
-1.8417596785e+03, -3.5047374877e-01
-1.8449365631e+03, -3.5046010202e-01
-1.8481133243e+03, -3.5044652769e-01
-1.8512899628e+03, -3.5043302526e-01
-1.8544664792e+03, -3.5041959422e-01
-1.8576428742e+03, -3.5040623407e-01
-1.8608191484e+03, -3.5039294429e-01
-1.8639953025e+03, -3.5037972439e-01
-1.8671713370e+03, -3.5036657388e-01
-1.8703472527e+03, -3.5035349226e-01
-1.8735230500e+03, -3.5034047905e-01
-1.8766987297e+03, -3.5032753377e-01
-1.8798742924e+03, -3.5031465593e-01
-1.8830497387e+03, -3.5030184506e-01
-1.8862250691e+03, -3.5028910070e-01
-1.8894002843e+03, -3.5027642238e-01
-1.8925753849e+03, -3.5026380964e-01
-1.8957503714e+03, -3.5025126202e-01
-1.8989252445e+03, -3.5023877907e-01
-1.9021000047e+03, -3.5022636034e-01
-1.9052746527e+03, -3.5021400539e-01
-1.9084491889e+03, -3.5020171377e-01
-1.9116236140e+03, -3.5018948504e-01
-1.9147979286e+03, -3.5017731878e-01
-1.9179721331e+03, -3.5016521455e-01
-1.9211462282e+03, -3.5015317193e-01
-1.9243202144e+03, -3.5014119050e-01
-1.9274940923e+03, -3.5012926983e-01
-1.9306678624e+03, -3.5011740952e-01
-1.9338415252e+03, -3.5010560915e-01
-1.9370150814e+03, -3.5009386830e-01
-1.9401885314e+03, -3.5008218659e-01
-1.9433618757e+03, -3.5007056361e-01
-1.9465351150e+03, -3.5005899895e-01
-1.9497082497e+03, -3.5004749223e-01
-1.9528812804e+03, -3.5003604306e-01
-1.9560542075e+03, -3.5002465104e-01
-1.9592270317e+03, -3.5001331580e-01
-1.9623997533e+03, -3.5000203695e-01
-1.9655723730e+03, -3.4999081411e-01
-1.9687448911e+03, -3.4997964692e-01
-1.9719173083e+03, -3.4996853499e-01
-1.9750896251e+03, -3.4995747797e-01
-1.9782618418e+03, -3.4994647549e-01
-1.9814339590e+03, -3.4993552717e-01
+2.6789382420e+02, -1.0300669398e+01
+2.6321963599e+02, -1.7829393960e+01
+2.5932628026e+02, -2.3878231810e+01
+2.5583538384e+02, -2.9137971851e+01
+2.5260323374e+02, -3.3875191554e+01
+2.4955616370e+02, -3.8228458277e+01
+2.4665020923e+02, -4.2281532623e+01
+2.4385654647e+02, -4.6089987418e+01
+2.4115502270e+02, -4.9693116762e+01
+2.3853087063e+02, -5.3120024018e+01
+2.3597287447e+02, -5.6393041047e+01
+2.3347227136e+02, -5.9529788442e+01
+2.3102205633e+02, -6.2544486761e+01
+2.2861652249e+02, -6.5448828467e+01
+2.2625094592e+02, -6.8252579034e+01
+2.2392136282e+02, -7.0964003987e+01
+2.2162440798e+02, -7.3590180156e+01
+2.1935719505e+02, -7.6137227570e+01
+2.1711722601e+02, -7.8610485560e+01
+2.1490232161e+02, -8.1014648756e+01
+2.1271056710e+02, -8.3353873684e+01
+2.1054026934e+02, -8.5631863430e+01
+2.0838992245e+02, -8.7851935681e+01
+2.0625818007e+02, -9.0017078005e+01
+2.0414383266e+02, -9.2129993192e+01
+2.0204578885e+02, -9.4193136774e+01
+1.9996305990e+02, -9.6208748332e+01
+1.9789474668e+02, -9.8178877804e+01
+1.9584002879e+02, -1.0010540775e+02
+1.9379815524e+02, -1.0199007232e+02
+1.9176843649e+02, -1.0383447348e+02
+1.8975023773e+02, -1.0564009501e+02
+1.8774297297e+02, -1.0740831462e+02
+1.8574609997e+02, -1.0914041448e+02
+1.8375911584e+02, -1.1083759041e+02
+1.8178155314e+02, -1.1250095995e+02
+1.7981297656e+02, -1.1413156952e+02
+1.7785297985e+02, -1.1573040063e+02
+1.7590118326e+02, -1.1729837550e+02
+1.7395723116e+02, -1.1883636204e+02
+1.7202078995e+02, -1.2034517824e+02
+1.7009154624e+02, -1.2182559614e+02
+1.6816920518e+02, -1.2327834542e+02
+1.6625348893e+02, -1.2470411660e+02
+1.6434413538e+02, -1.2610356392e+02
+1.6244089689e+02, -1.2747730796e+02
+1.6054353923e+02, -1.2882593802e+02
+1.5865184059e+02, -1.3015001431e+02
+1.5676559064e+02, -1.3145006985e+02
+1.5488458979e+02, -1.3272661232e+02
+1.5300864836e+02, -1.3398012568e+02
+1.5113758596e+02, -1.3521107169e+02
+1.4927123084e+02, -1.3641989123e+02
+1.4740941933e+02, -1.3760700567e+02
+1.4555199533e+02, -1.3877281793e+02
+1.4369880979e+02, -1.3991771364e+02
+1.4184972030e+02, -1.4104206208e+02
+1.4000459067e+02, -1.4214621712e+02
+1.3816329057e+02, -1.4323051808e+02
+1.3632569514e+02, -1.4429529050e+02
+1.3449168472e+02, -1.4534084690e+02
+1.3266114451e+02, -1.4636748742e+02
+1.3083396429e+02, -1.4737550050e+02
+1.2901003821e+02, -1.4836516343e+02
+1.2718926448e+02, -1.4933674296e+02
+1.2537154522e+02, -1.5029049572e+02
+1.2355678618e+02, -1.5122666882e+02
+1.2174489659e+02, -1.5214550020e+02
+1.1993578896e+02, -1.5304721910e+02
+1.1812937892e+02, -1.5393204646e+02
+1.1632558506e+02, -1.5480019527e+02
+1.1452432875e+02, -1.5565187092e+02
+1.1272553405e+02, -1.5648727157e+02
+1.1092912753e+02, -1.5730658838e+02
+1.0913503817e+02, -1.5811000589e+02
+1.0734319725e+02, -1.5889770222e+02
+1.0555353822e+02, -1.5966984936e+02
+1.0376599660e+02, -1.6042661343e+02
+1.0198050989e+02, -1.6116815487e+02
+1.0019701749e+02, -1.6189462870e+02
+9.8415460571e+01, -1.6260618469e+02
+9.6635782031e+01, -1.6330296758e+02
+9.4857926401e+01, -1.6398511723e+02
+9.3081839774e+01, -1.6465276886e+02
+9.1307469732e+01, -1.6530605312e+02
+8.9534765282e+01, -1.6594509633e+02
+8.7763676792e+01, -1.6657002060e+02
+8.5994155928e+01, -1.6718094396e+02
+8.4226155601e+01, -1.6777798049e+02
+8.2459629910e+01, -1.6836124047e+02
+8.0694534090e+01, -1.6893083049e+02
+7.8930824463e+01, -1.6948685357e+02
+7.7168458392e+01, -1.7002940924e+02
+7.5407394235e+01, -1.7055859369e+02
+7.3647591301e+01, -1.7107449982e+02
+7.1889009810e+01, -1.7157721738e+02
+7.0131610855e+01, -1.7206683303e+02
+6.8375356362e+01, -1.7254343042e+02
+6.6620209055e+01, -1.7300709029e+02
+6.4866132422e+01, -1.7345789056e+02
+6.3113090682e+01, -1.7389590635e+02
+6.1361048751e+01, -1.7432121009e+02
+5.9609972216e+01, -1.7473387159e+02
+5.7859827300e+01, -1.7513395808e+02
+5.6110580839e+01, -1.7552153429e+02
+5.4362200251e+01, -1.7589666248e+02
+5.2614653511e+01, -1.7625940254e+02
+5.0867909128e+01, -1.7660981199e+02
+4.9121936117e+01, -1.7694794606e+02
+4.7376703978e+01, -1.7727385773e+02
+4.5632182672e+01, -1.7758759777e+02
+4.3888342598e+01, -1.7788921480e+02
+4.2145154577e+01, -1.7817875529e+02
+4.0402589822e+01, -1.7845626366e+02
+3.8660619927e+01, -1.7872178223e+02
+3.6919216843e+01, -1.7897535135e+02
+3.5178352859e+01, -1.7921700936e+02
+3.3438000585e+01, -1.7944679264e+02
+3.1698132934e+01, -1.7966473567e+02
+2.9958723101e+01, -1.7987087099e+02
+2.8219744553e+01, -1.8006522930e+02
+2.6481171005e+01, -1.8024783944e+02
+2.4742976407e+01, -1.8041872841e+02
+2.3005134928e+01, -1.8057792141e+02
+2.1267620942e+01, -1.8072544185e+02
+1.9530409007e+01, -1.8086131136e+02
+1.7793473856e+01, -1.8098554982e+02
+1.6056790378e+01, -1.8109817538e+02
+1.4320333606e+01, -1.8119920443e+02
+1.2584078699e+01, -1.8128865167e+02
+1.0848000934e+01, -1.8136653009e+02
+9.1120756831e+00, -1.8143285098e+02
+7.3762784078e+00, -1.8148762394e+02
+5.6405846397e+00, -1.8153085691e+02
+3.9049699687e+00, -1.8156255612e+02
+2.1694100292e+00, -1.8158272616e+02
+4.3388048625e-01, -1.8159136995e+02
-1.3016429783e+00, -1.8158848872e+02
-3.0371846790e+00, -1.8157408207e+02
-4.7727689408e+00, -1.8154814791e+02
-6.5084201122e+00, -1.8151068249e+02
-8.2441625794e+00, -1.8146168041e+02
-9.9800207796e+00, -1.8140113458e+02
-1.1716019215e+01, -1.8132903623e+02
-1.3452182467e+01, -1.8124537492e+02
-1.5188535209e+01, -1.8115013851e+02
-1.6925102221e+01, -1.8104331315e+02
-1.8661908407e+01, -1.8092488330e+02
-2.0398978801e+01, -1.8079483169e+02
-2.2136338593e+01, -1.8065313931e+02
-2.3874013134e+01, -1.8049978540e+02
-2.5612027956e+01, -1.8033474746e+02
-2.7350408787e+01, -1.8015800116e+02
-2.9089181565e+01, -1.7996952043e+02
-3.0828372455e+01, -1.7976927733e+02
-3.2568007864e+01, -1.7955724211e+02
-3.4308114459e+01, -1.7933338314e+02
-3.6048719183e+01, -1.7909766693e+02
-3.7789849273e+01, -1.7885005803e+02
-3.9531532278e+01, -1.7859051910e+02
-4.1273796075e+01, -1.7831901080e+02
-4.3016668889e+01, -1.7803549179e+02
-4.4760179314e+01, -1.7773991871e+02
-4.6504356331e+01, -1.7743224611e+02
-4.8249229327e+01, -1.7711242647e+02
-4.9994828119e+01, -1.7678041008e+02
-5.1741182973e+01, -1.7643614509e+02
-5.3488324630e+01, -1.7607957738e+02
-5.5236284325e+01, -1.7571065059e+02
-5.6985093812e+01, -1.7532930602e+02
-5.8734785392e+01, -1.7493548261e+02
-6.0485391935e+01, -1.7452911686e+02
-6.2236946906e+01, -1.7411014280e+02
-6.3989484399e+01, -1.7367849192e+02
-6.5743039157e+01, -1.7323409312e+02
-6.7497646609e+01, -1.7277687261e+02
-6.9253342899e+01, -1.7230675389e+02
-7.1010164914e+01, -1.7182365764e+02
-7.2768150327e+01, -1.7132750168e+02
-7.4527337622e+01, -1.7081820086e+02
-7.6287766139e+01, -1.7029566698e+02
-7.8049476109e+01, -1.6975980874e+02
-7.9812508691e+01, -1.6921053160e+02
-8.1576906021e+01, -1.6864773771e+02
-8.3342711250e+01, -1.6807132580e+02
-8.5109968594e+01, -1.6748119110e+02
-8.6878723378e+01, -1.6687722517e+02
-8.8649022093e+01, -1.6625931587e+02
-9.0420912441e+01, -1.6562734713e+02
-9.2194443399e+01, -1.6498119891e+02
-9.3969665272e+01, -1.6432074703e+02
-9.5746629757e+01, -1.6364586300e+02
-9.7525390008e+01, -1.6295641392e+02
-9.9306000704e+01, -1.6225226226e+02
-1.0108851812e+02, -1.6153326576e+02
-1.0287300021e+02, -1.6079927716e+02
-1.0465950668e+02, -1.6005014412e+02
-1.0644809908e+02, -1.5928570892e+02
-1.0823884087e+02, -1.5850580831e+02
-1.1003179755e+02, -1.5771027327e+02
-1.1182703676e+02, -1.5689892877e+02
-1.1362462835e+02, -1.5607159351e+02
-1.1542464452e+02, -1.5522807969e+02
-1.1722715995e+02, -1.5436819267e+02
-1.1903225190e+02, -1.5349173073e+02
-1.2084000037e+02, -1.5259848471e+02
-1.2265048824e+02, -1.5168823770e+02
-1.2446380142e+02, -1.5076076465e+02
-1.2628002902e+02, -1.4981583202e+02
-1.2809926351e+02, -1.4885319735e+02
-1.2992160094e+02, -1.4787260882e+02
-1.3174714111e+02, -1.4687380480e+02
-1.3357598783e+02, -1.4585651335e+02
-1.3540824909e+02, -1.4482045166e+02
-1.3724403737e+02, -1.4376532553e+02
-1.3908346986e+02, -1.4269082870e+02
-1.4092666878e+02, -1.4159664223e+02
-1.4277376169e+02, -1.4048243380e+02
-1.4462488180e+02, -1.3934785690e+02
-1.4648016837e+02, -1.3819255008e+02
-1.4833976706e+02, -1.3701613599e+02
-1.5020383040e+02, -1.3581822049e+02
-1.5207251821e+02, -1.3459839157e+02
-1.5394599813e+02, -1.3335621828e+02
-1.5582444616e+02, -1.3209124943e+02
-1.5770804725e+02, -1.3080301237e+02
-1.5959699594e+02, -1.2949101146e+02
-1.6149149710e+02, -1.2815472657e+02
-1.6339176669e+02, -1.2679361131e+02
-1.6529803262e+02, -1.2540709120e+02
-1.6721053569e+02, -1.2399456157e+02
-1.6912953063e+02, -1.2255538532e+02
-1.7105528725e+02, -1.2108889042e+02
-1.7298809173e+02, -1.1959436715e+02
-1.7492824799e+02, -1.1807106507e+02
-1.7687607931e+02, -1.1651818963e+02
-1.7883193004e+02, -1.1493489841e+02
-1.8079616762e+02, -1.1332029694e+02
-1.8276918473e+02, -1.1167343399e+02
-1.8475140180e+02, -1.0999329634e+02
-1.8674326981e+02, -1.0827880286e+02
-1.8874527346e+02, -1.0652879780e+02
-1.9075793482e+02, -1.0474204324e+02
-1.9278181740e+02, -1.0291721047e+02
-1.9481753093e+02, -1.0105287016e+02
-1.9686573679e+02, -9.9147481059e+01
-1.9892715432e+02, -9.7199376982e+01
-2.0100256818e+02, -9.5206751768e+01
-2.0309283685e+02, -9.3167641728e+01
-2.0519890278e+02, -9.1079905119e+01
-2.0732180426e+02, -8.8941197958e+01
-2.0946268964e+02, -8.6748945356e+01
-2.1162283428e+02, -8.4500307269e+01
-2.1380366120e+02, -8.2192137301e+01
-2.1600676605e+02, -7.9820932697e+01
-2.1823394802e+02, -7.7382773091e+01
-2.2048724811e+02, -7.4873244711e+01
-2.2276899731e+02, -7.2287345534e+01
-2.2508187797e+02, -6.9619365087e+01
-2.2742900297e+02, -6.6862729999e+01
-2.2981401957e+02, -6.4009802367e+01
-2.3224124820e+02, -6.1051611782e+01
-2.3471587153e+02, -5.7977491826e+01
-2.3724419864e+02, -5.4774575166e+01
-2.8084911436e+02, +1.0321137771e+02
-3.4948023845e+02, +7.6666745435e+01
-3.4528689094e+02, +7.7726890630e+01
-2.4808760542e+02, -4.0288565512e+01
-2.9510887114e+02, +9.5961843799e+01
-2.9884090988e+02, +9.4207127619e+01
-3.0263841589e+02, +9.2486849228e+01
-3.0649982250e+02, +9.0806675794e+01
-3.1042446169e+02, +8.9171920732e+01
-3.1443311868e+02, +8.7591417565e+01
-3.1241248076e+02, +8.8373241629e+01
-3.0845392762e+02, +8.9983394498e+01
-3.0456102906e+02, +9.1641491908e+01
           NaN, -7.6642891249e+02
           NaN, -7.8766854666e+02
           NaN, -8.0794041445e+02
           NaN, -8.2728073978e+02
           NaN, -8.4572516380e+02
           NaN, -8.6330875228e+02
           NaN, -8.8006597665e+02
           NaN, -8.9603067762e+02
           NaN, -9.1123601910e+02
           NaN, -9.2571443986e+02
           NaN, -9.3949760282e+02
           NaN, -9.5261634977e+02
           NaN, -9.6510066125e+02
           NaN, -9.7697961961e+02
           NaN, -9.8828138146e+02
           NaN, -9.9903315553e+02
-2.0627716798e+02, +1.4755036461e+02
-2.0387724881e+02, +1.4894755958e+02
-2.0149546169e+02, +1.5032396536e+02
-1.9913102589e+02, +1.5167978540e+02
-1.9678320428e+02, +1.5301522982e+02
-1.9445130045e+02, +1.5433051362e+02
-1.9213465598e+02, +1.5562585513e+02
-1.8983264800e+02, +1.5690147473e+02
-1.8754468677e+02, +1.5815759376e+02
-1.8527021356e+02, +1.5939443360e+02
-1.8300869864e+02, +1.6061221487e+02
-1.8075963940e+02, +1.6181115680e+02
-1.7852255860e+02, +1.6299147666e+02
-1.7629700279e+02, +1.6415338936e+02
-1.7408254078e+02, +1.6529710700e+02
-1.7187876230e+02, +1.6642283862e+02
-1.6968527666e+02, +1.6753078996e+02
-1.6750171159e+02, +1.6862116320e+02
-1.6532771211e+02, +1.6969415687e+02
-1.6316293950e+02, +1.7074996570e+02
-1.6100707031e+02, +1.7178878055e+02
-1.5885979552e+02, +1.7281078832e+02
-1.5672081964e+02, +1.7381617194e+02
           NaN, -1.1465175249e+03
           NaN, -1.1497216763e+03
           NaN, -1.1527840077e+03
           NaN, -1.1557117305e+03
           NaN, -1.1585116626e+03
-1.4404621740e+02, +1.7950910741e+02
-1.4195804824e+02, +1.8040290930e+02
-1.3987621885e+02, +1.8128140776e+02
           NaN, -1.1685572934e+03
           NaN, -1.1708082452e+03
           NaN, -1.1729651884e+03
           NaN, -1.1750327276e+03
           NaN, -1.1770152164e+03
           NaN, -1.1789167714e+03
           NaN, -1.1807412852e+03
           NaN, -1.1824924391e+03
           NaN, -1.1841737132e+03
           NaN, -1.1857884010e+03
           NaN, -1.1873396178e+03
           NaN, -1.1888303091e+03
           NaN, -1.1902632643e+03
           NaN, -1.1916411216e+03
           NaN, -1.1929663794e+03
           NaN, -1.1942414027e+03
           NaN, -1.1954684300e+03
           NaN, -1.1966495832e+03
           NaN, -1.1977868700e+03
           NaN, -1.1988821954e+03
           NaN, -1.1999373636e+03
           NaN, -1.2009540852e+03
           NaN, -1.2019339825e+03
           NaN, -1.2028785938e+03
           NaN, -1.2037893806e+03
           NaN, -1.2046677279e+03
           NaN, -1.2055149517e+03
           NaN, -1.2063323019e+03
           NaN, -1.2071209673e+03
           NaN, -1.2078820758e+03
           NaN, -1.2086167013e+03
           NaN, -1.2093258652e+03
           NaN, -1.2100105391e+03
           NaN, -1.2106716489e+03
           NaN, -1.2113100764e+03
           NaN, -1.2119266614e+03
           NaN, -1.2125222049e+03
           NaN, -1.2130974711e+03
           NaN, -1.2136531907e+03
           NaN, -1.2141900593e+03
           NaN, -1.2147087431e+03
           NaN, -1.2152098793e+03
           NaN, -1.2156940759e+03
           NaN, -1.2161619175e+03
           NaN, -1.2166139623e+03
           NaN, -1.2170507443e+03
           NaN, -1.2174727795e+03
           NaN, -1.2178805600e+03
           NaN, -1.2182745592e+03
           NaN, -1.2186552326e+03
           NaN, -1.2190230184e+03
           NaN, -1.2193783374e+03
           NaN, -1.2197215958e+03
           NaN, -1.2200531859e+03
           NaN, -1.2203734836e+03
           NaN, -1.2206828550e+03
           NaN, -1.2209816514e+03
           NaN, -1.2212702128e+03
           NaN, -1.2215488682e+03
           NaN, -1.2218179361e+03
           NaN, -1.2220777256e+03
           NaN, -1.2223285344e+03
           NaN, -1.2225706537e+03
           NaN, -1.2228043621e+03
           NaN, -1.2230299341e+03
           NaN, -1.2232476329e+03
           NaN, -1.2234577153e+03
           NaN, -1.2236604304e+03
           NaN, -1.2238560200e+03
           NaN, -1.2240447187e+03
           NaN, -1.2242267546e+03
           NaN, -1.2244023476e+03
           NaN, -1.2245717130e+03
           NaN, -1.2247350579e+03
           NaN, -1.2248925832e+03
           NaN, -1.2250444833e+03
           NaN, -1.2251909458e+03
           NaN, -1.2253321512e+03
           NaN, -1.2254682733e+03
           NaN, -1.2255994782e+03
           NaN, -1.2257259271e+03
           NaN, -1.2258477696e+03
           NaN, -1.2259651519e+03
           NaN, -1.2260782088e+03
           NaN, -1.2261870683e+03
           NaN, -1.2262918484e+03
           NaN, -1.2263926584e+03
           NaN, -1.2264895975e+03
           NaN, -1.2265827535e+03
           NaN, -1.2266722043e+03
           NaN, -1.2267580157e+03
           NaN, -1.2268402390e+03
           NaN, -1.2269189147e+03
           NaN, -1.2269940665e+03
           NaN, -1.2270657034e+03
           NaN, -1.2271338175e+03
           NaN, -1.2271983835e+03
           NaN, -1.2272593573e+03
           NaN, -1.2273166728e+03
           NaN, -1.2273702432e+03
           NaN, -1.2274199583e+03
           NaN, -1.2274656811e+03
           NaN, -1.2275072473e+03
           NaN, -1.2275444649e+03
           NaN, -1.2275771101e+03
           NaN, -1.2276049226e+03
           NaN, -1.2276276090e+03
           NaN, -1.2276448347e+03
           NaN, -1.2276562238e+03
           NaN, -1.2276613553e+03
           NaN, -1.2276597588e+03
           NaN, -1.2276509131e+03
           NaN, -1.2276342405e+03
           NaN, -1.2276091015e+03
           NaN, -1.2275747937e+03
           NaN, -1.2275305455e+03
           NaN, -1.2274755103e+03
           NaN, -1.2274087606e+03
           NaN, -1.2273292844e+03
           NaN, -1.2272359765e+03
           NaN, -1.2271276340e+03
           NaN, -1.2270029476e+03
           NaN, -1.2268604936e+03
           NaN, -1.2266987270e+03
           NaN, -1.2265159723e+03
           NaN, -1.2263104144e+03
           NaN, -1.2260800865e+03
           NaN, -1.2258228627e+03
           NaN, -1.2255364433e+03
           NaN, -1.2252183470e+03
           NaN, -1.2248658926e+03
           NaN, -1.2244761884e+03
           NaN, -1.2240461188e+03
           NaN, -1.2235723237e+03
           NaN, -1.2230511872e+03
           NaN, -1.2224788175e+03
           NaN, -1.2218510275e+03
           NaN, -1.2211633164e+03
           NaN, -1.2204108486e+03
           NaN, -1.2195884297e+03
           NaN, -1.2186904866e+03
           NaN, -1.2177110375e+03
           NaN, -1.2166436722e+03
           NaN, -1.2154815192e+03
           NaN, -1.2142172209e+03
           NaN, -1.2128429004e+03
           NaN, -1.2113501327e+03
           NaN, -1.2097299113e+03
           NaN, -1.2079726147e+03
           NaN, -1.2060679701e+03
           NaN, -1.2040050192e+03
           NaN, -1.2017720808e+03
           NaN, -1.1993567111e+03
           NaN, -1.1967456703e+03
           NaN, -1.1939248781e+03
           NaN, -1.1908793814e+03
           NaN, -1.1875933108e+03
           NaN, -1.1840498480e+03
           NaN, -1.1802311871e+03
           NaN, -1.1761185024e+03
-2.7095467571e+02, -5.2053039405e+00
-2.6541274700e+02, -1.4334072551e+01
-2.6120846993e+02, -2.0978560255e+01
-2.5754197139e+02, -2.6585588782e+01
-2.5419253402e+02, -3.1561462854e+01
-2.5105977753e+02, -3.6093719318e+01
-2.4808760542e+02, -4.0288565512e+01
-2.4524075597e+02, -4.4213589162e+01
-2.4249529015e+02, -4.7915208790e+01
-2.3983404402e+02, -5.1427072545e+01
-2.3724419864e+02, -5.4774575166e+01
-2.3471587153e+02, -5.7977491826e+01
-2.3224124820e+02, -6.1051611782e+01
-2.2981401957e+02, -6.4009802367e+01
-2.2742900297e+02, -6.6862729999e+01
-2.2508187797e+02, -6.9619365087e+01
-2.2276899731e+02, -7.2287345534e+01
-2.2048724811e+02, -7.4873244711e+01
-2.1823394802e+02, -7.7382773091e+01
-2.1600676605e+02, -7.9820932697e+01
-2.1380366120e+02, -8.2192137301e+01
-2.1162283428e+02, -8.4500307269e+01
-2.0946268964e+02, -8.6748945356e+01
-2.0732180426e+02, -8.8941197958e+01
-2.0519890278e+02, -9.1079905119e+01
-2.0309283685e+02, -9.3167641728e+01
-2.0100256818e+02, -9.5206751768e+01
-1.9892715432e+02, -9.7199376982e+01
-1.9686573679e+02, -9.9147481059e+01
-1.9481753093e+02, -1.0105287016e+02
-1.9278181740e+02, -1.0291721047e+02
-1.9075793482e+02, -1.0474204324e+02
-1.8874527346e+02, -1.0652879780e+02
-1.8674326981e+02, -1.0827880286e+02
-1.8475140180e+02, -1.0999329634e+02
-1.8276918473e+02, -1.1167343399e+02
-1.8079616762e+02, -1.1332029694e+02
-1.7883193004e+02, -1.1493489841e+02
-1.7687607931e+02, -1.1651818963e+02
-1.7492824799e+02, -1.1807106507e+02
-1.7298809173e+02, -1.1959436715e+02
-1.7105528725e+02, -1.2108889042e+02
-1.6912953063e+02, -1.2255538532e+02
-1.6721053569e+02, -1.2399456157e+02
-1.6529803262e+02, -1.2540709120e+02
-1.6339176669e+02, -1.2679361131e+02
-1.6149149710e+02, -1.2815472657e+02
-1.5959699594e+02, -1.2949101146e+02
-1.5770804725e+02, -1.3080301237e+02
-1.5582444616e+02, -1.3209124943e+02
-1.5394599813e+02, -1.3335621828e+02
-1.5207251821e+02, -1.3459839157e+02
-1.5020383040e+02, -1.3581822049e+02
-1.4833976706e+02, -1.3701613599e+02
-1.4648016837e+02, -1.3819255008e+02
-1.4462488180e+02, -1.3934785690e+02
-1.4277376169e+02, -1.4048243380e+02
-1.4092666878e+02, -1.4159664223e+02
-1.3908346986e+02, -1.4269082870e+02
-1.3724403737e+02, -1.4376532553e+02
-1.3540824909e+02, -1.4482045166e+02
-1.3357598783e+02, -1.4585651335e+02
-1.3174714111e+02, -1.4687380480e+02
-1.2992160094e+02, -1.4787260882e+02
-1.2809926351e+02, -1.4885319735e+02
-1.2628002902e+02, -1.4981583202e+02
-1.2446380142e+02, -1.5076076465e+02
-1.2265048824e+02, -1.5168823770e+02
-1.2084000037e+02, -1.5259848471e+02
-1.1903225190e+02, -1.5349173073e+02
-1.1722715995e+02, -1.5436819267e+02
-1.1542464452e+02, -1.5522807969e+02
-1.1362462835e+02, -1.5607159351e+02
-1.1182703676e+02, -1.5689892877e+02
-1.1003179755e+02, -1.5771027327e+02
-1.0823884087e+02, -1.5850580831e+02
-1.0644809908e+02, -1.5928570892e+02
-1.0465950668e+02, -1.6005014412e+02
-1.0287300021e+02, -1.6079927716e+02
-1.0108851812e+02, -1.6153326576e+02
-9.9306000704e+01, -1.6225226226e+02
-9.7525390008e+01, -1.6295641392e+02
-9.5746629757e+01, -1.6364586300e+02
-9.3969665272e+01, -1.6432074703e+02
-9.2194443399e+01, -1.6498119891e+02
-9.0420912441e+01, -1.6562734713e+02
-8.8649022093e+01, -1.6625931587e+02
-8.6878723378e+01, -1.6687722517e+02
-8.5109968594e+01, -1.6748119110e+02
-8.3342711250e+01, -1.6807132580e+02
-8.1576906021e+01, -1.6864773771e+02
-7.9812508691e+01, -1.6921053160e+02
-7.8049476109e+01, -1.6975980874e+02
-7.6287766139e+01, -1.7029566698e+02
-7.4527337622e+01, -1.7081820086e+02
-7.2768150327e+01, -1.7132750168e+02
-7.1010164914e+01, -1.7182365764e+02
-6.9253342899e+01, -1.7230675389e+02
-6.7497646609e+01, -1.7277687261e+02
-6.5743039157e+01, -1.7323409312e+02
-6.3989484399e+01, -1.7367849192e+02
-6.2236946906e+01, -1.7411014280e+02
-6.0485391935e+01, -1.7452911686e+02
-5.8734785392e+01, -1.7493548261e+02
-5.6985093812e+01, -1.7532930602e+02
-5.5236284325e+01, -1.7571065059e+02
-5.3488324630e+01, -1.7607957738e+02
-5.1741182973e+01, -1.7643614509e+02
-4.9994828119e+01, -1.7678041008e+02
-4.8249229327e+01, -1.7711242647e+02
-4.6504356331e+01, -1.7743224611e+02
-4.4760179314e+01, -1.7773991871e+02
-4.3016668889e+01, -1.7803549179e+02
-4.1273796075e+01, -1.7831901080e+02
-3.9531532278e+01, -1.7859051910e+02
-3.7789849273e+01, -1.7885005803e+02
-3.6048719183e+01, -1.7909766693e+02
-3.4308114459e+01, -1.7933338314e+02
-3.2568007864e+01, -1.7955724211e+02
-3.0828372455e+01, -1.7976927733e+02
-2.9089181565e+01, -1.7996952043e+02
-2.7350408787e+01, -1.8015800116e+02
-2.5612027956e+01, -1.8033474746e+02
-2.3874013134e+01, -1.8049978540e+02
-2.2136338593e+01, -1.8065313931e+02
-2.0398978801e+01, -1.8079483169e+02
-1.8661908407e+01, -1.8092488330e+02
-1.6925102221e+01, -1.8104331315e+02
-1.5188535209e+01, -1.8115013851e+02
-1.3452182467e+01, -1.8124537492e+02
-1.1716019215e+01, -1.8132903623e+02
-9.9800207796e+00, -1.8140113458e+02
-8.2441625794e+00, -1.8146168041e+02
-6.5084201122e+00, -1.8151068249e+02
-4.7727689408e+00, -1.8154814791e+02
-3.0371846790e+00, -1.8157408207e+02
-1.3016429783e+00, -1.8158848872e+02
+4.3388048625e-01, -1.8159136995e+02
+2.1694100292e+00, -1.8158272616e+02
+3.9049699687e+00, -1.8156255612e+02
+5.6405846397e+00, -1.8153085691e+02
+7.3762784078e+00, -1.8148762394e+02
+9.1120756831e+00, -1.8143285098e+02
+1.0848000934e+01, -1.8136653009e+02
+1.2584078699e+01, -1.8128865167e+02
+1.4320333606e+01, -1.8119920443e+02
+1.6056790378e+01, -1.8109817538e+02
+1.7793473856e+01, -1.8098554982e+02
+1.9530409007e+01, -1.8086131136e+02
+2.1267620942e+01, -1.8072544185e+02
+2.3005134928e+01, -1.8057792141e+02
+2.4742976407e+01, -1.8041872841e+02
+2.6481171005e+01, -1.8024783944e+02
+2.8219744553e+01, -1.8006522930e+02
+2.9958723101e+01, -1.7987087099e+02
+3.1698132934e+01, -1.7966473567e+02
+3.3438000585e+01, -1.7944679264e+02
+3.5178352859e+01, -1.7921700936e+02
+3.6919216843e+01, -1.7897535135e+02
+3.8660619927e+01, -1.7872178223e+02
+4.0402589822e+01, -1.7845626366e+02
+4.2145154577e+01, -1.7817875529e+02
+4.3888342598e+01, -1.7788921480e+02
+4.5632182672e+01, -1.7758759777e+02
+4.7376703978e+01, -1.7727385773e+02
+4.9121936117e+01, -1.7694794606e+02
+5.0867909128e+01, -1.7660981199e+02
+5.2614653511e+01, -1.7625940254e+02
+5.4362200251e+01, -1.7589666248e+02
+5.6110580839e+01, -1.7552153429e+02
+5.7859827300e+01, -1.7513395808e+02
+5.9609972216e+01, -1.7473387159e+02
+6.1361048751e+01, -1.7432121009e+02
+6.3113090682e+01, -1.7389590635e+02
+6.4866132422e+01, -1.7345789056e+02
+6.6620209055e+01, -1.7300709029e+02
+6.8375356362e+01, -1.7254343042e+02
+7.0131610855e+01, -1.7206683303e+02
+7.1889009810e+01, -1.7157721738e+02
+7.3647591301e+01, -1.7107449982e+02
+7.5407394235e+01, -1.7055859369e+02
+7.7168458392e+01, -1.7002940924e+02
+7.8930824463e+01, -1.6948685357e+02
+8.0694534090e+01, -1.6893083049e+02
+8.2459629910e+01, -1.6836124047e+02
+8.4226155601e+01, -1.6777798049e+02
+8.5994155928e+01, -1.6718094396e+02
+8.7763676792e+01, -1.6657002060e+02
+8.9534765282e+01, -1.6594509633e+02
+9.1307469732e+01, -1.6530605312e+02
+9.3081839774e+01, -1.6465276886e+02
+9.4857926401e+01, -1.6398511723e+02
+9.6635782031e+01, -1.6330296758e+02
+9.8415460571e+01, -1.6260618469e+02
+1.0019701749e+02, -1.6189462870e+02
+1.0198050989e+02, -1.6116815487e+02
+1.0376599660e+02, -1.6042661343e+02
+1.0555353822e+02, -1.5966984936e+02
+1.0734319725e+02, -1.5889770222e+02
+1.0913503817e+02, -1.5811000589e+02
+1.1092912753e+02, -1.5730658838e+02
+1.1272553405e+02, -1.5648727157e+02
+1.1452432875e+02, -1.5565187092e+02
+1.1632558506e+02, -1.5480019527e+02
+1.1812937892e+02, -1.5393204646e+02
+1.1993578896e+02, -1.5304721910e+02
+1.2174489659e+02, -1.5214550020e+02
+1.2355678618e+02, -1.5122666882e+02
+1.2537154522e+02, -1.5029049572e+02
+1.2718926448e+02, -1.4933674296e+02
+1.2901003821e+02, -1.4836516343e+02
+1.3083396429e+02, -1.4737550050e+02
+1.3266114451e+02, -1.4636748742e+02
+1.3449168472e+02, -1.4534084690e+02
+1.3632569514e+02, -1.4429529050e+02
+1.3816329057e+02, -1.4323051808e+02
+1.4000459067e+02, -1.4214621712e+02
+1.4184972030e+02, -1.4104206208e+02
+1.4369880979e+02, -1.3991771364e+02
+1.4555199533e+02, -1.3877281793e+02
+1.4740941933e+02, -1.3760700567e+02
+1.4927123084e+02, -1.3641989123e+02
+1.5113758596e+02, -1.3521107169e+02
+1.5300864836e+02, -1.3398012568e+02
+1.5488458979e+02, -1.3272661232e+02
+1.5676559064e+02, -1.3145006985e+02
+1.5865184059e+02, -1.3015001431e+02
+1.6054353923e+02, -1.2882593802e+02
+1.6244089689e+02, -1.2747730796e+02
+1.6434413538e+02, -1.2610356392e+02
+1.6625348893e+02, -1.2470411660e+02
+1.6816920518e+02, -1.2327834542e+02
+1.7009154624e+02, -1.2182559614e+02
+1.7202078995e+02, -1.2034517824e+02
+1.7395723116e+02, -1.1883636204e+02
+1.7590118326e+02, -1.1729837550e+02
+1.7785297985e+02, -1.1573040063e+02
+1.7981297656e+02, -1.1413156952e+02
+1.8178155314e+02, -1.1250095995e+02
+1.8375911584e+02, -1.1083759041e+02
+1.8574609997e+02, -1.0914041448e+02
+1.8774297297e+02, -1.0740831462e+02
+1.8975023773e+02, -1.0564009501e+02
+1.9176843649e+02, -1.0383447348e+02
+1.9379815524e+02, -1.0199007232e+02
+1.9584002879e+02, -1.0010540775e+02
+1.9789474668e+02, -9.8178877804e+01
+1.9996305990e+02, -9.6208748332e+01
+2.0204578885e+02, -9.4193136774e+01
+2.0414383266e+02, -9.2129993192e+01
+2.0625818007e+02, -9.0017078005e+01
+2.0838992245e+02, -8.7851935681e+01
+2.1054026934e+02, -8.5631863430e+01
+2.1271056710e+02, -8.3353873684e+01
+2.1490232161e+02, -8.1014648756e+01
+2.1711722601e+02, -7.8610485560e+01
+2.1935719505e+02, -7.6137227570e+01
+2.2162440798e+02, -7.3590180156e+01
+2.2392136282e+02, -7.0964003987e+01
+2.2625094592e+02, -6.8252579034e+01
+2.2861652249e+02, -6.5448828467e+01
+2.3102205633e+02, -6.2544486761e+01
+2.3347227136e+02, -5.9529788442e+01
+2.3597287447e+02, -5.6393041047e+01
+2.7914116957e+02, +1.0413248988e+02
+2.4115502270e+02, -4.9693116762e+01
+3.4738298906e+02, +7.7189512270e+01
+3.4319249570e+02, +7.8279122207e+01
+2.9326779032e+02, +9.6850309486e+01
+2.9696662039e+02, +9.5080541859e+01
+3.0073157368e+02, +9.3342324446e+01
+3.0456122740e+02, +9.1641405596e+01
+3.0845412919e+02, +8.9983310525e+01
+3.1241268611e+02, +8.8373160268e+01
+2.4385654647e+02, -4.6089987418e+01
+3.1042425843e+02, +8.9172003443e+01
+3.0263821917e+02, +9.2486936609e+01
           NaN, -7.5543469172e+02
           NaN, -7.7717198834e+02
           NaN, -7.9792317337e+02
           NaN, -8.1772477891e+02
           NaN, -8.3661273420e+02
           NaN, -8.5462239386e+02
           NaN, -8.7178852967e+02
           NaN, -8.8814530341e+02
           NaN, -9.0372622319e+02
           NaN, -9.1856409689e+02
           NaN, -9.3269098121e+02
           NaN, -9.4613813383e+02
           NaN, -9.5893597103e+02
           NaN, -9.7111402775e+02
           NaN, -9.8270092707e+02
           NaN, -9.9372435397e+02
+2.0748418376e+02, +1.4684390992e+02
           NaN, -1.0141867374e+03
+2.0268413859e+02, +1.4963834859e+02
+2.0031112193e+02, +1.5100443560e+02
+1.9795508276e+02, +1.5235004122e+02
+1.9561530465e+02, +1.5367537822e+02
+1.9329111053e+02, +1.5498066342e+02
+1.9098186004e+02, +1.5626611634e+02
+1.8868694716e+02, +1.5753195797e+02
+1.8640579792e+02, +1.5877840977e+02
+1.8413786834e+02, +1.6000569282e+02
+1.8188264247e+02, +1.6121402712e+02
+1.7963963058e+02, +1.6240363100e+02
+1.7740836752e+02, +1.6357472058e+02
+1.7518841117e+02, +1.6472750942e+02
+1.7297934096e+02, +1.6586220812e+02
+1.7078075656e+02, +1.6697902410e+02
+1.6859227663e+02, +1.6807816134e+02
+1.6641353769e+02, +1.6915982022e+02
+1.6424419301e+02, +1.7022419737e+02
+1.6208391162e+02, +1.7127148560e+02
+1.5993237739e+02, +1.7230187379e+02
+1.5778928818e+02, +1.7331554687e+02
+1.5565435498e+02, +1.7431268577e+02
           NaN, -1.1481377946e+03
           NaN, -1.1512701091e+03
           NaN, -1.1542642602e+03
+1.4719082236e+02, +1.7813937822e+02
+1.4509274504e+02, +1.7905642049e+02
+1.4300132735e+02, +1.7995793067e+02
+1.4091635395e+02, +1.8084406214e+02
+1.3883761781e+02, +1.8171496451e+02
           NaN, -1.1696948186e+03
           NaN, -1.1718981740e+03
           NaN, -1.1740098558e+03
           NaN, -1.1760343407e+03
           NaN, -1.1779758623e+03
           NaN, -1.1798384238e+03
           NaN, -1.1816258099e+03
           NaN, -1.1833416009e+03
           NaN, -1.1849891817e+03
           NaN, -1.1865717556e+03
           NaN, -1.1880923514e+03
           NaN, -1.1895538354e+03
           NaN, -1.1909589207e+03
           NaN, -1.1923101750e+03
           NaN, -1.1936100278e+03
           NaN, -1.1948607809e+03
           NaN, -1.1960646129e+03
           NaN, -1.1972235886e+03
           NaN, -1.1983396631e+03
           NaN, -1.1994146904e+03
           NaN, -1.2004504265e+03
           NaN, -1.2014485386e+03
           NaN, -1.2024106059e+03
           NaN, -1.2033381271e+03
           NaN, -1.2042325253e+03
           NaN, -1.2050951504e+03
           NaN, -1.2059272853e+03
           NaN, -1.2067301486e+03
           NaN, -1.2075048980e+03
           NaN, -1.2082526343e+03
           NaN, -1.2089744044e+03
           NaN, -1.2096712047e+03
           NaN, -1.2103439836e+03
           NaN, -1.2109936449e+03
           NaN, -1.2116210481e+03
           NaN, -1.2122270148e+03
           NaN, -1.2128123264e+03
           NaN, -1.2133777299e+03
           NaN, -1.2139239388e+03
           NaN, -1.2144516342e+03
           NaN, -1.2149614663e+03
           NaN, -1.2154540577e+03
           NaN, -1.2159300058e+03
           NaN, -1.2163898805e+03
           NaN, -1.2168342282e+03
           NaN, -1.2172635745e+03
           NaN, -1.2176784218e+03
           NaN, -1.2180792535e+03
           NaN, -1.2184665340e+03
           NaN, -1.2188407097e+03
           NaN, -1.2192022102e+03
           NaN, -1.2195514490e+03
           NaN, -1.2198888256e+03
           NaN, -1.2202147230e+03
           NaN, -1.2205295130e+03
           NaN, -1.2208335532e+03
           NaN, -1.2211271901e+03
           NaN, -1.2214107585e+03
           NaN, -1.2216845810e+03
           NaN, -1.2219489724e+03
           NaN, -1.2222042342e+03
           NaN, -1.2224506625e+03
           NaN, -1.2226885420e+03
           NaN, -1.2229181486e+03
           NaN, -1.2231397514e+03
           NaN, -1.2233536106e+03
           NaN, -1.2235599785e+03
           NaN, -1.2237591009e+03
           NaN, -1.2239512164e+03
           NaN, -1.2241365554e+03
           NaN, -1.2243153424e+03
           NaN, -1.2244877956e+03
           NaN, -1.2246541253e+03
           NaN, -1.2248145355e+03
           NaN, -1.2249692244e+03
           NaN, -1.2251183831e+03
           NaN, -1.2252621942e+03
           NaN, -1.2254008371e+03
           NaN, -1.2255344803e+03
           NaN, -1.2256632874e+03
           NaN, -1.2257874150e+03
           NaN, -1.2259070098e+03
           NaN, -1.2260222129e+03
           NaN, -1.2261331557e+03
           NaN, -1.2262399611e+03
           NaN, -1.2263427434e+03
           NaN, -1.2264416058e+03
           NaN, -1.2265366433e+03
           NaN, -1.2266279378e+03
           NaN, -1.2267155612e+03
           NaN, -1.2267995732e+03
           NaN, -1.2268800187e+03
           NaN, -1.2269569299e+03
           NaN, -1.2270303240e+03
           NaN, -1.2271002018e+03
           NaN, -1.2271665460e+03
           NaN, -1.2272293228e+03
           NaN, -1.2272884773e+03
           NaN, -1.2273439323e+03
           NaN, -1.2273955907e+03
           NaN, -1.2274433279e+03
           NaN, -1.2274869949e+03
           NaN, -1.2275264133e+03
           NaN, -1.2275613747e+03
           NaN, -1.2275916379e+03
           NaN, -1.2276169267e+03
           NaN, -1.2276369270e+03
           NaN, -1.2276512842e+03
           NaN, -1.2276595997e+03
           NaN, -1.2276614293e+03
           NaN, -1.2276562776e+03
           NaN, -1.2276435938e+03
           NaN, -1.2276227712e+03
           NaN, -1.2275931404e+03
           NaN, -1.2275539637e+03
           NaN, -1.2275044326e+03
           NaN, -1.2274436608e+03
           NaN, -1.2273706802e+03
           NaN, -1.2272844324e+03
           NaN, -1.2271837638e+03
           NaN, -1.2270674202e+03
           NaN, -1.2269340352e+03
           NaN, -1.2267821256e+03
           NaN, -1.2266100834e+03
           NaN, -1.2264161633e+03
           NaN, -1.2261984754e+03
           NaN, -1.2259549759e+03
           NaN, -1.2256834527e+03
           NaN, -1.2253815180e+03
           NaN, -1.2250465906e+03
           NaN, -1.2246758863e+03
           NaN, -1.2242664036e+03
           NaN, -1.2238149068e+03
           NaN, -1.2233179103e+03
           NaN, -1.2227716610e+03
           NaN, -1.2221721235e+03
           NaN, -1.2215149562e+03
           NaN, -1.2207954931e+03
           NaN, -1.2200087225e+03
           NaN, -1.2191492624e+03
           NaN, -1.2182113403e+03
           NaN, -1.2171887627e+03
           NaN, -1.2160748921e+03
           NaN, -1.2148626183e+03
           NaN, -1.2135443263e+03
           NaN, -1.2121118712e+03
           NaN, -1.2105565403e+03
           NaN, -1.2088690234e+03
           NaN, -1.2070393793e+03
           NaN, -1.2050569952e+03
           NaN, -1.2029105576e+03
           NaN, -1.2005880080e+03
           NaN, -1.1980765097e+03
           NaN, -1.1953624068e+03
           NaN, -1.1924311877e+03
           NaN, -1.1892674458e+03
           NaN, -1.1858548427e+03
           NaN, -1.1821760695e+03
           NaN, -1.1782128153e+03
           NaN, -1.1739457316e+03
