-3.3639660789e+02, -6.0613780132e-01
-3.4180387463e+02, -5.8746195217e-01
-3.4705525503e+02, -5.7160909546e-01
-3.5217322981e+02, -5.5793456881e-01
-3.5717536520e+02, -5.4598371278e-01
-3.6207570496e+02, -5.3542517485e-01
-3.6688569111e+02, -5.2601083398e-01
-3.8452034269e+02, +7.0273026934e+01
-3.8539053747e+02, -4.9655514813e-01
-3.5717536520e+02, -5.4598371278e-01
-3.7627096612e+02, -5.0989605717e-01
-3.8539053747e+02, -4.9655514813e-01
-3.8986473510e+02, -4.9069619200e-01
-3.9428791362e+02, -4.8528832618e-01
-3.9866391241e+02, -4.8027812799e-01
-4.0299612644e+02, -4.7562063112e-01
-4.0728757506e+02, -4.7127767435e-01
-4.1154095763e+02, -4.6721662900e-01
-4.1575869904e+02, -4.6340940627e-01
-4.1994298713e+02, -4.5983167447e-01
-4.2409580383e+02, -4.5646223543e-01
-4.2821895118e+02, -4.5328252322e-01
-4.3231407334e+02, -4.5027619770e-01
-4.4042613800e+02, -4.4472754120e-01
-4.6422388196e+02, -4.3102420950e-01
-4.3638267514e+02, -4.4742881242e-01
-4.4816963304e+02, +6.0831955400e+01
-4.4844263548e+02, -4.3971881589e-01
-4.5241792945e+02, -4.3739195271e-01
-4.5637262225e+02, -4.3517209323e-01
-4.6030764940e+02, -4.3305176783e-01
-4.6422388196e+02, -4.3102420950e-01
-4.6812213249e+02, -4.2908327118e-01
-4.7200316042e+02, -4.2722335463e-01
-4.7586767665e+02, -4.2543934915e-01
-4.7971634778e+02, -4.2372657833e-01
-4.8354979979e+02, -4.2208075386e-01
-4.8736862143e+02, -4.2049793514e-01
-4.9762746050e+02, +5.8841449116e+01
-5.0250823362e+02, -4.1472821234e-01
-4.8235276004e+02, +5.6002447246e+01
-4.9496455977e+02, -4.1750708341e-01
-5.0250823362e+02, -4.1472821234e-01
-5.0626162328e+02, -4.1341123394e-01
-5.1000328053e+02, -4.1213920997e-01
-5.1373360234e+02, -4.1090984744e-01
-5.1745296564e+02, -4.0972101060e-01
-5.2116172864e+02, -4.0857070746e-01
-5.2486023210e+02, -4.0745707759e-01
-5.2854880048e+02, -4.0637838124e-01
-5.3222774298e+02, -4.0533298953e-01
-5.3589735450e+02, -4.0431937554e-01
-5.3955791652e+02, -4.0333610632e-01
-5.4320969794e+02, -4.0238183561e-01
-5.4685295584e+02, -4.0145529729e-01
-5.5048793613e+02, -4.0055529936e-01
-5.6048600222e+02, +6.0879724902e+01
-5.6240828944e+02, +5.5017695294e+01
-5.8785032993e+02, +4.1200495450e+01
-5.5411487426e+02, -3.9968071848e-01
-5.6134551686e+02, -3.9800362865e-01
-5.7063247510e+02, +5.4875506793e+01
-5.7213651049e+02, -3.9565397006e-01
-5.7571962281e+02, -3.9491157272e-01
-5.7929609271e+02, -3.9418828416e-01
-5.8286609009e+02, -3.9348338294e-01
-5.8642977850e+02, -3.9279618406e-01
-5.8998731543e+02, -3.9212603659e-01
-5.9353885261e+02, -3.9147232154e-01
-5.9708453632e+02, -3.9083444996e-01
-6.0062450759e+02, -3.9021186101e-01
-6.0415890254e+02, -3.8960402038e-01
-6.0768785250e+02, -3.8901041863e-01
-6.1121148434e+02, -3.8843056980e-01
-6.1472992061e+02, -3.8786401001e-01
-6.1824327973e+02, -3.8731029623e-01
-6.2175167622e+02, -3.8676900510e-01
-6.2525522085e+02, -3.8623973181e-01
-6.2875402077e+02, -3.8572208911e-01
-6.3224817973e+02, -3.8521570636e-01
-6.3499620114e+02, +5.3268810801e+01
-6.4428983143e+02, +5.3340177983e+01
-6.4618036840e+02, -3.8329589418e-01
-6.5658540214e+02, -3.8195826897e-01
-6.4132348681e+02, +5.3154141969e+01
-6.4965276819e+02, -3.8284077288e-01
-6.5260655987e+02, +5.3113557183e+01
-6.6231786839e+02, +5.2949439305e+01
-6.6350235902e+02, -3.8111096040e-01
-6.6695515360e+02, -3.8069987200e-01
-6.7040425848e+02, -3.8029684288e-01
-6.7384974570e+02, -3.7990164577e-01
-6.7729168523e+02, -3.7951406192e-01
-6.8073014515e+02, -3.7913388064e-01
-6.8416519161e+02, -3.7876089897e-01
-6.8759688900e+02, -3.7839492129e-01
-6.9102529994e+02, -3.7803575903e-01
-6.9445048538e+02, -3.7768323031e-01
-6.9787250466e+02, -3.7733715967e-01
-7.0129141553e+02, -3.7699737779e-01
-7.0470727427e+02, -3.7666372119e-01
-7.0812013567e+02, -3.7633603201e-01
-7.1153005314e+02, -3.7601415776e-01
-7.1493707870e+02, -3.7569795109e-01
-7.1834126310e+02, -3.7538726956e-01
-7.2174265578e+02, -3.7508197548e-01
-7.2514130497e+02, -3.7478193564e-01
-7.2853725772e+02, -3.7448702120e-01
-7.3193055991e+02, -3.7419710746e-01
-7.3532125632e+02, -3.7391207373e-01
-7.3870939067e+02, -3.7363180315e-01
-7.4209500560e+02, -3.7335618254e-01
-7.4547814277e+02, -3.7308510224e-01
-7.4885884286e+02, -3.7281845602e-01
-7.5223714558e+02, -3.7255614090e-01
-7.5561308975e+02, -3.7229805705e-01
-7.5898671327e+02, -3.7204410765e-01
-7.6235805320e+02, -3.7179419880e-01
-7.6572714574e+02, -3.7154823940e-01
-7.6909402630e+02, -3.7130614104e-01
-7.7330376878e+02, +7.2880252302e+01
-7.7918173835e+02, -3.7060216654e-01
-7.8254010950e+02, -3.7037467881e-01
-7.8571519246e+02, +5.1328401748e+01
-7.9260306793e+02, -3.6971265774e-01
-8.0264842412e+02, -3.6907980638e-01
-8.4102155243e+02, +3.7934830678e+01
-7.6235805320e+02, -3.7179419880e-01
-7.8535073284e+02, +5.1337539960e+01
-7.9260306793e+02, -3.6971265774e-01
-7.9930187942e+02, -3.6928762936e-01
-8.0264842412e+02, -3.6907980638e-01
-8.0599309880e+02, -3.6887502436e-01
-8.0469712764e+02, +5.2632868736e+01
-8.1980974071e+02, +5.1406897344e+01
-8.1935363455e+02, -3.6808507680e-01
-8.2268935731e+02, -3.6789459202e-01
-8.2602336561e+02, -3.6770679627e-01
-8.2935568359e+02, -3.6752163617e-01
-8.3268633489e+02, -3.6733905976e-01
-8.3601534271e+02, -3.6715901638e-01
-8.3934272978e+02, -3.6698145671e-01
-8.4266851840e+02, -3.6680633264e-01
-8.4599273043e+02, -3.6663359730e-01
-8.4931538732e+02, -3.6646320499e-01
-8.5263651010e+02, -3.6629511115e-01
-8.5595611941e+02, -3.6612927233e-01
-8.5927423550e+02, -3.6596564613e-01
-8.6259087824e+02, -3.6580419122e-01
-8.6590606713e+02, -3.6564486725e-01
-8.6921982130e+02, -3.6548763485e-01
-8.7253215954e+02, -3.6533245562e-01
-8.7584310028e+02, -3.6517929204e-01
-8.7915266164e+02, -3.6502810751e-01
-8.8246086139e+02, -3.6487886629e-01
-8.8576771699e+02, -3.6473153347e-01
-8.8907324558e+02, -3.6458607497e-01
-8.9237746399e+02, -3.6444245748e-01
-8.9568038878e+02, -3.6430064849e-01
-8.9898203619e+02, -3.6416061619e-01
-9.0228242218e+02, -3.6402232955e-01
-9.0558156243e+02, -3.6388575821e-01
-9.0887947237e+02, -3.6375087250e-01
-9.1217616714e+02, -3.6361764343e-01
-9.1547166163e+02, -3.6348604263e-01
-9.1876597047e+02, -3.6335604240e-01
-9.2205910804e+02, -3.6322761562e-01
-9.2535108850e+02, -3.6310073577e-01
-9.2864192573e+02, -3.6297537693e-01
-9.3193163343e+02, -3.6285151371e-01
-9.3522022502e+02, -3.6272912131e-01
-9.3850771374e+02, -3.6260817542e-01
-9.4179411258e+02, -3.6248865228e-01
-9.4507943434e+02, -3.6237052863e-01
-9.4836369160e+02, -3.6225378170e-01
-9.5164689674e+02, -3.6213838919e-01
-9.5492906194e+02, -3.6202432929e-01
-9.5821019917e+02, -3.6191158063e-01
-9.6149032023e+02, -3.6180012228e-01
-9.6476943673e+02, -3.6168993376e-01
-9.6804756007e+02, -3.6158099498e-01
-9.7132470151e+02, -3.6147328629e-01
-9.7460087210e+02, -3.6136678843e-01
-9.7787608274e+02, -3.6126148253e-01
-9.8115034414e+02, -3.6115735009e-01
-9.8442366686e+02, -3.6105437300e-01
-9.8769606129e+02, -3.6095253351e-01
-9.9096753767e+02, -3.6085181420e-01
-9.9423810606e+02, -3.6075219801e-01
-9.9750777640e+02, -3.6065366822e-01
-1.0007765585e+03, -3.6055620842e-01
-1.0040444619e+03, -3.6045980255e-01
-1.0073114961e+03, -3.6036443484e-01
-1.0105776705e+03, -3.6027008981e-01
-1.0138429942e+03, -3.6017675232e-01
-1.0171074764e+03, -3.6008440747e-01
-1.0203711260e+03, -3.5999304069e-01
-1.0236339517e+03, -3.5990263765e-01
-1.0268959623e+03, -3.5981318432e-01
-1.0301571662e+03, -3.5972466690e-01
-1.0334175720e+03, -3.5963707189e-01
-1.0366771878e+03, -3.5955038600e-01
-1.0399360219e+03, -3.5946459621e-01
-1.0431940824e+03, -3.5937968975e-01
-1.0464513772e+03, -3.5929565405e-01
-1.0497079142e+03, -3.5921247680e-01
-1.0529637010e+03, -3.5913014590e-01
-1.0562187453e+03, -3.5904864948e-01
-1.0594730546e+03, -3.5896797588e-01
-1.0627266363e+03, -3.5888811364e-01
-1.0659794976e+03, -3.5880905153e-01
-1.0692316460e+03, -3.5873077848e-01
-1.0724830883e+03, -3.5865328366e-01
-1.0757338316e+03, -3.5857655641e-01
-1.0789838829e+03, -3.5850058625e-01
-1.0822332489e+03, -3.5842536291e-01
-1.0854819364e+03, -3.5835087627e-01
-1.0887299519e+03, -3.5827711640e-01
-1.0919773022e+03, -3.5820407355e-01
-1.0887299519e+03, -3.5827711640e-01
-1.0952239935e+03, -3.5813173812e-01
-1.0957029459e+03, +4.9923977240e+01
-1.0700274052e+03, +7.5474927079e+01
-1.1194491027e+03, +5.0436891572e+01
-1.1179329081e+03, -3.5764442629e-01
-1.1172516471e+03, +4.7937127542e+01
-1.1211745507e+03, -3.5757742412e-01
-1.1244155887e+03, -3.5751105007e-01
-1.1276560278e+03, -3.5744529608e-01
-1.1308958737e+03, -3.5738015418e-01
-1.1341351319e+03, -3.5731561655e-01
-1.1373738077e+03, -3.5725167549e-01
-1.1406119066e+03, -3.5718832344e-01
-1.1438494339e+03, -3.5712555295e-01
-1.1450475498e+03, +4.9716142658e+01
-1.1564339826e+03, +5.0164991803e+01
-1.1567939306e+03, -3.5688014182e-01
-1.1600286770e+03, -3.5682017158e-01
-1.1632628822e+03, -3.5676074067e-01
-1.1709230786e+03, +4.9854331436e+01
-1.1729622993e+03, -3.5658561798e-01
-1.1799697208e+03, +4.9748312864e+01
-1.1832836830e+03, +5.1467125184e+01
-1.1921606776e+03, +4.9658846049e+01
-1.2011030537e+03, +4.9373605171e+01
-1.2149403576e+03, -3.5587807476e-01
-1.2503983018e+03, -3.5533795218e-01
-1.0789838829e+03, -3.5850058625e-01
-1.1421170105e+03, +4.7643030142e+01
-1.1632628822e+03, -3.5676074067e-01
-1.1734996539e+03, +4.9539426617e+01
-1.1826570173e+03, -3.5641511614e-01
-1.1891176131e+03, -3.5630393312e-01
-1.1913291167e+03, +5.1195124278e+01
-1.1988047713e+03, -3.5614076768e-01
-1.2020328451e+03, -3.5608731880e-01
-1.2096896341e+03, +4.9478371643e+01
-1.2117141887e+03, -3.5592971374e-01
-1.2149403576e+03, -3.5587807476e-01
-1.2181660604e+03, -3.5582687508e-01
-1.2195592264e+03, +4.9410162367e+01
-1.2351339393e+03, +5.2475957569e+01
-1.2310642891e+03, -3.5562636833e-01
-1.2342877199e+03, -3.5557729000e-01
-1.2375107077e+03, -3.5552862143e-01
-1.2407332561e+03, -3.5548035794e-01
-1.2439553689e+03, -3.5543249491e-01
-1.2471770496e+03, -3.5538502782e-01
-1.2503983018e+03, -3.5533795218e-01
-1.2536191290e+03, -3.5529126359e-01
-1.2568395348e+03, -3.5524495770e-01
-1.2600595225e+03, -3.5519903022e-01
-1.2632790956e+03, -3.5515347694e-01
-1.2664982574e+03, -3.5510829370e-01
-1.2697170114e+03, -3.5506347638e-01
-1.2749412428e+03, +4.8254171995e+01
-1.2727145638e+03, +4.7380346324e+01
-1.2761533087e+03, -3.5497492341e-01
-1.2766097769e+03, +4.9272669769e+01
-1.2709105656e+03, +5.0953687768e+01
-1.3593795960e+03, +1.0913080017e+02
-1.3077751363e+03, +5.0052759679e+01
-1.3048035385e+03, +4.9119010943e+01
-1.3050973005e+03, -3.5459351997e-01
-1.3083114068e+03, -3.5455279395e-01
-1.3113312823e+03, +4.7358194434e+01
-1.3018828237e+03, -3.5463456694e-01
-1.3116948282e+03, +5.0110709217e+01
-1.3179515305e+03, -3.5443250762e-01
-1.3211641829e+03, -3.5439303167e-01
-1.3243764788e+03, -3.5435386001e-01
-1.3275884210e+03, -3.5431498947e-01
-1.3308000122e+03, -3.5427641688e-01
-1.3340112551e+03, -3.5423813914e-01
-1.3372221524e+03, -3.5420015318e-01
-1.3404327066e+03, -3.5416245596e-01
-1.3436429204e+03, -3.5412504450e-01
-1.3468527964e+03, -3.5408791586e-01
-1.3500623371e+03, -3.5405106711e-01
-1.3532715450e+03, -3.5401449539e-01
-1.3564804226e+03, -3.5397819787e-01
-1.3596889725e+03, -3.5394217174e-01
-1.3628971970e+03, -3.5390641424e-01
-1.3661050986e+03, -3.5387092265e-01
-1.3693126796e+03, -3.5383569428e-01
-1.3725199425e+03, -3.5380072647e-01
-1.3757268896e+03, -3.5376601660e-01
-1.3789335233e+03, -3.5373156208e-01
-1.3821398457e+03, -3.5369736036e-01
-1.3853458593e+03, -3.5366340892e-01
-1.3885515662e+03, -3.5362970526e-01
-1.3917569687e+03, -3.5359624692e-01
-1.3949620691e+03, -3.5356303149e-01
-1.3981668694e+03, -3.5353005655e-01
-1.4013713719e+03, -3.5349731975e-01
-1.4045755787e+03, -3.5346481875e-01
-1.4077794920e+03, -3.5343255123e-01
-1.4109831139e+03, -3.5340051492e-01
-1.4141864463e+03, -3.5336870757e-01
-1.4173894915e+03, -3.5333712696e-01
-1.4205922514e+03, -3.5330577088e-01
-1.4237947281e+03, -3.5327463717e-01
-1.4269969236e+03, -3.5324372369e-01
-1.4301988399e+03, -3.5321302832e-01
-1.4334004789e+03, -3.5318254898e-01
-1.4366018425e+03, -3.5315228359e-01
-1.4398029328e+03, -3.5312223011e-01
-1.4430037516e+03, -3.5309238654e-01
-1.4462043009e+03, -3.5306275089e-01
-1.4494045824e+03, -3.5303332118e-01
-1.4526045981e+03, -3.5300409547e-01
-1.4558043498e+03, -3.5297507184e-01
-1.4590038393e+03, -3.5294624841e-01
-1.4622030684e+03, -3.5291762328e-01
-1.4654020389e+03, -3.5288919462e-01
-1.4686007526e+03, -3.5286096059e-01
-1.4717992113e+03, -3.5283291939e-01
-1.4749974166e+03, -3.5280506922e-01
-1.4781953704e+03, -3.5277740832e-01
-1.4813930743e+03, -3.5274993495e-01
-1.4845905299e+03, -3.5272264738e-01
-1.4877877391e+03, -3.5269554391e-01
-1.4909847034e+03, -3.5266862286e-01
-1.4941814244e+03, -3.5264188255e-01
-1.4973779039e+03, -3.5261532135e-01
-1.5005741435e+03, -3.5258893762e-01
-1.5037701446e+03, -3.5256272976e-01
-1.5069659090e+03, -3.5253669618e-01
-1.5101614382e+03, -3.5251083531e-01
-1.5133567338e+03, -3.5248514559e-01
-1.5165517972e+03, -3.5245962549e-01
-1.5197466301e+03, -3.5243427350e-01
-1.5229412339e+03, -3.5240908811e-01
-1.5261356102e+03, -3.5238406783e-01
-1.5293297604e+03, -3.5235921120e-01
-1.5325236861e+03, -3.5233451678e-01
-1.5357173886e+03, -3.5230998312e-01
-1.5389108694e+03, -3.5228560881e-01
-1.5421041301e+03, -3.5226139245e-01
-1.5452971719e+03, -3.5223733264e-01
-1.5484899963e+03, -3.5221342803e-01
-1.5516826048e+03, -3.5218967725e-01
-1.5548749986e+03, -3.5216607896e-01
-1.5580671792e+03, -3.5214263183e-01
-1.5612591479e+03, -3.5211933457e-01
-1.5644509062e+03, -3.5209618586e-01
-1.5676424553e+03, -3.5207318442e-01
-1.5708337965e+03, -3.5205032900e-01
-1.5740249312e+03, -3.5202761832e-01
-1.5772158607e+03, -3.5200505116e-01
-1.5804065863e+03, -3.5198262628e-01
-1.5835971092e+03, -3.5196034247e-01
-1.5867874308e+03, -3.5193819853e-01
-1.5899775523e+03, -3.5191619327e-01
-1.5931674749e+03, -3.5189432552e-01
-1.5963571999e+03, -3.5187259410e-01
-1.5995467286e+03, -3.5185099788e-01
-1.6027360621e+03, -3.5182953571e-01
-1.6059252016e+03, -3.5180820648e-01
-1.6091141484e+03, -3.5178700905e-01
-1.6123029037e+03, -3.5176594234e-01
-1.6154914686e+03, -3.5174500525e-01
-1.6186798442e+03, -3.5172419670e-01
-1.6218680319e+03, -3.5170351563e-01
-1.6250560326e+03, -3.5168296098e-01
-1.6282438476e+03, -3.5166253170e-01
-1.6314314779e+03, -3.5164222676e-01
-1.6346189248e+03, -3.5162204514e-01
-1.6378061893e+03, -3.5160198583e-01
-1.6409932725e+03, -3.5158204781e-01
-1.6441801755e+03, -3.5156223011e-01
-1.6473668994e+03, -3.5154253173e-01
-1.6505534452e+03, -3.5152295172e-01
-1.6537398142e+03, -3.5150348909e-01
-1.6569260072e+03, -3.5148414292e-01
-1.6601120254e+03, -3.5146491224e-01
-1.6632978698e+03, -3.5144579614e-01
-1.6664835414e+03, -3.5142679368e-01
-1.6696690413e+03, -3.5140790397e-01
-1.6728543704e+03, -3.5138912608e-01
-1.6760395299e+03, -3.5137045913e-01
-1.6792245206e+03, -3.5135190222e-01
-1.6824093436e+03, -3.5133345450e-01
-1.6855939999e+03, -3.5131511508e-01
-1.6887784905e+03, -3.5129688311e-01
-1.6919628162e+03, -3.5127875773e-01
-1.6951469781e+03, -3.5126073812e-01
-1.6983309772e+03, -3.5124282342e-01
-1.7015148143e+03, -3.5122501282e-01
-1.7046984905e+03, -3.5120730550e-01
-1.7078820066e+03, -3.5118970065e-01
-1.7110653636e+03, -3.5117219747e-01
-1.7142485624e+03, -3.5115479516e-01
-1.7174316039e+03, -3.5113749295e-01
-1.7206144890e+03, -3.5112029005e-01
-1.7237972186e+03, -3.5110318570e-01
-1.7269797936e+03, -3.5108617913e-01
-1.7301622149e+03, -3.5106926959e-01
-1.7333444833e+03, -3.5105245632e-01
-1.7365265998e+03, -3.5103573860e-01
-1.7397085652e+03, -3.5101911569e-01
-1.7428903803e+03, -3.5100258685e-01
-1.7460720460e+03, -3.5098615138e-01
-1.7492535631e+03, -3.5096980856e-01
-1.7524349326e+03, -3.5095355769e-01
-1.7556161551e+03, -3.5093739807e-01
-1.7587972315e+03, -3.5092132900e-01
-1.7619781627e+03, -3.5090534980e-01
-1.7651589495e+03, -3.5088945979e-01
-1.7683395926e+03, -3.5087365831e-01
-1.7715200929e+03, -3.5085794469e-01
-1.7747004511e+03, -3.5084231826e-01
-1.7778806681e+03, -3.5082677837e-01
-1.7810607446e+03, -3.5081132438e-01
-1.7842406814e+03, -3.5079595565e-01
-1.7874204793e+03, -3.5078067154e-01
-1.7906001390e+03, -3.5076547143e-01
-1.7937796613e+03, -3.5075035468e-01
-1.7969590469e+03, -3.5073532069e-01
-1.8001382967e+03, -3.5072036885e-01
-1.8033174112e+03, -3.5070549854e-01
-1.8064963914e+03, -3.5069070917e-01
-1.8096752379e+03, -3.5067600014e-01
-1.8128539513e+03, -3.5066137087e-01
-1.8160325326e+03, -3.5064682077e-01
-1.8192109823e+03, -3.5063234927e-01
-1.8223893011e+03, -3.5061795579e-01
-1.8255674899e+03, -3.5060363976e-01
-1.8287455492e+03, -3.5058940063e-01
-1.8319234798e+03, -3.5057523783e-01
-1.8351012824e+03, -3.5056115082e-01
-1.8382789576e+03, -3.5054713904e-01
-1.8414565061e+03, -3.5053320196e-01
-1.8446339287e+03, -3.5051933904e-01
-1.8478112259e+03, -3.5050554975e-01
-1.8509883984e+03, -3.5049183356e-01
-1.8541654469e+03, -3.5047818994e-01
-1.8573423721e+03, -3.5046461839e-01
-1.8605191746e+03, -3.5045111838e-01
-1.8636958551e+03, -3.5043768941e-01
-1.8668724141e+03, -3.5042433098e-01
-1.8700488523e+03, -3.5041104258e-01
-1.8732251705e+03, -3.5039782372e-01
-1.8764013691e+03, -3.5038467392e-01
-1.8795774488e+03, -3.5037159267e-01
-1.8827534102e+03, -3.5035857952e-01
-1.8859292540e+03, -3.5034563396e-01
-1.8891049808e+03, -3.5033275554e-01
-1.8922805911e+03, -3.5031994378e-01
-1.8954560856e+03, -3.5030719822e-01
-1.8986314648e+03, -3.5029451840e-01
-1.9018067294e+03, -3.5028190386e-01
-1.9049818800e+03, -3.5026935415e-01
-1.9081569171e+03, -3.5025686882e-01
-1.9113318412e+03, -3.5024444742e-01
-1.9145066531e+03, -3.5023208951e-01
-1.9176813533e+03, -3.5021979466e-01
-1.9208559423e+03, -3.5020756243e-01
-1.9240304207e+03, -3.5019539240e-01
-1.9272047890e+03, -3.5018328414e-01
-1.9303790479e+03, -3.5017123722e-01
-1.9335531978e+03, -3.5015925122e-01
-1.9367272394e+03, -3.5014732574e-01
-1.9399011731e+03, -3.5013546036e-01
-1.9430749996e+03, -3.5012365467e-01
-1.9462487193e+03, -3.5011190827e-01
-1.9494223328e+03, -3.5010022076e-01
-1.9525958406e+03, -3.5008859174e-01
-1.9557692433e+03, -3.5007702081e-01
-1.9589425413e+03, -3.5006550759e-01
-1.9621157353e+03, -3.5005405169e-01
-1.9652888256e+03, -3.5004265272e-01
-1.9684618129e+03, -3.5003131030e-01
-1.9716346976e+03, -3.5002002406e-01
-1.9748074803e+03, -3.5000879362e-01
-1.9779801614e+03, -3.4999761860e-01
-1.9811527415e+03, -3.4998649865e-01
-1.9843252210e+03, -3.4997543340e-01
+2.6987938903e+02, -1.0326339133e+01
+2.6519465119e+02, -1.7874712046e+01
+2.6129282039e+02, -2.3939915631e+01
+2.5779455526e+02, -2.9214330099e+01
+2.5455576906e+02, -3.3965137612e+01
+2.5150260120e+02, -3.8331215689e+01
+2.4859096965e+02, -4.2396510198e+01
+2.4579197253e+02, -4.6216715555e+01
+2.4308540194e+02, -4.9831210978e+01
+2.4045644970e+02, -5.3269162303e+01
+2.3789386857e+02, -5.6552948916e+01
+2.3538887093e+02, -5.9700228620e+01
+2.3293443174e+02, -6.2725251782e+01
+2.3052482768e+02, -6.5639735218e+01
+2.2815532102e+02, -6.8453464610e+01
+2.2582193629e+02, -7.1174722498e+01
+2.2352129829e+02, -7.3810600206e+01
+2.2125051203e+02, -7.6367230240e+01
+2.1900707191e+02, -7.8849962773e+01
+2.1678879204e+02, -8.1263501937e+01
+2.1459375179e+02, -8.3612012647e+01
+2.1242025275e+02, -8.5899205441e+01
+2.1026678434e+02, -8.8128404676e+01
+2.0813199596e+02, -9.0302603914e+01
+2.0601467423e+02, -9.2424511365e+01
+2.0391372428e+02, -9.4496587485e+01
+2.0182815417e+02, -9.6521076346e+01
+1.9975706188e+02, -9.8500032003e+01
+1.9769962431e+02, -1.0043534080e+02
+1.9565508800e+02, -1.0232874038e+02
+1.9362276113e+02, -1.0418183594e+02
+1.9160200677e+02, -1.0599611428e+02
+1.8959223697e+02, -1.0777295590e+02
+1.8759290765e+02, -1.0951364558e+02
+1.8560351422e+02, -1.1121938162e+02
+1.8362358765e+02, -1.1289128386e+02
+1.8165269113e+02, -1.1453040089e+02
+1.7969041701e+02, -1.1613771627e+02
+1.7773638424e+02, -1.1771415417e+02
+1.7579023592e+02, -1.1926058435e+02
+1.7385163732e+02, -1.2077782653e+02
+1.7192027394e+02, -1.2226665445e+02
+1.6999584988e+02, -1.2372779937e+02
+1.6807808633e+02, -1.2516195334e+02
+1.6616672024e+02, -1.2656977206e+02
+1.6426150311e+02, -1.2795187752e+02
+1.6236219986e+02, -1.2930886037e+02
+1.6046858788e+02, -1.3064128210e+02
+1.5858045612e+02, -1.3194967701e+02
+1.5669760423e+02, -1.3323455399e+02
+1.5481984189e+02, -1.3449639817e+02
+1.5294698805e+02, -1.3573567244e+02
+1.5107887034e+02, -1.3695281881e+02
+1.4921532451e+02, -1.3814825970e+02
+1.4735619388e+02, -1.3932239909e+02
+1.4550132889e+02, -1.4047562363e+02
+1.4365058661e+02, -1.4160830359e+02
+1.4180383037e+02, -1.4272079383e+02
+1.3996092937e+02, -1.4381343461e+02
+1.3812175832e+02, -1.4488655241e+02
+1.3628619711e+02, -1.4594046066e+02
+1.3445413056e+02, -1.4697546041e+02
+1.3262544806e+02, -1.4799184099e+02
+1.3080004338e+02, -1.4898988056e+02
+1.2897781440e+02, -1.4996984671e+02
+1.2715866287e+02, -1.5093199696e+02
+1.2534249425e+02, -1.5187657923e+02
+1.2352921746e+02, -1.5280383229e+02
+1.2171874471e+02, -1.5371398621e+02
+1.1991099135e+02, -1.5460726274e+02
+1.1810587570e+02, -1.5548387568e+02
+1.1630331889e+02, -1.5634403122e+02
+1.1450324473e+02, -1.5718792830e+02
+1.1270557957e+02, -1.5801575889e+02
+1.1091025216e+02, -1.5882770830e+02
+1.0911719358e+02, -1.5962395545e+02
+1.0732633708e+02, -1.6040467310e+02
+1.0553761799e+02, -1.6117002815e+02
+1.0375097365e+02, -1.6192018183e+02
+1.0196634327e+02, -1.6265528991e+02
+1.0018366789e+02, -1.6337550296e+02
+9.8402890233e+01, -1.6408096648e+02
+9.6623954710e+01, -1.6477182112e+02
+9.4846807278e+01, -1.6544820286e+02
+9.3071395400e+01, -1.6611024315e+02
+9.1297667969e+01, -1.6675806909e+02
+8.9525575248e+01, -1.6739180357e+02
+8.7755068808e+01, -1.6801156539e+02
+8.5986101472e+01, -1.6861746945e+02
+8.4218627259e+01, -1.6920962681e+02
+8.2452601330e+01, -1.6978814487e+02
+8.0687979945e+01, -1.7035312744e+02
+7.8924720409e+01, -1.7090467487e+02
+7.7162781030e+01, -1.7144288417e+02
+7.5402121076e+01, -1.7196784906e+02
+7.3642700732e+01, -1.7247966011e+02
+7.1884481065e+01, -1.7297840483e+02
+7.0127423980e+01, -1.7346416771e+02
+6.8371492190e+01, -1.7393703035e+02
+6.6616649177e+01, -1.7439707151e+02
+6.4862859162e+01, -1.7484436719e+02
+6.3110087072e+01, -1.7527899070e+02
+6.1358298508e+01, -1.7570101275e+02
+5.9607459720e+01, -1.7611050145e+02
+5.7857537572e+01, -1.7650752245e+02
+5.6108499523e+01, -1.7689213894e+02
+5.4360313594e+01, -1.7726441172e+02
+5.2612948346e+01, -1.7762439927e+02
+5.0866372854e+01, -1.7797215778e+02
+4.9120556688e+01, -1.7830774120e+02
+4.7375469883e+01, -1.7863120129e+02
+4.5631082923e+01, -1.7894258765e+02
+4.3887366717e+01, -1.7924194778e+02
+4.2144292580e+01, -1.7952932711e+02
+4.0401832212e+01, -1.7980476904e+02
+3.8659957676e+01, -1.8006831494e+02
+3.6918641387e+01, -1.8032000426e+02
+3.5177856083e+01, -1.8055987446e+02
+3.3437574817e+01, -1.8078796113e+02
+3.1697770932e+01, -1.8100429796e+02
+2.9958418051e+01, -1.8120891680e+02
+2.8219490053e+01, -1.8140184764e+02
+2.6480961063e+01, -1.8158311869e+02
+2.4742805433e+01, -1.8175275637e+02
+2.3004997727e+01, -1.8191078531e+02
+2.1267512708e+01, -1.8205722842e+02
+1.9530325318e+01, -1.8219210685e+02
+1.7793410667e+01, -1.8231544004e+02
+1.6056744021e+01, -1.8242724575e+02
+1.4320300780e+01, -1.8252754002e+02
+1.2584056472e+01, -1.8261633723e+02
+1.0847986734e+01, -1.8269365008e+02
+9.1120673015e+00, -1.8275948962e+02
+7.3762739911e+00, -1.8281386525e+02
+5.6405826907e+00, -1.8285678472e+02
+3.9049693441e+00, -1.8288825415e+02
+2.1694099383e+00, -1.8290827801e+02
+4.3388049001e-01, -1.8291685916e+02
-1.3016429676e+00, -1.8291399881e+02
-3.0371843981e+00, -1.8289969656e+02
-4.7727677748e+00, -1.8287395037e+02
-6.5084170943e+00, -1.8283675659e+02
-8.2441563895e+00, -1.8278810990e+02
-9.9800097430e+00, -1.8272800339e+02
-1.1716001301e+01, -1.8265642847e+02
-1.3452155284e+01, -1.8257337493e+02
-1.5188496007e+01, -1.8247883088e+02
-1.6925047884e+01, -1.8237278279e+02
-1.8661835449e+01, -1.8225521545e+02
-2.0398883368e+01, -1.8212611196e+02
-2.2136216452e+01, -1.8198545373e+02
-2.3873859671e+01, -1.8183322046e+02
-2.5611838172e+01, -1.8166939012e+02
-2.7350177290e+01, -1.8149393895e+02
-2.9088902564e+01, -1.8130684141e+02
-3.0828039754e+01, -1.8110807021e+02
-3.2567614857e+01, -1.8089759624e+02
-3.4307654118e+01, -1.8067538859e+02
-3.6048184053e+01, -1.8044141448e+02
-3.7789231462e+01, -1.8019563929e+02
-3.9530823447e+01, -1.7993802648e+02
-4.1272987429e+01, -1.7966853762e+02
-4.3015751168e+01, -1.7938713229e+02
-4.4759142778e+01, -1.7909376810e+02
-4.6503190750e+01, -1.7878840066e+02
-4.8247923970e+01, -1.7847098351e+02
-4.9993371739e+01, -1.7814146809e+02
-5.1739563793e+01, -1.7779980374e+02
-5.3486530329e+01, -1.7744593759e+02
-5.5234302021e+01, -1.7707981459e+02
-5.6982910047e+01, -1.7670137740e+02
-5.8732386113e+01, -1.7631056641e+02
-6.0482762477e+01, -1.7590731961e+02
-6.2234071973e+01, -1.7549157259e+02
-6.3986348042e+01, -1.7506325849e+02
-6.5739624753e+01, -1.7462230789e+02
-6.7493936839e+01, -1.7416864880e+02
-6.9249319723e+01, -1.7370220657e+02
-7.1005809549e+01, -1.7322290383e+02
-7.2763443214e+01, -1.7273066041e+02
-7.4522258406e+01, -1.7222539327e+02
-7.6282293634e+01, -1.7170701643e+02
-7.8043588268e+01, -1.7117544085e+02
-7.9806182575e+01, -1.7063057441e+02
-8.1570117762e+01, -1.7007232174e+02
-8.3335436018e+01, -1.6950058418e+02
-8.5102180554e+01, -1.6891525967e+02
-8.6870395654e+01, -1.6831624261e+02
-8.8640126720e+01, -1.6770342379e+02
-9.0411420327e+01, -1.6707669024e+02
-9.2184324269e+01, -1.6643592514e+02
-9.3958887622e+01, -1.6578100765e+02
-9.5735160801e+01, -1.6511181279e+02
-9.7513195618e+01, -1.6442821130e+02
-9.9293045355e+01, -1.6373006951e+02
-1.0107476482e+02, -1.6301724911e+02
-1.0285841045e+02, -1.6228960704e+02
-1.0464404032e+02, -1.6154699530e+02
-1.0643171432e+02, -1.6078926074e+02
-1.0822149416e+02, -1.6001624489e+02
-1.1001344349e+02, -1.5922778372e+02
-1.1180762801e+02, -1.5842370742e+02
-1.1360411553e+02, -1.5760384017e+02
-1.1540297615e+02, -1.5676799991e+02
-1.1720428227e+02, -1.5591599802e+02
-1.1900810881e+02, -1.5504763910e+02
-1.2081453328e+02, -1.5416272061e+02
-1.2262363594e+02, -1.5326103259e+02
-1.2443549994e+02, -1.5234235733e+02
-1.2625021147e+02, -1.5140646896e+02
-1.2806785995e+02, -1.5045313311e+02
-1.2988853815e+02, -1.4948210649e+02
-1.3171234247e+02, -1.4849313643e+02
-1.3353937304e+02, -1.4748596046e+02
-1.3536973402e+02, -1.4646030575e+02
-1.3720353379e+02, -1.4541588863e+02
-1.3904088522e+02, -1.4435241399e+02
-1.4088190592e+02, -1.4326957468e+02
-1.4272671855e+02, -1.4216705083e+02
-1.4457545109e+02, -1.4104450915e+02
-1.4642823726e+02, -1.3990160220e+02
-1.4828521680e+02, -1.3873796752e+02
-1.5014653590e+02, -1.3755322677e+02
-1.5201234763e+02, -1.3634698477e+02
-1.5388281238e+02, -1.3511882845e+02
-1.5575809840e+02, -1.3386832575e+02
-1.5763838231e+02, -1.3259502438e+02
-1.5952384973e+02, -1.3129845053e+02
-1.6141469591e+02, -1.2997810736e+02
-1.6331112644e+02, -1.2863347351e+02
-1.6521335805e+02, -1.2726400132e+02
-1.6712161946e+02, -1.2586911497e+02
-1.6903615234e+02, -1.2444820843e+02
-1.7095721231e+02, -1.2300064315e+02
-1.7288507014e+02, -1.2152574561e+02
-1.7482001302e+02, -1.2002280455e+02
-1.7676234594e+02, -1.1849106787e+02
-1.7871239331e+02, -1.1692973932e+02
-1.8067050068e+02, -1.1533797469e+02
-1.8263703676e+02, -1.1371487760e+02
-1.8461239559e+02, -1.1205949484e+02
-1.8659699905e+02, -1.1037081107e+02
-1.8859129966e+02, -1.0864774291e+02
-1.9059578378e+02, -1.0688913225e+02
-1.9261097522e+02, -1.0509373862e+02
-1.9463743940e+02, -1.0326023061e+02
-1.9667578810e+02, -1.0138717599e+02
-1.9872668488e+02, -9.9473030374e+01
-2.0079085147e+02, -9.7516124235e+01
-2.0286907509e+02, -9.5514647770e+01
-2.0496221703e+02, -9.3466633346e+01
-2.0707122278e+02, -9.1369934922e+01
-2.0919713397e+02, -8.9222203818e+01
-2.1134110259e+02, -8.7020859978e+01
-2.1350440808e+02, -8.4763057664e+01
-2.1568847788e+02, -8.2445644160e+01
-2.1789491265e+02, -8.0065109668e+01
-2.2012551711e+02, -7.7617525919e+01
-2.2238233852e+02, -7.5098470223e+01
-2.2466771496e+02, -7.2502930417e+01
-2.2698433685e+02, -6.9825184408e+01
-2.2933532636e+02, -6.7058645396e+01
-2.3172434155e+02, -6.4195659795e+01
-2.3415571549e+02, -6.1227238683e+01
-2.3663464591e+02, -5.8142693499e+01
-2.3916746000e+02, -5.4929130027e+01
-3.5585859881e+02, +7.5795164108e+01
-3.5165614272e+02, +7.6801674712e+01
-3.4745620303e+02, +7.7865735100e+01
-2.5003115732e+02, -4.0397498225e+01
-2.9719847412e+02, +9.6167165988e+01
-3.0093636413e+02, +9.4406055057e+01
-3.0473985155e+02, +9.2679540267e+01
-3.0860735983e+02, +9.0993300679e+01
-3.1253820923e+02, +8.9352659266e+01
-3.1655319830e+02, +8.7766454181e+01
-3.1452937303e+02, +8.8551105357e+01
-3.1056455838e+02, +9.0167052999e+01
-3.0666550236e+02, +9.1831127596e+01
           NaN, -7.6887840746e+02
           NaN, -7.9026320490e+02
           NaN, -8.1068177994e+02
           NaN, -8.3016992693e+02
           NaN, -8.4876286397e+02
           NaN, -8.6649524790e+02
           NaN, -8.8340115824e+02
           NaN, -8.9951406461e+02
           NaN, -9.1486678375e+02
           NaN, -9.2949143078e+02
           NaN, -9.4341937256e+02
           NaN, -9.5668118145e+02
           NaN, -9.6930659429e+02
           NaN, -9.8132447663e+02
           NaN, -9.9276279502e+02
           NaN, -1.0036485918e+03
           NaN, -1.0140079706e+03
-2.0584571437e+02, +1.4938504355e+02
-2.0346150774e+02, +1.5076909084e+02
-2.0109471032e+02, +1.5213255809e+02
-1.9874458335e+02, +1.5347565563e+02
-1.9641042885e+02, +1.5479859865e+02
-1.9409158696e+02, +1.5610160576e+02
-1.9178743341e+02, +1.5738489763e+02
-1.8949737713e+02, +1.5864869590e+02
-1.8722085817e+02, +1.5989322229e+02
-1.8495734561e+02, +1.6111869778e+02
-1.8270633571e+02, +1.6232534197e+02
-1.8046735018e+02, +1.6351337253e+02
-1.7823993456e+02, +1.6468300475e+02
-1.7602365671e+02, +1.6583445117e+02
-1.7381810546e+02, +1.6696792126e+02
-1.7162288927e+02, +1.6808362117e+02
-1.6943763504e+02, +1.6918175355e+02
-1.6726198702e+02, +1.7026251738e+02
-1.6509560577e+02, +1.7132610785e+02
-1.6293816714e+02, +1.7237271628e+02
-1.6078936145e+02, +1.7340253006e+02
-1.5864889260e+02, +1.7441573258e+02
-1.5651647729e+02, +1.7541250327e+02
           NaN, -1.1567342898e+03
           NaN, -1.1598576271e+03
           NaN, -1.1628442293e+03
-1.4806209470e+02, +1.7923871641e+02
-1.4596609783e+02, +1.8015587987e+02
-1.4387668625e+02, +1.8105760479e+02
-1.4179364841e+02, +1.8194404318e+02
-1.3971678095e+02, +1.8281534330e+02
           NaN, -1.1782532296e+03
           NaN, -1.1804560736e+03
           NaN, -1.1825679165e+03
           NaN, -1.1845931711e+03
           NaN, -1.1865360120e+03
           NaN, -1.1884003876e+03
           NaN, -1.1901900340e+03
           NaN, -1.1919084853e+03
           NaN, -1.1935590841e+03
           NaN, -1.1951449956e+03
           NaN, -1.1966692134e+03
           NaN, -1.1981345729e+03
           NaN, -1.1995437571e+03
           NaN, -1.2008993061e+03
           NaN, -1.2022036265e+03
           NaN, -1.2034589966e+03
           NaN, -1.2046675757e+03
           NaN, -1.2058314101e+03
           NaN, -1.2069524384e+03
           NaN, -1.2080324976e+03
           NaN, -1.2090733324e+03
           NaN, -1.2100765960e+03
           NaN, -1.2110438562e+03
           NaN, -1.2119766022e+03
           NaN, -1.2128762469e+03
           NaN, -1.2137441335e+03
           NaN, -1.2145815364e+03
           NaN, -1.2153896666e+03
           NaN, -1.2161696771e+03
           NaN, -1.2169226626e+03
           NaN, -1.2176496651e+03
           NaN, -1.2183516773e+03
           NaN, -1.2190296429e+03
           NaN, -1.2196844619e+03
           NaN, -1.2203169917e+03
           NaN, -1.2209280501e+03
           NaN, -1.2215184172e+03
           NaN, -1.2220888367e+03
           NaN, -1.2226400202e+03
           NaN, -1.2231726469e+03
           NaN, -1.2236873669e+03
           NaN, -1.2241848005e+03
           NaN, -1.2246655423e+03
           NaN, -1.2251301630e+03
           NaN, -1.2255792079e+03
           NaN, -1.2260132005e+03
           NaN, -1.2264326430e+03
           NaN, -1.2268380187e+03
           NaN, -1.2272297900e+03
           NaN, -1.2276084033e+03
           NaN, -1.2279742881e+03
           NaN, -1.2283278558e+03
           NaN, -1.2286695069e+03
           NaN, -1.2289996236e+03
           NaN, -1.2293185763e+03
           NaN, -1.2296267222e+03
           NaN, -1.2299244084e+03
           NaN, -1.2302119679e+03
           NaN, -1.2304897247e+03
           NaN, -1.2307579914e+03
           NaN, -1.2310170701e+03
           NaN, -1.2312672560e+03
           NaN, -1.2315088331e+03
           NaN, -1.2317420781e+03
           NaN, -1.2319672586e+03
           NaN, -1.2321846350e+03
           NaN, -1.2323944594e+03
           NaN, -1.2325969783e+03
           NaN, -1.2327924277e+03
           NaN, -1.2329810405e+03
           NaN, -1.2331630403e+03
           NaN, -1.2333386447e+03
           NaN, -1.2335080661e+03
           NaN, -1.2336715077e+03
           NaN, -1.2338291680e+03
           NaN, -1.2339812383e+03
           NaN, -1.2341279042e+03
           NaN, -1.2342693441e+03
           NaN, -1.2344057286e+03
           NaN, -1.2345372235e+03
           NaN, -1.2346639854e+03
           NaN, -1.2347861656e+03
           NaN, -1.2349039066e+03
           NaN, -1.2350173416e+03
           NaN, -1.2351265992e+03
           NaN, -1.2352317954e+03
           NaN, -1.2353330386e+03
           NaN, -1.2354304290e+03
           NaN, -1.2355240535e+03
           NaN, -1.2356139905e+03
           NaN, -1.2357003062e+03
           NaN, -1.2357830539e+03
           NaN, -1.2358622735e+03
           NaN, -1.2359379921e+03
           NaN, -1.2360102214e+03
           NaN, -1.2360789559e+03
           NaN, -1.2361441738e+03
           NaN, -1.2362058356e+03
           NaN, -1.2362638804e+03
           NaN, -1.2363182258e+03
           NaN, -1.2363687678e+03
           NaN, -1.2364153792e+03
           NaN, -1.2364579028e+03
           NaN, -1.2364961565e+03
           NaN, -1.2365299254e+03
           NaN, -1.2365589637e+03
           NaN, -1.2365829896e+03
           NaN, -1.2366016844e+03
           NaN, -1.2366146887e+03
           NaN, -1.2366216004e+03
           NaN, -1.2366219691e+03
           NaN, -1.2366152947e+03
           NaN, -1.2366010257e+03
           NaN, -1.2365785510e+03
           NaN, -1.2365471965e+03
           NaN, -1.2365062252e+03
           NaN, -1.2364548256e+03
           NaN, -1.2363921105e+03
           NaN, -1.2363171124e+03
           NaN, -1.2362287727e+03
           NaN, -1.2361259410e+03
           NaN, -1.2360073653e+03
           NaN, -1.2358716838e+03
           NaN, -1.2357174200e+03
           NaN, -1.2355429725e+03
           NaN, -1.2353466052e+03
           NaN, -1.2351264413e+03
           NaN, -1.2348804489e+03
           NaN, -1.2346064329e+03
           NaN, -1.2343020242e+03
           NaN, -1.2339646639e+03
           NaN, -1.2335915938e+03
           NaN, -1.2331798415e+03
           NaN, -1.2327262037e+03
           NaN, -1.2322272328e+03
           NaN, -1.2316792208e+03
           NaN, -1.2310781775e+03
           NaN, -1.2304198173e+03
           NaN, -1.2296995344e+03
           NaN, -1.2289123857e+03
           NaN, -1.2280530647e+03
           NaN, -1.2271158830e+03
           NaN, -1.2260947400e+03
           NaN, -1.2249831020e+03
           NaN, -1.2237739719e+03
           NaN, -1.2224598621e+03
           NaN, -1.2210327640e+03
           NaN, -1.2194841175e+03
           NaN, -1.2178047802e+03
           NaN, -1.2159849894e+03
           NaN, -1.2140143348e+03
           NaN, -1.2118817153e+03
           NaN, -1.2095753104e+03
           NaN, -1.2070825369e+03
           NaN, -1.2043900159e+03
           NaN, -1.2014835346e+03
           NaN, -1.1983480075e+03
-2.7294738086e+02, -5.2181065411e+00
-2.6739265990e+02, -1.4370171812e+01
-2.6317907270e+02, -2.1032332273e+01
-2.5950471852e+02, -2.6654773073e+01
-2.5614831044e+02, -3.1644727394e+01
-2.5300920521e+02, -3.6190154571e+01
-2.5003115732e+02, -4.0397498225e+01
-2.4717881023e+02, -4.4334494746e+01
-2.4442815968e+02, -4.8047663702e+01
-2.4176199449e+02, -5.1570725792e+01
-2.3916746000e+02, -5.4929130027e+01
-2.3663464591e+02, -5.8142693499e+01
-2.3415571549e+02, -6.1227238683e+01
-2.3172434155e+02, -6.4195659795e+01
-2.2933532636e+02, -6.7058645396e+01
-2.2698433685e+02, -6.9825184408e+01
-2.2466771496e+02, -7.2502930417e+01
-2.2238233852e+02, -7.5098470223e+01
-2.2012551711e+02, -7.7617525919e+01
-2.1789491265e+02, -8.0065109668e+01
-2.1568847788e+02, -8.2445644160e+01
-2.1350440808e+02, -8.4763057664e+01
-2.1134110259e+02, -8.7020859978e+01
-2.0919713397e+02, -8.9222203818e+01
-2.0707122278e+02, -9.1369934922e+01
-2.0496221703e+02, -9.3466633346e+01
-2.0286907509e+02, -9.5514647770e+01
-2.0079085147e+02, -9.7516124235e+01
-1.9872668488e+02, -9.9473030374e+01
-1.9667578810e+02, -1.0138717599e+02
-1.9463743940e+02, -1.0326023061e+02
-1.9261097522e+02, -1.0509373862e+02
-1.9059578378e+02, -1.0688913225e+02
-1.8859129966e+02, -1.0864774291e+02
-1.8659699905e+02, -1.1037081107e+02
-1.8461239559e+02, -1.1205949484e+02
-1.8263703676e+02, -1.1371487760e+02
-1.8067050068e+02, -1.1533797469e+02
-1.7871239331e+02, -1.1692973932e+02
-1.7676234594e+02, -1.1849106787e+02
-1.7482001302e+02, -1.2002280455e+02
-1.7288507014e+02, -1.2152574561e+02
-1.7095721231e+02, -1.2300064315e+02
-1.6903615234e+02, -1.2444820843e+02
-1.6712161946e+02, -1.2586911497e+02
-1.6521335805e+02, -1.2726400132e+02
-1.6331112644e+02, -1.2863347351e+02
-1.6141469591e+02, -1.2997810736e+02
-1.5952384973e+02, -1.3129845053e+02
-1.5763838231e+02, -1.3259502438e+02
-1.5575809840e+02, -1.3386832575e+02
-1.5388281238e+02, -1.3511882845e+02
-1.5201234763e+02, -1.3634698477e+02
-1.5014653590e+02, -1.3755322677e+02
-1.4828521680e+02, -1.3873796752e+02
-1.4642823726e+02, -1.3990160220e+02
-1.4457545109e+02, -1.4104450915e+02
-1.4272671855e+02, -1.4216705083e+02
-1.4088190592e+02, -1.4326957468e+02
-1.3904088522e+02, -1.4435241399e+02
-1.3720353379e+02, -1.4541588863e+02
-1.3536973402e+02, -1.4646030575e+02
-1.3353937304e+02, -1.4748596046e+02
-1.3171234247e+02, -1.4849313643e+02
-1.2988853815e+02, -1.4948210649e+02
-1.2806785995e+02, -1.5045313311e+02
-1.2625021147e+02, -1.5140646896e+02
-1.2443549994e+02, -1.5234235733e+02
-1.2262363594e+02, -1.5326103259e+02
-1.2081453328e+02, -1.5416272061e+02
-1.1900810881e+02, -1.5504763910e+02
-1.1720428227e+02, -1.5591599802e+02
-1.1540297615e+02, -1.5676799991e+02
-1.1360411553e+02, -1.5760384017e+02
-1.1180762801e+02, -1.5842370742e+02
-1.1001344349e+02, -1.5922778372e+02
-1.0822149416e+02, -1.6001624489e+02
-1.0643171432e+02, -1.6078926074e+02
-1.0464404032e+02, -1.6154699530e+02
-1.0285841045e+02, -1.6228960704e+02
-1.0107476482e+02, -1.6301724911e+02
-9.9293045355e+01, -1.6373006951e+02
-9.7513195618e+01, -1.6442821130e+02
-9.5735160801e+01, -1.6511181279e+02
-9.3958887622e+01, -1.6578100765e+02
-9.2184324269e+01, -1.6643592514e+02
-9.0411420327e+01, -1.6707669024e+02
-8.8640126720e+01, -1.6770342379e+02
-8.6870395654e+01, -1.6831624261e+02
-8.5102180554e+01, -1.6891525967e+02
-8.3335436018e+01, -1.6950058418e+02
-8.1570117762e+01, -1.7007232174e+02
-7.9806182575e+01, -1.7063057441e+02
-7.8043588268e+01, -1.7117544085e+02
-7.6282293634e+01, -1.7170701643e+02
-7.4522258406e+01, -1.7222539327e+02
-7.2763443214e+01, -1.7273066041e+02
-7.1005809549e+01, -1.7322290383e+02
-6.9249319723e+01, -1.7370220657e+02
-6.7493936839e+01, -1.7416864880e+02
-6.5739624753e+01, -1.7462230789e+02
-6.3986348042e+01, -1.7506325849e+02
-6.2234071973e+01, -1.7549157259e+02
-6.0482762477e+01, -1.7590731961e+02
-5.8732386113e+01, -1.7631056641e+02
-5.6982910047e+01, -1.7670137740e+02
-5.5234302021e+01, -1.7707981459e+02
-5.3486530329e+01, -1.7744593759e+02
-5.1739563793e+01, -1.7779980374e+02
-4.9993371739e+01, -1.7814146809e+02
-4.8247923970e+01, -1.7847098351e+02
-4.6503190750e+01, -1.7878840066e+02
-4.4759142778e+01, -1.7909376810e+02
-4.3015751168e+01, -1.7938713229e+02
-4.1272987429e+01, -1.7966853762e+02
-3.9530823447e+01, -1.7993802648e+02
-3.7789231462e+01, -1.8019563929e+02
-3.6048184053e+01, -1.8044141448e+02
-3.4307654118e+01, -1.8067538859e+02
-3.2567614857e+01, -1.8089759624e+02
-3.0828039754e+01, -1.8110807021e+02
-2.9088902564e+01, -1.8130684141e+02
-2.7350177290e+01, -1.8149393895e+02
-2.5611838172e+01, -1.8166939012e+02
-2.3873859671e+01, -1.8183322046e+02
-2.2136216452e+01, -1.8198545373e+02
-2.0398883368e+01, -1.8212611196e+02
-1.8661835449e+01, -1.8225521545e+02
-1.6925047884e+01, -1.8237278279e+02
-1.5188496007e+01, -1.8247883088e+02
-1.3452155284e+01, -1.8257337493e+02
-1.1716001301e+01, -1.8265642847e+02
-9.9800097430e+00, -1.8272800339e+02
-8.2441563895e+00, -1.8278810990e+02
-6.5084170943e+00, -1.8283675659e+02
-4.7727677748e+00, -1.8287395037e+02
-3.0371843981e+00, -1.8289969656e+02
-1.3016429676e+00, -1.8291399881e+02
+4.3388049001e-01, -1.8291685916e+02
+2.1694099383e+00, -1.8290827801e+02
+3.9049693441e+00, -1.8288825415e+02
+5.6405826907e+00, -1.8285678472e+02
+7.3762739911e+00, -1.8281386525e+02
+9.1120673015e+00, -1.8275948962e+02
+1.0847986734e+01, -1.8269365008e+02
+1.2584056472e+01, -1.8261633723e+02
+1.4320300780e+01, -1.8252754002e+02
+1.6056744021e+01, -1.8242724575e+02
+1.7793410667e+01, -1.8231544004e+02
+1.9530325318e+01, -1.8219210685e+02
+2.1267512708e+01, -1.8205722842e+02
+2.3004997727e+01, -1.8191078531e+02
+2.4742805433e+01, -1.8175275637e+02
+2.6480961063e+01, -1.8158311869e+02
+2.8219490053e+01, -1.8140184764e+02
+2.9958418051e+01, -1.8120891680e+02
+3.1697770932e+01, -1.8100429796e+02
+3.3437574817e+01, -1.8078796113e+02
+3.5177856083e+01, -1.8055987446e+02
+3.6918641387e+01, -1.8032000426e+02
+3.8659957676e+01, -1.8006831494e+02
+4.0401832212e+01, -1.7980476904e+02
+4.2144292580e+01, -1.7952932711e+02
+4.3887366717e+01, -1.7924194778e+02
+4.5631082923e+01, -1.7894258765e+02
+4.7375469883e+01, -1.7863120129e+02
+4.9120556688e+01, -1.7830774120e+02
+5.0866372854e+01, -1.7797215778e+02
+5.2612948346e+01, -1.7762439927e+02
+5.4360313594e+01, -1.7726441172e+02
+5.6108499523e+01, -1.7689213894e+02
+5.7857537572e+01, -1.7650752245e+02
+5.9607459720e+01, -1.7611050145e+02
+6.1358298508e+01, -1.7570101275e+02
+6.3110087072e+01, -1.7527899070e+02
+6.4862859162e+01, -1.7484436719e+02
+6.6616649177e+01, -1.7439707151e+02
+6.8371492190e+01, -1.7393703035e+02
+7.0127423980e+01, -1.7346416771e+02
+7.1884481065e+01, -1.7297840483e+02
+7.3642700732e+01, -1.7247966011e+02
+7.5402121076e+01, -1.7196784906e+02
+7.7162781030e+01, -1.7144288417e+02
+7.8924720409e+01, -1.7090467487e+02
+8.0687979945e+01, -1.7035312744e+02
+8.2452601330e+01, -1.6978814487e+02
+8.4218627259e+01, -1.6920962681e+02
+8.5986101472e+01, -1.6861746945e+02
+8.7755068808e+01, -1.6801156539e+02
+8.9525575248e+01, -1.6739180357e+02
+9.1297667969e+01, -1.6675806909e+02
+9.3071395400e+01, -1.6611024315e+02
+9.4846807278e+01, -1.6544820286e+02
+9.6623954710e+01, -1.6477182112e+02
+9.8402890233e+01, -1.6408096648e+02
+1.0018366789e+02, -1.6337550296e+02
+1.0196634327e+02, -1.6265528991e+02
+1.0375097365e+02, -1.6192018183e+02
+1.0553761799e+02, -1.6117002815e+02
+1.0732633708e+02, -1.6040467310e+02
+1.0911719358e+02, -1.5962395545e+02
+1.1091025216e+02, -1.5882770830e+02
+1.1270557957e+02, -1.5801575889e+02
+1.1450324473e+02, -1.5718792830e+02
+1.1630331889e+02, -1.5634403122e+02
+1.1810587570e+02, -1.5548387568e+02
+1.1991099135e+02, -1.5460726274e+02
+1.2171874471e+02, -1.5371398621e+02
+1.2352921746e+02, -1.5280383229e+02
+1.2534249425e+02, -1.5187657923e+02
+1.2715866287e+02, -1.5093199696e+02
+1.2897781440e+02, -1.4996984671e+02
+1.3080004338e+02, -1.4898988056e+02
+1.3262544806e+02, -1.4799184099e+02
+1.3445413056e+02, -1.4697546041e+02
+1.3628619711e+02, -1.4594046066e+02
+1.3812175832e+02, -1.4488655241e+02
+1.3996092937e+02, -1.4381343461e+02
+1.4180383037e+02, -1.4272079383e+02
+1.4365058661e+02, -1.4160830359e+02
+1.4550132889e+02, -1.4047562363e+02
+1.4735619388e+02, -1.3932239909e+02
+1.4921532451e+02, -1.3814825970e+02
+1.5107887034e+02, -1.3695281881e+02
+1.5294698805e+02, -1.3573567244e+02
+1.5481984189e+02, -1.3449639817e+02
+1.5669760423e+02, -1.3323455399e+02
+1.5858045612e+02, -1.3194967701e+02
+1.6046858788e+02, -1.3064128210e+02
+1.6236219986e+02, -1.2930886037e+02
+1.6426150311e+02, -1.2795187752e+02
+1.6616672024e+02, -1.2656977206e+02
+1.6807808633e+02, -1.2516195334e+02
+1.6999584988e+02, -1.2372779937e+02
+1.7192027394e+02, -1.2226665445e+02
+1.7385163732e+02, -1.2077782653e+02
+1.7579023592e+02, -1.1926058435e+02
+1.7773638424e+02, -1.1771415417e+02
+1.7969041701e+02, -1.1613771627e+02
+1.8165269113e+02, -1.1453040089e+02
+1.8362358765e+02, -1.1289128386e+02
+1.8560351422e+02, -1.1121938162e+02
+1.8759290765e+02, -1.0951364558e+02
+1.8959223697e+02, -1.0777295590e+02
+1.9160200677e+02, -1.0599611428e+02
+1.9362276113e+02, -1.0418183594e+02
+1.9565508800e+02, -1.0232874038e+02
+1.9769962431e+02, -1.0043534080e+02
+1.9975706188e+02, -9.8500032003e+01
+2.0182815417e+02, -9.6521076346e+01
+2.0391372428e+02, -9.4496587485e+01
+2.0601467423e+02, -9.2424511365e+01
+2.0813199596e+02, -9.0302603914e+01
+2.1026678434e+02, -8.8128404676e+01
+2.1242025275e+02, -8.5899205441e+01
+2.1459375179e+02, -8.3612012647e+01
+2.1678879204e+02, -8.1263501937e+01
+2.1900707191e+02, -7.8849962773e+01
+2.2125051203e+02, -7.6367230240e+01
+2.2352129829e+02, -7.3810600206e+01
+2.2582193629e+02, -7.1174722498e+01
+2.2815532102e+02, -6.8453464610e+01
+2.3052482768e+02, -6.5639735218e+01
+2.3293443174e+02, -6.2725251782e+01
+2.3538887093e+02, -5.9700228620e+01
+2.3789386857e+02, -5.6552948916e+01
+2.4045644970e+02, -5.3269162303e+01
+2.4308540194e+02, -4.9831210978e+01
+3.4955560157e+02, +7.7326374404e+01
+3.4535850019e+02, +7.8419999496e+01
+2.9535451888e+02, +9.7058884432e+01
+2.9905913221e+02, +9.5282647669e+01
+3.0283000292e+02, +9.3538113115e+01
+3.0666569957e+02, +9.1831041599e+01
+3.1056475879e+02, +9.0166969335e+01
+3.1452957720e+02, +8.8551024295e+01
+2.4579197253e+02, -4.6216715555e+01
+3.1253800713e+02, +8.9352741673e+01
+3.0473965595e+02, +9.2679627329e+01
           NaN, -7.5781231914e+02
           NaN, -7.7969384481e+02
           NaN, -8.0059101910e+02
           NaN, -8.2053994270e+02
           NaN, -8.3957611740e+02
           NaN, -8.5773448136e+02
           NaN, -8.7504940559e+02
           NaN, -8.9155467006e+02
           NaN, -9.0728342353e+02
           NaN, -9.2226813769e+02
           NaN, -9.3654055996e+02
           NaN, -9.5013166489e+02
           NaN, -9.6307161240e+02
           NaN, -9.7538970750e+02
           NaN, -9.8711436956e+02
           NaN, -9.9827310489e+02
+2.0945639097e+02, +1.4726994203e+02
           NaN, -1.0189981517e+03
+2.0465138706e+02, +1.5007965261e+02
+2.0227598004e+02, +1.5145338396e+02
+1.9991760757e+02, +1.5280663972e+02
+1.9757555164e+02, +1.5413963285e+02
+1.9524913365e+02, +1.5545258044e+02
+1.9293771184e+02, +1.5674570226e+02
+1.9064067881e+02, +1.5801921960e+02
+1.8835745933e+02, +1.5927335425e+02
+1.8608750819e+02, +1.6050832763e+02
+1.8383030829e+02, +1.6172436013e+02
+1.8158536884e+02, +1.6292167043e+02
+1.7935222364e+02, +1.6410047508e+02
+1.7713042959e+02, +1.6526098802e+02
+1.7491956518e+02, +1.6640342029e+02
+1.7271922922e+02, +1.6752797973e+02
+1.7052903954e+02, +1.6863487078e+02
+1.6834863184e+02, +1.6972429424e+02
+1.6617765866e+02, +1.7079644724e+02
+1.6401578831e+02, +1.7185152302e+02
+1.6186270400e+02, +1.7288971095e+02
+1.5971810292e+02, +1.7391119642e+02
+1.5758169548e+02, +1.7491616085e+02
+1.5545320451e+02, +1.7590478166e+02
+1.5333236460e+02, +1.7687723226e+02
           NaN, -1.1613675807e+03
           NaN, -1.1642884220e+03
           NaN, -1.1670827215e+03
+1.4492058230e+02, +1.8060866256e+02
+1.4283438350e+02, +1.8150272545e+02
+1.4075445579e+02, +1.8238157640e+02
           NaN, -1.1771162344e+03
           NaN, -1.1793663125e+03
           NaN, -1.1815230887e+03
           NaN, -1.1835911010e+03
           NaN, -1.1855746412e+03
           NaN, -1.1874777696e+03
           NaN, -1.1893043268e+03
           NaN, -1.1910579459e+03
           NaN, -1.1927420644e+03
           NaN, -1.1943599349e+03
           NaN, -1.1959146354e+03
           NaN, -1.1974090795e+03
           NaN, -1.1988460251e+03
           NaN, -1.2002280827e+03
           NaN, -1.2015577248e+03
           NaN, -1.2028372928e+03
           NaN, -1.2040690050e+03
           NaN, -1.2052549631e+03
           NaN, -1.2063971575e+03
           NaN, -1.2074974778e+03
           NaN, -1.2085577131e+03
           NaN, -1.2095795606e+03
           NaN, -1.2105646315e+03
           NaN, -1.2115144532e+03
           NaN, -1.2124304768e+03
           NaN, -1.2133140790e+03
           NaN, -1.2141665683e+03
           NaN, -1.2149891870e+03
           NaN, -1.2157831172e+03
           NaN, -1.2165494815e+03
           NaN, -1.2172893481e+03
           NaN, -1.2180037351e+03
           NaN, -1.2186936085e+03
           NaN, -1.2193598915e+03
           NaN, -1.2200034610e+03
           NaN, -1.2206251551e+03
           NaN, -1.2212257725e+03
           NaN, -1.2218060754e+03
           NaN, -1.2223667900e+03
           NaN, -1.2229086121e+03
           NaN, -1.2234322061e+03
           NaN, -1.2239382066e+03
           NaN, -1.2244272213e+03
           NaN, -1.2248998333e+03
           NaN, -1.2253565989e+03
           NaN, -1.2257980540e+03
           NaN, -1.2262247099e+03
           NaN, -1.2266370600e+03
           NaN, -1.2270355764e+03
           NaN, -1.2274207140e+03
           NaN, -1.2277929110e+03
           NaN, -1.2281525865e+03
           NaN, -1.2285001468e+03
           NaN, -1.2288359829e+03
           NaN, -1.2291604723e+03
           NaN, -1.2294739780e+03
           NaN, -1.2297768520e+03
           NaN, -1.2300694342e+03
           NaN, -1.2303520520e+03
           NaN, -1.2306250253e+03
           NaN, -1.2308886602e+03
           NaN, -1.2311432569e+03
           NaN, -1.2313891035e+03
           NaN, -1.2316264807e+03
           NaN, -1.2318556596e+03
           NaN, -1.2320769061e+03
           NaN, -1.2322904760e+03
           NaN, -1.2324966169e+03
           NaN, -1.2326955718e+03
           NaN, -1.2328875743e+03
           NaN, -1.2330728532e+03
           NaN, -1.2332516285e+03
           NaN, -1.2334241156e+03
           NaN, -1.2335905219e+03
           NaN, -1.2337510483e+03
           NaN, -1.2339058905e+03
           NaN, -1.2340552360e+03
           NaN, -1.2341992661e+03
           NaN, -1.2343381576e+03
           NaN, -1.2344720771e+03
           NaN, -1.2346011864e+03
           NaN, -1.2347256393e+03
           NaN, -1.2348455825e+03
           NaN, -1.2349611546e+03
           NaN, -1.2350724856e+03
           NaN, -1.2351796983e+03
           NaN, -1.2352829049e+03
           NaN, -1.2353822094e+03
           NaN, -1.2354777063e+03
           NaN, -1.2355694791e+03
           NaN, -1.2356575974e+03
           NaN, -1.2357421227e+03
           NaN, -1.2358231026e+03
           NaN, -1.2359005696e+03
           NaN, -1.2359745427e+03
           NaN, -1.2360450265e+03
           NaN, -1.2361120066e+03
           NaN, -1.2361754530e+03
           NaN, -1.2362353145e+03
           NaN, -1.2362915210e+03
           NaN, -1.2363439795e+03
           NaN, -1.2363925746e+03
           NaN, -1.2364371629e+03
           NaN, -1.2364775762e+03
           NaN, -1.2365136164e+03
           NaN, -1.2365450526e+03
           NaN, -1.2365716217e+03
           NaN, -1.2365930250e+03
           NaN, -1.2366089224e+03
           NaN, -1.2366189335e+03
           NaN, -1.2366226320e+03
           NaN, -1.2366195455e+03
           NaN, -1.2366091466e+03
           NaN, -1.2365908547e+03
           NaN, -1.2365640281e+03
           NaN, -1.2365279625e+03
           NaN, -1.2364818827e+03
           NaN, -1.2364249411e+03
           NaN, -1.2363562110e+03
           NaN, -1.2362746797e+03
           NaN, -1.2361792440e+03
           NaN, -1.2360687034e+03
           NaN, -1.2359417521e+03
           NaN, -1.2357969719e+03
           NaN, -1.2356328247e+03
           NaN, -1.2354476424e+03
           NaN, -1.2352396211e+03
           NaN, -1.2350068071e+03
           NaN, -1.2347470878e+03
           NaN, -1.2344581834e+03
           NaN, -1.2341376306e+03
           NaN, -1.2337827737e+03
           NaN, -1.2333907477e+03
           NaN, -1.2329584675e+03
           NaN, -1.2324826103e+03
           NaN, -1.2319595996e+03
           NaN, -1.2313855888e+03
           NaN, -1.2307564422e+03
           NaN, -1.2300677171e+03
           NaN, -1.2293146412e+03
           NaN, -1.2284920927e+03
           NaN, -1.2275945780e+03
           NaN, -1.2266162044e+03
           NaN, -1.2255506592e+03
           NaN, -1.2243911798e+03
           NaN, -1.2231305270e+03
           NaN, -1.2217609579e+03
           NaN, -1.2202741914e+03
           NaN, -1.2186613804e+03
           NaN, -1.2169130763e+03
           NaN, -1.2150191976e+03
           NaN, -1.2129689921e+03
           NaN, -1.2107510042e+03
           NaN, -1.2083530364e+03
           NaN, -1.2057621128e+03
           NaN, -1.2029644419e+03
           NaN, -1.1999453793e+03
           NaN, -1.1966893910e+03
