-3.4278103954e+02, -6.0955266852e-01
-3.4821846048e+02, -5.9070480545e-01
-3.5349854623e+02, -5.7470322852e-01
-3.5864396396e+02, -5.6089814938e-01
-3.6367242718e+02, -5.4883126702e-01
-3.6859809855e+02, -5.3816855615e-01
-3.7343251801e+02, -5.2865988042e-01
-3.7818523921e+02, -5.2011361056e-01
-3.8286427948e+02, -5.1238006325e-01
-3.9242633737e+02, +6.7714556169e+01
-3.9652273020e+02, -4.9297671094e-01
-4.2760097667e+02, +4.2494507905e+01
-3.9652542998e+02, +6.7411858956e+01
-4.0864189136e+02, +6.8349382574e+01
-4.0536219550e+02, -4.8244455419e-01
-4.0971380963e+02, -4.7773509702e-01
-4.1402420088e+02, -4.7334311447e-01
-4.1829609391e+02, -4.6923569568e-01
-4.2253193651e+02, -4.6538450750e-01
-4.2673393736e+02, -4.6176500533e-01
-4.3090409742e+02, -4.5835580445e-01
-4.3504423620e+02, -4.5513817462e-01
-4.3915601386e+02, -4.5209563026e-01
-4.4324095007e+02, -4.4921359561e-01
-4.4730043993e+02, -4.4647912904e-01
-4.5840555109e+02, +6.1089327500e+01
-4.6725789039e+02, -4.3465590520e-01
-4.4730043993e+02, -4.4647912904e-01
-4.5829735631e+02, +6.5902976367e+01
-4.6330819930e+02, -4.3680351872e-01
-4.6725789039e+02, -4.3465590520e-01
-4.7118854395e+02, -4.3260202414e-01
-4.7510098105e+02, -4.3063567100e-01
-4.7899596908e+02, -4.2875119495e-01
-4.8287422648e+02, -4.2694343699e-01
-4.8673642696e+02, -4.2520767629e-01
-4.9058320323e+02, -4.2353958362e-01
-4.9441515039e+02, -4.2193518055e-01
-4.9823282894e+02, -4.2039080387e-01
-5.0203676745e+02, -4.1890307423e-01
-5.0608595135e+02, +5.7963690788e+01
-5.1337100007e+02, -4.1474967483e-01
-5.3941820831e+02, -4.0655396724e-01
-5.0946528229e+02, +5.7987651900e+01
-5.1809311962e+02, +6.3957258612e+01
-5.2086691697e+02, -4.1221250361e-01
-5.2459801023e+02, -4.1100648042e-01
-5.2831834943e+02, -4.0983943447e-01
-5.3202827926e+02, -4.0870948656e-01
-5.3572812795e+02, -4.0761487932e-01
-5.3941820831e+02, -4.0655396724e-01
-5.4309881871e+02, -4.0552520777e-01
-5.4677024397e+02, -4.0452715322e-01
-5.5043275619e+02, -4.0355844341e-01
-5.5408661551e+02, -4.0261779906e-01
-5.5773207083e+02, -4.0170401572e-01
-5.6136936043e+02, -4.0081595828e-01
-5.6499871260e+02, -3.9995255597e-01
-5.6862034622e+02, -3.9911279777e-01
-5.7839337522e+02, +5.6359032776e+01
-5.8146703636e+02, +5.5783359495e+01
-6.1154671563e+02, -3.9057766240e-01
-5.7223447123e+02, -3.9829572819e-01
-5.7944099359e+02, -3.9672608815e-01
-5.8860088672e+02, +5.4681134307e+01
-5.9019925047e+02, -3.9452070002e-01
-5.9377229122e+02, -3.9382236319e-01
-5.9733908051e+02, -3.9314129676e-01
-6.0089977206e+02, -3.9247687492e-01
-6.0445451400e+02, -3.9182850216e-01
-6.0800344924e+02, -3.9119561142e-01
-6.1154671563e+02, -3.9057766240e-01
-6.1508444628e+02, -3.8997413995e-01
-6.1861676971e+02, -3.8938455261e-01
-6.2214381008e+02, -3.8880843125e-01
-6.2566568743e+02, -3.8824532780e-01
-6.2918251779e+02, -3.8769481404e-01
-6.3269441342e+02, -3.8715648054e-01
-6.3620148295e+02, -3.8662993557e-01
-6.3970383151e+02, -3.8611480418e-01
-6.4320156093e+02, -3.8561072730e-01
-6.4669476984e+02, -3.8511736088e-01
-6.5018355383e+02, -3.8463437510e-01
-6.5366800555e+02, -3.8416145365e-01
-6.5392187495e+02, +6.2524785114e+01
-6.6409625217e+02, -3.8280010035e-01
-6.7130758730e+02, +5.3193882613e+01
-6.8829275978e+02, -3.7992457208e-01
-6.4669476984e+02, -3.8511736088e-01
-6.6409625217e+02, -3.8280010035e-01
-6.7102833254e+02, -3.8193760146e-01
-6.7083328967e+02, +5.6365107322e+01
-6.8139789886e+02, -3.8070638357e-01
-6.8484710096e+02, -3.8031172271e-01
-6.8829275978e+02, -3.7992457208e-01
-6.9173494245e+02, -3.7954472621e-01
-6.9517371428e+02, -3.7917198708e-01
-6.9860913884e+02, -3.7880616374e-01
-7.0204127796e+02, -3.7844707208e-01
-7.0547019186e+02, -3.7809453443e-01
-7.0889593917e+02, -3.7774837932e-01
-7.1231857698e+02, -3.7740844124e-01
-7.1573816093e+02, -3.7707456031e-01
-7.1915474521e+02, -3.7674658211e-01
-7.2256838266e+02, -3.7642435741e-01
-7.2597912476e+02, -3.7610774195e-01
-7.2938702174e+02, -3.7579659624e-01
-7.3279212255e+02, -3.7549078538e-01
-7.3619447496e+02, -3.7519017884e-01
-7.3959412556e+02, -3.7489465032e-01
-7.4299111985e+02, -3.7460407754e-01
-7.4638550218e+02, -3.7431834212e-01
-7.4977731591e+02, -3.7403732936e-01
-7.5316660331e+02, -3.7376092820e-01
-7.5655340572e+02, -3.7348903097e-01
-7.5993776347e+02, -3.7322153333e-01
-7.6331971600e+02, -3.7295833410e-01
-7.6669930181e+02, -3.7269933520e-01
-7.7007655854e+02, -3.7244444144e-01
-7.7345152300e+02, -3.7219356050e-01
-7.7682423114e+02, -3.7194660277e-01
-7.8019471814e+02, -3.7170348128e-01
-7.8356301838e+02, -3.7146411158e-01
-7.8692916549e+02, -3.7122841167e-01
-7.9029319239e+02, -3.7099630190e-01
-7.9117214704e+02, +5.1633464091e+01
-8.0483495066e+02, +5.2649058118e+01
-8.0372873133e+02, -3.7010224885e-01
-8.0708262646e+02, -3.6988697161e-01
-8.1147074204e+02, +5.5477852234e+01
-8.1767057485e+02, +5.1873492055e+01
-8.3050720039e+02, -3.6846489199e-01
-7.9365513125e+02, -3.7076770489e-01
-8.1043458451e+02, -3.6967485151e-01
-8.1713280212e+02, -3.6925982312e-01
-8.2382360382e+02, -3.6885666176e-01
-8.2716628990e+02, -3.6865938166e-01
-8.3050720039e+02, -3.6846489199e-01
-8.2910167749e+02, +5.2573410287e+01
-8.4447363588e+02, +5.1397360461e+01
-8.4385357983e+02, -3.6771374766e-01
-8.4718597820e+02, -3.6753240481e-01
-8.5051674402e+02, -3.6735353975e-01
-8.5384589953e+02, -3.6717710491e-01
-8.5717346655e+02, -3.6700305392e-01
-8.6049946648e+02, -3.6683134157e-01
-8.6382392032e+02, -3.6666192376e-01
-8.6714684867e+02, -3.6649475747e-01
-8.7046827176e+02, -3.6632980075e-01
-8.7378820942e+02, -3.6616701266e-01
-8.7710668113e+02, -3.6600635324e-01
-8.8042370601e+02, -3.6584778349e-01
-8.8373930282e+02, -3.6569126537e-01
-8.8705349001e+02, -3.6553676169e-01
-8.9036628565e+02, -3.6538423619e-01
-8.9367770753e+02, -3.6523365343e-01
-8.9698777309e+02, -3.6508497879e-01
-9.0029649948e+02, -3.6493817849e-01
-9.0360390353e+02, -3.6479321948e-01
-9.0691000180e+02, -3.6465006950e-01
-9.1021481054e+02, -3.6450869702e-01
-9.1351834571e+02, -3.6436907122e-01
-9.1682062302e+02, -3.6423116197e-01
-9.2012165789e+02, -3.6409493983e-01
-9.2342146548e+02, -3.6396037599e-01
-9.2672006070e+02, -3.6382744231e-01
-9.3001745820e+02, -3.6369611125e-01
-9.3331367238e+02, -3.6356635588e-01
-9.3660871741e+02, -3.6343814986e-01
-9.3990260721e+02, -3.6331146742e-01
-9.4319535548e+02, -3.6318628333e-01
-9.4648697569e+02, -3.6306257294e-01
-9.4977748109e+02, -3.6294031208e-01
-9.5306688471e+02, -3.6281947713e-01
-9.5635519937e+02, -3.6270004496e-01
-9.5964243769e+02, -3.6258199290e-01
-9.6292861207e+02, -3.6246529880e-01
-9.6621373472e+02, -3.6234994094e-01
-9.6949781766e+02, -3.6223589805e-01
-9.7278087272e+02, -3.6212314931e-01
-9.7606291153e+02, -3.6201167433e-01
-9.7934394555e+02, -3.6190145312e-01
-9.8262398606e+02, -3.6179246611e-01
-9.8590304414e+02, -3.6168469412e-01
-9.8918113075e+02, -3.6157811835e-01
-9.9245825662e+02, -3.6147272038e-01
-9.9573443237e+02, -3.6136848217e-01
-9.9900966841e+02, -3.6126538602e-01
-1.0022839750e+03, -3.6116341459e-01
-1.0055573623e+03, -3.6106255087e-01
-1.0088298403e+03, -3.6096277819e-01
-1.0121014187e+03, -3.6086408021e-01
-1.0153721073e+03, -3.6076644088e-01
-1.0186419156e+03, -3.6066984450e-01
-1.0219108529e+03, -3.6057427564e-01
-1.0251789284e+03, -3.6047971917e-01
-1.0284461514e+03, -3.6038616026e-01
-1.0317125308e+03, -3.6029358435e-01
-1.0349780754e+03, -3.6020197715e-01
-1.0382427940e+03, -3.6011132465e-01
-1.0415066951e+03, -3.6002161309e-01
-1.0447697871e+03, -3.5993282898e-01
-1.0480320786e+03, -3.5984495908e-01
-1.0512935776e+03, -3.5975799036e-01
-1.0545542923e+03, -3.5967191007e-01
-1.0578142307e+03, -3.5958670568e-01
-1.0610734007e+03, -3.5950236488e-01
-1.0643318100e+03, -3.5941887558e-01
-1.0675894663e+03, -3.5933622593e-01
-1.0708463772e+03, -3.5925440427e-01
-1.0741025501e+03, -3.5917339917e-01
-1.0773579923e+03, -3.5909319937e-01
-1.0806127112e+03, -3.5901379384e-01
-1.0838667139e+03, -3.5893517173e-01
-1.0871200074e+03, -3.5885732240e-01
-1.0903725986e+03, -3.5878023537e-01
-1.0936244945e+03, -3.5870390036e-01
-1.0968757018e+03, -3.5862830725e-01
-1.1001262273e+03, -3.5855344613e-01
-1.1033760774e+03, -3.5847930722e-01
-1.1066252587e+03, -3.5840588093e-01
-1.1098737776e+03, -3.5833315784e-01
-1.1131216404e+03, -3.5826112867e-01
-1.1163688534e+03, -3.5818978431e-01
-1.1196154228e+03, -3.5811911581e-01
-1.1228613546e+03, -3.5804911435e-01
-1.1293513295e+03, -3.5791107808e-01
-1.1261066549e+03, -3.5797977128e-01
-1.1293513295e+03, -3.5791107808e-01
-1.1254208762e+03, +5.0989619821e+01
-1.1678155959e+03, +6.0114413648e+01
-1.1505554990e+03, +4.9726050803e+01
-1.1520470168e+03, -3.5744773572e-01
-1.1520470168e+03, -3.5744773572e-01
-1.1552868910e+03, -3.5738395130e-01
-1.1585261897e+03, -3.5732074616e-01
-1.1617649179e+03, -3.5725811305e-01
-1.1650030811e+03, -3.5719604488e-01
-1.1682406841e+03, -3.5713453465e-01
-1.1714777320e+03, -3.5707357548e-01
-1.1747142298e+03, -3.5701316059e-01
-1.1779501825e+03, -3.5695328332e-01
-1.1786518760e+03, +4.9893547269e+01
-1.1901231749e+03, +4.9896948008e+01
-1.1908886369e+03, -3.5671902072e-01
-1.1941219351e+03, -3.5666173514e-01
-1.1973547162e+03, -3.5660494930e-01
-1.2054236235e+03, +5.0219883596e+01
-1.2070500022e+03, -3.5643753098e-01
-1.2144498578e+03, +5.1184095448e+01
-1.2166376909e+03, +4.9573761416e+01
-1.2237286125e+03, +5.0306068888e+01
-1.2328824361e+03, -3.5601164292e-01
-1.2457873306e+03, -3.5580927623e-01
-1.2715757051e+03, -3.5542413619e-01
-1.3776846839e+03, -3.5407043823e-01
-1.0447697871e+03, -3.5993282899e-01
-1.1650030811e+03, -3.5719604488e-01
-1.1911530962e+03, +4.8595281212e+01
-1.2055463994e+03, +4.9778674621e+01
-1.2135110223e+03, -3.5632831037e-01
-1.2198097316e+03, +4.9913612424e+01
-1.2264272063e+03, -3.5611540898e-01
-1.2328824361e+03, -3.5601164292e-01
-1.2361093496e+03, -3.5596041301e-01
-1.2361421936e+03, +5.2754922880e+01
-1.2457873306e+03, -3.5580927623e-01
-1.2490124173e+03, -3.5575973215e-01
-1.2522370568e+03, -3.5571059762e-01
-1.2554612526e+03, -3.5566186800e-01
-1.2548530222e+03, +5.0208298977e+01
-1.2687415673e+03, +4.9834949611e+01
-1.2683536731e+03, -3.5547090838e-01
-1.2715757051e+03, -3.5542413619e-01
-1.2747973149e+03, -3.5537774250e-01
-1.2780185059e+03, -3.5533172314e-01
-1.2812392814e+03, -3.5528607396e-01
-1.2844596447e+03, -3.5524079092e-01
-1.2876795993e+03, -3.5519586999e-01
-1.2908991482e+03, -3.5515130723e-01
-1.2941182948e+03, -3.5510709873e-01
-1.2973370423e+03, -3.5506324065e-01
-1.3005553938e+03, -3.5501972920e-01
-1.3037733524e+03, -3.5497656064e-01
-1.3069909212e+03, -3.5493373128e-01
-1.3100492738e+03, +4.7851032446e+01
-1.3069909212e+03, -3.5493373128e-01
-1.3134249018e+03, -3.5484907567e-01
-1.3146936989e+03, +4.9150726169e+01
-1.3117964864e+03, +5.0066256089e+01
-1.2616348695e+03, +9.7003254705e+01
-1.3497734892e+03, +5.1077636771e+01
-1.3433470088e+03, +4.9234773600e+01
-1.3423593055e+03, -3.5448399008e-01
-1.3455724265e+03, -3.5444496113e-01
-1.3487851952e+03, -3.5440622777e-01
-1.3563474634e+03, +4.6514009198e+01
-1.3487851952e+03, -3.5440622777e-01
-1.3552096858e+03, -3.5432963562e-01
-1.3584214130e+03, -3.5429177085e-01
-1.3616327982e+03, -3.5425418970e-01
-1.3648438441e+03, -3.5421688927e-01
-1.3680545531e+03, -3.5417986671e-01
-1.3712649277e+03, -3.5414311920e-01
-1.3744749705e+03, -3.5410664395e-01
-1.3776846839e+03, -3.5407043823e-01
-1.3808940703e+03, -3.5403449931e-01
-1.3841031321e+03, -3.5399882453e-01
-1.3873118717e+03, -3.5396341123e-01
-1.3905202915e+03, -3.5392825682e-01
-1.3937283937e+03, -3.5389335872e-01
-1.3969361808e+03, -3.5385871437e-01
-1.4001436550e+03, -3.5382432128e-01
-1.4033508186e+03, -3.5379017697e-01
-1.4065576737e+03, -3.5375627898e-01
-1.4097642227e+03, -3.5372262490e-01
-1.4129704677e+03, -3.5368921234e-01
-1.4161764110e+03, -3.5365603894e-01
-1.4193820546e+03, -3.5362310238e-01
-1.4225874007e+03, -3.5359040036e-01
-1.4257924514e+03, -3.5355793061e-01
-1.4289972088e+03, -3.5352569088e-01
-1.4322016751e+03, -3.5349367896e-01
-1.4354058522e+03, -3.5346189266e-01
-1.4386097421e+03, -3.5343032982e-01
-1.4418133470e+03, -3.5339898830e-01
-1.4450166687e+03, -3.5336786600e-01
-1.4482197093e+03, -3.5333696083e-01
-1.4514224708e+03, -3.5330627074e-01
-1.4546249550e+03, -3.5327579369e-01
-1.4578271639e+03, -3.5324552767e-01
-1.4610290994e+03, -3.5321547069e-01
-1.4642307634e+03, -3.5318562080e-01
-1.4674321577e+03, -3.5315597606e-01
-1.4706332843e+03, -3.5312653456e-01
-1.4738341449e+03, -3.5309729439e-01
-1.4770347413e+03, -3.5306825370e-01
-1.4802350754e+03, -3.5303941063e-01
-1.4834351489e+03, -3.5301076336e-01
-1.4866349636e+03, -3.5298231008e-01
-1.4898345212e+03, -3.5295404902e-01
-1.4930338236e+03, -3.5292597840e-01
-1.4962328724e+03, -3.5289809650e-01
-1.4994316692e+03, -3.5287040157e-01
-1.5026302159e+03, -3.5284289193e-01
-1.5058285140e+03, -3.5281556590e-01
-1.5090265652e+03, -3.5278842180e-01
-1.5122243713e+03, -3.5276145800e-01
-1.5154219337e+03, -3.5273467287e-01
-1.5186192541e+03, -3.5270806481e-01
-1.5218163341e+03, -3.5268163223e-01
-1.5250131753e+03, -3.5265537355e-01
-1.5282097792e+03, -3.5262928723e-01
-1.5314061475e+03, -3.5260337174e-01
-1.5346022816e+03, -3.5257762555e-01
-1.5377981831e+03, -3.5255204716e-01
-1.5409938535e+03, -3.5252663510e-01
-1.5441892942e+03, -3.5250138790e-01
-1.5473845069e+03, -3.5247630410e-01
-1.5505794929e+03, -3.5245138228e-01
-1.5537742538e+03, -3.5242662102e-01
-1.5569687909e+03, -3.5240201891e-01
-1.5601631057e+03, -3.5237757457e-01
-1.5633571996e+03, -3.5235328663e-01
-1.5665510741e+03, -3.5232915372e-01
-1.5697447305e+03, -3.5230517452e-01
-1.5729381703e+03, -3.5228134769e-01
-1.5761313947e+03, -3.5225767193e-01
-1.5793244053e+03, -3.5223414593e-01
-1.5825172032e+03, -3.5221076841e-01
-1.5857097899e+03, -3.5218753810e-01
-1.5889021667e+03, -3.5216445375e-01
-1.5920943348e+03, -3.5214151412e-01
-1.5952862957e+03, -3.5211871797e-01
-1.5984780506e+03, -3.5209606410e-01
-1.6016696008e+03, -3.5207355129e-01
-1.6048609476e+03, -3.5205117836e-01
-1.6080520921e+03, -3.5202894413e-01
-1.6112430358e+03, -3.5200684745e-01
-1.6144337798e+03, -3.5198488715e-01
-1.6176243253e+03, -3.5196306210e-01
-1.6208146736e+03, -3.5194137116e-01
-1.6240048259e+03, -3.5191981324e-01
-1.6271947833e+03, -3.5189838721e-01
-1.6303845471e+03, -3.5187709199e-01
-1.6335741185e+03, -3.5185592650e-01
-1.6367634986e+03, -3.5183488967e-01
-1.6399526886e+03, -3.5181398044e-01
-1.6431416896e+03, -3.5179319776e-01
-1.6463305029e+03, -3.5177254060e-01
-1.6495191294e+03, -3.5175200793e-01
-1.6527075703e+03, -3.5173159873e-01
-1.6558958269e+03, -3.5171131201e-01
-1.6590839000e+03, -3.5169114677e-01
-1.6622717910e+03, -3.5167110202e-01
-1.6654595007e+03, -3.5165117679e-01
-1.6686470304e+03, -3.5163137012e-01
-1.6718343811e+03, -3.5161168105e-01
-1.6750215538e+03, -3.5159210864e-01
-1.6782085497e+03, -3.5157265195e-01
-1.6813953697e+03, -3.5155331007e-01
-1.6845820149e+03, -3.5153408206e-01
-1.6877684863e+03, -3.5151496703e-01
-1.6909547849e+03, -3.5149596409e-01
-1.6941409118e+03, -3.5147707233e-01
-1.6973268679e+03, -3.5145829088e-01
-1.7005126543e+03, -3.5143961887e-01
-1.7036982719e+03, -3.5142105545e-01
-1.7068837217e+03, -3.5140259975e-01
-1.7100690048e+03, -3.5138425093e-01
-1.7132541220e+03, -3.5136600815e-01
-1.7164390742e+03, -3.5134787059e-01
-1.7196238626e+03, -3.5132983743e-01
-1.7228084880e+03, -3.5131190785e-01
-1.7259929513e+03, -3.5129408105e-01
-1.7291772534e+03, -3.5127635623e-01
-1.7323613954e+03, -3.5125873261e-01
-1.7355453780e+03, -3.5124120941e-01
-1.7387292023e+03, -3.5122378585e-01
-1.7419128691e+03, -3.5120646117e-01
-1.7450963793e+03, -3.5118923461e-01
-1.7482797337e+03, -3.5117210542e-01
-1.7514629334e+03, -3.5115507285e-01
-1.7546459790e+03, -3.5113813617e-01
-1.7578288716e+03, -3.5112129465e-01
-1.7610116119e+03, -3.5110454758e-01
-1.7641942009e+03, -3.5108789422e-01
-1.7673766393e+03, -3.5107133388e-01
-1.7705589281e+03, -3.5105486586e-01
-1.7737410679e+03, -3.5103848946e-01
-1.7769230598e+03, -3.5102220398e-01
-1.7801049044e+03, -3.5100600876e-01
-1.7832866026e+03, -3.5098990311e-01
-1.7864681552e+03, -3.5097388636e-01
-1.7896495631e+03, -3.5095795786e-01
-1.7928308269e+03, -3.5094211695e-01
-1.7960119476e+03, -3.5092636297e-01
-1.7991929258e+03, -3.5091069529e-01
-1.8023737624e+03, -3.5089511326e-01
-1.8055544582e+03, -3.5087961626e-01
-1.8087350138e+03, -3.5086420365e-01
-1.8119154302e+03, -3.5084887482e-01
-1.8150957079e+03, -3.5083362915e-01
-1.8182758478e+03, -3.5081846604e-01
-1.8214558507e+03, -3.5080338487e-01
-1.8246357172e+03, -3.5078838506e-01
-1.8278154481e+03, -3.5077346601e-01
-1.8309950441e+03, -3.5075862714e-01
-1.8341745060e+03, -3.5074386786e-01
-1.8373538345e+03, -3.5072918759e-01
-1.8405330302e+03, -3.5071458578e-01
-1.8437120939e+03, -3.5070006184e-01
-1.8468910264e+03, -3.5068561523e-01
-1.8500698282e+03, -3.5067124538e-01
-1.8532485001e+03, -3.5065695175e-01
-1.8564270428e+03, -3.5064273379e-01
-1.8596054569e+03, -3.5062859096e-01
-1.8627837432e+03, -3.5061452272e-01
-1.8659619023e+03, -3.5060052855e-01
-1.8691399348e+03, -3.5058660792e-01
-1.8723178416e+03, -3.5057276031e-01
-1.8754956231e+03, -3.5055898519e-01
-1.8786732801e+03, -3.5054528207e-01
-1.8818508132e+03, -3.5053165043e-01
-1.8850282230e+03, -3.5051808977e-01
-1.8882055102e+03, -3.5050459959e-01
-1.8913826755e+03, -3.5049117940e-01
-1.8945597194e+03, -3.5047782871e-01
-1.8977366427e+03, -3.5046454703e-01
-1.9009134458e+03, -3.5045133388e-01
-1.9040901295e+03, -3.5043818879e-01
-1.9072666943e+03, -3.5042511129e-01
-1.9104431409e+03, -3.5041210089e-01
-1.9136194699e+03, -3.5039915715e-01
-1.9167956818e+03, -3.5038627960e-01
-1.9199717773e+03, -3.5037346779e-01
-1.9231477570e+03, -3.5036072126e-01
-1.9263236214e+03, -3.5034803956e-01
-1.9294993711e+03, -3.5033542225e-01
-1.9326750068e+03, -3.5032286889e-01
-1.9358505289e+03, -3.5031037904e-01
-1.9390259382e+03, -3.5029795228e-01
-1.9422012350e+03, -3.5028558816e-01
-1.9453764201e+03, -3.5027328627e-01
-1.9485514939e+03, -3.5026104619e-01
-1.9517264571e+03, -3.5024886749e-01
-1.9549013102e+03, -3.5023674976e-01
-1.9580760536e+03, -3.5022469258e-01
-1.9612506881e+03, -3.5021269556e-01
-1.9644252141e+03, -3.5020075829e-01
-1.9675996321e+03, -3.5018888037e-01
-1.9707739427e+03, -3.5017706139e-01
-1.9739481465e+03, -3.5016530097e-01
-1.9771222439e+03, -3.5015359871e-01
-1.9802962355e+03, -3.5014195423e-01
-1.9834701218e+03, -3.5013036715e-01
-1.9866439034e+03, -3.5011883708e-01
-1.9898175806e+03, -3.5010736364e-01
-1.9929911542e+03, -3.5009594646e-01
+2.7583649214e+02, -1.0402602493e+01
+2.7112039671e+02, -1.8009337296e+01
+2.6719336995e+02, -2.4123144626e+01
+2.6367319432e+02, -2.9441134151e+01
+2.6041467298e+02, -3.4232285326e+01
+2.5734336808e+02, -3.8636397602e+01
+2.5441484857e+02, -4.2737967550e+01
+2.5159998088e+02, -4.6593051034e+01
+2.4887839319e+02, -5.0241280312e+01
+2.4623515586e+02, -5.3712006922e+01
+2.4365892839e+02, -5.7027751542e+01
+2.4114084953e+02, -6.0206282585e+01
+2.3867383477e+02, -6.3261939040e+01
+2.3625211185e+02, -6.6206510102e+01
+2.3387090216e+02, -6.9049841536e+01
+2.3152619559e+02, -7.1800266451e+01
+2.2921458725e+02, -7.4464919247e+01
+2.2693315645e+02, -7.7049969514e+01
+2.2467937519e+02, -7.9560799649e+01
+2.2245103783e+02, -8.2002142015e+01
+2.2024620625e+02, -8.4378186447e+01
+2.1806316645e+02, -8.6692665632e+01
+2.1590039388e+02, -8.8948923729e+01
+2.1375652533e+02, -9.1149972108e+01
+2.1163033603e+02, -9.3298535071e+01
+2.0952072074e+02, -9.5397087693e+01
+2.0742667806e+02, -9.7447887378e+01
+2.0534729730e+02, -9.9453000393e+01
+2.0328174741e+02, -1.0141432431e+02
+2.0122926758e+02, -1.0333360714e+02
+1.9918915923e+02, -1.0521246367e+02
+1.9716077912e+02, -1.0705238962e+02
+1.9514353348e+02, -1.0885477378e+02
+1.9313687281e+02, -1.1062090872e+02
+1.9114028743e+02, -1.1235199999e+02
+1.8915330360e+02, -1.1404917427e+02
+1.8717548005e+02, -1.1571348657e+02
+1.8520640500e+02, -1.1734592655e+02
+1.8324569346e+02, -1.1894742412e+02
+1.8129298490e+02, -1.2051885448e+02
+1.7934794109e+02, -1.2206104256e+02
+1.7741024428e+02, -1.2357476701e+02
+1.7547959548e+02, -1.2506076381e+02
+1.7355571298e+02, -1.2651972952e+02
+1.7163833095e+02, -1.2795232413e+02
+1.6972719828e+02, -1.2935917378e+02
+1.6782207741e+02, -1.3074087311e+02
+1.6592274339e+02, -1.3209798744e+02
+1.6402898291e+02, -1.3343105474e+02
+1.6214059351e+02, -1.3474058750e+02
+1.6025738284e+02, -1.3602707428e+02
+1.5837916791e+02, -1.3729098131e+02
+1.5650577454e+02, -1.3853275387e+02
+1.5463703671e+02, -1.3975281752e+02
+1.5277279610e+02, -1.4095157932e+02
+1.5091290153e+02, -1.4212942890e+02
+1.4905720856e+02, -1.4328673945e+02
+1.4720557908e+02, -1.4442386868e+02
+1.4535788090e+02, -1.4554115965e+02
+1.4351398739e+02, -1.4663894156e+02
+1.4167377722e+02, -1.4771753053e+02
+1.3983713395e+02, -1.4877723024e+02
+1.3800394585e+02, -1.4981833259e+02
+1.3617410559e+02, -1.5084111829e+02
+1.3434750998e+02, -1.5184585745e+02
+1.3252405977e+02, -1.5283281004e+02
+1.3070365946e+02, -1.5380222642e+02
+1.2888621703e+02, -1.5475434778e+02
+1.2707164384e+02, -1.5568940656e+02
+1.2525985439e+02, -1.5660762688e+02
+1.2345076620e+02, -1.5750922486e+02
+1.2164429964e+02, -1.5839440903e+02
+1.1984037779e+02, -1.5926338061e+02
+1.1803892629e+02, -1.6011633387e+02
+1.1623987326e+02, -1.6095345639e+02
+1.1444314912e+02, -1.6177492933e+02
+1.1264868655e+02, -1.6258092773e+02
+1.1085642029e+02, -1.6337162072e+02
+1.0906628716e+02, -1.6414717176e+02
+1.0727822585e+02, -1.6490773887e+02
+1.0549217691e+02, -1.6565347484e+02
+1.0370808263e+02, -1.6638452740e+02
+1.0192588698e+02, -1.6710103944e+02
+1.0014553551e+02, -1.6780314916e+02
+9.8366975310e+01, -1.6849099026e+02
+9.6590154921e+01, -1.6916469206e+02
+9.4815024276e+01, -1.6982437971e+02
+9.3041534641e+01, -1.7047017426e+02
+9.1269638557e+01, -1.7110219287e+02
+8.9499289784e+01, -1.7172054888e+02
+8.7730443248e+01, -1.7232535196e+02
+8.5963054993e+01, -1.7291670823e+02
+8.4197082134e+01, -1.7349472034e+02
+8.2432482807e+01, -1.7405948761e+02
+8.0669216132e+01, -1.7461110613e+02
+7.8907242167e+01, -1.7514966882e+02
+7.7146521872e+01, -1.7567526555e+02
+7.5387017067e+01, -1.7618798322e+02
+7.3628690399e+01, -1.7668790584e+02
+7.1871505308e+01, -1.7717511462e+02
+7.0115425991e+01, -1.7764968801e+02
+6.8360417373e+01, -1.7811170183e+02
+6.6606445072e+01, -1.7856122928e+02
+6.4853475377e+01, -1.7899834103e+02
+6.3101475212e+01, -1.7942310528e+02
+6.1350412114e+01, -1.7983558784e+02
+5.9600254204e+01, -1.8023585213e+02
+5.7850970166e+01, -1.8062395930e+02
+5.6102529217e+01, -1.8099996824e+02
+5.4354901088e+01, -1.8136393562e+02
+5.2608055999e+01, -1.8171591597e+02
+5.0861964639e+01, -1.8205596171e+02
+4.9116598144e+01, -1.8238412319e+02
+4.7371928076e+01, -1.8270044871e+02
+4.5627926405e+01, -1.8300498461e+02
+4.3884565489e+01, -1.8329777524e+02
+4.2141818053e+01, -1.8357886306e+02
+4.0399657176e+01, -1.8384828860e+02
+3.8658056269e+01, -1.8410609056e+02
+3.6916989060e+01, -1.8435230580e+02
+3.5176429577e+01, -1.8458696938e+02
+3.3436352132e+01, -1.8481011458e+02
+3.1696731306e+01, -1.8502177292e+02
+2.9957541930e+01, -1.8522197421e+02
+2.8218759076e+01, -1.8541074653e+02
+2.6480358037e+01, -1.8558811628e+02
+2.4742314314e+01, -1.8575410819e+02
+2.3004603603e+01, -1.8590874533e+02
+2.1267201782e+01, -1.8605204917e+02
+1.9530084892e+01, -1.8618403951e+02
+1.7793229131e+01, -1.8630473457e+02
+1.6056610835e+01, -1.8641415099e+02
+1.4320206469e+01, -1.8651230379e+02
+1.2583992610e+01, -1.8659920645e+02
+1.0847945937e+01, -1.8667487089e+02
+9.1120432188e+00, -1.8673930745e+02
+7.3762613005e+00, -1.8679252494e+02
+5.6405770906e+00, -1.8683453063e+02
+3.9049675495e+00, -1.8686533026e+02
+2.1694096771e+00, -1.8688492802e+02
+4.3388050082e-01, -1.8689332658e+02
-1.3016429370e+00, -1.8689052709e+02
-3.0371835910e+00, -1.8687652917e+02
-4.7727644247e+00, -1.8685133091e+02
-6.5084084230e+00, -1.8681492887e+02
-8.2441386043e+00, -1.8676731809e+02
-9.9799780322e+00, -1.8670849207e+02
-1.1715949829e+01, -1.8663844277e+02
-1.3452077186e+01, -1.8655716061e+02
-1.5188383377e+01, -1.8646463446e+02
-1.6924891774e+01, -1.8636085163e+02
-1.8661625852e+01, -1.8624579787e+02
-2.0398609211e+01, -1.8611945735e+02
-2.2135865582e+01, -1.8598181264e+02
-2.3873418844e+01, -1.8583284473e+02
-2.5611293034e+01, -1.8567253298e+02
-2.7349512366e+01, -1.8550085514e+02
-2.9088101237e+01, -1.8531778730e+02
-3.0827084250e+01, -1.8512330391e+02
-3.2566486220e+01, -1.8491737771e+02
-3.4306332195e+01, -1.8469997977e+02
-3.6046647464e+01, -1.8447107943e+02
-3.7787457582e+01, -1.8423064428e+02
-3.9528788375e+01, -1.8397864018e+02
-4.1270665964e+01, -1.8371503115e+02
-4.3013116776e+01, -1.8343977942e+02
-4.4756167566e+01, -1.8315284539e+02
-4.6499845428e+01, -1.8285418755e+02
-4.8244177818e+01, -1.8254376250e+02
-4.9989192570e+01, -1.8222152492e+02
-5.1734917917e+01, -1.8188742747e+02
-5.3481382506e+01, -1.8154142085e+02
-5.5228615423e+01, -1.8118345366e+02
-5.6976646209e+01, -1.8081347246e+02
-5.8725504888e+01, -1.8043142163e+02
-6.0475221980e+01, -1.8003724339e+02
-6.2225828535e+01, -1.7963087775e+02
-6.3977356146e+01, -1.7921226242e+02
-6.5729836981e+01, -1.7878133280e+02
-6.7483303805e+01, -1.7833802188e+02
-6.9237790009e+01, -1.7788226024e+02
-7.0993329637e+01, -1.7741397594e+02
-7.2749957412e+01, -1.7693309449e+02
-7.4507708769e+01, -1.7643953877e+02
-7.6266619887e+01, -1.7593322895e+02
-7.8026727717e+01, -1.7541408243e+02
-7.9788070022e+01, -1.7488201377e+02
-8.1550685406e+01, -1.7433693459e+02
-8.3314613356e+01, -1.7377875350e+02
-8.5079894279e+01, -1.7320737602e+02
-8.6846569540e+01, -1.7262270445e+02
-8.8614681509e+01, -1.7202463782e+02
-9.0384273600e+01, -1.7141307176e+02
-9.2155390323e+01, -1.7078789839e+02
-9.3928077327e+01, -1.7014900621e+02
-9.5702381457e+01, -1.6949627999e+02
-9.7478350800e+01, -1.6882960065e+02
-9.9256034750e+01, -1.6814884510e+02
-1.0103548406e+02, -1.6745388613e+02
-1.0281675091e+02, -1.6674459224e+02
-1.0459988898e+02, -1.6602082750e+02
-1.0638495348e+02, -1.6528245140e+02
-1.0817200129e+02, -1.6452931863e+02
-1.0996109096e+02, -1.6376127898e+02
-1.1175228288e+02, -1.6297817705e+02
-1.1354563926e+02, -1.6217985214e+02
-1.1534122434e+02, -1.6136613798e+02
-1.1713910437e+02, -1.6053686251e+02
-1.1893934779e+02, -1.5969184766e+02
-1.2074202533e+02, -1.5883090909e+02
-1.2254721009e+02, -1.5795385593e+02
-1.2435497768e+02, -1.5706049045e+02
-1.2616540637e+02, -1.5615060784e+02
-1.2797857720e+02, -1.5522399579e+02
-1.2979457412e+02, -1.5428043425e+02
-1.3161348421e+02, -1.5331969497e+02
-1.3343539775e+02, -1.5234154120e+02
-1.3526040849e+02, -1.5134572721e+02
-1.3708861379e+02, -1.5033199790e+02
-1.3892011482e+02, -1.4930008828e+02
-1.4075501681e+02, -1.4824972303e+02
-1.4259342928e+02, -1.4718061590e+02
-1.4443546626e+02, -1.4609246918e+02
-1.4628124662e+02, -1.4498497306e+02
-1.4813089428e+02, -1.4385780495e+02
-1.4998453862e+02, -1.4271062884e+02
-1.5184231474e+02, -1.4154309444e+02
-1.5370436387e+02, -1.4035483640e+02
-1.5557083375e+02, -1.3914547345e+02
-1.5744187909e+02, -1.3791460736e+02
-1.5931766199e+02, -1.3666182196e+02
-1.6119835248e+02, -1.3538668199e+02
-1.6308412908e+02, -1.3408873186e+02
-1.6497517936e+02, -1.3276749436e+02
-1.6687170064e+02, -1.3142246916e+02
-1.6877390071e+02, -1.3005313124e+02
-1.7068199860e+02, -1.2865892920e+02
-1.7259622543e+02, -1.2723928331e+02
-1.7451682542e+02, -1.2579358348e+02
-1.7644405688e+02, -1.2432118694e+02
-1.7837819342e+02, -1.2282141578e+02
-1.8031952522e+02, -1.2129355410e+02
-1.8226836045e+02, -1.1973684502e+02
-1.8422502687e+02, -1.1815048721e+02
-1.8618987362e+02, -1.1653363114e+02
-1.8816327318e+02, -1.1488537485e+02
-1.9014562362e+02, -1.1320475921e+02
-1.9213735112e+02, -1.1149076264e+02
-1.9413891276e+02, -1.0974229512e+02
-1.9615079982e+02, -1.0795819150e+02
-1.9817354135e+02, -1.0613720379e+02
-2.0020770839e+02, -1.0427799257e+02
-2.0225391878e+02, -1.0237911699e+02
-2.0431284260e+02, -1.0043902344e+02
-2.0638520863e+02, -9.8456032406e+01
-2.0847181173e+02, -9.6428323312e+01
-2.1057352149e+02, -9.4353916818e+01
-2.1269129246e+02, -9.2230654130e+01
-2.1482617616e+02, -9.0056172613e+01
-2.1697933545e+02, -8.7827876885e+01
-2.1915206174e+02, -8.5542904288e+01
-2.2134579575e+02, -8.3198083341e+01
-2.2356215287e+02, -8.0789883317e+01
-2.2580295433e+02, -7.8314352474e+01
-2.2807026595e+02, -7.5767041621e+01
-2.3036644684e+02, -7.3142908462e+01
-2.3269421139e+02, -7.0436196377e+01
-2.3505670934e+02, -6.7640278643e+01
-2.3745763078e+02, -6.4747455068e+01
-2.3990134637e+02, -6.1748681699e+01
-2.4239309848e+02, -5.8633204152e+01
-2.8569668618e+02, +1.0600516961e+02
-2.8911691054e+02, +1.0413390554e+02
-3.5817894366e+02, +7.7203299349e+01
-3.5395936620e+02, +7.8278978359e+01
-2.5586334058e+02, -4.0721011901e+01
-3.0346417813e+02, +9.6777657731e+01
-3.0721950344e+02, +9.4997574241e+01
-3.1104081294e+02, +9.3252556145e+01
-3.1492650096e+02, +9.1548317899e+01
-3.1887585297e+02, +8.9890210981e+01
-3.2290970795e+02, +8.8287087707e+01
-3.2087638606e+02, +8.9080127144e+01
-3.1689291597e+02, +9.0713268641e+01
-3.1297551429e+02, +9.2395078110e+01
           NaN, -7.5329585872e+02
           NaN, -7.7610489297e+02
           NaN, -7.9791738771e+02
           NaN, -8.1876853340e+02
           NaN, -8.3869288468e+02
           NaN, -8.5772443768e+02
           NaN, -8.7589665914e+02
           NaN, -8.9324248447e+02
           NaN, -9.0979429451e+02
           NaN, -9.2558388148e+02
           NaN, -9.4064240532e+02
           NaN, -9.5500034974e+02
           NaN, -9.6868748032e+02
           NaN, -9.8173280206e+02
           NaN, -9.9416452510e+02
           NaN, -1.0060100326e+03
           NaN, -1.0172958580e+03
           NaN, -1.0280476622e+03
-2.1174978373e+02, +1.5068373115e+02
-2.0935832567e+02, +1.5209040668e+02
-2.0698444817e+02, +1.5347651741e+02
-2.0462740758e+02, +1.5484227418e+02
-2.0228650131e+02, +1.5618789285e+02
-1.9996106512e+02, +1.5751359274e+02
-1.9765047058e+02, +1.5881959537e+02
-1.9535412273e+02, +1.6010612328e+02
-1.9307145788e+02, +1.6137339916e+02
-1.9080194160e+02, +1.6262164502e+02
-1.8854506681e+02, +1.6385108155e+02
-1.8630035205e+02, +1.6506192755e+02
-1.8406733985e+02, +1.6625439948e+02
-1.8184559525e+02, +1.6742871109e+02
-1.7963470435e+02, +1.6858507307e+02
-1.7743427304e+02, +1.6972369287e+02
-1.7524392582e+02, +1.7084477440e+02
-1.7306330461e+02, +1.7194851799e+02
-1.7089206776e+02, +1.7303512014e+02
-1.6872988908e+02, +1.7410477354e+02
-1.6657645689e+02, +1.7515766693e+02
-1.6443147321e+02, +1.7619398513e+02
-1.6229465298e+02, +1.7721390894e+02
-1.6016572330e+02, +1.7821761520e+02
           NaN, -1.1809194197e+03
           NaN, -1.1840856317e+03
           NaN, -1.1871158235e+03
-1.5172384146e+02, +1.8207366285e+02
           NaN, -1.1927946683e+03
-1.4754393594e+02, +1.8390868969e+02
-1.4546348903e+02, +1.8480349447e+02
-1.4338911445e+02, +1.8568335617e+02
           NaN, -1.2027929660e+03
           NaN, -1.2050404992e+03
           NaN, -1.2071967894e+03
           NaN, -1.2092661811e+03
           NaN, -1.2112527904e+03
           NaN, -1.2131605142e+03
           NaN, -1.2149930423e+03
           NaN, -1.2167538716e+03
           NaN, -1.2184463126e+03
           NaN, -1.2200735022e+03
           NaN, -1.2216384127e+03
           NaN, -1.2231438604e+03
           NaN, -1.2245925123e+03
           NaN, -1.2259868995e+03
           NaN, -1.2273294199e+03
           NaN, -1.2286223462e+03
           NaN, -1.2298678349e+03
           NaN, -1.2310679310e+03
           NaN, -1.2322245746e+03
           NaN, -1.2333396071e+03
           NaN, -1.2344147749e+03
           NaN, -1.2354517381e+03
           NaN, -1.2364520714e+03
           NaN, -1.2374172709e+03
           NaN, -1.2383487592e+03
           NaN, -1.2392478862e+03
           NaN, -1.2401159372e+03
           NaN, -1.2409541339e+03
           NaN, -1.2417636386e+03
           NaN, -1.2425455571e+03
           NaN, -1.2433009417e+03
           NaN, -1.2440307962e+03
           NaN, -1.2447360749e+03
           NaN, -1.2454176898e+03
           NaN, -1.2460765086e+03
           NaN, -1.2467133580e+03
           NaN, -1.2473290311e+03
           NaN, -1.2479242814e+03
           NaN, -1.2484998298e+03
           NaN, -1.2490563659e+03
           NaN, -1.2495945490e+03
           NaN, -1.2501150090e+03
           NaN, -1.2506183495e+03
           NaN, -1.2511051512e+03
           NaN, -1.2515759646e+03
           NaN, -1.2520313244e+03
           NaN, -1.2524717398e+03
           NaN, -1.2528976993e+03
           NaN, -1.2533096747e+03
           NaN, -1.2537081183e+03
           NaN, -1.2540934661e+03
           NaN, -1.2544661366e+03
           NaN, -1.2548265338e+03
           NaN, -1.2551750457e+03
           NaN, -1.2555120500e+03
           NaN, -1.2558379067e+03
           NaN, -1.2561529684e+03
           NaN, -1.2564575713e+03
           NaN, -1.2567520439e+03
           NaN, -1.2570367027e+03
           NaN, -1.2573118547e+03
           NaN, -1.2575777952e+03
           NaN, -1.2578348148e+03
           NaN, -1.2580831916e+03
           NaN, -1.2583231963e+03
           NaN, -1.2585550931e+03
           NaN, -1.2587791372e+03
           NaN, -1.2589955764e+03
           NaN, -1.2592046511e+03
           NaN, -1.2594065969e+03
           NaN, -1.2596016407e+03
           NaN, -1.2597900029e+03
           NaN, -1.2599718992e+03
           NaN, -1.2601475372e+03
           NaN, -1.2603171198e+03
           NaN, -1.2604808432e+03
           NaN, -1.2606388971e+03
           NaN, -1.2607914651e+03
           NaN, -1.2609387259e+03
           NaN, -1.2610808498e+03
           NaN, -1.2612180038e+03
           NaN, -1.2613503451e+03
           NaN, -1.2614780273e+03
           NaN, -1.2616011941e+03
           NaN, -1.2617199853e+03
           NaN, -1.2618345303e+03
           NaN, -1.2619449529e+03
           NaN, -1.2620513686e+03
           NaN, -1.2621538834e+03
           NaN, -1.2622525949e+03
           NaN, -1.2623475927e+03
           NaN, -1.2624389535e+03
           NaN, -1.2625267449e+03
           NaN, -1.2626110239e+03
           NaN, -1.2626918351e+03
           NaN, -1.2627692088e+03
           NaN, -1.2628431645e+03
           NaN, -1.2629137038e+03
           NaN, -1.2629808155e+03
           NaN, -1.2630444695e+03
           NaN, -1.2631046199e+03
           NaN, -1.2631612000e+03
           NaN, -1.2632141236e+03
           NaN, -1.2632632818e+03
           NaN, -1.2633085418e+03
           NaN, -1.2633497472e+03
           NaN, -1.2633867131e+03
           NaN, -1.2634192244e+03
           NaN, -1.2634470385e+03
           NaN, -1.2634698756e+03
           NaN, -1.2634874217e+03
           NaN, -1.2634993244e+03
           NaN, -1.2635051899e+03
           NaN, -1.2635045794e+03
           NaN, -1.2634970083e+03
           NaN, -1.2634819399e+03
           NaN, -1.2634587828e+03
           NaN, -1.2634268890e+03
           NaN, -1.2633855447e+03
           NaN, -1.2633339733e+03
           NaN, -1.2632713229e+03
           NaN, -1.2631966651e+03
           NaN, -1.2631089918e+03
           NaN, -1.2630072032e+03
           NaN, -1.2628901068e+03
           NaN, -1.2627564096e+03
           NaN, -1.2626047087e+03
           NaN, -1.2624334864e+03
           NaN, -1.2622411014e+03
           NaN, -1.2620257786e+03
           NaN, -1.2617856033e+03
           NaN, -1.2615185071e+03
           NaN, -1.2612222620e+03
           NaN, -1.2608944647e+03
           NaN, -1.2605325294e+03
           NaN, -1.2601336716e+03
           NaN, -1.2596948965e+03
           NaN, -1.2592129848e+03
           NaN, -1.2586844780e+03
           NaN, -1.2581056606e+03
           NaN, -1.2574725459e+03
           NaN, -1.2567808572e+03
           NaN, -1.2560260070e+03
           NaN, -1.2552030815e+03
           NaN, -1.2543068142e+03
           NaN, -1.2533315687e+03
           NaN, -1.2522713129e+03
           NaN, -1.2511195946e+03
           NaN, -1.2498695181e+03
           NaN, -1.2485137152e+03
-2.7892570423e+02, -5.2561446967e+00
-2.7333296407e+02, -1.4477415491e+01
-2.6909170084e+02, -2.1192065277e+01
-2.6539399022e+02, -2.6860275052e+01
-2.6201685347e+02, -3.1892037528e+01
-2.5885886626e+02, -3.6476567823e+01
-2.5586334058e+02, -4.0721011901e+01
-2.5299463816e+02, -4.4693548072e+01
-2.5022856118e+02, -4.8440996286e+01
-2.4754775806e+02, -5.1997292910e+01
-2.4493926813e+02, -5.5388048297e+01
-2.4239309848e+02, -5.8633204152e+01
-2.3990134637e+02, -6.1748681699e+01
-2.3745763078e+02, -6.4747455068e+01
-2.3505670934e+02, -6.7640278643e+01
-2.3269421139e+02, -7.0436196377e+01
-2.3036644684e+02, -7.3142908462e+01
-2.2807026595e+02, -7.5767041621e+01
-2.2580295433e+02, -7.8314352474e+01
-2.2356215287e+02, -8.0789883317e+01
-2.2134579575e+02, -8.3198083341e+01
-2.1915206174e+02, -8.5542904288e+01
-2.1697933545e+02, -8.7827876885e+01
-2.1482617616e+02, -9.0056172613e+01
-2.1269129246e+02, -9.2230654130e+01
-2.1057352149e+02, -9.4353916818e+01
-2.0847181173e+02, -9.6428323312e+01
-2.0638520863e+02, -9.8456032406e+01
-2.0431284260e+02, -1.0043902344e+02
-2.0225391878e+02, -1.0237911699e+02
-2.0020770839e+02, -1.0427799257e+02
-1.9817354135e+02, -1.0613720379e+02
-1.9615079982e+02, -1.0795819150e+02
-1.9413891276e+02, -1.0974229512e+02
-1.9213735112e+02, -1.1149076264e+02
-1.9014562362e+02, -1.1320475921e+02
-1.8816327318e+02, -1.1488537485e+02
-1.8618987362e+02, -1.1653363114e+02
-1.8422502687e+02, -1.1815048721e+02
-1.8226836045e+02, -1.1973684502e+02
-1.8031952522e+02, -1.2129355410e+02
-1.7837819342e+02, -1.2282141578e+02
-1.7644405688e+02, -1.2432118694e+02
-1.7451682542e+02, -1.2579358348e+02
-1.7259622543e+02, -1.2723928331e+02
-1.7068199860e+02, -1.2865892920e+02
-1.6877390071e+02, -1.3005313124e+02
-1.6687170064e+02, -1.3142246916e+02
-1.6497517936e+02, -1.3276749436e+02
-1.6308412908e+02, -1.3408873186e+02
-1.6119835248e+02, -1.3538668199e+02
-1.5931766199e+02, -1.3666182196e+02
-1.5744187909e+02, -1.3791460736e+02
-1.5557083375e+02, -1.3914547345e+02
-1.5370436387e+02, -1.4035483640e+02
-1.5184231474e+02, -1.4154309444e+02
-1.4998453862e+02, -1.4271062884e+02
-1.4813089428e+02, -1.4385780495e+02
-1.4628124662e+02, -1.4498497306e+02
-1.4443546626e+02, -1.4609246918e+02
-1.4259342928e+02, -1.4718061590e+02
-1.4075501681e+02, -1.4824972303e+02
-1.3892011482e+02, -1.4930008828e+02
-1.3708861379e+02, -1.5033199790e+02
-1.3526040849e+02, -1.5134572721e+02
-1.3343539775e+02, -1.5234154120e+02
-1.3161348421e+02, -1.5331969497e+02
-1.2979457412e+02, -1.5428043425e+02
-1.2797857720e+02, -1.5522399579e+02
-1.2616540637e+02, -1.5615060784e+02
-1.2435497768e+02, -1.5706049045e+02
-1.2254721009e+02, -1.5795385593e+02
-1.2074202533e+02, -1.5883090909e+02
-1.1893934779e+02, -1.5969184766e+02
-1.1713910437e+02, -1.6053686251e+02
-1.1534122434e+02, -1.6136613798e+02
-1.1354563926e+02, -1.6217985214e+02
-1.1175228288e+02, -1.6297817705e+02
-1.0996109096e+02, -1.6376127898e+02
-1.0817200129e+02, -1.6452931863e+02
-1.0638495348e+02, -1.6528245140e+02
-1.0459988898e+02, -1.6602082750e+02
-1.0281675091e+02, -1.6674459224e+02
-1.0103548406e+02, -1.6745388613e+02
-9.9256034750e+01, -1.6814884510e+02
-9.7478350800e+01, -1.6882960065e+02
-9.5702381457e+01, -1.6949627999e+02
-9.3928077327e+01, -1.7014900621e+02
-9.2155390323e+01, -1.7078789839e+02
-9.0384273600e+01, -1.7141307176e+02
-8.8614681509e+01, -1.7202463782e+02
-8.6846569540e+01, -1.7262270445e+02
-8.5079894279e+01, -1.7320737602e+02
-8.3314613356e+01, -1.7377875350e+02
-8.1550685406e+01, -1.7433693459e+02
-7.9788070022e+01, -1.7488201377e+02
-7.8026727717e+01, -1.7541408243e+02
-7.6266619887e+01, -1.7593322895e+02
-7.4507708769e+01, -1.7643953877e+02
-7.2749957412e+01, -1.7693309449e+02
-7.0993329637e+01, -1.7741397594e+02
-6.9237790009e+01, -1.7788226024e+02
-6.7483303805e+01, -1.7833802188e+02
-6.5729836981e+01, -1.7878133280e+02
-6.3977356146e+01, -1.7921226242e+02
-6.2225828535e+01, -1.7963087775e+02
-6.0475221980e+01, -1.8003724339e+02
-5.8725504888e+01, -1.8043142163e+02
-5.6976646209e+01, -1.8081347246e+02
-5.5228615423e+01, -1.8118345366e+02
-5.3481382506e+01, -1.8154142085e+02
-5.1734917917e+01, -1.8188742747e+02
-4.9989192570e+01, -1.8222152492e+02
-4.8244177818e+01, -1.8254376250e+02
-4.6499845428e+01, -1.8285418755e+02
-4.4756167566e+01, -1.8315284539e+02
-4.3013116776e+01, -1.8343977942e+02
-4.1270665964e+01, -1.8371503115e+02
-3.9528788375e+01, -1.8397864018e+02
-3.7787457582e+01, -1.8423064428e+02
-3.6046647464e+01, -1.8447107943e+02
-3.4306332195e+01, -1.8469997977e+02
-3.2566486220e+01, -1.8491737771e+02
-3.0827084250e+01, -1.8512330391e+02
-2.9088101237e+01, -1.8531778730e+02
-2.7349512366e+01, -1.8550085514e+02
-2.5611293034e+01, -1.8567253298e+02
-2.3873418844e+01, -1.8583284473e+02
-2.2135865582e+01, -1.8598181264e+02
-2.0398609211e+01, -1.8611945735e+02
-1.8661625852e+01, -1.8624579787e+02
-1.6924891774e+01, -1.8636085163e+02
-1.5188383377e+01, -1.8646463446e+02
-1.3452077186e+01, -1.8655716061e+02
-1.1715949829e+01, -1.8663844277e+02
-9.9799780322e+00, -1.8670849207e+02
-8.2441386043e+00, -1.8676731809e+02
-6.5084084230e+00, -1.8681492887e+02
-4.7727644247e+00, -1.8685133091e+02
-3.0371835910e+00, -1.8687652917e+02
-1.3016429370e+00, -1.8689052709e+02
+4.3388050082e-01, -1.8689332658e+02
+2.1694096771e+00, -1.8688492802e+02
+3.9049675495e+00, -1.8686533026e+02
+5.6405770906e+00, -1.8683453063e+02
+7.3762613005e+00, -1.8679252494e+02
+9.1120432188e+00, -1.8673930745e+02
+1.0847945937e+01, -1.8667487089e+02
+1.2583992610e+01, -1.8659920645e+02
+1.4320206469e+01, -1.8651230379e+02
+1.6056610835e+01, -1.8641415099e+02
+1.7793229131e+01, -1.8630473457e+02
+1.9530084892e+01, -1.8618403951e+02
+2.1267201782e+01, -1.8605204917e+02
+2.3004603603e+01, -1.8590874533e+02
+2.4742314314e+01, -1.8575410819e+02
+2.6480358037e+01, -1.8558811628e+02
+2.8218759076e+01, -1.8541074653e+02
+2.9957541930e+01, -1.8522197421e+02
+3.1696731306e+01, -1.8502177292e+02
+3.3436352132e+01, -1.8481011458e+02
+3.5176429577e+01, -1.8458696938e+02
+3.6916989060e+01, -1.8435230580e+02
+3.8658056269e+01, -1.8410609056e+02
+4.0399657176e+01, -1.8384828860e+02
+4.2141818053e+01, -1.8357886306e+02
+4.3884565489e+01, -1.8329777524e+02
+4.5627926405e+01, -1.8300498461e+02
+4.7371928076e+01, -1.8270044871e+02
+4.9116598144e+01, -1.8238412319e+02
+5.0861964639e+01, -1.8205596171e+02
+5.2608055999e+01, -1.8171591597e+02
+5.4354901088e+01, -1.8136393562e+02
+5.6102529217e+01, -1.8099996824e+02
+5.7850970166e+01, -1.8062395930e+02
+5.9600254204e+01, -1.8023585213e+02
+6.1350412114e+01, -1.7983558784e+02
+6.3101475212e+01, -1.7942310528e+02
+6.4853475377e+01, -1.7899834103e+02
+6.6606445072e+01, -1.7856122928e+02
+6.8360417373e+01, -1.7811170183e+02
+7.0115425991e+01, -1.7764968801e+02
+7.1871505308e+01, -1.7717511462e+02
+7.3628690399e+01, -1.7668790584e+02
+7.5387017067e+01, -1.7618798322e+02
+7.7146521872e+01, -1.7567526555e+02
+7.8907242167e+01, -1.7514966882e+02
+8.0669216132e+01, -1.7461110613e+02
+8.2432482807e+01, -1.7405948761e+02
+8.4197082134e+01, -1.7349472034e+02
+8.5963054993e+01, -1.7291670823e+02
+8.7730443248e+01, -1.7232535196e+02
+8.9499289784e+01, -1.7172054888e+02
+9.1269638557e+01, -1.7110219287e+02
+9.3041534641e+01, -1.7047017426e+02
+9.4815024276e+01, -1.6982437971e+02
+9.6590154921e+01, -1.6916469206e+02
+9.8366975310e+01, -1.6849099026e+02
+1.0014553551e+02, -1.6780314916e+02
+1.0192588698e+02, -1.6710103944e+02
+1.0370808263e+02, -1.6638452740e+02
+1.0549217691e+02, -1.6565347484e+02
+1.0727822585e+02, -1.6490773887e+02
+1.0906628716e+02, -1.6414717176e+02
+1.1085642029e+02, -1.6337162072e+02
+1.1264868655e+02, -1.6258092773e+02
+1.1444314912e+02, -1.6177492933e+02
+1.1623987326e+02, -1.6095345639e+02
+1.1803892629e+02, -1.6011633387e+02
+1.1984037779e+02, -1.5926338061e+02
+1.2164429964e+02, -1.5839440903e+02
+1.2345076620e+02, -1.5750922486e+02
+1.2525985439e+02, -1.5660762688e+02
+1.2707164384e+02, -1.5568940656e+02
+1.2888621703e+02, -1.5475434778e+02
+1.3070365946e+02, -1.5380222642e+02
+1.3252405977e+02, -1.5283281004e+02
+1.3434750998e+02, -1.5184585745e+02
+1.3617410559e+02, -1.5084111829e+02
+1.3800394585e+02, -1.4981833259e+02
+1.3983713395e+02, -1.4877723024e+02
+1.4167377722e+02, -1.4771753053e+02
+1.4351398739e+02, -1.4663894156e+02
+1.4535788090e+02, -1.4554115965e+02
+1.4720557908e+02, -1.4442386868e+02
+1.4905720856e+02, -1.4328673945e+02
+1.5091290153e+02, -1.4212942890e+02
+1.5277279610e+02, -1.4095157932e+02
+1.5463703671e+02, -1.3975281752e+02
+1.5650577454e+02, -1.3853275387e+02
+1.5837916791e+02, -1.3729098131e+02
+1.6025738284e+02, -1.3602707428e+02
+1.6214059351e+02, -1.3474058750e+02
+1.6402898291e+02, -1.3343105474e+02
+1.6592274339e+02, -1.3209798744e+02
+1.6782207741e+02, -1.3074087311e+02
+1.6972719828e+02, -1.2935917378e+02
+1.7163833095e+02, -1.2795232413e+02
+1.7355571298e+02, -1.2651972952e+02
+1.7547959548e+02, -1.2506076381e+02
+1.7741024428e+02, -1.2357476701e+02
+1.7934794109e+02, -1.2206104256e+02
+1.8129298490e+02, -1.2051885448e+02
+1.8324569346e+02, -1.1894742412e+02
+1.8520640500e+02, -1.1734592655e+02
+1.8717548005e+02, -1.1571348657e+02
+1.8915330360e+02, -1.1404917427e+02
+1.9114028743e+02, -1.1235199999e+02
+1.9313687281e+02, -1.1062090872e+02
+1.9514353348e+02, -1.0885477378e+02
+1.9716077912e+02, -1.0705238962e+02
+1.9918915923e+02, -1.0521246367e+02
+2.0122926758e+02, -1.0333360714e+02
+2.0328174741e+02, -1.0141432431e+02
+2.0534729730e+02, -9.9453000393e+01
+2.0742667806e+02, -9.7447887378e+01
+2.0952072074e+02, -9.5397087693e+01
+2.1163033603e+02, -9.3298535071e+01
+2.1375652533e+02, -9.1149972108e+01
+2.1590039388e+02, -8.8948923729e+01
+2.1806316645e+02, -8.6692665632e+01
+2.2024620625e+02, -8.4378186447e+01
+2.2245103783e+02, -8.2002142015e+01
+2.2467937519e+02, -7.9560799649e+01
+2.2693315645e+02, -7.7049969514e+01
+2.2921458725e+02, -7.4464919247e+01
+2.3152619559e+02, -7.1800266451e+01
+2.3387090216e+02, -6.9049841536e+01
+2.3625211185e+02, -6.6206510102e+01
+2.3867383477e+02, -6.3261939040e+01
+2.4114084953e+02, -6.0206282585e+01
+2.4365892839e+02, -5.7027751542e+01
+2.8739868275e+02, +1.0506884216e+02
+2.9085156383e+02, +1.0320092485e+02
+3.5606859644e+02, +7.7733734957e+01
+3.5185181042e+02, +7.8839275220e+01
+3.0161165749e+02, +9.7679026520e+01
+3.0533350398e+02, +9.5883596827e+01
+3.0912200658e+02, +9.4120319680e+01
+3.1297570822e+02, +9.2394993046e+01
+3.1689311305e+02, +9.0713185885e+01
+3.2087658683e+02, +8.9080046962e+01
+2.5159998088e+02, -4.6593051034e+01
+3.1887565425e+02, +8.9890292493e+01
+3.1104062060e+02, +9.3252642265e+01
           NaN, -7.6482717076e+02
           NaN, -7.8713349212e+02
           NaN, -8.0846095586e+02
           NaN, -8.2884442099e+02
           NaN, -8.4831815703e+02
           NaN, -8.6691589369e+02
           NaN, -8.8467083407e+02
           NaN, -9.0161564005e+02
           NaN, -9.1778240325e+02
           NaN, -9.3320260457e+02
           NaN, -9.4790707236e+02
           NaN, -9.6192593593e+02
           NaN, -9.7528858538e+02
           NaN, -9.8802363225e+02
           NaN, -1.0001588774e+03
           NaN, -1.0117212811e+03
           NaN, -1.0227369431e+03
+2.1295234980e+02, +1.4997261752e+02
           NaN, -1.0432280404e+03
+2.0816923683e+02, +1.5278601960e+02
+2.0580386811e+02, +1.5416192665e+02
+2.0345498004e+02, +1.5551758713e+02
+2.0112188954e+02, +1.5685321883e+02
+1.9880395059e+02, +1.5816904232e+02
+1.9650055176e+02, +1.5946527974e+02
+1.9421111400e+02, +1.6074215383e+02
+1.9193508848e+02, +1.6199988701e+02
+1.8967195469e+02, +1.6323870073e+02
+1.8742121856e+02, +1.6445881478e+02
+1.8518241082e+02, +1.6566044685e+02
+1.8295508545e+02, +1.6684381208e+02
+1.8073881817e+02, +1.6800912274e+02
+1.7853320514e+02, +1.6915658791e+02
+1.7633786170e+02, +1.7028641331e+02
+1.7415242119e+02, +1.7139880107e+02
+1.7197653388e+02, +1.7249394961e+02
+1.6980986596e+02, +1.7357205354e+02
+1.6765209861e+02, +1.7463330359e+02
+1.6550292709e+02, +1.7567788654e+02
+1.6336205999e+02, +1.7670598519e+02
+1.6122921842e+02, +1.7771777837e+02
           NaN, -1.1792831051e+03
+1.5698655477e+02, +1.7969314373e+02
           NaN, -1.1856173017e+03
           NaN, -1.1885820257e+03
           NaN, -1.1914206743e+03
+1.4858649770e+02, +1.8345563813e+02
+1.4650294133e+02, +1.8435796901e+02
+1.4442555470e+02, +1.8524528422e+02
+1.4235414485e+02, +1.8611772803e+02
           NaN, -1.2039284190e+03
           NaN, -1.2061297726e+03
           NaN, -1.2082420850e+03
           NaN, -1.2102695852e+03
           NaN, -1.2122162775e+03
           NaN, -1.2140859548e+03
           NaN, -1.2158822082e+03
           NaN, -1.2176084406e+03
           NaN, -1.2192678747e+03
           NaN, -1.2208635633e+03
           NaN, -1.2223983990e+03
           NaN, -1.2238751242e+03
           NaN, -1.2252963364e+03
           NaN, -1.2266644982e+03
           NaN, -1.2279819451e+03
           NaN, -1.2292508899e+03
           NaN, -1.2304734336e+03
           NaN, -1.2316515673e+03
           NaN, -1.2327871813e+03
           NaN, -1.2338820686e+03
           NaN, -1.2349379324e+03
           NaN, -1.2359563884e+03
           NaN, -1.2369389722e+03
           NaN, -1.2378871431e+03
           NaN, -1.2388022859e+03
           NaN, -1.2396857189e+03
           NaN, -1.2405386935e+03
           NaN, -1.2413624021e+03
           NaN, -1.2421579791e+03
           NaN, -1.2429265022e+03
           NaN, -1.2436689995e+03
           NaN, -1.2443864497e+03
           NaN, -1.2450797855e+03
           NaN, -1.2457498961e+03
           NaN, -1.2463976288e+03
           NaN, -1.2470237941e+03
           NaN, -1.2476291631e+03
           NaN, -1.2482144745e+03
           NaN, -1.2487804328e+03
           NaN, -1.2493277116e+03
           NaN, -1.2498569557e+03
           NaN, -1.2503687822e+03
           NaN, -1.2508637826e+03
           NaN, -1.2513425221e+03
           NaN, -1.2518055441e+03
           NaN, -1.2522533686e+03
           NaN, -1.2526864960e+03
           NaN, -1.2531054063e+03
           NaN, -1.2535105605e+03
           NaN, -1.2539024033e+03
           NaN, -1.2542813605e+03
           NaN, -1.2546478451e+03
           NaN, -1.2550022514e+03
           NaN, -1.2553449633e+03
           NaN, -1.2556763494e+03
           NaN, -1.2559967659e+03
           NaN, -1.2563065563e+03
           NaN, -1.2566060537e+03
           NaN, -1.2568955806e+03
           NaN, -1.2571754480e+03
           NaN, -1.2574459580e+03
           NaN, -1.2577074022e+03
           NaN, -1.2579600664e+03
           NaN, -1.2582042238e+03
           NaN, -1.2584401421e+03
           NaN, -1.2586680813e+03
           NaN, -1.2588882915e+03
           NaN, -1.2591010199e+03
           NaN, -1.2593065010e+03
           NaN, -1.2595049674e+03
           NaN, -1.2596966431e+03
           NaN, -1.2598817462e+03
           NaN, -1.2600604878e+03
           NaN, -1.2602330733e+03
           NaN, -1.2603997020e+03
           NaN, -1.2605605673e+03
           NaN, -1.2607158557e+03
           NaN, -1.2608657484e+03
           NaN, -1.2610104196e+03
           NaN, -1.2611500379e+03
           NaN, -1.2612847660e+03
           NaN, -1.2614147597e+03
           NaN, -1.2615401657e+03
           NaN, -1.2616611282e+03
           NaN, -1.2617777807e+03
           NaN, -1.2618902490e+03
           NaN, -1.2619986545e+03
           NaN, -1.2621031074e+03
           NaN, -1.2622037089e+03
           NaN, -1.2623005531e+03
           NaN, -1.2623937230e+03
           NaN, -1.2624832913e+03
           NaN, -1.2625693202e+03
           NaN, -1.2626518605e+03
           NaN, -1.2627309500e+03
           NaN, -1.2628066136e+03
           NaN, -1.2628788617e+03
           NaN, -1.2629476895e+03
           NaN, -1.2630130768e+03
           NaN, -1.2630749865e+03
           NaN, -1.2631333617e+03
           NaN, -1.2631881254e+03
           NaN, -1.2632391812e+03
           NaN, -1.2632864086e+03
           NaN, -1.2633296625e+03
           NaN, -1.2633687727e+03
           NaN, -1.2634035400e+03
           NaN, -1.2634337357e+03
           NaN, -1.2634590981e+03
           NaN, -1.2634793310e+03
           NaN, -1.2634941023e+03
           NaN, -1.2635030382e+03
           NaN, -1.2635057231e+03
           NaN, -1.2635016962e+03
           NaN, -1.2634904470e+03
           NaN, -1.2634714115e+03
           NaN, -1.2634439711e+03
           NaN, -1.2634074448e+03
           NaN, -1.2633610894e+03
           NaN, -1.2633040892e+03
           NaN, -1.2632355559e+03
           NaN, -1.2631545223e+03
           NaN, -1.2630599343e+03
           NaN, -1.2629506472e+03
           NaN, -1.2628254185e+03
           NaN, -1.2626829015e+03
           NaN, -1.2625216373e+03
           NaN, -1.2623400470e+03
           NaN, -1.2621364239e+03
           NaN, -1.2619089232e+03
           NaN, -1.2616555560e+03
           NaN, -1.2613741741e+03
           NaN, -1.2610624643e+03
           NaN, -1.2607179340e+03
           NaN, -1.2603378978e+03
           NaN, -1.2599194694e+03
           NaN, -1.2594595432e+03
           NaN, -1.2589547815e+03
           NaN, -1.2584016006e+03
           NaN, -1.2577961503e+03
           NaN, -1.2571343027e+03
           NaN, -1.2564116265e+03
           NaN, -1.2556233744e+03
           NaN, -1.2547644586e+03
           NaN, -1.2538294311e+03
           NaN, -1.2528124597e+03
           NaN, -1.2517073064e+03
           NaN, -1.2505073000e+03
           NaN, -1.2492053119e+03
           NaN, -1.2477937289e+03
