-3.4065346799e+02, -6.0841908548e-01
-3.4608087879e+02, -5.8962826158e-01
-3.5135143484e+02, -5.7367599883e-01
-3.5648774147e+02, -5.5991420898e-01
-3.6150746333e+02, -5.4788579880e-01
-3.6642472368e+02, -5.3725762940e-01
-3.7125102997e+02, -5.2778023283e-01
-3.7599590874e+02, -5.1926249526e-01
-3.8066735431e+02, -5.1155513867e-01
-3.8981613082e+02, -4.9812030448e-01
-4.0747557634e+02, -4.7703270228e-01
-3.8066735431e+02, -5.1155513867e-01
-3.9519004998e+02, +7.1901435987e+01
-3.9874112736e+02, -4.8677204117e-01
-4.0313040649e+02, -4.8172493062e-01
-4.0747557634e+02, -4.7703270228e-01
-4.1177967498e+02, -4.7265697566e-01
-4.1604541871e+02, -4.6856493345e-01
-4.2027524771e+02, -4.6472832353e-01
-4.2447136377e+02, -4.6112267189e-01
-4.2863576152e+02, -4.5772665568e-01
-4.3277025468e+02, -4.5452159911e-01
-4.3687649813e+02, -4.5149106486e-01
-4.4095600659e+02, -4.4862052003e-01
-4.5043626416e+02, +6.7075547631e+01
-4.5703291485e+02, -4.3850008443e-01
-4.3687649813e+02, -4.5149106486e-01
-4.5122334453e+02, +6.1184683113e+01
-4.5703291485e+02, -4.3850008443e-01
-4.6099756621e+02, -4.3626129898e-01
-4.6494238352e+02, -4.3412273506e-01
-4.6886824385e+02, -4.3207758358e-01
-4.7277596548e+02, -4.3011965907e-01
-4.7666631314e+02, -4.2824332813e-01
-4.8054000278e+02, -4.2644344776e-01
-4.8439770574e+02, -4.2471531188e-01
-4.8824005253e+02, -4.2305460480e-01
-4.9206763611e+02, -4.2145736066e-01
-4.9588101499e+02, -4.1991992782e-01
-4.9968071586e+02, -4.1843893771e-01
-5.0724104572e+02, -4.1563406458e-01
-5.2593422908e+02, -4.0941751263e-01
-4.9968071586e+02, -4.1843893771e-01
-5.0733658688e+02, +5.9733552133e+01
-5.1475229035e+02, -4.1302048420e-01
-5.1849054696e+02, -4.1177932654e-01
-5.2221773955e+02, -4.1057900447e-01
-5.2593422908e+02, -4.0941751263e-01
-5.2964035895e+02, -4.0829297804e-01
-5.3333645613e+02, -4.0720364916e-01
-5.3702283225e+02, -4.0614788599e-01
-5.4069978450e+02, -4.0512415118e-01
-5.4436759662e+02, -4.0413100190e-01
-5.4802653965e+02, -4.0316708260e-01
-5.5167687269e+02, -4.0223111836e-01
-5.5531884367e+02, -4.0132190885e-01
-5.5895268992e+02, -4.0043832288e-01
-5.6257863883e+02, -3.9957929336e-01
-5.7274087161e+02, +5.7174852388e+01
-5.7492498436e+02, +5.5584170107e+01
-6.0554537122e+02, -3.9086824703e-01
-5.6619690839e+02, -3.9874381278e-01
-5.7341123747e+02, -3.9713974145e-01
-5.8259516966e+02, +5.4734435115e+01
-5.8418010006e+02, -3.9488805216e-01
-5.8775640610e+02, -3.9417555809e-01
-5.9132633504e+02, -3.9348091753e-01
-5.9489004571e+02, -3.9280347476e-01
-5.9844769115e+02, -3.9214260627e-01
-6.0199941889e+02, -3.9149771868e-01
-6.0554537122e+02, -3.9086824703e-01
-6.0908568540e+02, -3.9025365299e-01
-6.1262049397e+02, -3.8965342329e-01
-6.1614992488e+02, -3.8906706831e-01
-6.1967410178e+02, -3.8849412065e-01
-6.2319314416e+02, -3.8793413392e-01
-6.2670716756e+02, -3.8738668150e-01
-6.3021628373e+02, -3.8685135549e-01
-6.3372060081e+02, -3.8632776566e-01
-6.3722022349e+02, -3.8581553848e-01
-6.4071525313e+02, -3.8531431623e-01
-6.4420578792e+02, -3.8482375619e-01
-6.4769192301e+02, -3.8434352981e-01
-6.5939278653e+02, +5.8675475752e+01
-6.5812483854e+02, -3.8296176483e-01
-6.6505973554e+02, -3.8208680783e-01
-6.9200038493e+02, +4.2795273123e+01
-6.4769192301e+02, -3.8434352981e-01
-6.6048639055e+02, +5.5087109961e+01
-6.6505973554e+02, -3.8208680783e-01
-6.7703939612e+02, +6.3071657497e+01
-6.7543312226e+02, -3.8083844401e-01
-6.7888349711e+02, -3.8043844620e-01
-6.8233028112e+02, -3.8004613533e-01
-6.8577354297e+02, -3.7966129899e-01
-6.8921334950e+02, -3.7928373254e-01
-6.9264976571e+02, -3.7891323876e-01
-6.9608285483e+02, -3.7854962750e-01
-6.9951267843e+02, -3.7819271536e-01
-7.0293929642e+02, -3.7784232543e-01
-7.0636276714e+02, -3.7749828695e-01
-7.0978314741e+02, -3.7716043506e-01
-7.1320049260e+02, -3.7682861058e-01
-7.1661485663e+02, -3.7650265971e-01
-7.2002629207e+02, -3.7618243384e-01
-7.2343485016e+02, -3.7586778933e-01
-7.2684058086e+02, -3.7555858727e-01
-7.3024353289e+02, -3.7525469333e-01
-7.3364375378e+02, -3.7495597754e-01
-7.3704128990e+02, -3.7466231413e-01
-7.4043618648e+02, -3.7437358134e-01
-7.4382848768e+02, -3.7408966129e-01
-7.4721823661e+02, -3.7381043981e-01
-7.5060547535e+02, -3.7353580627e-01
-7.5399024502e+02, -3.7326565350e-01
-7.5737258574e+02, -3.7299987760e-01
-7.6075253673e+02, -3.7273837785e-01
-7.6413013632e+02, -3.7248105657e-01
-7.6750542195e+02, -3.7222781902e-01
-7.7087843021e+02, -3.7197857326e-01
-7.7424919689e+02, -3.7173323009e-01
-7.7761775697e+02, -3.7149170292e-01
-7.8098414464e+02, -3.7125390769e-01
-7.8434839338e+02, -3.7101976276e-01
-7.7869772890e+02, +6.5567579037e+01
-7.9442862972e+02, -3.7033844800e-01
-7.9778464299e+02, -3.7011813350e-01
-8.0113867408e+02, -3.6990109462e-01
-8.0784090659e+02, -3.6947657055e-01
-8.1614402880e+02, +5.1274664204e+01
-8.4124254728e+02, -3.6752886558e-01
-7.6196868964e+02, +4.2676413598e+01
-7.9778464299e+02, -3.7011813350e-01
-8.0784090659e+02, -3.6947657055e-01
-8.1608061722e+02, +5.2643756017e+01
-8.1788010381e+02, -3.6886269252e-01
-8.2122283779e+02, -3.6866392721e-01
-8.2269594995e+02, +5.1243161551e+01
-8.3955608749e+02, +5.4160525191e+01
-8.3505521749e+02, +4.8227511352e+01
-8.3791017533e+02, -3.6771146324e-01
-8.4124254728e+02, -3.6752886558e-01
-8.4457327546e+02, -3.6734878027e-01
-8.4790238242e+02, -3.6717115875e-01
-8.5122989029e+02, -3.6699595368e-01
-8.5455582074e+02, -3.6682311892e-01
-8.5788019507e+02, -3.6665260946e-01
-8.6120303416e+02, -3.6648438143e-01
-8.6452435849e+02, -3.6631839202e-01
-8.6784418815e+02, -3.6615459947e-01
-8.7116254289e+02, -3.6599296305e-01
-8.7447944206e+02, -3.6583344298e-01
-8.7779490468e+02, -3.6567600047e-01
-8.8110894939e+02, -3.6552059765e-01
-8.8442159453e+02, -3.6536719753e-01
-8.8773285809e+02, -3.6521576401e-01
-8.9104275772e+02, -3.6506626183e-01
-8.9435131077e+02, -3.6491865657e-01
-8.9765853430e+02, -3.6477291457e-01
-9.0096444505e+02, -3.6462900298e-01
-9.0426905944e+02, -3.6448688969e-01
-9.0757239366e+02, -3.6434654333e-01
-9.1087446357e+02, -3.6420793324e-01
-9.1417528477e+02, -3.6407102943e-01
-9.1747487260e+02, -3.6393580262e-01
-9.2077324213e+02, -3.6380222414e-01
-9.2407040818e+02, -3.6367026600e-01
-9.2736638530e+02, -3.6353990080e-01
-9.3066118782e+02, -3.6341110174e-01
-9.3395482981e+02, -3.6328384262e-01
-9.3724732512e+02, -3.6315809780e-01
-9.4053868735e+02, -3.6303384220e-01
-9.4382892990e+02, -3.6291105126e-01
-9.4711806593e+02, -3.6278970097e-01
-9.5040610840e+02, -3.6266976782e-01
-9.5369307005e+02, -3.6255122878e-01
-9.5697896340e+02, -3.6243406135e-01
-9.6026380080e+02, -3.6231824344e-01
-9.6354759438e+02, -3.6220375348e-01
-9.6683035607e+02, -3.6209057030e-01
-9.7011209764e+02, -3.6197867320e-01
-9.7339283065e+02, -3.6186804188e-01
-9.7667256647e+02, -3.6175865647e-01
-9.7995131632e+02, -3.6165049750e-01
-9.8322909123e+02, -3.6154354589e-01
-9.8650590206e+02, -3.6143778295e-01
-9.8978175949e+02, -3.6133319036e-01
-9.9305667405e+02, -3.6122975016e-01
-9.9633065612e+02, -3.6112744476e-01
-9.9960371590e+02, -3.6102625690e-01
-1.0028758634e+03, -3.6092616968e-01
-1.0061471086e+03, -3.6082716651e-01
-1.0094174613e+03, -3.6072923114e-01
-1.0126869309e+03, -3.6063234762e-01
-1.0159555270e+03, -3.6053650032e-01
-1.0192232590e+03, -3.6044167390e-01
-1.0224901359e+03, -3.6034785331e-01
-1.0257561669e+03, -3.6025502381e-01
-1.0290213608e+03, -3.6016317091e-01
-1.0322857265e+03, -3.6007228042e-01
-1.0355492726e+03, -3.5998233838e-01
-1.0388120077e+03, -3.5989333113e-01
-1.0420739401e+03, -3.5980524525e-01
-1.0453350782e+03, -3.5971806755e-01
-1.0485954301e+03, -3.5963178510e-01
-1.0518550038e+03, -3.5954638522e-01
-1.0551138074e+03, -3.5946185544e-01
-1.0583718487e+03, -3.5937818353e-01
-1.0616291354e+03, -3.5929535747e-01
-1.0648856750e+03, -3.5921336546e-01
-1.0681414751e+03, -3.5913219592e-01
-1.0713965432e+03, -3.5905183747e-01
-1.0746508864e+03, -3.5897227894e-01
-1.0779045121e+03, -3.5889350935e-01
-1.0811574273e+03, -3.5881551791e-01
-1.0844096390e+03, -3.5873829404e-01
-1.0876611541e+03, -3.5866182732e-01
-1.0909119795e+03, -3.5858610754e-01
-1.0941621218e+03, -3.5851112464e-01
-1.0974115877e+03, -3.5843686874e-01
-1.1006603838e+03, -3.5836333015e-01
-1.1039085165e+03, -3.5829049932e-01
-1.1071559922e+03, -3.5821836688e-01
-1.1104028171e+03, -3.5814692362e-01
-1.1136489976e+03, -3.5807616047e-01
-1.1104028171e+03, -3.5814692362e-01
-1.1168945396e+03, -3.5800606854e-01
-1.1174739786e+03, +4.9873468299e+01
-1.0943985244e+03, +6.8448855066e+01
-1.1417749973e+03, +5.0575460877e+01
-1.1395959566e+03, -3.5753350155e-01
-1.1338980007e+03, +5.9702229805e+01
-1.1428366026e+03, -3.5746847606e-01
-1.1460766618e+03, -3.5740404801e-01
-1.1493161398e+03, -3.5734020987e-01
-1.1525550416e+03, -3.5727695423e-01
-1.1557933728e+03, -3.5721427378e-01
-1.1590311383e+03, -3.5715216135e-01
-1.1622683433e+03, -3.5709060988e-01
-1.1655049929e+03, -3.5702961241e-01
-1.1687410920e+03, -3.5696916211e-01
-1.1824977315e+03, +5.5671728451e+01
-1.1784461359e+03, -3.5679102737e-01
-1.1816800820e+03, -3.5673269945e-01
-1.1849135017e+03, -3.5667488606e-01
-1.1866589870e+03, +5.5991793119e+01
-1.1946106485e+03, -3.5650447143e-01
-1.1970756669e+03, +5.0238631346e+01
-1.2043032214e+03, -3.5633846940e-01
-1.2107624540e+03, -3.5623017574e-01
-1.2196704214e+03, +4.9803080576e+01
-1.2301286045e+03, -3.5591620939e-01
-1.2527014617e+03, -3.5556944199e-01
-1.3202964379e+03, -3.5464031092e-01
-1.1428366026e+03, -3.5746847606e-01
-1.1760512320e+03, +4.8450504573e+01
-1.1913787804e+03, -3.5656077814e-01
-1.2010728646e+03, -3.5639332287e-01
-1.2075330831e+03, -3.5628408888e-01
-1.2139913383e+03, -3.5617672447e-01
-1.2214422433e+03, +4.9948741130e+01
-1.2236751128e+03, -3.5601908811e-01
-1.2250537462e+03, +5.0277467887e+01
-1.2333546548e+03, -3.5586541839e-01
-1.2365802467e+03, -3.5581505300e-01
-1.2398053839e+03, -3.5576510835e-01
-1.2430300703e+03, -3.5571557962e-01
-1.2432239344e+03, +4.9841045940e+01
-1.2570341630e+03, +5.0198986926e+01
-1.2559243818e+03, -3.5552153030e-01
-1.2591468693e+03, -3.5547401153e-01
-1.2623689279e+03, -3.5542688129e-01
-1.2655905609e+03, -3.5538013523e-01
-1.2688117720e+03, -3.5533376907e-01
-1.2720325645e+03, -3.5528777860e-01
-1.2752529418e+03, -3.5524215967e-01
-1.2784729072e+03, -3.5519690816e-01
-1.2816924641e+03, -3.5515202005e-01
-1.2849116157e+03, -3.5510749134e-01
-1.2881303653e+03, -3.5506331811e-01
-1.2913487161e+03, -3.5501949648e-01
-1.2945666712e+03, -3.5497602264e-01
-1.2981783531e+03, +4.8470934383e+01
-1.2962216884e+03, +4.7401293788e+01
-1.3010014070e+03, -3.5489010330e-01
-1.3019889454e+03, +4.9190673051e+01
-1.2982407913e+03, +5.0318171347e+01
-1.2630202434e+03, +1.6403946450e+02
-1.3353108899e+03, +5.0593802106e+01
-1.3304189943e+03, +4.9185107812e+01
-1.3299389376e+03, -3.5451972312e-01
-1.3331523801e+03, -3.5448014320e-01
-1.3363654652e+03, -3.5444086592e-01
-1.3456121176e+03, +4.3609719912e+01
-1.3363654652e+03, -3.5444086592e-01
-1.3427905740e+03, -3.5436320672e-01
-1.3460026031e+03, -3.5432481862e-01
-1.3492142856e+03, -3.5428672079e-01
-1.3524256240e+03, -3.5424891025e-01
-1.3556366210e+03, -3.5421138405e-01
-1.3588472791e+03, -3.5417413927e-01
-1.3620576008e+03, -3.5413717304e-01
-1.3652675887e+03, -3.5410048253e-01
-1.3684772453e+03, -3.5406406494e-01
-1.3716865729e+03, -3.5402791749e-01
-1.3748955742e+03, -3.5399203747e-01
-1.3781042513e+03, -3.5395642218e-01
-1.3813126068e+03, -3.5392106896e-01
-1.3845206431e+03, -3.5388597519e-01
-1.3877283624e+03, -3.5385113828e-01
-1.3909357670e+03, -3.5381655567e-01
-1.3941428593e+03, -3.5378222483e-01
-1.3973496416e+03, -3.5374814328e-01
-1.4005561160e+03, -3.5371430854e-01
-1.4037622848e+03, -3.5368071819e-01
-1.4069681503e+03, -3.5364736983e-01
-1.4101737145e+03, -3.5361426109e-01
-1.4133789797e+03, -3.5358138962e-01
-1.4165839480e+03, -3.5354875311e-01
-1.4197886215e+03, -3.5351634929e-01
-1.4229930023e+03, -3.5348417590e-01
-1.4261970925e+03, -3.5345223070e-01
-1.4294008942e+03, -3.5342051150e-01
-1.4326044093e+03, -3.5338901613e-01
-1.4358076400e+03, -3.5335774244e-01
-1.4390105882e+03, -3.5332668831e-01
-1.4422132558e+03, -3.5329585164e-01
-1.4454156450e+03, -3.5326523037e-01
-1.4486177575e+03, -3.5323482246e-01
-1.4518195953e+03, -3.5320462588e-01
-1.4550211604e+03, -3.5317463864e-01
-1.4582224545e+03, -3.5314485877e-01
-1.4614234797e+03, -3.5311528432e-01
-1.4646242377e+03, -3.5308591337e-01
-1.4678247304e+03, -3.5305674401e-01
-1.4710249595e+03, -3.5302777437e-01
-1.4742249270e+03, -3.5299900259e-01
-1.4774246346e+03, -3.5297042684e-01
-1.4806240839e+03, -3.5294204531e-01
-1.4838232770e+03, -3.5291385619e-01
-1.4870222153e+03, -3.5288585773e-01
-1.4902209007e+03, -3.5285804818e-01
-1.4934193349e+03, -3.5283042579e-01
-1.4966175195e+03, -3.5280298887e-01
-1.4998154562e+03, -3.5277573572e-01
-1.5030131467e+03, -3.5274866468e-01
-1.5062105927e+03, -3.5272177410e-01
-1.5094077957e+03, -3.5269506233e-01
-1.5126047574e+03, -3.5266852778e-01
-1.5158014793e+03, -3.5264216884e-01
-1.5189979632e+03, -3.5261598394e-01
-1.5221942104e+03, -3.5258997152e-01
-1.5253902226e+03, -3.5256413005e-01
-1.5285860013e+03, -3.5253845799e-01
-1.5317815481e+03, -3.5251295384e-01
-1.5349768645e+03, -3.5248761612e-01
-1.5381719519e+03, -3.5246244334e-01
-1.5413668119e+03, -3.5243743406e-01
-1.5445614459e+03, -3.5241258684e-01
-1.5477558554e+03, -3.5238790026e-01
-1.5509500418e+03, -3.5236337290e-01
-1.5541440067e+03, -3.5233900337e-01
-1.5573377513e+03, -3.5231479030e-01
-1.5605312772e+03, -3.5229073233e-01
-1.5637245857e+03, -3.5226682811e-01
-1.5669176782e+03, -3.5224307631e-01
-1.5701105560e+03, -3.5221947562e-01
-1.5733032206e+03, -3.5219602473e-01
-1.5764956734e+03, -3.5217272235e-01
-1.5796879155e+03, -3.5214956721e-01
-1.5828799484e+03, -3.5212655805e-01
-1.5860717735e+03, -3.5210369363e-01
-1.5892633919e+03, -3.5208097271e-01
-1.5924548049e+03, -3.5205839407e-01
-1.5956460140e+03, -3.5203595650e-01
-1.5988370203e+03, -3.5201365882e-01
-1.6020278251e+03, -3.5199149984e-01
-1.6052184297e+03, -3.5196947840e-01
-1.6084088353e+03, -3.5194759333e-01
-1.6115990431e+03, -3.5192584350e-01
-1.6147890543e+03, -3.5190422777e-01
-1.6179788702e+03, -3.5188274503e-01
-1.6211684920e+03, -3.5186139416e-01
-1.6243579209e+03, -3.5184017408e-01
-1.6275471579e+03, -3.5181908370e-01
-1.6307362044e+03, -3.5179812194e-01
-1.6339250614e+03, -3.5177728775e-01
-1.6371137302e+03, -3.5175658008e-01
-1.6403022118e+03, -3.5173599788e-01
-1.6434905074e+03, -3.5171554013e-01
-1.6466786182e+03, -3.5169520580e-01
-1.6498665451e+03, -3.5167499390e-01
-1.6530542894e+03, -3.5165490343e-01
-1.6562418522e+03, -3.5163493339e-01
-1.6594292344e+03, -3.5161508282e-01
-1.6626164373e+03, -3.5159535074e-01
-1.6658034618e+03, -3.5157573620e-01
-1.6689903090e+03, -3.5155623826e-01
-1.6721769800e+03, -3.5153685597e-01
-1.6753634759e+03, -3.5151758841e-01
-1.6785497976e+03, -3.5149843466e-01
-1.6817359462e+03, -3.5147939381e-01
-1.6849219227e+03, -3.5146046496e-01
-1.6881077281e+03, -3.5144164723e-01
-1.6912933635e+03, -3.5142293973e-01
-1.6944788298e+03, -3.5140434158e-01
-1.6976641279e+03, -3.5138585193e-01
-1.7008492590e+03, -3.5136746992e-01
-1.7040342239e+03, -3.5134919470e-01
-1.7072190237e+03, -3.5133102543e-01
-1.7104036592e+03, -3.5131296129e-01
-1.7135881314e+03, -3.5129500145e-01
-1.7167724413e+03, -3.5127714509e-01
-1.7199565898e+03, -3.5125939142e-01
-1.7231405779e+03, -3.5124173964e-01
-1.7263244064e+03, -3.5122418895e-01
-1.7295080762e+03, -3.5120673857e-01
-1.7326915884e+03, -3.5118938773e-01
-1.7358749437e+03, -3.5117213566e-01
-1.7390581430e+03, -3.5115498161e-01
-1.7422411873e+03, -3.5113792481e-01
-1.7454240774e+03, -3.5112096454e-01
-1.7486068143e+03, -3.5110410004e-01
-1.7517893986e+03, -3.5108733058e-01
-1.7549718314e+03, -3.5107065546e-01
-1.7581541135e+03, -3.5105407394e-01
-1.7613362457e+03, -3.5103758532e-01
-1.7645182288e+03, -3.5102118890e-01
-1.7677000637e+03, -3.5100488398e-01
-1.7708817513e+03, -3.5098866986e-01
-1.7740632922e+03, -3.5097254588e-01
-1.7772446874e+03, -3.5095651135e-01
-1.7804259377e+03, -3.5094056560e-01
-1.7836070438e+03, -3.5092470798e-01
-1.7867880066e+03, -3.5090893781e-01
-1.7899688268e+03, -3.5089325445e-01
-1.7931495053e+03, -3.5087765726e-01
-1.7963300427e+03, -3.5086214560e-01
-1.7995104399e+03, -3.5084671883e-01
-1.8026906977e+03, -3.5083137633e-01
-1.8058708168e+03, -3.5081611748e-01
-1.8090507979e+03, -3.5080094165e-01
-1.8122306418e+03, -3.5078584825e-01
-1.8154103493e+03, -3.5077083667e-01
-1.8185899211e+03, -3.5075590630e-01
-1.8217693579e+03, -3.5074105656e-01
-1.8249486605e+03, -3.5072628686e-01
-1.8281278295e+03, -3.5071159662e-01
-1.8313068658e+03, -3.5069698526e-01
-1.8344857699e+03, -3.5068245221e-01
-1.8376645427e+03, -3.5066799690e-01
-1.8408431847e+03, -3.5065361878e-01
-1.8440216968e+03, -3.5063931728e-01
-1.8472000796e+03, -3.5062509186e-01
-1.8503783338e+03, -3.5061094197e-01
-1.8535564601e+03, -3.5059686707e-01
-1.8567344591e+03, -3.5058286662e-01
-1.8599123315e+03, -3.5056894010e-01
-1.8630900781e+03, -3.5055508697e-01
-1.8662676994e+03, -3.5054130672e-01
-1.8694451961e+03, -3.5052759883e-01
-1.8726225688e+03, -3.5051396278e-01
-1.8757998183e+03, -3.5050039808e-01
-1.8789769452e+03, -3.5048690420e-01
-1.8821539500e+03, -3.5047348067e-01
-1.8853308335e+03, -3.5046012698e-01
-1.8885075963e+03, -3.5044684264e-01
-1.8916842389e+03, -3.5043362717e-01
-1.8948607621e+03, -3.5042048008e-01
-1.8980371664e+03, -3.5040740091e-01
-1.9012134525e+03, -3.5039438917e-01
-1.9043896209e+03, -3.5038144440e-01
-1.9075656722e+03, -3.5036856613e-01
-1.9107416072e+03, -3.5035575391e-01
-1.9139174262e+03, -3.5034300727e-01
-1.9170931301e+03, -3.5033032577e-01
-1.9202687193e+03, -3.5031770896e-01
-1.9234441944e+03, -3.5030515639e-01
-1.9266195560e+03, -3.5029266761e-01
-1.9297948046e+03, -3.5028024221e-01
-1.9329699410e+03, -3.5026787973e-01
-1.9361449655e+03, -3.5025557976e-01
-1.9393198789e+03, -3.5024334186e-01
-1.9424946816e+03, -3.5023116562e-01
-1.9456693742e+03, -3.5021905061e-01
-1.9488439572e+03, -3.5020699642e-01
-1.9520184313e+03, -3.5019500265e-01
-1.9551927969e+03, -3.5018306887e-01
-1.9583670546e+03, -3.5017119469e-01
-1.9615412049e+03, -3.5015937972e-01
-1.9647152484e+03, -3.5014762353e-01
-1.9678891856e+03, -3.5013592576e-01
-1.9710630170e+03, -3.5012428600e-01
-1.9742367432e+03, -3.5011270387e-01
-1.9774103647e+03, -3.5010117898e-01
-1.9805838819e+03, -3.5008971095e-01
-1.9837572954e+03, -3.5007829941e-01
-1.9869306058e+03, -3.5006694398e-01
-1.9901038135e+03, -3.5005564429e-01
+2.7385072380e+02, -1.0377304181e+01
+2.6914503292e+02, -1.7964681022e+01
+2.6522636703e+02, -2.4062368326e+01
+2.6171346266e+02, -2.9365906601e+01
+2.5846149116e+02, -3.4143678965e+01
+2.5539620615e+02, -3.8535178971e+01
+2.5247329233e+02, -4.2624720458e+01
+2.4966369299e+02, -4.6468239355e+01
+2.4694709065e+02, -5.0105283957e+01
+2.4430859596e+02, -5.3565144181e+01
+2.4173689937e+02, -5.6870293821e+01
+2.3922316401e+02, -6.0038464587e+01
+2.3676032512e+02, -6.3083966062e+01
+2.3434262666e+02, -6.6018563422e+01
+2.3196530357e+02, -6.8852082499e+01
+2.2962435723e+02, -7.1592839620e+01
+2.2731639260e+02, -7.4247954895e+01
+2.2503849751e+02, -7.6823585610e+01
+2.2278815138e+02, -7.9325103469e+01
+2.2056315513e+02, -8.1757231471e+01
+2.1836157642e+02, -8.4124151184e+01
+2.1618170645e+02, -8.6429587947e+01
+2.1402202528e+02, -8.8676879351e+01
+2.1188117388e+02, -9.0869030860e+01
+2.0975793127e+02, -9.3008761440e+01
+2.0765119563e+02, -9.5098541317e+01
+2.0555996872e+02, -9.7140623474e+01
+2.0348334271e+02, -9.9137070130e+01
+2.0142048918e+02, -1.0108977514e+02
+1.9937064977e+02, -1.0300048306e+02
+1.9733312813e+02, -1.0487080552e+02
+1.9530728314e+02, -1.0670223527e+02
+1.9329252292e+02, -1.0849615837e+02
+1.9128829979e+02, -1.1025386480e+02
+1.8929410575e+02, -1.1197655769e+02
+1.8730946863e+02, -1.1366536148e+02
+1.8533394864e+02, -1.1532132904e+02
+1.8336713537e+02, -1.1694544802e+02
+1.8140864512e+02, -1.1853864644e+02
+1.7945811858e+02, -1.2010179767e+02
+1.7751521868e+02, -1.2163572494e+02
+1.7557962874e+02, -1.2314120526e+02
+1.7365105080e+02, -1.2461897307e+02
+1.7172920411e+02, -1.2606972341e+02
+1.6981382377e+02, -1.2749411488e+02
+1.6790465952e+02, -1.2889277224e+02
+1.6600147465e+02, -1.3026628880e+02
+1.6410404496e+02, -1.3161522863e+02
+1.6221215789e+02, -1.3294012849e+02
+1.6032561171e+02, -1.3424149965e+02
+1.5844421471e+02, -1.3551982958e+02
+1.5656778457e+02, -1.3677558340e+02
+1.5469614769e+02, -1.3800920528e+02
+1.5282913866e+02, -1.3922111978e+02
+1.5096659968e+02, -1.4041173293e+02
+1.4910838012e+02, -1.4158143337e+02
+1.4725433605e+02, -1.4273059335e+02
+1.4540432983e+02, -1.4385956963e+02
+1.4355822972e+02, -1.4496870435e+02
+1.4171590956e+02, -1.4605832581e+02
+1.3987724841e+02, -1.4712874925e+02
+1.3804213026e+02, -1.4818027748e+02
+1.3621044375e+02, -1.4921320156e+02
+1.3438208190e+02, -1.5022780137e+02
+1.3255694189e+02, -1.5122434618e+02
+1.3073492481e+02, -1.5220309516e+02
+1.2891593546e+02, -1.5316429787e+02
+1.2709988215e+02, -1.5410819470e+02
+1.2528667652e+02, -1.5503501733e+02
+1.2347623336e+02, -1.5594498908e+02
+1.2166847045e+02, -1.5683832533e+02
+1.1986330840e+02, -1.5771523383e+02
+1.1806067055e+02, -1.5857591507e+02
+1.1626048278e+02, -1.5942056255e+02
+1.1446267341e+02, -1.6024936310e+02
+1.1266717310e+02, -1.6106249718e+02
+1.1087391469e+02, -1.6186013905e+02
+1.0908283315e+02, -1.6264245713e+02
+1.0729386546e+02, -1.6340961416e+02
+1.0550695048e+02, -1.6416176741e+02
+1.0372202893e+02, -1.6489906894e+02
+1.0193904325e+02, -1.6562166577e+02
+1.0015793755e+02, -1.6632970005e+02
+9.8378657531e+01, -1.6702330926e+02
+9.6601150401e+01, -1.6770262636e+02
+9.4825364821e+01, -1.6836777996e+02
+9.3051250838e+01, -1.6901889445e+02
+9.1278759821e+01, -1.6965609018e+02
+8.9507844409e+01, -1.7027948355e+02
+8.7738458450e+01, -1.7088918717e+02
+8.5970556953e+01, -1.7148530996e+02
+8.4204096036e+01, -1.7206795730e+02
+8.2439032881e+01, -1.7263723109e+02
+8.0675325685e+01, -1.7319322991e+02
+7.8912933620e+01, -1.7373604906e+02
+7.7151816793e+01, -1.7426578072e+02
+7.5391936200e+01, -1.7478251397e+02
+7.3633253695e+01, -1.7528633495e+02
+7.1875731952e+01, -1.7577732687e+02
+7.0119334429e+01, -1.7625557016e+02
+6.8364025336e+01, -1.7672114248e+02
+6.6609769602e+01, -1.7717411883e+02
+6.4856532847e+01, -1.7761457159e+02
+6.3104281350e+01, -1.7804257063e+02
+6.1352982022e+01, -1.7845818330e+02
+5.9602602378e+01, -1.7886147458e+02
+5.7853110513e+01, -1.7925250704e+02
+5.6104475076e+01, -1.7963134096e+02
+5.4356665242e+01, -1.7999803436e+02
+5.2609650695e+01, -1.8035264303e+02
+5.0863401600e+01, -1.8069522062e+02
+4.9117888586e+01, -1.8102581863e+02
+4.7373082720e+01, -1.8134448648e+02
+4.5628955489e+01, -1.8165127157e+02
+4.3885478780e+01, -1.8194621927e+02
+4.2142624862e+01, -1.8222937299e+02
+4.0400366365e+01, -1.8250077419e+02
+3.8658676262e+01, -1.8276046244e+02
+3.6917527854e+01, -1.8300847544e+02
+3.5176894751e+01, -1.8324484901e+02
+3.3436750854e+01, -1.8346961719e+02
+3.1697070342e+01, -1.8368281220e+02
+2.9957827653e+01, -1.8388446450e+02
+2.8218997471e+01, -1.8407460280e+02
+2.6480554707e+01, -1.8425325408e+02
+2.4742474491e+01, -1.8442044362e+02
+2.3004732149e+01, -1.8457619500e+02
+2.1267303194e+01, -1.8472053014e+02
+1.9530163311e+01, -1.8485346929e+02
+1.7793288343e+01, -1.8497503107e+02
+1.6056654277e+01, -1.8508523246e+02
+1.4320237231e+01, -1.8518408883e+02
+1.2584013441e+01, -1.8527161395e+02
+1.0847959244e+01, -1.8534781998e+02
+9.1120510744e+00, -1.8541271751e+02
+7.3762654401e+00, -1.8546631552e+02
+5.6405789173e+00, -1.8550862145e+02
+3.9049681349e+00, -1.8553964115e+02
+2.1694097623e+00, -1.8555937892e+02
+4.3388049729e-01, -1.8556783747e+02
-1.3016429470e+00, -1.8556501799e+02
-3.0371838543e+00, -1.8555092007e+02
-4.7727655175e+00, -1.8552554178e+02
-6.5084112516e+00, -1.8548887960e+02
-8.2441444057e+00, -1.8544092845e+02
-9.9799883760e+00, -1.8538168171e+02
-1.1715966618e+01, -1.8531113116e+02
-1.3452102660e+01, -1.8522926700e+02
-1.5188420115e+01, -1.8513607787e+02
-1.6924942693e+01, -1.8503155081e+02
-1.8661694217e+01, -1.8491567125e+02
-2.0398698632e+01, -1.8478842301e+02
-2.2135980021e+01, -1.8464978829e+02
-2.3873562620e+01, -1.8449974767e+02
-2.5611470827e+01, -1.8433828005e+02
-2.7349729221e+01, -1.8416536270e+02
-2.9088362572e+01, -1.8398097117e+02
-3.0827395857e+01, -1.8378507935e+02
-3.2566854278e+01, -1.8357765939e+02
-3.4306763272e+01, -1.8335868172e+02
-3.6047148527e+01, -1.8312811498e+02
-3.7788036002e+01, -1.8288592606e+02
-3.9529451940e+01, -1.8263208004e+02
-4.1271422883e+01, -1.8236654014e+02
-4.3013975691e+01, -1.8208926774e+02
-4.4757137561e+01, -1.8180022234e+02
-4.6500936041e+01, -1.8149936149e+02
-4.8245399051e+01, -1.8118664082e+02
-4.9990554902e+01, -1.8086201393e+02
-5.1736432312e+01, -1.8052543244e+02
-5.3483060433e+01, -1.8017684588e+02
-5.5230468865e+01, -1.7981620169e+02
-5.6978687680e+01, -1.7944344514e+02
-5.8727747445e+01, -1.7905851934e+02
-6.0477679247e+01, -1.7866136515e+02
-6.2228514709e+01, -1.7825192114e+02
-6.3980286024e+01, -1.7783012356e+02
-6.5733025975e+01, -1.7739590623e+02
-6.7486767964e+01, -1.7694920057e+02
-6.9241546037e+01, -1.7648993544e+02
-7.0997394917e+01, -1.7601803718e+02
-7.2754350030e+01, -1.7553342945e+02
-7.4512447538e+01, -1.7503603322e+02
-7.6271724371e+01, -1.7452576669e+02
-7.8032218260e+01, -1.7400254519e+02
-7.9793967776e+01, -1.7346628111e+02
-8.1557012362e+01, -1.7291688384e+02
-8.3321392374e+01, -1.7235425965e+02
-8.5087149123e+01, -1.7177831161e+02
-8.6854324912e+01, -1.7118893950e+02
-8.8622963086e+01, -1.7058603968e+02
-9.0393108077e+01, -1.6996950503e+02
-9.2164805448e+01, -1.6933922480e+02
-9.3938101949e+01, -1.6869508448e+02
-9.5713045571e+01, -1.6803696573e+02
-9.7489685597e+01, -1.6736474619e+02
-9.9268072666e+01, -1.6667829938e+02
-1.0104825883e+02, -1.6597749453e+02
-1.0283029763e+02, -1.6526219645e+02
-1.0461424416e+02, -1.6453226534e+02
-1.0640015512e+02, -1.6378755663e+02
-1.0818808894e+02, -1.6302792082e+02
-1.0997810580e+02, -1.6225320327e+02
-1.1177026777e+02, -1.6146324398e+02
-1.1356463887e+02, -1.6065787742e+02
-1.1536128518e+02, -1.5983693227e+02
-1.1716027494e+02, -1.5900023120e+02
-1.1896167864e+02, -1.5814759060e+02
-1.2076556917e+02, -1.5727882035e+02
-1.2257202190e+02, -1.5639372349e+02
-1.2438111484e+02, -1.5549209592e+02
-1.2619292878e+02, -1.5457372614e+02
-1.2800754740e+02, -1.5363839484e+02
-1.2982505748e+02, -1.5268587456e+02
-1.3164554902e+02, -1.5171592933e+02
-1.3346911543e+02, -1.5072831422e+02
-1.3529585376e+02, -1.4972277493e+02
-1.3712586483e+02, -1.4869904729e+02
-1.3895925353e+02, -1.4765685681e+02
-1.4079612897e+02, -1.4659591807e+02
-1.4263660483e+02, -1.4551593423e+02
-1.4448079952e+02, -1.4441659635e+02
-1.4632883657e+02, -1.4329758274e+02
-1.4818084489e+02, -1.4215855827e+02
-1.5003695912e+02, -1.4099917360e+02
-1.5189731999e+02, -1.3981906434e+02
-1.5376207473e+02, -1.3861785016e+02
-1.5563137749e+02, -1.3739513385e+02
-1.5750538983e+02, -1.3615050027e+02
-1.5938428117e+02, -1.3488351520e+02
-1.6126822940e+02, -1.3359372415e+02
-1.6315742145e+02, -1.3228065102e+02
-1.6505205395e+02, -1.3094379664e+02
-1.6695233396e+02, -1.2958263720e+02
-1.6885847973e+02, -1.2819662253e+02
-1.7077072161e+02, -1.2678517420e+02
-1.7268930296e+02, -1.2534768344e+02
-1.7461448120e+02, -1.2388350890e+02
-1.7654652901e+02, -1.2239197411e+02
-1.7848573555e+02, -1.2087236470e+02
-1.8043240795e+02, -1.1932392537e+02
-1.8238687287e+02, -1.1774585649e+02
-1.8434947824e+02, -1.1613731027e+02
-1.8632059530e+02, -1.1449738660e+02
-1.8830062079e+02, -1.1282512832e+02
-1.9028997944e+02, -1.1111951590e+02
-1.9228912685e+02, -1.0937946154e+02
-1.9429855264e+02, -1.0760380239e+02
-1.9631878414e+02, -1.0579129299e+02
-1.9835039052e+02, -1.0394059654e+02
-2.0039398760e+02, -1.0205027507e+02
-2.0245024332e+02, -1.0011877801e+02
-2.0451988412e+02, -9.8144429166e+01
-2.0660370231e+02, -9.6125411531e+01
-2.0870256473e+02, -9.4059749646e+01
-2.1081742294e+02, -9.1945288944e+01
-2.1294932517e+02, -8.9779671419e+01
-2.1509943069e+02, -8.7560306771e+01
-2.1726902691e+02, -8.5284337953e+01
-2.1945955018e+02, -8.2948599710e+01
-2.2167261099e+02, -8.0549568256e+01
-2.2391002510e+02, -7.8083299636e+01
-2.2617385217e+02, -7.5545353450e+01
-2.2846644434e+02, -7.2930697398e+01
-2.3079050806e+02, -7.0233586317e+01
-2.3314918392e+02, -6.7447406730e+01
-2.3554615139e+02, -6.4564473908e+01
-2.3798576866e+02, -6.1575762158e+01
-2.4047326331e+02, -5.8470538938e+01
-2.8363547910e+02, +1.0576924290e+02
-2.8705062280e+02, +1.0390485466e+02
-3.5600548582e+02, +7.7069946468e+01
-3.5179243134e+02, +7.8141773495e+01
-2.5391902780e+02, -4.0613714624e+01
-3.0137612059e+02, +9.6575062762e+01
-3.0512565374e+02, +9.4801268638e+01
-3.0894104274e+02, +9.3062384445e+01
-3.1282069158e+02, +9.1364112885e+01
-3.1676389721e+02, +8.9711795963e+01
-3.2079148510e+02, +8.8114281231e+01
-3.1876131793e+02, +8.8904539892e+01
-3.1478404497e+02, +9.0531981436e+01
-3.1087273756e+02, +9.2207911634e+01
           NaN, -7.5104624684e+02
           NaN, -7.7371606582e+02
           NaN, -7.9538728013e+02
           NaN, -8.1609548276e+02
           NaN, -8.3587563352e+02
           NaN, -8.5476212855e+02
           NaN, -8.7278882435e+02
           NaN, -8.8998903301e+02
           NaN, -9.0639549421e+02
           NaN, -9.2204033812e+02
           NaN, -9.3695504053e+02
           NaN, -9.5117037917e+02
           NaN, -9.6471638751e+02
           NaN, -9.7762231443e+02
           NaN, -9.8991658985e+02
           NaN, -1.0016267929e+03
           NaN, -1.0127796279e+03
-2.1218932701e+02, +1.4883314489e+02
           NaN, -1.0335155358e+03
-2.0739293281e+02, +1.5165228116e+02
-2.0502141441e+02, +1.5303089300e+02
-2.0266667781e+02, +1.5438914595e+02
-2.0032802195e+02, +1.5572725564e+02
-1.9800478405e+02, +1.5704544116e+02
-1.9569633706e+02, +1.5834392375e+02
-1.9340208731e+02, +1.5962292566e+02
-1.9112147235e+02, +1.6088266926e+02
-1.8885395893e+02, +1.6212337623e+02
-1.8659904106e+02, +1.6334526689e+02
-1.8435623835e+02, +1.6454855967e+02
-1.8212509434e+02, +1.6573347066e+02
-1.7990517499e+02, +1.6690021321e+02
-1.7769606731e+02, +1.6804899760e+02
-1.7549737805e+02, +1.6918003086e+02
-1.7330873251e+02, +1.7029351649e+02
-1.7112977339e+02, +1.7138965437e+02
-1.6896015977e+02, +1.7246864059e+02
-1.6679956613e+02, +1.7353066736e+02
-1.6464768147e+02, +1.7457592301e+02
-1.6250420844e+02, +1.7560459186e+02
-1.6036886256e+02, +1.7661685429e+02
           NaN, -1.1706785164e+03
-5.5895268992e+02, -4.0043832288e-01
           NaN, -1.1770312116e+03
           NaN, -1.1800031036e+03
-1.4980489707e+02, +1.8143810425e+02
-1.4771297495e+02, +1.8235549361e+02
-1.4562749347e+02, +1.8325762868e+02
-1.4354824851e+02, +1.8414465872e+02
-1.4147504372e+02, +1.8501672933e+02
           NaN, -1.1953700297e+03
           NaN, -1.1975718727e+03
           NaN, -1.1996840311e+03
           NaN, -1.2017107929e+03
           NaN, -1.2036562191e+03
           NaN, -1.2055241521e+03
           NaN, -1.2073182314e+03
           NaN, -1.2090419026e+03
           NaN, -1.2106984274e+03
           NaN, -1.2122908957e+03
           NaN, -1.2138222334e+03
           NaN, -1.2152952125e+03
           NaN, -1.2167124591e+03
           NaN, -1.2180764617e+03
           NaN, -1.2193895778e+03
           NaN, -1.2206540435e+03
           NaN, -1.2218719781e+03
           NaN, -1.2230453907e+03
           NaN, -1.2241761875e+03
           NaN, -1.2252661764e+03
           NaN, -1.2263170743e+03
           NaN, -1.2273305093e+03
           NaN, -1.2283080276e+03
           NaN, -1.2292510975e+03
           NaN, -1.2301611149e+03
           NaN, -1.2310394041e+03
           NaN, -1.2318872266e+03
           NaN, -1.2327057801e+03
           NaN, -1.2334962035e+03
           NaN, -1.2342595823e+03
           NaN, -1.2349969484e+03
           NaN, -1.2357092854e+03
           NaN, -1.2363975287e+03
           NaN, -1.2370625725e+03
           NaN, -1.2377052665e+03
           NaN, -1.2383264246e+03
           NaN, -1.2389268199e+03
           NaN, -1.2395071928e+03
           NaN, -1.2400682511e+03
           NaN, -1.2406106703e+03
           NaN, -1.2411350959e+03
           NaN, -1.2416421467e+03
           NaN, -1.2421324154e+03
           NaN, -1.2426064684e+03
           NaN, -1.2430648496e+03
           NaN, -1.2435080821e+03
           NaN, -1.2439366643e+03
           NaN, -1.2443510793e+03
           NaN, -1.2447517881e+03
           NaN, -1.2451392346e+03
           NaN, -1.2455138476e+03
           NaN, -1.2458760387e+03
           NaN, -1.2462262047e+03
           NaN, -1.2465647283e+03
           NaN, -1.2468919798e+03
           NaN, -1.2472083140e+03
           NaN, -1.2475140777e+03
           NaN, -1.2478096021e+03
           NaN, -1.2480952111e+03
           NaN, -1.2483712163e+03
           NaN, -1.2486379193e+03
           NaN, -1.2488956138e+03
           NaN, -1.2491445840e+03
           NaN, -1.2493851041e+03
           NaN, -1.2496174435e+03
           NaN, -1.2498418596e+03
           NaN, -1.2500586059e+03
           NaN, -1.2502679271e+03
           NaN, -1.2504700608e+03
           NaN, -1.2506652381e+03
           NaN, -1.2508536826e+03
           NaN, -1.2510356128e+03
           NaN, -1.2512112405e+03
           NaN, -1.2513807696e+03
           NaN, -1.2515444004e+03
           NaN, -1.2517023244e+03
           NaN, -1.2518547287e+03
           NaN, -1.2520017941e+03
           NaN, -1.2521436931e+03
           NaN, -1.2522805938e+03
           NaN, -1.2524126564e+03
           NaN, -1.2525400348e+03
           NaN, -1.2526628773e+03
           NaN, -1.2527813222e+03
           NaN, -1.2528955021e+03
           NaN, -1.2530055407e+03
           NaN, -1.2531115552e+03
           NaN, -1.2532136507e+03
           NaN, -1.2533119268e+03
           NaN, -1.2534064722e+03
           NaN, -1.2534973640e+03
           NaN, -1.2535846693e+03
           NaN, -1.2536684441e+03
           NaN, -1.2537487322e+03
           NaN, -1.2538255617e+03
           NaN, -1.2538989492e+03
           NaN, -1.2539688968e+03
           NaN, -1.2540353871e+03
           NaN, -1.2540983888e+03
           NaN, -1.2541578503e+03
           NaN, -1.2542137000e+03
           NaN, -1.2542658460e+03
           NaN, -1.2543141733e+03
           NaN, -1.2543585429e+03
           NaN, -1.2543987892e+03
           NaN, -1.2544347176e+03
           NaN, -1.2544661033e+03
           NaN, -1.2544926911e+03
           NaN, -1.2545141901e+03
           NaN, -1.2545302702e+03
           NaN, -1.2545405642e+03
           NaN, -1.2545446599e+03
           NaN, -1.2545421001e+03
           NaN, -1.2545323779e+03
           NaN, -1.2545149330e+03
           NaN, -1.2544891487e+03
           NaN, -1.2544543471e+03
           NaN, -1.2544097860e+03
           NaN, -1.2543546512e+03
           NaN, -1.2542880560e+03
           NaN, -1.2542090297e+03
           NaN, -1.2541165205e+03
           NaN, -1.2540093793e+03
           NaN, -1.2538863607e+03
           NaN, -1.2537461139e+03
           NaN, -1.2535871724e+03
           NaN, -1.2534079502e+03
           NaN, -1.2532067321e+03
           NaN, -1.2529816617e+03
           NaN, -1.2527307356e+03
           NaN, -1.2524517912e+03
           NaN, -1.2521424947e+03
           NaN, -1.2518003334e+03
           NaN, -1.2514225972e+03
           NaN, -1.2510063723e+03
           NaN, -1.2505485198e+03
           NaN, -1.2500456677e+03
           NaN, -1.2494941896e+03
           NaN, -1.2488901905e+03
           NaN, -1.2482294903e+03
           NaN, -1.2475076014e+03
           NaN, -1.2467197117e+03
           NaN, -1.2458606628e+03
           NaN, -1.2449249280e+03
           NaN, -1.2439065876e+03
           NaN, -1.2427993075e+03
           NaN, -1.2415963097e+03
           NaN, -1.2402903500e+03
           NaN, -1.2388736855e+03
           NaN, -1.2373380486e+03
           NaN, -1.2356746151e+03
           NaN, -1.2338739732e+03
-2.7693289554e+02, -5.2435261796e+00
-2.7135276954e+02, -1.4441841155e+01
-2.6712068975e+02, -2.1139081568e+01
-2.6343072992e+02, -2.6792112020e+01
-2.6006047249e+02, -3.1810009636e+01
-2.5690875220e+02, -3.6381572864e+01
-2.5391902780e+02, -4.0613714624e+01
-2.5105575446e+02, -4.4574466593e+01
-2.4829479856e+02, -4.8310549046e+01
-2.4561885507e+02, -5.1855826788e+01
-2.4301499849e+02, -5.5235856633e+01
-2.4047326331e+02, -5.8470538938e+01
-2.3798576866e+02, -6.1575762158e+01
-2.3554615139e+02, -6.4564473908e+01
-2.3314918392e+02, -6.7447406730e+01
-2.3079050806e+02, -7.0233586317e+01
-2.2846644434e+02, -7.2930697398e+01
-2.2617385217e+02, -7.5545353450e+01
-2.2391002510e+02, -7.8083299636e+01
-2.2167261099e+02, -8.0549568256e+01
-2.1945955018e+02, -8.2948599710e+01
-2.1726902691e+02, -8.5284337953e+01
-2.1509943069e+02, -8.7560306771e+01
-2.1294932517e+02, -8.9779671419e+01
-2.1081742294e+02, -9.1945288944e+01
-2.0870256473e+02, -9.4059749646e+01
-2.0660370231e+02, -9.6125411531e+01
-2.0451988412e+02, -9.8144429166e+01
-2.0245024332e+02, -1.0011877801e+02
-2.0039398760e+02, -1.0205027507e+02
-1.9835039052e+02, -1.0394059654e+02
-1.9631878414e+02, -1.0579129299e+02
-1.9429855264e+02, -1.0760380239e+02
-1.9228912685e+02, -1.0937946154e+02
-1.9028997944e+02, -1.1111951590e+02
-1.8830062079e+02, -1.1282512832e+02
-1.8632059530e+02, -1.1449738660e+02
-1.8434947824e+02, -1.1613731027e+02
-1.8238687287e+02, -1.1774585649e+02
-1.8043240795e+02, -1.1932392537e+02
-1.7848573555e+02, -1.2087236470e+02
-1.7654652901e+02, -1.2239197411e+02
-1.7461448120e+02, -1.2388350890e+02
-1.7268930296e+02, -1.2534768344e+02
-1.7077072161e+02, -1.2678517420e+02
-1.6885847973e+02, -1.2819662253e+02
-1.6695233396e+02, -1.2958263720e+02
-1.6505205395e+02, -1.3094379664e+02
-1.6315742145e+02, -1.3228065102e+02
-1.6126822940e+02, -1.3359372415e+02
-1.5938428117e+02, -1.3488351520e+02
-1.5750538983e+02, -1.3615050027e+02
-1.5563137749e+02, -1.3739513385e+02
-1.5376207473e+02, -1.3861785016e+02
-1.5189731999e+02, -1.3981906434e+02
-1.5003695912e+02, -1.4099917360e+02
-1.4818084489e+02, -1.4215855827e+02
-1.4632883657e+02, -1.4329758274e+02
-1.4448079952e+02, -1.4441659635e+02
-1.4263660483e+02, -1.4551593423e+02
-1.4079612897e+02, -1.4659591807e+02
-1.3895925353e+02, -1.4765685681e+02
-1.3712586483e+02, -1.4869904729e+02
-1.3529585376e+02, -1.4972277493e+02
-1.3346911543e+02, -1.5072831422e+02
-1.3164554902e+02, -1.5171592933e+02
-1.2982505748e+02, -1.5268587456e+02
-1.2800754740e+02, -1.5363839484e+02
-1.2619292878e+02, -1.5457372614e+02
-1.2438111484e+02, -1.5549209592e+02
-1.2257202190e+02, -1.5639372349e+02
-1.2076556917e+02, -1.5727882035e+02
-1.1896167864e+02, -1.5814759060e+02
-1.1716027494e+02, -1.5900023120e+02
-1.1536128518e+02, -1.5983693227e+02
-1.1356463887e+02, -1.6065787742e+02
-1.1177026777e+02, -1.6146324398e+02
-1.0997810580e+02, -1.6225320327e+02
-1.0818808894e+02, -1.6302792082e+02
-1.0640015512e+02, -1.6378755663e+02
-1.0461424416e+02, -1.6453226534e+02
-1.0283029763e+02, -1.6526219645e+02
-1.0104825883e+02, -1.6597749453e+02
-9.9268072666e+01, -1.6667829938e+02
-9.7489685597e+01, -1.6736474619e+02
-9.5713045571e+01, -1.6803696573e+02
-9.3938101949e+01, -1.6869508448e+02
-9.2164805448e+01, -1.6933922480e+02
-9.0393108077e+01, -1.6996950503e+02
-8.8622963086e+01, -1.7058603968e+02
-8.6854324912e+01, -1.7118893950e+02
-8.5087149123e+01, -1.7177831161e+02
-8.3321392374e+01, -1.7235425965e+02
-8.1557012362e+01, -1.7291688384e+02
-7.9793967776e+01, -1.7346628111e+02
-7.8032218260e+01, -1.7400254519e+02
-7.6271724371e+01, -1.7452576669e+02
-7.4512447538e+01, -1.7503603322e+02
-7.2754350030e+01, -1.7553342945e+02
-7.0997394917e+01, -1.7601803718e+02
-6.9241546037e+01, -1.7648993544e+02
-6.7486767964e+01, -1.7694920057e+02
-6.5733025975e+01, -1.7739590623e+02
-6.3980286024e+01, -1.7783012356e+02
-6.2228514709e+01, -1.7825192114e+02
-6.0477679247e+01, -1.7866136515e+02
-5.8727747445e+01, -1.7905851934e+02
-5.6978687680e+01, -1.7944344514e+02
-5.5230468865e+01, -1.7981620169e+02
-5.3483060433e+01, -1.8017684588e+02
-5.1736432312e+01, -1.8052543244e+02
-4.9990554902e+01, -1.8086201393e+02
-4.8245399051e+01, -1.8118664082e+02
-4.6500936041e+01, -1.8149936149e+02
-4.4757137561e+01, -1.8180022234e+02
-4.3013975691e+01, -1.8208926774e+02
-4.1271422883e+01, -1.8236654014e+02
-3.9529451940e+01, -1.8263208004e+02
-3.7788036002e+01, -1.8288592606e+02
-3.6047148527e+01, -1.8312811498e+02
-3.4306763272e+01, -1.8335868172e+02
-3.2566854278e+01, -1.8357765939e+02
-3.0827395857e+01, -1.8378507935e+02
-2.9088362572e+01, -1.8398097117e+02
-2.7349729221e+01, -1.8416536270e+02
-2.5611470827e+01, -1.8433828005e+02
-2.3873562620e+01, -1.8449974767e+02
-2.2135980021e+01, -1.8464978829e+02
-2.0398698632e+01, -1.8478842301e+02
-1.8661694217e+01, -1.8491567125e+02
-1.6924942693e+01, -1.8503155081e+02
-1.5188420115e+01, -1.8513607787e+02
-1.3452102660e+01, -1.8522926700e+02
-1.1715966618e+01, -1.8531113116e+02
-9.9799883760e+00, -1.8538168171e+02
-8.2441444057e+00, -1.8544092845e+02
-6.5084112516e+00, -1.8548887960e+02
-4.7727655175e+00, -1.8552554178e+02
-3.0371838543e+00, -1.8555092007e+02
-1.3016429470e+00, -1.8556501799e+02
+4.3388049729e-01, -1.8556783747e+02
+2.1694097623e+00, -1.8555937892e+02
+3.9049681349e+00, -1.8553964115e+02
+5.6405789173e+00, -1.8550862145e+02
+7.3762654401e+00, -1.8546631552e+02
+9.1120510744e+00, -1.8541271751e+02
+1.0847959244e+01, -1.8534781998e+02
+1.2584013441e+01, -1.8527161395e+02
+1.4320237231e+01, -1.8518408883e+02
+1.6056654277e+01, -1.8508523246e+02
+1.7793288343e+01, -1.8497503107e+02
+1.9530163311e+01, -1.8485346929e+02
+2.1267303194e+01, -1.8472053014e+02
+2.3004732149e+01, -1.8457619500e+02
+2.4742474491e+01, -1.8442044362e+02
+2.6480554707e+01, -1.8425325408e+02
+2.8218997471e+01, -1.8407460280e+02
+2.9957827653e+01, -1.8388446450e+02
+3.1697070342e+01, -1.8368281220e+02
+3.3436750854e+01, -1.8346961719e+02
+3.5176894751e+01, -1.8324484901e+02
+3.6917527854e+01, -1.8300847544e+02
+3.8658676262e+01, -1.8276046244e+02
+4.0400366365e+01, -1.8250077419e+02
+4.2142624862e+01, -1.8222937299e+02
+4.3885478780e+01, -1.8194621927e+02
+4.5628955489e+01, -1.8165127157e+02
+4.7373082720e+01, -1.8134448648e+02
+4.9117888586e+01, -1.8102581863e+02
+5.0863401600e+01, -1.8069522062e+02
+5.2609650695e+01, -1.8035264303e+02
+5.4356665242e+01, -1.7999803436e+02
+5.6104475076e+01, -1.7963134096e+02
+5.7853110513e+01, -1.7925250704e+02
+5.9602602378e+01, -1.7886147458e+02
+6.1352982022e+01, -1.7845818330e+02
+6.3104281350e+01, -1.7804257063e+02
+6.4856532847e+01, -1.7761457159e+02
+6.6609769602e+01, -1.7717411883e+02
+6.8364025336e+01, -1.7672114248e+02
+7.0119334429e+01, -1.7625557016e+02
+7.1875731952e+01, -1.7577732687e+02
+7.3633253695e+01, -1.7528633495e+02
+7.5391936200e+01, -1.7478251397e+02
+7.7151816793e+01, -1.7426578072e+02
+7.8912933620e+01, -1.7373604906e+02
+8.0675325685e+01, -1.7319322991e+02
+8.2439032881e+01, -1.7263723109e+02
+8.4204096036e+01, -1.7206795730e+02
+8.5970556953e+01, -1.7148530996e+02
+8.7738458450e+01, -1.7088918717e+02
+8.9507844409e+01, -1.7027948355e+02
+9.1278759821e+01, -1.6965609018e+02
+9.3051250838e+01, -1.6901889445e+02
+9.4825364821e+01, -1.6836777996e+02
+9.6601150401e+01, -1.6770262636e+02
+9.8378657531e+01, -1.6702330926e+02
+1.0015793755e+02, -1.6632970005e+02
+1.0193904325e+02, -1.6562166577e+02
+1.0372202893e+02, -1.6489906894e+02
+1.0550695048e+02, -1.6416176741e+02
+1.0729386546e+02, -1.6340961416e+02
+1.0908283315e+02, -1.6264245713e+02
+1.1087391469e+02, -1.6186013905e+02
+1.1266717310e+02, -1.6106249718e+02
+1.1446267341e+02, -1.6024936310e+02
+1.1626048278e+02, -1.5942056255e+02
+1.1806067055e+02, -1.5857591507e+02
+1.1986330840e+02, -1.5771523383e+02
+1.2166847045e+02, -1.5683832533e+02
+1.2347623336e+02, -1.5594498908e+02
+1.2528667652e+02, -1.5503501733e+02
+1.2709988215e+02, -1.5410819470e+02
+1.2891593546e+02, -1.5316429787e+02
+1.3073492481e+02, -1.5220309516e+02
+1.3255694189e+02, -1.5122434618e+02
+1.3438208190e+02, -1.5022780137e+02
+1.3621044375e+02, -1.4921320156e+02
+1.3804213026e+02, -1.4818027748e+02
+1.3987724841e+02, -1.4712874925e+02
+1.4171590956e+02, -1.4605832581e+02
+1.4355822972e+02, -1.4496870435e+02
+1.4540432983e+02, -1.4385956963e+02
+1.4725433605e+02, -1.4273059335e+02
+1.4910838012e+02, -1.4158143337e+02
+1.5096659968e+02, -1.4041173293e+02
+1.5282913866e+02, -1.3922111978e+02
+1.5469614769e+02, -1.3800920528e+02
+1.5656778457e+02, -1.3677558340e+02
+1.5844421471e+02, -1.3551982958e+02
+1.6032561171e+02, -1.3424149965e+02
+1.6221215789e+02, -1.3294012849e+02
+1.6410404496e+02, -1.3161522863e+02
+1.6600147465e+02, -1.3026628880e+02
+1.6790465952e+02, -1.2889277224e+02
+1.6981382377e+02, -1.2749411488e+02
+1.7172920411e+02, -1.2606972341e+02
+1.7365105080e+02, -1.2461897307e+02
+1.7557962874e+02, -1.2314120526e+02
+1.7751521868e+02, -1.2163572494e+02
+1.7945811858e+02, -1.2010179767e+02
+1.8140864512e+02, -1.1853864644e+02
+1.8336713537e+02, -1.1694544802e+02
+1.8533394864e+02, -1.1532132904e+02
+1.8730946863e+02, -1.1366536148e+02
+1.8929410575e+02, -1.1197655769e+02
+1.9128829979e+02, -1.1025386480e+02
+1.9329252292e+02, -1.0849615837e+02
+1.9530728314e+02, -1.0670223527e+02
+1.9733312813e+02, -1.0487080552e+02
+1.9937064977e+02, -1.0300048306e+02
+2.0142048918e+02, -1.0108977514e+02
+2.0348334271e+02, -9.9137070130e+01
+2.0555996872e+02, -9.7140623474e+01
+2.0765119563e+02, -9.5098541317e+01
+2.0975793127e+02, -9.3008761440e+01
+2.1188117388e+02, -9.0869030860e+01
+2.1402202528e+02, -8.8676879351e+01
+2.1618170645e+02, -8.6429587947e+01
+2.1836157642e+02, -8.4124151184e+01
+2.2056315513e+02, -8.1757231471e+01
+2.2278815138e+02, -7.9325103469e+01
+2.2503849751e+02, -7.6823585610e+01
+2.2731639260e+02, -7.4247954895e+01
+2.2962435723e+02, -7.1592839620e+01
+2.3196530357e+02, -6.8852082499e+01
+2.3434262666e+02, -6.6018563422e+01
+2.3676032512e+02, -6.3083966062e+01
+2.3922316401e+02, -6.0038464587e+01
+2.4173689937e+02, -5.6870293821e+01
+2.8533495347e+02, +1.0483636424e+02
+2.8878268126e+02, +1.0297527786e+02
+3.5389839584e+02, +7.7598480414e+01
+3.4968814833e+02, +7.8700070393e+01
+2.9952644552e+02, +9.7473232521e+01
+3.0324256691e+02, +9.5684165194e+01
+3.0702521213e+02, +9.3927101228e+01
+3.1087293257e+02, +9.2207826262e+01
+3.1478424315e+02, +9.0531898380e+01
+3.1876151982e+02, +8.8904459420e+01
+2.4966369299e+02, -4.6468239355e+01
+3.1676369737e+02, +8.9711877771e+01
+3.0894084933e+02, +9.3062470876e+01
           NaN, -7.6250823444e+02
           NaN, -7.8467425791e+02
           NaN, -8.0585955911e+02
           NaN, -8.2609940225e+02
           NaN, -8.4542845953e+02
           NaN, -8.6388085632e+02
           NaN, -8.8149017968e+02
           NaN, -8.9828945909e+02
           NaN, -9.1431113519e+02
           NaN, -9.2958701647e+02
           NaN, -9.4414823558e+02
           NaN, -9.5802520276e+02
           NaN, -9.7124756466e+02
           NaN, -9.8384416494e+02
           NaN, -9.9584301097e+02
           NaN, -1.0072712470e+03
           NaN, -1.0181551339e+03
+2.1098331138e+02, +1.4954573142e+02
+2.0858521539e+02, +1.5095527457e+02
+2.0620503050e+02, +1.5234414525e+02
+2.0384199313e+02, +1.5371255096e+02
+2.0149538208e+02, +1.5506070507e+02
+1.9916451576e+02, +1.5638882513e+02
+1.9684874955e+02, +1.5769713144e+02
+1.9454747339e+02, +1.5898584588e+02
+1.9226010947e+02, +1.6025519087e+02
+1.8998611019e+02, +1.6150538852e+02
+1.8772495615e+02, +1.6273665990e+02
+1.8547615438e+02, +1.6394922445e+02
+1.8323923665e+02, +1.6514329949e+02
+1.8101375787e+02, +1.6631909977e+02
+1.7879929472e+02, +1.6747683715e+02
+1.7659544422e+02, +1.6861672032e+02
+1.7440182254e+02, +1.6973895455e+02
+1.7221806383e+02, +1.7084374156e+02
+1.7004381908e+02, +1.7193127933e+02
+1.6787875522e+02, +1.7300176204e+02
+1.6572255407e+02, +1.7405537996e+02
+1.6357491158e+02, +1.7509231942e+02
+1.6143553690e+02, +1.7611276276e+02
+1.5930415175e+02, +1.7711688836e+02
+1.5718048959e+02, +1.7810487060e+02
           NaN, -1.1754954606e+03
           NaN, -1.1785334786e+03
           NaN, -1.1814409073e+03
           NaN, -1.1842242193e+03
+1.4666944207e+02, +1.8280845852e+02
+1.4458710388e+02, +1.8370302264e+02
+1.4251090308e+02, +1.8458255500e+02
           NaN, -1.1942340703e+03
           NaN, -1.1964824395e+03
           NaN, -1.1986388894e+03
           NaN, -1.2007078276e+03
           NaN, -1.2026934278e+03
           NaN, -1.2045996402e+03
           NaN, -1.2064302038e+03
           NaN, -1.2081886603e+03
           NaN, -1.2098783614e+03
           NaN, -1.2115024821e+03
           NaN, -1.2130640292e+03
           NaN, -1.2145658502e+03
           NaN, -1.2160106440e+03
           NaN, -1.2174009656e+03
           NaN, -1.2187392380e+03
           NaN, -1.2200277571e+03
           NaN, -1.2212686993e+03
           NaN, -1.2224641282e+03
           NaN, -1.2236160007e+03
           NaN, -1.2247261736e+03
           NaN, -1.2257964083e+03
           NaN, -1.2268283764e+03
           NaN, -1.2278236646e+03
           NaN, -1.2287837802e+03
           NaN, -1.2297101533e+03
           NaN, -1.2306041450e+03
           NaN, -1.2314670480e+03
           NaN, -1.2323000896e+03
           NaN, -1.2331044392e+03
           NaN, -1.2338812078e+03
           NaN, -1.2346314542e+03
           NaN, -1.2353561856e+03
           NaN, -1.2360563618e+03
           NaN, -1.2367328965e+03
           NaN, -1.2373866615e+03
           NaN, -1.2380184883e+03
           NaN, -1.2386291703e+03
           NaN, -1.2392194641e+03
           NaN, -1.2397900937e+03
           NaN, -1.2403417493e+03
           NaN, -1.2408750930e+03
           NaN, -1.2413907555e+03
           NaN, -1.2418893426e+03
           NaN, -1.2423714339e+03
           NaN, -1.2428375844e+03
           NaN, -1.2432883277e+03
           NaN, -1.2437241737e+03
           NaN, -1.2441456139e+03
           NaN, -1.2445531181e+03
           NaN, -1.2449471417e+03
           NaN, -1.2453281192e+03
           NaN, -1.2456964707e+03
           NaN, -1.2460526009e+03
           NaN, -1.2463968985e+03
           NaN, -1.2467297409e+03
           NaN, -1.2470514895e+03
           NaN, -1.2473624959e+03
           NaN, -1.2476630992e+03
           NaN, -1.2479536265e+03
           NaN, -1.2482343947e+03
           NaN, -1.2485057119e+03
           NaN, -1.2487678747e+03
           NaN, -1.2490211717e+03
           NaN, -1.2492658830e+03
           NaN, -1.2495022799e+03
           NaN, -1.2497306254e+03
           NaN, -1.2499511758e+03
           NaN, -1.2501641797e+03
           NaN, -1.2503698779e+03
           NaN, -1.2505685042e+03
           NaN, -1.2507602888e+03
           NaN, -1.2509454489e+03
           NaN, -1.2511242015e+03
           NaN, -1.2512967548e+03
           NaN, -1.2514633102e+03
           NaN, -1.2516240636e+03
           NaN, -1.2517792053e+03
           NaN, -1.2519289177e+03
           NaN, -1.2520733787e+03
           NaN, -1.2522127580e+03
           NaN, -1.2523472204e+03
           NaN, -1.2524769223e+03
           NaN, -1.2526020143e+03
           NaN, -1.2527226411e+03
           NaN, -1.2528389372e+03
           NaN, -1.2529510311e+03
           NaN, -1.2530590437e+03
           NaN, -1.2531630858e+03
           NaN, -1.2532632605e+03
           NaN, -1.2533596606e+03
           NaN, -1.2534523700e+03
           NaN, -1.2535414609e+03
           NaN, -1.2536269952e+03
           NaN, -1.2537090217e+03
           NaN, -1.2537875773e+03
           NaN, -1.2538626852e+03
           NaN, -1.2539343539e+03
           NaN, -1.2540025753e+03
           NaN, -1.2540673266e+03
           NaN, -1.2541285661e+03
           NaN, -1.2541862315e+03
           NaN, -1.2542402423e+03
           NaN, -1.2542904952e+03
           NaN, -1.2543368633e+03
           NaN, -1.2543791932e+03
           NaN, -1.2544173061e+03
           NaN, -1.2544509938e+03
           NaN, -1.2544800147e+03
           NaN, -1.2545040965e+03
           NaN, -1.2545229296e+03
           NaN, -1.2545361655e+03
           NaN, -1.2545434145e+03
           NaN, -1.2545442424e+03
           NaN, -1.2545381681e+03
           NaN, -1.2545246578e+03
           NaN, -1.2545031239e+03
           NaN, -1.2544729194e+03
           NaN, -1.2544333357e+03
           NaN, -1.2543835940e+03
           NaN, -1.2543228448e+03
           NaN, -1.2542501604e+03
           NaN, -1.2541645307e+03
           NaN, -1.2540648550e+03
           NaN, -1.2539499369e+03
           NaN, -1.2538184801e+03
           NaN, -1.2536690761e+03
           NaN, -1.2535002012e+03
           NaN, -1.2533102036e+03
           NaN, -1.2530972997e+03
           NaN, -1.2528595621e+03
           NaN, -1.2525949074e+03
           NaN, -1.2523010898e+03
           NaN, -1.2519756869e+03
           NaN, -1.2516160895e+03
           NaN, -1.2512194869e+03
           NaN, -1.2507828545e+03
           NaN, -1.2503029396e+03
           NaN, -1.2497762434e+03
           NaN, -1.2491990092e+03
           NaN, -1.2485672013e+03
           NaN, -1.2478764869e+03
           NaN, -1.2471222206e+03
           NaN, -1.2462994186e+03
           NaN, -1.2454027417e+03
           NaN, -1.2444264693e+03
           NaN, -1.2433644781e+03
           NaN, -1.2422102151e+03
           NaN, -1.2409566723e+03
           NaN, -1.2395963600e+03
           NaN, -1.2381212766e+03
           NaN, -1.2365228803e+03
           NaN, -1.2347920575e+03
           NaN, -1.2329190905e+03
