-3.4597134172e+02, -6.1124435682e-01
-3.5142370166e+02, -5.9231148481e-01
-3.5671801042e+02, -5.7623641360e-01
-3.6187702733e+02, -5.6236682042e-01
-3.6691853867e+02, -5.5024260386e-01
-3.7185676590e+02, -5.3952841722e-01
-3.7670329733e+02, -5.2997312785e-01
-3.8146772706e+02, -5.2138433813e-01
-3.8615810666e+02, -5.1361176065e-01
-3.9078127280e+02, -5.0653602039e-01
-3.9534309012e+02, -5.0006090330e-01
-4.0430233598e+02, -4.8861203710e-01
-4.2271687308e+02, +6.1733992526e+01
-3.9534309012e+02, -5.0006090330e-01
-4.0843240027e+02, +6.9754142274e+01
-4.1306932433e+02, -4.7878419647e-01
-4.1738911448e+02, -4.7436798837e-01
-4.2167019285e+02, -4.7023765428e-01
-4.2591501856e+02, -4.6636474030e-01
-4.3012581057e+02, -4.6272459663e-01
-4.3430457925e+02, -4.5929574635e-01
-4.3845315271e+02, -4.5605937804e-01
-4.4257319907e+02, -4.5299893427e-01
-4.4666624526e+02, -4.5009977537e-01
-4.5073369319e+02, -4.4734890268e-01
-4.5477683347e+02, -4.4473472917e-01
-4.6626259017e+02, +6.4509303791e+01
-4.7072886012e+02, -4.3545279772e-01
-4.5073369319e+02, -4.4734890268e-01
-4.6455811772e+02, +6.1217437552e+01
-4.7072886012e+02, -4.3545279772e-01
-4.7466667794e+02, -4.3338590461e-01
-4.7858616341e+02, -4.3140698776e-01
-4.8248808786e+02, -4.2951037037e-01
-4.8637317344e+02, -4.2769086956e-01
-4.9024209738e+02, -4.2594374260e-01
-4.9409549571e+02, -4.2426464001e-01
-4.9793396667e+02, -4.2264956471e-01
-5.0175807374e+02, -4.2109483618e-01
-5.0556834835e+02, -4.1959705906e-01
-5.0936529231e+02, -4.1815309541e-01
-5.1314938009e+02, -4.1676004021e-01
-5.2068076001e+02, -4.1411607193e-01
-5.3617898854e+02, +5.4467533890e+01
-5.1314938009e+02, -4.1676004021e-01
-5.2144162318e+02, +5.7615182656e+01
-5.2816580832e+02, -4.1164580610e-01
-5.3189190512e+02, -4.1047047851e-01
-5.3560751844e+02, -4.0933245870e-01
-5.3931297837e+02, -4.0822998058e-01
-5.4300859950e+02, -4.0716139045e-01
-5.4669468192e+02, -4.0612513804e-01
-5.5037151209e+02, -4.0511976836e-01
-5.5403936369e+02, -4.0414391439e-01
-5.5769849838e+02, -4.0319629034e-01
-5.6134916652e+02, -4.0227568561e-01
-5.6499160780e+02, -4.0138095929e-01
-5.6862605187e+02, -4.0051103508e-01
-5.7225271892e+02, -3.9966489673e-01
-5.7587182015e+02, -3.9884158380e-01
-5.7813555891e+02, +5.6164582905e+01
-5.8668571680e+02, -3.9649975186e-01
-5.9743836145e+02, -3.9433338248e-01
-5.6862605187e+02, -4.0051103508e-01
-5.8668571680e+02, -3.9649975186e-01
-5.8986874487e+02, +6.2107006636e+01
-5.9743836145e+02, -3.9433338248e-01
-6.0100975841e+02, -3.9364691010e-01
-6.0457500909e+02, -3.9297718709e-01
-6.0813426258e+02, -3.9232361470e-01
-6.1168766267e+02, -3.9168562281e-01
-6.1523534812e+02, -3.9106266815e-01
-6.1877745287e+02, -3.9045423274e-01
-6.2231410627e+02, -3.8985982243e-01
-6.2584543331e+02, -3.8927896550e-01
-6.2937155477e+02, -3.8871121136e-01
-6.3289258747e+02, -3.8815612944e-01
-6.3640864439e+02, -3.8761330797e-01
-6.3991983488e+02, -3.8708235305e-01
-6.4342626477e+02, -3.8656288761e-01
-6.4692803658e+02, -3.8605455053e-01
-6.5042524959e+02, -3.8555699580e-01
-6.5391800003e+02, -3.8506989172e-01
-6.5740638118e+02, -3.8459292015e-01
-6.6089048349e+02, -3.8412577583e-01
-6.6437039470e+02, -3.8366816573e-01
-6.7550442580e+02, +5.5986262628e+01
-6.7478582080e+02, -3.8234978104e-01
-6.8170997882e+02, -3.8151365333e-01
-7.0932624628e+02, +4.3738492871e+01
-6.6473352197e+02, +5.1597170975e+01
-6.7598254770e+02, +5.4549469330e+01
-6.8170997882e+02, -3.8151365333e-01
-6.8399684758e+02, +6.5165230934e+01
-6.9206852044e+02, -3.8031893148e-01
-6.9551426241e+02, -3.7993568252e-01
-6.9895656292e+02, -3.7955959105e-01
-7.0239548599e+02, -3.7919046501e-01
-7.0583109391e+02, -3.7882811912e-01
-7.0926344732e+02, -3.7847237464e-01
-7.1269260528e+02, -3.7812305907e-01
-7.1611862531e+02, -3.7778000585e-01
-7.1954156343e+02, -3.7744305415e-01
-7.2296147425e+02, -3.7711204856e-01
-7.2637841099e+02, -3.7678683893e-01
-7.2979242551e+02, -3.7646728011e-01
-7.3320356841e+02, -3.7615323173e-01
-7.3661188902e+02, -3.7584455804e-01
-7.4001743545e+02, -3.7554112769e-01
-7.4342025465e+02, -3.7524281357e-01
-7.4682039245e+02, -3.7494949264e-01
-7.5021789357e+02, -3.7466104573e-01
-7.5361280164e+02, -3.7437735745e-01
-7.5700515932e+02, -3.7409831599e-01
-7.6039500821e+02, -3.7382381300e-01
-7.6378238899e+02, -3.7355374346e-01
-7.6716734137e+02, -3.7328800555e-01
-7.7054990418e+02, -3.7302650052e-01
-7.7393011534e+02, -3.7276913258e-01
-7.7730801193e+02, -3.7251580879e-01
-7.8068363021e+02, -3.7226643896e-01
-7.8405700561e+02, -3.7202093553e-01
-7.8742817280e+02, -3.7177921351e-01
-7.9079716567e+02, -3.7154119034e-01
-7.9416401739e+02, -3.7130678584e-01
-7.9752876041e+02, -3.7107592210e-01
-8.0089142648e+02, -3.7084852341e-01
-8.0425204668e+02, -3.7062451621e-01
-8.1658911878e+02, +7.1056549948e+01
-8.1432193299e+02, -3.6997213798e-01
-8.1767466754e+02, -3.6976100082e-01
-8.2102550208e+02, -3.6955291659e-01
-8.2772158012e+02, -3.6914565940e-01
-8.3609149422e+02, +5.1278041286e+01
-8.6109675625e+02, -3.6727291996e-01
-7.7730801193e+02, -3.7251580879e-01
-8.1767466754e+02, -3.6976100082e-01
-8.2772158012e+02, -3.6914565940e-01
-8.3463848341e+02, +5.5627205062e+01
-8.3775211405e+02, -3.6855616613e-01
-8.4109210472e+02, -3.6836514762e-01
-8.4443037591e+02, -3.6817677905e-01
-8.6322063286e+02, +6.8746770862e+01
-8.5776673474e+02, -3.6744878906e-01
-8.5776673474e+02, -3.6744878906e-01
-8.6109675625e+02, -3.6727291996e-01
-8.6442519427e+02, -3.6709940938e-01
-8.6775206999e+02, -3.6692821290e-01
-8.7107740419e+02, -3.6675928720e-01
-8.7440121726e+02, -3.6659259001e-01
-8.7772352922e+02, -3.6642808011e-01
-8.8104435969e+02, -3.6626571724e-01
-8.8436372798e+02, -3.6610546213e-01
-8.8768165301e+02, -3.6594727644e-01
-8.9099815337e+02, -3.6579112273e-01
-8.9431324731e+02, -3.6563696445e-01
-8.9762695276e+02, -3.6548476591e-01
-9.0093928733e+02, -3.6533449225e-01
-9.0425026830e+02, -3.6518610940e-01
-9.0755991267e+02, -3.6503958410e-01
-9.1086823713e+02, -3.6489488384e-01
-9.1417525807e+02, -3.6475197685e-01
-9.1748099161e+02, -3.6461083207e-01
-9.2078545358e+02, -3.6447141916e-01
-9.2408865956e+02, -3.6433370845e-01
-9.2739062483e+02, -3.6419767091e-01
-9.3069136444e+02, -3.6406327819e-01
-9.3399089316e+02, -3.6393050254e-01
-9.3728922554e+02, -3.6379931683e-01
-9.4058637586e+02, -3.6366969450e-01
-9.4388235819e+02, -3.6354160959e-01
-9.4717718633e+02, -3.6341503670e-01
-9.5047087388e+02, -3.6328995095e-01
-9.5376343421e+02, -3.6316632801e-01
-9.5705488048e+02, -3.6304414407e-01
-9.6034522562e+02, -3.6292337582e-01
-9.6363448236e+02, -3.6280400041e-01
-9.6692266322e+02, -3.6268599552e-01
-9.7020978054e+02, -3.6256933926e-01
-9.7349584642e+02, -3.6245401019e-01
-9.7678087282e+02, -3.6233998733e-01
-9.8006487148e+02, -3.6222725012e-01
-9.8334785396e+02, -3.6211577842e-01
-9.8662983164e+02, -3.6200555250e-01
-9.8991081572e+02, -3.6189655303e-01
-9.9319081724e+02, -3.6178876106e-01
-9.9646984707e+02, -3.6168215803e-01
-9.9974791588e+02, -3.6157672573e-01
-1.0030250342e+03, -3.6147244635e-01
-1.0063012125e+03, -3.6136930238e-01
-1.0095764608e+03, -3.6126727669e-01
-1.0128507893e+03, -3.6116635248e-01
-1.0161242079e+03, -3.6106651326e-01
-1.0193967264e+03, -3.6096774287e-01
-1.0226683543e+03, -3.6087002545e-01
-1.0259391011e+03, -3.6077334548e-01
-1.0292089762e+03, -3.6067768768e-01
-1.0324779888e+03, -3.6058303711e-01
-1.0357461479e+03, -3.6048937908e-01
-1.0390134624e+03, -3.6039669920e-01
-1.0422799413e+03, -3.6030498332e-01
-1.0455455930e+03, -3.6021421759e-01
-1.0488104263e+03, -3.6012438840e-01
-1.0520744494e+03, -3.6003548237e-01
-1.0553376708e+03, -3.5994748641e-01
-1.0586000987e+03, -3.5986038763e-01
-1.0618617410e+03, -3.5977417340e-01
-1.0651226057e+03, -3.5968883131e-01
-1.0683827008e+03, -3.5960434918e-01
-1.0716420339e+03, -3.5952071504e-01
-1.0749006127e+03, -3.5943791714e-01
-1.0781584447e+03, -3.5935594394e-01
-1.0814155373e+03, -3.5927478411e-01
-1.0846718979e+03, -3.5919442650e-01
-1.0879275336e+03, -3.5911486019e-01
-1.0911824517e+03, -3.5903607443e-01
-1.0944366591e+03, -3.5895805866e-01
-1.0976901627e+03, -3.5888080250e-01
-1.1009429695e+03, -3.5880429576e-01
-1.1041950861e+03, -3.5872852843e-01
-1.1074465192e+03, -3.5865349065e-01
-1.1106972753e+03, -3.5857917275e-01
-1.1139473611e+03, -3.5850556522e-01
-1.1171967827e+03, -3.5843265871e-01
-1.1204455467e+03, -3.5836044402e-01
-1.1236936591e+03, -3.5828891213e-01
-1.1269411262e+03, -3.5821805413e-01
-1.1301879540e+03, -3.5814786131e-01
-1.1334341485e+03, -3.5807832506e-01
-1.1366797156e+03, -3.5800943693e-01
-1.1399246612e+03, -3.5794118863e-01
-1.1431689910e+03, -3.5787357198e-01
-1.1431689910e+03, -3.5787357198e-01
-1.1451858148e+03, +4.9597408713e+01
-1.1385634330e+03, +5.2394957921e+01
-1.1757098078e+03, +5.3479491836e+01
-1.1668596539e+03, +4.9582908273e+01
-1.1723747196e+03, +4.6018194450e+01
-1.1691021290e+03, -3.5735444050e-01
-1.1723411643e+03, -3.5729216221e-01
-1.1755796377e+03, -3.5723044081e-01
-1.1788175540e+03, -3.5716926945e-01
-1.1820549183e+03, -3.5710864141e-01
-1.1852917355e+03, -3.5704855006e-01
-1.1885280103e+03, -3.5698898889e-01
-1.1917637477e+03, -3.5692995149e-01
-1.1949989522e+03, -3.5687143152e-01
-1.1956197205e+03, +4.9907435601e+01
-1.2071951118e+03, +4.9886416820e+01
-1.2079345347e+03, -3.5664240313e-01
-1.2111671440e+03, -3.5658637897e-01
-1.2143992476e+03, -3.5653083635e-01
-1.2229704909e+03, +5.0870669006e+01
-1.2240925678e+03, -3.5636704134e-01
-1.2300721643e+03, +5.3447306788e+01
-1.2337814903e+03, -3.5620738098e-01
-1.2402383835e+03, -3.5610316736e-01
-1.2499202201e+03, -3.5595008554e-01
-1.2636113445e+03, +4.8693536827e+01
-1.2873532921e+03, +4.7148285541e+01
-1.3593828614e+03, -3.5445100216e-01
-1.1723411643e+03, -3.5729216221e-01
-1.2047014153e+03, -3.5669891457e-01
-1.2208619553e+03, -3.5642117307e-01
-1.2305523312e+03, -3.5626015059e-01
-1.2370101731e+03, -3.5615505494e-01
-1.2434661255e+03, -3.5605171323e-01
-1.2513258818e+03, +5.2067349902e+01
-1.2531465803e+03, -3.5589990228e-01
-1.2555403055e+03, +4.9419070422e+01
-1.2628229576e+03, -3.5575181819e-01
-1.2660475280e+03, -3.5570326336e-01
-1.2692716600e+03, -3.5565510430e-01
-1.2724953572e+03, -3.5560733658e-01
-1.2741793005e+03, +4.9269265193e+01
-1.2928440524e+03, +5.7818253805e+01
-1.2853858684e+03, -3.5542009317e-01
-1.2886074439e+03, -3.5537421820e-01
-1.2918286052e+03, -3.5532870941e-01
-1.2950493557e+03, -3.5528356279e-01
-1.2982696985e+03, -3.5523877442e-01
-1.3014896370e+03, -3.5519434040e-01
-1.3047091742e+03, -3.5515025692e-01
-1.3079283135e+03, -3.5510652019e-01
-1.3111470578e+03, -3.5506312650e-01
-1.3143654103e+03, -3.5502007216e-01
-1.3175833741e+03, -3.5497735356e-01
-1.3208009521e+03, -3.5493496713e-01
-1.3240181474e+03, -3.5489290934e-01
-1.3272349630e+03, -3.5485117671e-01
-1.3336674665e+03, -3.5476867327e-01
-1.3304514017e+03, -3.5480976581e-01
-1.3336674665e+03, -3.5476867327e-01
-1.3335452048e+03, +4.9293845183e+01
-1.3266371410e+03, +5.1297637758e+01
-1.4133340180e+03, +8.9420668912e+01
-1.3652625757e+03, +4.9971182776e+01
-1.3624353903e+03, +4.9092551612e+01
-1.3625956865e+03, -3.5441262977e-01
-1.3658081650e+03, -3.5437454427e-01
-1.3690202996e+03, -3.5433674275e-01
-1.3818654492e+03, -3.5418831925e-01
-1.3690202996e+03, -3.5433674275e-01
-1.3754435471e+03, -3.5426198012e-01
-1.3786546651e+03, -3.5422501335e-01
-1.3818654492e+03, -3.5418831925e-01
-1.3850759019e+03, -3.5415189506e-01
-1.3882860257e+03, -3.5411573808e-01
-1.3914958230e+03, -3.5407984565e-01
-1.3947052960e+03, -3.5404421512e-01
-1.3979144473e+03, -3.5400884391e-01
-1.4011232791e+03, -3.5397372943e-01
-1.4043317937e+03, -3.5393886916e-01
-1.4075399935e+03, -3.5390426059e-01
-1.4107478807e+03, -3.5386990124e-01
-1.4139554576e+03, -3.5383578867e-01
-1.4171627263e+03, -3.5380192048e-01
-1.4203696892e+03, -3.5376829427e-01
-1.4235763483e+03, -3.5373490771e-01
-1.4267827059e+03, -3.5370175846e-01
-1.4299887640e+03, -3.5366884423e-01
-1.4331945248e+03, -3.5363616275e-01
-1.4363999905e+03, -3.5360371180e-01
-1.4396051630e+03, -3.5357148915e-01
-1.4428100444e+03, -3.5353949262e-01
-1.4460146369e+03, -3.5350772005e-01
-1.4492189423e+03, -3.5347616932e-01
-1.4524229627e+03, -3.5344483832e-01
-1.4556267001e+03, -3.5341372497e-01
-1.4588301565e+03, -3.5338282722e-01
-1.4620333337e+03, -3.5335214302e-01
-1.4652362338e+03, -3.5332167039e-01
-1.4684388586e+03, -3.5329140733e-01
-1.4716412100e+03, -3.5326135190e-01
-1.4748432899e+03, -3.5323150214e-01
-1.4780451001e+03, -3.5320185616e-01
-1.4812466425e+03, -3.5317241206e-01
-1.4844479189e+03, -3.5314316798e-01
-1.4876489312e+03, -3.5311412206e-01
-1.4908496810e+03, -3.5308527249e-01
-1.4940501702e+03, -3.5305661747e-01
-1.4972504005e+03, -3.5302815521e-01
-1.5004503737e+03, -3.5299988396e-01
-1.5036500915e+03, -3.5297180197e-01
-1.5068495556e+03, -3.5294390752e-01
-1.5100487676e+03, -3.5291619891e-01
-1.5132477294e+03, -3.5288867447e-01
-1.5164464424e+03, -3.5286133253e-01
-1.5196449085e+03, -3.5283417145e-01
-1.5228431291e+03, -3.5280718961e-01
-1.5260411060e+03, -3.5278038540e-01
-1.5292388407e+03, -3.5275375723e-01
-1.5324363348e+03, -3.5272730354e-01
-1.5356335899e+03, -3.5270102278e-01
-1.5388306075e+03, -3.5267491341e-01
-1.5420273892e+03, -3.5264897392e-01
-1.5452239366e+03, -3.5262320281e-01
-1.5484202511e+03, -3.5259759859e-01
-1.5516163343e+03, -3.5257215980e-01
-1.5548121876e+03, -3.5254688500e-01
-1.5580078126e+03, -3.5252177274e-01
-1.5612032106e+03, -3.5249682162e-01
-1.5643983832e+03, -3.5247203022e-01
-1.5675933318e+03, -3.5244739717e-01
-1.5707880578e+03, -3.5242292109e-01
-1.5739825627e+03, -3.5239860063e-01
-1.5771768478e+03, -3.5237443444e-01
-1.5803709145e+03, -3.5235042121e-01
-1.5835647642e+03, -3.5232655961e-01
-1.5867583984e+03, -3.5230284835e-01
-1.5899518182e+03, -3.5227928615e-01
-1.5931450252e+03, -3.5225587174e-01
-1.5963380206e+03, -3.5223260386e-01
-1.5995308057e+03, -3.5220948127e-01
-1.6027233818e+03, -3.5218650275e-01
-1.6059157504e+03, -3.5216366706e-01
-1.6091079125e+03, -3.5214097303e-01
-1.6122998696e+03, -3.5211841944e-01
-1.6154916229e+03, -3.5209600513e-01
-1.6186831736e+03, -3.5207372893e-01
-1.6218745230e+03, -3.5205158970e-01
-1.6250656724e+03, -3.5202958628e-01
-1.6282566229e+03, -3.5200771755e-01
-1.6314473758e+03, -3.5198598240e-01
-1.6346379322e+03, -3.5196437971e-01
-1.6378282935e+03, -3.5194290841e-01
-1.6410184607e+03, -3.5192156740e-01
-1.6442084350e+03, -3.5190035562e-01
-1.6473982176e+03, -3.5187927200e-01
-1.6505878097e+03, -3.5185831551e-01
-1.6537772124e+03, -3.5183748510e-01
-1.6569664269e+03, -3.5181677974e-01
-1.6601554542e+03, -3.5179619842e-01
-1.6633442955e+03, -3.5177574014e-01
-1.6665329519e+03, -3.5175540389e-01
-1.6697214245e+03, -3.5173518870e-01
-1.6729097145e+03, -3.5171509360e-01
-1.6760978228e+03, -3.5169511760e-01
-1.6792857505e+03, -3.5167525977e-01
-1.6824734988e+03, -3.5165551915e-01
-1.6856610687e+03, -3.5163589481e-01
-1.6888484612e+03, -3.5161638582e-01
-1.6920356774e+03, -3.5159699127e-01
-1.6952227183e+03, -3.5157771025e-01
-1.6984095850e+03, -3.5155854186e-01
-1.7015962784e+03, -3.5153948521e-01
-1.7047827995e+03, -3.5152053941e-01
-1.7079691494e+03, -3.5150170361e-01
-1.7111553291e+03, -3.5148297693e-01
-1.7143413395e+03, -3.5146435852e-01
-1.7175271816e+03, -3.5144584753e-01
-1.7207128564e+03, -3.5142744313e-01
-1.7238983648e+03, -3.5140914449e-01
-1.7270837079e+03, -3.5139095078e-01
-1.7302688865e+03, -3.5137286119e-01
-1.7334539016e+03, -3.5135487493e-01
-1.7366387541e+03, -3.5133699118e-01
-1.7398234450e+03, -3.5131920916e-01
-1.7430079751e+03, -3.5130152809e-01
-1.7461923455e+03, -3.5128394719e-01
-1.7493765569e+03, -3.5126646570e-01
-1.7525606103e+03, -3.5124908286e-01
-1.7557445065e+03, -3.5123179791e-01
-1.7589282466e+03, -3.5121461011e-01
-1.7621118312e+03, -3.5119751873e-01
-1.7652952614e+03, -3.5118052303e-01
-1.7684785379e+03, -3.5116362229e-01
-1.7716616617e+03, -3.5114681580e-01
-1.7748446335e+03, -3.5113010283e-01
-1.7780274543e+03, -3.5111348270e-01
-1.7812101248e+03, -3.5109695470e-01
-1.7843926459e+03, -3.5108051815e-01
-1.7875750185e+03, -3.5106417236e-01
-1.7907572433e+03, -3.5104791665e-01
-1.7939393211e+03, -3.5103175036e-01
-1.7971212528e+03, -3.5101567281e-01
-1.8003030391e+03, -3.5099968336e-01
-1.8034846809e+03, -3.5098378136e-01
-1.8066661790e+03, -3.5096796614e-01
-1.8098475341e+03, -3.5095223709e-01
-1.8130287470e+03, -3.5093659355e-01
-1.8162098184e+03, -3.5092103491e-01
-1.8193907492e+03, -3.5090556054e-01
-1.8225715402e+03, -3.5089016984e-01
-1.8257521920e+03, -3.5087486217e-01
-1.8289327054e+03, -3.5085963696e-01
-1.8321130812e+03, -3.5084449358e-01
-1.8352933200e+03, -3.5082943145e-01
-1.8384734227e+03, -3.5081444999e-01
-1.8416533900e+03, -3.5079954860e-01
-1.8448332225e+03, -3.5078472671e-01
-1.8480129211e+03, -3.5076998376e-01
-1.8511924863e+03, -3.5075531916e-01
-1.8543719190e+03, -3.5074073237e-01
-1.8575512198e+03, -3.5072622282e-01
-1.8607303894e+03, -3.5071178996e-01
-1.8639094286e+03, -3.5069743324e-01
-1.8670883379e+03, -3.5068315213e-01
-1.8702671182e+03, -3.5066894608e-01
-1.8734457700e+03, -3.5065481457e-01
-1.8766242940e+03, -3.5064075706e-01
-1.8798026910e+03, -3.5062677304e-01
-1.8829809615e+03, -3.5061286198e-01
-1.8861591062e+03, -3.5059902338e-01
-1.8893371258e+03, -3.5058525672e-01
-1.8925150210e+03, -3.5057156149e-01
-1.8956927923e+03, -3.5055793721e-01
-1.8988704405e+03, -3.5054438337e-01
-1.9020479661e+03, -3.5053089949e-01
-1.9052253698e+03, -3.5051748507e-01
-1.9084026522e+03, -3.5050413964e-01
-1.9115798140e+03, -3.5049086271e-01
-1.9147568557e+03, -3.5047765381e-01
-1.9179337780e+03, -3.5046451248e-01
-1.9211105814e+03, -3.5045143824e-01
-1.9242872667e+03, -3.5043843063e-01
-1.9274638343e+03, -3.5042548920e-01
-1.9306402850e+03, -3.5041261350e-01
-1.9338166192e+03, -3.5039980306e-01
-1.9369928376e+03, -3.5038705746e-01
-1.9401689407e+03, -3.5037437624e-01
-1.9433449292e+03, -3.5036175897e-01
-1.9465208036e+03, -3.5034920520e-01
-1.9496965645e+03, -3.5033671452e-01
-1.9528722124e+03, -3.5032428650e-01
-1.9560477480e+03, -3.5031192071e-01
-1.9592231717e+03, -3.5029961672e-01
-1.9623984842e+03, -3.5028737413e-01
-1.9655736860e+03, -3.5027519253e-01
-1.9687487777e+03, -3.5026307150e-01
-1.9719237598e+03, -3.5025101063e-01
-1.9750986328e+03, -3.5023900953e-01
-1.9782733972e+03, -3.5022706780e-01
-1.9814480537e+03, -3.5021518503e-01
-1.9846226028e+03, -3.5020336085e-01
-1.9877970449e+03, -3.5019159485e-01
-1.9909713807e+03, -3.5017988666e-01
-1.9941456105e+03, -3.5016823589e-01
-1.9973197351e+03, -3.5015664216e-01
+2.7881526864e+02, -1.0440323806e+01
+2.7408365483e+02, -1.8075918811e+01
+2.7014415637e+02, -2.4213756681e+01
+2.6661313332e+02, -2.9553287329e+01
+2.6334483985e+02, -3.4364379617e+01
+2.6026455272e+02, -3.8787289254e+01
+2.5732766827e+02, -4.2906785361e+01
+2.5450493839e+02, -4.6779102693e+01
+2.5177591024e+02, -5.0443998750e+01
+2.4912559411e+02, -5.3930916986e+01
+2.4654260343e+02, -5.7262448009e+01
+2.4401804053e+02, -6.0456414981e+01
+2.4154479153e+02, -6.3527200755e+01
+2.3911705996e+02, -6.6486630346e+01
+2.3673004702e+02, -6.9344579258e+01
+2.3437972546e+02, -7.2109405624e+01
+2.3206267575e+02, -7.4788265163e+01
+2.2977596448e+02, -7.7387345813e+01
+2.2751705258e+02, -7.9912045914e+01
+2.2528372465e+02, -8.2367111797e+01
+2.2307403394e+02, -8.4756745625e+01
+2.2088625874e+02, -8.7084691039e+01
+2.1871886759e+02, -8.9354301990e+01
+2.1657049107e+02, -9.1568598653e+01
+2.1443989875e+02, -9.3730313288e+01
+2.1232598029e+02, -9.5841928193e+01
+2.1022772961e+02, -9.7905707361e+01
+2.0814423175e+02, -9.9923723094e+01
+2.0607465170e+02, -1.0189787851e+02
+2.0401822504e+02, -1.0382992673e+02
+2.0197424983e+02, -1.0572148729e+02
+1.9994207976e+02, -1.0757406030e+02
+1.9792111813e+02, -1.0938903866e+02
+1.9591081278e+02, -1.1116771875e+02
+1.9391065152e+02, -1.1291130971e+02
+1.9192015827e+02, -1.1462094160e+02
+1.8993888958e+02, -1.1629767259e+02
+1.8796643160e+02, -1.1794249534e+02
+1.8600239742e+02, -1.1955634258e+02
+1.8404642467e+02, -1.2114009220e+02
+1.8209817344e+02, -1.2269457166e+02
+1.8015732435e+02, -1.2422056206e+02
+1.7822357688e+02, -1.2571880169e+02
+1.7629664787e+02, -1.2718998930e+02
+1.7437627015e+02, -1.2863478703e+02
+1.7246219130e+02, -1.3005382302e+02
+1.7055417253e+02, -1.3144769388e+02
+1.6865198773e+02, -1.3281696679e+02
+1.6675542247e+02, -1.3416218154e+02
+1.6486427326e+02, -1.3548385236e+02
+1.6297834673e+02, -1.3678246950e+02
+1.6109745894e+02, -1.3805850083e+02
+1.5922143479e+02, -1.3931239321e+02
+1.5735010742e+02, -1.4054457374e+02
+1.5548331765e+02, -1.4175545097e+02
+1.5362091353e+02, -1.4294541599e+02
+1.5176274986e+02, -1.4411484342e+02
+1.4990868782e+02, -1.4526409236e+02
+1.4805859451e+02, -1.4639350721e+02
+1.4621234267e+02, -1.4750341851e+02
+1.4436981031e+02, -1.4859414367e+02
+1.4253088043e+02, -1.4966598765e+02
+1.4069544069e+02, -1.5071924360e+02
+1.3886338322e+02, -1.5175419347e+02
+1.3703460430e+02, -1.5277110857e+02
+1.3520900420e+02, -1.5377025008e+02
+1.3338648691e+02, -1.5475186952e+02
+1.3156695998e+02, -1.5571620925e+02
+1.2975033431e+02, -1.5666350287e+02
+1.2793652398e+02, -1.5759397561e+02
+1.2612544612e+02, -1.5850784474e+02
+1.2431702070e+02, -1.5940531988e+02
+1.2251117044e+02, -1.6028660339e+02
+1.2070782064e+02, -1.6115189060e+02
+1.1890689907e+02, -1.6200137020e+02
+1.1710833586e+02, -1.6283522443e+02
+1.1531206335e+02, -1.6365362941e+02
+1.1351801604e+02, -1.6445675534e+02
+1.1172613043e+02, -1.6524476675e+02
+1.0993634497e+02, -1.6601782273e+02
+1.0814859996e+02, -1.6677607713e+02
+1.0636283746e+02, -1.6751967876e+02
+1.0457900122e+02, -1.6824877154e+02
+1.0279703658e+02, -1.6896349477e+02
+1.0101689043e+02, -1.6966398317e+02
+9.9238511140e+01, -1.7035036717e+02
+9.7461848456e+01, -1.7102277295e+02
+9.5686853490e+01, -1.7168132265e+02
+9.3913478631e+01, -1.7232613450e+02
+9.2141677502e+01, -1.7295732291e+02
+9.0371404899e+01, -1.7357499863e+02
+8.8602616751e+01, -1.7417926886e+02
+8.6835270064e+01, -1.7477023736e+02
+8.5069322879e+01, -1.7534800454e+02
+8.3304734229e+01, -1.7591266758e+02
+8.1541464097e+01, -1.7646432052e+02
+7.9779473376e+01, -1.7700305435e+02
+7.8018723829e+01, -1.7752895710e+02
+7.6259178060e+01, -1.7804211391e+02
+7.4500799470e+01, -1.7854260714e+02
+7.2743552229e+01, -1.7903051640e+02
+7.0987401246e+01, -1.7950591866e+02
+6.9232312133e+01, -1.7996888832e+02
+6.7478251179e+01, -1.8041949723e+02
+6.5725185321e+01, -1.8085781479e+02
+6.3973082117e+01, -1.8128390803e+02
+6.2221909721e+01, -1.8169784160e+02
+6.0471636856e+01, -1.8209967789e+02
+5.8722232791e+01, -1.8248947704e+02
+5.6973667316e+01, -1.8286729700e+02
+5.5225910722e+01, -1.8323319360e+02
+5.3478933778e+01, -1.8358722056e+02
+5.1732707710e+01, -1.8392942955e+02
+4.9987204179e+01, -1.8425987021e+02
+4.8242395266e+01, -1.8457859024e+02
+4.6498253447e+01, -1.8488563537e+02
+4.4754751580e+01, -1.8518104946e+02
+4.3011862882e+01, -1.8546487446e+02
+4.1269560917e+01, -1.8573715052e+02
+3.9527819575e+01, -1.8599791595e+02
+3.7786613056e+01, -1.8624720730e+02
+3.6045915855e+01, -1.8648505937e+02
+3.4305702748e+01, -1.8671150520e+02
+3.2565948773e+01, -1.8692657617e+02
+3.0826629217e+01, -1.8713030193e+02
+2.9087719604e+01, -1.8732271051e+02
+2.7349195676e+01, -1.8750382828e+02
+2.5611033383e+01, -1.8767367998e+02
+2.3873208865e+01, -1.8783228876e+02
+2.2135698446e+01, -1.8797967617e+02
+2.0398478611e+01, -1.8811586219e+02
+1.8661526003e+01, -1.8824086523e+02
+1.6924817402e+01, -1.8835470217e+02
+1.5188329718e+01, -1.8845738835e+02
+1.3452039977e+01, -1.8854893755e+02
+1.1715925305e+01, -1.8862936209e+02
+9.9799629234e+00, -1.8869867273e+02
+8.2441301302e+00, -1.8875687876e+02
+6.5084042914e+00, -1.8880398797e+02
+4.7727628284e+00, -1.8884000664e+02
+3.0371832064e+00, -1.8886493960e+02
+1.3016429224e+00, -1.8887879016e+02
-4.3388050597e-01, -1.8888156018e+02
-2.1694095527e+00, -1.8887325003e+02
-3.9049666943e+00, -1.8885385859e+02
-5.6405744222e+00, -1.8882338329e+02
-7.3762552538e+00, -1.8878182004e+02
-9.1120317443e+00, -1.8872916330e+02
-1.0847926499e+01, -1.8866540603e+02
-1.2583962183e+01, -1.8859053970e+02
-1.4320161537e+01, -1.8850455427e+02
-1.6056547384e+01, -1.8840743821e+02
-1.7793142648e+01, -1.8829917847e+02
-1.9529970358e+01, -1.8817976049e+02
-2.1267053669e+01, -1.8804916816e+02
-2.3004415867e+01, -1.8790738385e+02
-2.4742080386e+01, -1.8775438835e+02
-2.6480070821e+01, -1.8759016090e+02
-2.8218410938e+01, -1.8741467916e+02
-2.9957124689e+01, -1.8722791918e+02
-3.1696236228e+01, -1.8702985541e+02
-3.3435769919e+01, -1.8682046065e+02
-3.5175750356e+01, -1.8659970607e+02
-3.6916202373e+01, -1.8636756114e+02
-3.8657151063e+01, -1.8612399367e+02
-4.0398621788e+01, -1.8586896974e+02
-4.2140640198e+01, -1.8560245367e+02
-4.3883232245e+01, -1.8532440804e+02
-4.5626424202e+01, -1.8503479363e+02
-4.7370242675e+01, -1.8473356938e+02
-4.9114714625e+01, -1.8442069240e+02
-5.0859867382e+01, -1.8409611789e+02
-5.2605728666e+01, -1.8375979915e+02
-5.4352326603e+01, -1.8341168751e+02
-5.6099689747e+01, -1.8305173232e+02
-5.7847847098e+01, -1.8267988088e+02
-5.9596828124e+01, -1.8229607843e+02
-6.1346662781e+01, -1.8190026809e+02
-6.3097381536e+01, -1.8149239082e+02
-6.4849015391e+01, -1.8107238536e+02
-6.6601595904e+01, -1.8064018818e+02
-6.8355155217e+01, -1.8019573347e+02
-7.0109726078e+01, -1.7973895302e+02
-7.1865341871e+01, -1.7926977620e+02
-7.3622036641e+01, -1.7878812989e+02
-7.5379845124e+01, -1.7829393843e+02
-7.7138802778e+01, -1.7778712353e+02
-7.8898945812e+01, -1.7726760422e+02
-8.0660311220e+01, -1.7673529675e+02
-8.2422936814e+01, -1.7619011455e+02
-8.4186861260e+01, -1.7563196813e+02
-8.5952124117e+01, -1.7506076497e+02
-8.7718765871e+01, -1.7447640948e+02
-8.9486827980e+01, -1.7387880287e+02
-9.1256352915e+01, -1.7326784307e+02
-9.3027384203e+01, -1.7264342463e+02
-9.4799966474e+01, -1.7200543857e+02
-9.6574145514e+01, -1.7135377233e+02
-9.8349968308e+01, -1.7068830961e+02
-1.0012748310e+02, -1.7000893024e+02
-1.0190673946e+02, -1.6931551007e+02
-1.0368778830e+02, -1.6860792082e+02
-1.0547068201e+02, -1.6788602994e+02
-1.0725547445e+02, -1.6714970043e+02
-1.0904222107e+02, -1.6639879071e+02
-1.1083097895e+02, -1.6563315443e+02
-1.1262180691e+02, -1.6485264029e+02
-1.1441476556e+02, -1.6405709184e+02
-1.1620991741e+02, -1.6324634731e+02
-1.1800732695e+02, -1.6242023934e+02
-1.1980706075e+02, -1.6157859482e+02
-1.2160918755e+02, -1.6072123459e+02
-1.2341377840e+02, -1.5984797322e+02
-1.2522090674e+02, -1.5895861874e+02
-1.2703064856e+02, -1.5805297235e+02
-1.2884308247e+02, -1.5713082808e+02
-1.3065828993e+02, -1.5619197255e+02
-1.3247635530e+02, -1.5523618455e+02
-1.3429736607e+02, -1.5426323470e+02
-1.3612141299e+02, -1.5327288508e+02
-1.3794859027e+02, -1.5226488881e+02
-1.3977899575e+02, -1.5123898960e+02
-1.4161273113e+02, -1.5019492125e+02
-1.4344990219e+02, -1.4913240721e+02
-1.4529061898e+02, -1.4805116001e+02
-1.4713499615e+02, -1.4695088066e+02
-1.4898315315e+02, -1.4583125807e+02
-1.5083521458e+02, -1.4469196834e+02
-1.5269131046e+02, -1.4353267411e+02
-1.5455157661e+02, -1.4235302372e+02
-1.5641615500e+02, -1.4115265042e+02
-1.5828519413e+02, -1.3993117150e+02
-1.6015884953e+02, -1.3868818725e+02
-1.6203728413e+02, -1.3742327999e+02
-1.6392066887e+02, -1.3613601289e+02
-1.6580918318e+02, -1.3482592876e+02
-1.6770301562e+02, -1.3349254872e+02
-1.6960236455e+02, -1.3213537072e+02
-1.7150743882e+02, -1.3075386798e+02
-1.7341845860e+02, -1.2934748724e+02
-1.7533565621e+02, -1.2791564688e+02
-1.7725927712e+02, -1.2645773479e+02
-1.7918958100e+02, -1.2497310616e+02
-1.8112684283e+02, -1.2346108089e+02
-1.8307135429e+02, -1.2192094084e+02
-1.8502342511e+02, -1.2035192674e+02
-1.8698338473e+02, -1.1875323480e+02
-1.8895158403e+02, -1.1712401286e+02
-1.9092839738e+02, -1.1546335620e+02
-1.9291422484e+02, -1.1377030280e+02
-1.9490949469e+02, -1.1204382798e+02
-1.9691466632e+02, -1.1028283848e+02
-1.9893023338e+02, -1.0848616564e+02
-2.0095672755e+02, -1.0665255780e+02
-2.0299472263e+02, -1.0478067157e+02
-2.0504483945e+02, -1.0286906185e+02
-2.0710775133e+02, -1.0091617046e+02
-2.0918419052e+02, -9.8920312986e+01
-2.1127495566e+02, -9.6879663514e+01
-2.1338092045e+02, -9.4792236925e+01
-2.1550304390e+02, -9.2655868120e+01
-2.1764238242e+02, -9.0468187572e+01
-2.1980010425e+02, -8.8226592319e+01
-2.2197750671e+02, -8.5928211339e+01
-2.2417603708e+02, -8.3569863872e+01
-2.2639731803e+02, -8.1148008841e+01
-2.2864317895e+02, -7.8658682893e+01
-2.3091569483e+02, -7.6097423726e+01
-2.3321723516e+02, -7.3459174137e+01
-2.3555052619e+02, -7.0738160418e+01
-2.3791873128e+02, -6.7927736096e+01
-2.4032555636e+02, -6.5020177913e+01
-2.4277539064e+02, -6.2006414679e+01
-2.4527349858e+02, -5.8875659435e+01
-2.8878772201e+02, +1.0635705308e+02
-2.9221553731e+02, +1.0447554649e+02
-3.6143763940e+02, +7.7402364238e+01
-3.5720831993e+02, +7.8483782788e+01
-2.5878027373e+02, -4.0880962762e+01
-3.0659532649e+02, +9.7079886382e+01
-3.1035930369e+02, +9.5290432866e+01
-3.1418945652e+02, +9.3536276188e+01
-3.1808416494e+02, +9.1823148349e+01
-3.2204269731e+02, +9.0156414987e+01
-3.2608591297e+02, +8.8544935640e+01
-3.2404787907e+02, +8.9342118083e+01
-3.2005515281e+02, +9.0983751895e+01
-3.1612864856e+02, +9.2674320774e+01
           NaN, -7.5663610063e+02
           NaN, -7.7965153822e+02
           NaN, -8.0167358215e+02
           NaN, -8.2273683557e+02
           NaN, -8.4287526221e+02
           NaN, -8.6212227130e+02
           NaN, -8.8051075648e+02
           NaN, -8.9807309846e+02
           NaN, -9.1484114830e+02
           NaN, -9.3084619693e+02
           NaN, -9.4611893375e+02
           NaN, -9.6068940694e+02
           NaN, -9.7458697964e+02
           NaN, -9.8784029175e+02
           NaN, -1.0004772217e+03
           NaN, -1.0125248586e+03
           NaN, -1.0240094735e+03
           NaN, -1.0349565004e+03
-2.1470111304e+02, +1.5132551334e+02
           NaN, -1.0553352583e+03
-2.0992861994e+02, +1.5414061021e+02
-2.0756812476e+02, +1.5551753245e+02
-2.0522384358e+02, +1.5687432374e+02
-2.0289511000e+02, +1.5821120378e+02
-2.0058129354e+02, +1.5952839446e+02
-1.9828179727e+02, +1.6082611877e+02
-1.9599605568e+02, +1.6210459986e+02
-1.9372353256e+02, +1.6336406024e+02
-1.9146371919e+02, +1.6460472112e+02
-1.8921613253e+02, +1.6582680185e+02
-1.8698031363e+02, +1.6703051945e+02
-1.8475582610e+02, +1.6821608824e+02
-1.8254225468e+02, +1.6938371953e+02
-1.8033920402e+02, +1.7053362135e+02
-1.7814629736e+02, +1.7166599827e+02
-1.7596317550e+02, +1.7278105122e+02
-1.7378949570e+02, +1.7387897736e+02
-1.7162493070e+02, +1.7495997003e+02
-1.6946916785e+02, +1.7602421864e+02
-1.6732190824e+02, +1.7707190866e+02
-1.6518286591e+02, +1.7810322157e+02
-1.6305176712e+02, +1.7911833489e+02
-1.6092834968e+02, +1.8011742217e+02
           NaN, -1.1946183472e+03
           NaN, -1.1977368846e+03
           NaN, -1.2007231312e+03
-1.5250661831e+02, +1.8395684435e+02
-1.5041803568e+02, +1.8487826772e+02
-1.4833577028e+02, +1.8578462478e+02
-1.4625962485e+02, +1.8667606235e+02
-1.4418940955e+02, +1.8755272362e+02
           NaN, -1.2162015601e+03
           NaN, -1.2184248891e+03
           NaN, -1.2205590552e+03
           NaN, -1.2226082556e+03
           NaN, -1.2245764667e+03
           NaN, -1.2264674569e+03
           NaN, -1.2282847971e+03
           NaN, -1.2300318714e+03
           NaN, -1.2317118865e+03
           NaN, -1.2333278832e+03
           NaN, -1.2348827443e+03
           NaN, -1.2363792009e+03
           NaN, -1.2378198447e+03
           NaN, -1.2392071336e+03
           NaN, -1.2405433982e+03
           NaN, -1.2418308499e+03
           NaN, -1.2430715871e+03
           NaN, -1.2442676008e+03
           NaN, -1.2454207819e+03
           NaN, -1.2465329243e+03
           NaN, -1.2476057339e+03
           NaN, -1.2486408282e+03
           NaN, -1.2496397461e+03
           NaN, -1.2506039498e+03
           NaN, -1.2515348293e+03
           NaN, -1.2524337060e+03
           NaN, -1.2533018366e+03
           NaN, -1.2541404178e+03
           NaN, -1.2549505881e+03
           NaN, -1.2557334329e+03
           NaN, -1.2564899830e+03
           NaN, -1.2572212221e+03
           NaN, -1.2579280896e+03
           NaN, -1.2586114789e+03
           NaN, -1.2592722430e+03
           NaN, -1.2599111968e+03
           NaN, -1.2605291177e+03
           NaN, -1.2611267479e+03
           NaN, -1.2617047968e+03
           NaN, -1.2622639446e+03
           NaN, -1.2628048388e+03
           NaN, -1.2633281027e+03
           NaN, -1.2638343307e+03
           NaN, -1.2643240926e+03
           NaN, -1.2647979357e+03
           NaN, -1.2652563842e+03
           NaN, -1.2656999432e+03
           NaN, -1.2661290944e+03
           NaN, -1.2665443044e+03
           NaN, -1.2669460187e+03
           NaN, -1.2673346695e+03
           NaN, -1.2677106688e+03
           NaN, -1.2680744170e+03
           NaN, -1.2684262999e+03
           NaN, -1.2687666875e+03
           NaN, -1.2690959384e+03
           NaN, -1.2694144004e+03
           NaN, -1.2697224066e+03
           NaN, -1.2700202824e+03
           NaN, -1.2703083403e+03
           NaN, -1.2705868842e+03
           NaN, -1.2708562089e+03
           NaN, -1.2711165994e+03
           NaN, -1.2713683324e+03
           NaN, -1.2716116760e+03
           NaN, -1.2718468915e+03
           NaN, -1.2720742319e+03
           NaN, -1.2722939423e+03
           NaN, -1.2725062632e+03
           NaN, -1.2727114258e+03
           NaN, -1.2729096560e+03
           NaN, -1.2731011740e+03
           NaN, -1.2732861918e+03
           NaN, -1.2734649171e+03
           NaN, -1.2736375505e+03
           NaN, -1.2738042866e+03
           NaN, -1.2739653164e+03
           NaN, -1.2741208212e+03
           NaN, -1.2742709793e+03
           NaN, -1.2744159623e+03
           NaN, -1.2745559351e+03
           NaN, -1.2746910559e+03
           NaN, -1.2748214782e+03
           NaN, -1.2749473494e+03
           NaN, -1.2750688077e+03
           NaN, -1.2751859856e+03
           NaN, -1.2752990088e+03
           NaN, -1.2754079961e+03
           NaN, -1.2755130550e+03
           NaN, -1.2756142884e+03
           NaN, -1.2757117891e+03
           NaN, -1.2758056394e+03
           NaN, -1.2758959140e+03
           NaN, -1.2759826739e+03
           NaN, -1.2760659728e+03
           NaN, -1.2761458495e+03
           NaN, -1.2762223315e+03
           NaN, -1.2762954333e+03
           NaN, -1.2763651541e+03
           NaN, -1.2764314776e+03
           NaN, -1.2764943710e+03
           NaN, -1.2765537857e+03
           NaN, -1.2766096520e+03
           NaN, -1.2766618809e+03
           NaN, -1.2767103620e+03
           NaN, -1.2767549621e+03
           NaN, -1.2767955218e+03
           NaN, -1.2768318575e+03
           NaN, -1.2768637541e+03
           NaN, -1.2768909680e+03
           NaN, -1.2769132232e+03
           NaN, -1.2769302078e+03
           NaN, -1.2769415716e+03
           NaN, -1.2769469264e+03
           NaN, -1.2769458383e+03
           NaN, -1.2769378298e+03
           NaN, -1.2769223719e+03
           NaN, -1.2768988824e+03
           NaN, -1.2768667261e+03
           NaN, -1.2768252018e+03
           NaN, -1.2767735465e+03
           NaN, -1.2767109271e+03
           NaN, -1.2766364353e+03
           NaN, -1.2765490828e+03
           NaN, -1.2764477978e+03
           NaN, -1.2763314138e+03
           NaN, -1.2761986703e+03
           NaN, -1.2760482002e+03
           NaN, -1.2758785253e+03
           NaN, -1.2756880474e+03
           NaN, -1.2754750413e+03
           NaN, -1.2752376455e+03
           NaN, -1.2749738521e+03
           NaN, -1.2746814982e+03
           NaN, -1.2743582542e+03
           NaN, -1.2740016135e+03
           NaN, -1.2736088800e+03
           NaN, -1.2731771573e+03
           NaN, -1.2727033296e+03
           NaN, -1.2721840567e+03
           NaN, -1.2716157490e+03
           NaN, -1.2709945595e+03
           NaN, -1.2703163626e+03
           NaN, -1.2695767368e+03
           NaN, -1.2687709468e+03
           NaN, -1.2678939242e+03
-2.8191498035e+02, -5.2749603707e+00
-2.7630342747e+02, -1.4530457404e+01
-2.7204846631e+02, -2.1271060972e+01
-2.6833919345e+02, -2.6961898018e+01
-2.6495179348e+02, -3.2014326784e+01
-2.6178445584e+02, -3.6618183847e+01
-2.5878027373e+02, -4.0880962762e+01
-2.5590346958e+02, -4.4871060559e+01
-2.5312974988e+02, -4.8635445854e+01
-2.5044169365e+02, -5.2208161765e+01
-2.4782628780e+02, -5.5614898496e+01
-2.4527349858e+02, -5.8875659435e+01
-2.4277539064e+02, -6.2006414679e+01
-2.4032555636e+02, -6.5020177913e+01
-2.3791873128e+02, -6.7927736096e+01
-2.3555052619e+02, -7.0738160418e+01
-2.3321723516e+02, -7.3459174137e+01
-2.3091569483e+02, -7.6097423726e+01
-2.2864317895e+02, -7.8658682893e+01
-2.2639731803e+02, -8.1148008841e+01
-2.2417603708e+02, -8.3569863872e+01
-2.2197750671e+02, -8.5928211339e+01
-2.1980010425e+02, -8.8226592319e+01
-2.1764238242e+02, -9.0468187572e+01
-2.1550304390e+02, -9.2655868120e+01
-2.1338092045e+02, -9.4792236925e+01
-2.1127495566e+02, -9.6879663514e+01
-2.0918419052e+02, -9.8920312986e+01
-2.0710775133e+02, -1.0091617046e+02
-2.0504483945e+02, -1.0286906185e+02
-2.0299472263e+02, -1.0478067157e+02
-2.0095672755e+02, -1.0665255780e+02
-1.9893023338e+02, -1.0848616564e+02
-1.9691466632e+02, -1.1028283848e+02
-1.9490949469e+02, -1.1204382798e+02
-1.9291422484e+02, -1.1377030280e+02
-1.9092839738e+02, -1.1546335620e+02
-1.8895158403e+02, -1.1712401286e+02
-1.8698338473e+02, -1.1875323480e+02
-1.8502342511e+02, -1.2035192674e+02
-1.8307135429e+02, -1.2192094084e+02
-1.8112684283e+02, -1.2346108089e+02
-1.7918958100e+02, -1.2497310616e+02
-1.7725927712e+02, -1.2645773479e+02
-1.7533565621e+02, -1.2791564688e+02
-1.7341845860e+02, -1.2934748724e+02
-1.7150743882e+02, -1.3075386798e+02
-1.6960236455e+02, -1.3213537072e+02
-1.6770301562e+02, -1.3349254872e+02
-1.6580918318e+02, -1.3482592876e+02
-1.6392066887e+02, -1.3613601289e+02
-1.6203728413e+02, -1.3742327999e+02
-1.6015884953e+02, -1.3868818725e+02
-1.5828519413e+02, -1.3993117150e+02
-1.5641615500e+02, -1.4115265042e+02
-1.5455157661e+02, -1.4235302372e+02
-1.5269131046e+02, -1.4353267411e+02
-1.5083521458e+02, -1.4469196834e+02
-1.4898315315e+02, -1.4583125807e+02
-1.4713499615e+02, -1.4695088066e+02
-1.4529061898e+02, -1.4805116001e+02
-1.4344990219e+02, -1.4913240721e+02
-1.4161273113e+02, -1.5019492125e+02
-1.3977899575e+02, -1.5123898960e+02
-1.3794859027e+02, -1.5226488881e+02
-1.3612141299e+02, -1.5327288508e+02
-1.3429736607e+02, -1.5426323470e+02
-1.3247635530e+02, -1.5523618455e+02
-1.3065828993e+02, -1.5619197255e+02
-1.2884308247e+02, -1.5713082808e+02
-1.2703064856e+02, -1.5805297235e+02
-1.2522090674e+02, -1.5895861874e+02
-1.2341377840e+02, -1.5984797322e+02
-1.2160918755e+02, -1.6072123459e+02
-1.1980706075e+02, -1.6157859482e+02
-1.1800732695e+02, -1.6242023934e+02
-1.1620991741e+02, -1.6324634731e+02
-1.1441476556e+02, -1.6405709184e+02
-1.1262180691e+02, -1.6485264029e+02
-1.1083097895e+02, -1.6563315443e+02
-1.0904222107e+02, -1.6639879071e+02
-1.0725547445e+02, -1.6714970043e+02
-1.0547068201e+02, -1.6788602994e+02
-1.0368778830e+02, -1.6860792082e+02
-1.0190673946e+02, -1.6931551007e+02
-1.0012748310e+02, -1.7000893024e+02
-9.8349968308e+01, -1.7068830961e+02
-9.6574145514e+01, -1.7135377233e+02
-9.4799966474e+01, -1.7200543857e+02
-9.3027384203e+01, -1.7264342463e+02
-9.1256352915e+01, -1.7326784307e+02
-8.9486827980e+01, -1.7387880287e+02
-8.7718765871e+01, -1.7447640948e+02
-8.5952124117e+01, -1.7506076497e+02
-8.4186861260e+01, -1.7563196813e+02
-8.2422936814e+01, -1.7619011455e+02
-8.0660311220e+01, -1.7673529675e+02
-7.8898945812e+01, -1.7726760422e+02
-7.7138802778e+01, -1.7778712353e+02
-7.5379845124e+01, -1.7829393843e+02
-7.3622036641e+01, -1.7878812989e+02
-7.1865341871e+01, -1.7926977620e+02
-7.0109726078e+01, -1.7973895302e+02
-6.8355155217e+01, -1.8019573347e+02
-6.6601595904e+01, -1.8064018818e+02
-6.4849015391e+01, -1.8107238536e+02
-6.3097381536e+01, -1.8149239082e+02
-6.1346662781e+01, -1.8190026809e+02
-5.9596828124e+01, -1.8229607843e+02
-5.7847847098e+01, -1.8267988088e+02
-5.6099689747e+01, -1.8305173232e+02
-5.4352326603e+01, -1.8341168751e+02
-5.2605728666e+01, -1.8375979915e+02
-5.0859867382e+01, -1.8409611789e+02
-4.9114714625e+01, -1.8442069240e+02
-4.7370242675e+01, -1.8473356938e+02
-4.5626424202e+01, -1.8503479363e+02
-4.3883232245e+01, -1.8532440804e+02
-4.2140640198e+01, -1.8560245367e+02
-4.0398621788e+01, -1.8586896974e+02
-3.8657151063e+01, -1.8612399367e+02
-3.6916202373e+01, -1.8636756114e+02
-3.5175750356e+01, -1.8659970607e+02
-3.3435769919e+01, -1.8682046065e+02
-3.1696236228e+01, -1.8702985541e+02
-2.9957124689e+01, -1.8722791918e+02
-2.8218410938e+01, -1.8741467916e+02
-2.6480070821e+01, -1.8759016090e+02
-2.4742080386e+01, -1.8775438835e+02
-2.3004415867e+01, -1.8790738385e+02
-2.1267053669e+01, -1.8804916816e+02
-1.9529970358e+01, -1.8817976049e+02
-1.7793142648e+01, -1.8829917847e+02
-1.6056547384e+01, -1.8840743821e+02
-1.4320161537e+01, -1.8850455427e+02
-1.2583962183e+01, -1.8859053970e+02
-1.0847926499e+01, -1.8866540603e+02
-9.1120317443e+00, -1.8872916330e+02
-7.3762552538e+00, -1.8878182004e+02
-5.6405744222e+00, -1.8882338329e+02
-3.9049666943e+00, -1.8885385859e+02
-2.1694095527e+00, -1.8887325003e+02
-4.3388050597e-01, -1.8888156018e+02
+1.3016429224e+00, -1.8887879016e+02
+3.0371832064e+00, -1.8886493960e+02
+4.7727628284e+00, -1.8884000664e+02
+6.5084042914e+00, -1.8880398797e+02
+8.2441301302e+00, -1.8875687876e+02
+9.9799629234e+00, -1.8869867273e+02
+1.1715925305e+01, -1.8862936209e+02
+1.3452039977e+01, -1.8854893755e+02
+1.5188329718e+01, -1.8845738835e+02
+1.6924817402e+01, -1.8835470217e+02
+1.8661526003e+01, -1.8824086523e+02
+2.0398478611e+01, -1.8811586219e+02
+2.2135698446e+01, -1.8797967617e+02
+2.3873208865e+01, -1.8783228876e+02
+2.5611033383e+01, -1.8767367998e+02
+2.7349195676e+01, -1.8750382828e+02
+2.9087719604e+01, -1.8732271051e+02
+3.0826629217e+01, -1.8713030193e+02
+3.2565948773e+01, -1.8692657617e+02
+3.4305702748e+01, -1.8671150520e+02
+3.6045915855e+01, -1.8648505937e+02
+3.7786613056e+01, -1.8624720730e+02
+3.9527819575e+01, -1.8599791595e+02
+4.1269560917e+01, -1.8573715052e+02
+4.3011862882e+01, -1.8546487446e+02
+4.4754751580e+01, -1.8518104946e+02
+4.6498253447e+01, -1.8488563537e+02
+4.8242395266e+01, -1.8457859024e+02
+4.9987204179e+01, -1.8425987021e+02
+5.1732707710e+01, -1.8392942955e+02
+5.3478933778e+01, -1.8358722056e+02
+5.5225910722e+01, -1.8323319360e+02
+5.6973667316e+01, -1.8286729700e+02
+5.8722232791e+01, -1.8248947704e+02
+6.0471636856e+01, -1.8209967789e+02
+6.2221909721e+01, -1.8169784160e+02
+6.3973082117e+01, -1.8128390803e+02
+6.5725185321e+01, -1.8085781479e+02
+6.7478251179e+01, -1.8041949723e+02
+6.9232312133e+01, -1.7996888832e+02
+7.0987401246e+01, -1.7950591866e+02
+7.2743552229e+01, -1.7903051640e+02
+7.4500799470e+01, -1.7854260714e+02
+7.6259178060e+01, -1.7804211391e+02
+7.8018723829e+01, -1.7752895710e+02
+7.9779473376e+01, -1.7700305435e+02
+8.1541464097e+01, -1.7646432052e+02
+8.3304734229e+01, -1.7591266758e+02
+8.5069322879e+01, -1.7534800454e+02
+8.6835270064e+01, -1.7477023736e+02
+8.8602616751e+01, -1.7417926886e+02
+9.0371404899e+01, -1.7357499863e+02
+9.2141677502e+01, -1.7295732291e+02
+9.3913478631e+01, -1.7232613450e+02
+9.5686853490e+01, -1.7168132265e+02
+9.7461848456e+01, -1.7102277295e+02
+9.9238511140e+01, -1.7035036717e+02
+1.0101689043e+02, -1.6966398317e+02
+1.0279703658e+02, -1.6896349477e+02
+1.0457900122e+02, -1.6824877154e+02
+1.0636283746e+02, -1.6751967876e+02
+1.0814859996e+02, -1.6677607713e+02
+1.0993634497e+02, -1.6601782273e+02
+1.1172613043e+02, -1.6524476675e+02
+1.1351801604e+02, -1.6445675534e+02
+1.1531206335e+02, -1.6365362941e+02
+1.1710833586e+02, -1.6283522443e+02
+1.1890689907e+02, -1.6200137020e+02
+1.2070782064e+02, -1.6115189060e+02
+1.2251117044e+02, -1.6028660339e+02
+1.2431702070e+02, -1.5940531988e+02
+1.2612544612e+02, -1.5850784474e+02
+1.2793652398e+02, -1.5759397561e+02
+1.2975033431e+02, -1.5666350287e+02
+1.3156695998e+02, -1.5571620925e+02
+1.3338648691e+02, -1.5475186952e+02
+1.3520900420e+02, -1.5377025008e+02
+1.3703460430e+02, -1.5277110857e+02
+1.3886338322e+02, -1.5175419347e+02
+1.4069544069e+02, -1.5071924360e+02
+1.4253088043e+02, -1.4966598765e+02
+1.4436981031e+02, -1.4859414367e+02
+1.4621234267e+02, -1.4750341851e+02
+1.4805859451e+02, -1.4639350721e+02
+1.4990868782e+02, -1.4526409236e+02
+1.5176274986e+02, -1.4411484342e+02
+1.5362091353e+02, -1.4294541599e+02
+1.5548331765e+02, -1.4175545097e+02
+1.5735010742e+02, -1.4054457374e+02
+1.5922143479e+02, -1.3931239321e+02
+1.6109745894e+02, -1.3805850083e+02
+1.6297834673e+02, -1.3678246950e+02
+1.6486427326e+02, -1.3548385236e+02
+1.6675542247e+02, -1.3416218154e+02
+1.6865198773e+02, -1.3281696679e+02
+1.7055417253e+02, -1.3144769388e+02
+1.7246219130e+02, -1.3005382302e+02
+1.7437627015e+02, -1.2863478703e+02
+1.7629664787e+02, -1.2718998930e+02
+1.7822357688e+02, -1.2571880169e+02
+1.8015732435e+02, -1.2422056206e+02
+1.8209817344e+02, -1.2269457166e+02
+1.8404642467e+02, -1.2114009220e+02
+1.8600239742e+02, -1.1955634258e+02
+1.8796643160e+02, -1.1794249534e+02
+1.8993888958e+02, -1.1629767259e+02
+1.9192015827e+02, -1.1462094160e+02
+1.9391065152e+02, -1.1291130971e+02
+1.9591081278e+02, -1.1116771875e+02
+1.9792111813e+02, -1.0938903866e+02
+1.9994207976e+02, -1.0757406030e+02
+2.0197424983e+02, -1.0572148729e+02
+2.0401822504e+02, -1.0382992673e+02
+2.0607465170e+02, -1.0189787851e+02
+2.0814423175e+02, -9.9923723094e+01
+2.1022772961e+02, -9.7905707361e+01
+2.1232598029e+02, -9.5841928193e+01
+2.1443989875e+02, -9.3730313288e+01
+2.1657049107e+02, -9.1568598653e+01
+2.1871886759e+02, -8.9354301990e+01
+2.2088625874e+02, -8.7084691039e+01
+2.2307403394e+02, -8.4756745625e+01
+2.2528372465e+02, -8.2367111797e+01
+2.2751705258e+02, -7.9912045914e+01
+2.2977596448e+02, -7.7387345813e+01
+2.3206267575e+02, -7.4788265163e+01
+2.3437972546e+02, -7.2109405624e+01
+2.3673004702e+02, -6.9344579258e+01
+2.3911705996e+02, -6.6486630346e+01
+2.4154479153e+02, -6.3527200755e+01
+2.4401804053e+02, -6.0456414981e+01
+2.4654260343e+02, -5.7262448009e+01
+2.9049348702e+02, +1.0541558820e+02
+3.6355342804e+02, +7.6883702548e+01
+3.5932242747e+02, +7.7935633372e+01
+3.0107590127e+02, +9.9817469675e+01
+3.0473855523e+02, +9.7986021078e+01
+3.0846895359e+02, +9.6181112699e+01
+3.1226620538e+02, +9.4408578939e+01
+3.1612884089e+02, +9.2674236166e+01
+3.2005534827e+02, +9.0983669584e+01
+3.2404807819e+02, +8.9342038332e+01
+2.5450493839e+02, -4.6779102693e+01
+3.2204250021e+02, +9.0156496059e+01
+3.1418926576e+02, +9.3536361847e+01
           NaN, -7.6827018504e+02
           NaN, -7.9078455538e+02
           NaN, -8.1232292116e+02
           NaN, -8.3291955185e+02
           NaN, -8.5260812627e+02
           NaN, -8.7142179363e+02
           NaN, -8.8939319190e+02
           NaN, -9.0655444069e+02
           NaN, -9.2293711527e+02
           NaN, -9.3857221092e+02
           NaN, -9.5349010164e+02
           NaN, -9.6772049849e+02
           NaN, -9.8129240745e+02
           NaN, -9.9423409252e+02
           NaN, -1.0065730404e+03
           NaN, -1.0183359343e+03
           NaN, -1.0295486291e+03
           NaN, -1.0402361341e+03
+2.1350131709e+02, +1.5203700983e+02
+2.1111516649e+02, +1.5344453226e+02
+2.0874630248e+02, +1.5483160131e+02
+2.0639399994e+02, +1.5619843080e+02
+2.0405757356e+02, +1.5754523884e+02
+2.0173637520e+02, +1.5887224636e+02
+1.9942979144e+02, +1.6017967596e+02
+1.9713724132e+02, +1.6146775079e+02
+1.9485817423e+02, +1.6273669378e+02
+1.9259206793e+02, +1.6398672686e+02
+1.9033842675e+02, +1.6521807038e+02
+1.8809677990e+02, +1.6643094258e+02
+1.8586667988e+02, +1.6762555916e+02
+1.8364770104e+02, +1.6880213299e+02
+1.8143943823e+02, +1.6996087375e+02
+1.7924150554e+02, +1.7110198778e+02
+1.7705353513e+02, +1.7222567783e+02
+1.7487517615e+02, +1.7333214297e+02
+1.7270609372e+02, +1.7442157845e+02
+1.7054596800e+02, +1.7549417566e+02
+1.6839449331e+02, +1.7655012204e+02
+1.6625137730e+02, +1.7758960106e+02
+1.6411634022e+02, +1.7861279224e+02
+1.6198911419e+02, +1.7961987109e+02
+1.5986944253e+02, +1.8061100920e+02
           NaN, -1.1961945694e+03
           NaN, -1.1992461322e+03
           NaN, -1.2021686785e+03
           NaN, -1.2049684963e+03
+1.4937612583e+02, +1.8533332028e+02
+1.4729694461e+02, +1.8623219947e+02
+1.4522378752e+02, +1.8711623121e+02
           NaN, -1.2150550847e+03
           NaN, -1.2173246414e+03
           NaN, -1.2195028502e+03
           NaN, -1.2215940227e+03
           NaN, -1.2236022449e+03
           NaN, -1.2255313868e+03
           NaN, -1.2273851180e+03
           NaN, -1.2291669127e+03
           NaN, -1.2308800674e+03
           NaN, -1.2325277035e+03
           NaN, -1.2341127810e+03
           NaN, -1.2356381075e+03
           NaN, -1.2371063426e+03
           NaN, -1.2385200100e+03
           NaN, -1.2398815032e+03
           NaN, -1.2411930924e+03
           NaN, -1.2424569311e+03
           NaN, -1.2436750645e+03
           NaN, -1.2448494310e+03
           NaN, -1.2459818739e+03
           NaN, -1.2470741429e+03
           NaN, -1.2481278971e+03
           NaN, -1.2491447161e+03
           NaN, -1.2501260987e+03
           NaN, -1.2510734707e+03
           NaN, -1.2519881879e+03
           NaN, -1.2528715385e+03
           NaN, -1.2537247486e+03
           NaN, -1.2545489855e+03
           NaN, -1.2553453610e+03
           NaN, -1.2561149320e+03
           NaN, -1.2568587064e+03
           NaN, -1.2575776457e+03
           NaN, -1.2582726649e+03
           NaN, -1.2589446374e+03
           NaN, -1.2595943969e+03
           NaN, -1.2602227391e+03
           NaN, -1.2608304236e+03
           NaN, -1.2614181763e+03
           NaN, -1.2619866922e+03
           NaN, -1.2625366339e+03
           NaN, -1.2630686371e+03
           NaN, -1.2635833096e+03
           NaN, -1.2640812345e+03
           NaN, -1.2645629705e+03
           NaN, -1.2650290524e+03
           NaN, -1.2654799949e+03
           NaN, -1.2659162902e+03
           NaN, -1.2663384141e+03
           NaN, -1.2667468212e+03
           NaN, -1.2671419510e+03
           NaN, -1.2675242249e+03
           NaN, -1.2678940503e+03
           NaN, -1.2682518180e+03
           NaN, -1.2685979073e+03
           NaN, -1.2689326832e+03
           NaN, -1.2692564969e+03
           NaN, -1.2695696897e+03
           NaN, -1.2698725907e+03
           NaN, -1.2701655192e+03
           NaN, -1.2704487826e+03
           NaN, -1.2707226809e+03
           NaN, -1.2709875038e+03
           NaN, -1.2712435309e+03
           NaN, -1.2714910368e+03
           NaN, -1.2717302836e+03
           NaN, -1.2719615304e+03
           NaN, -1.2721850255e+03
           NaN, -1.2724010120e+03
           NaN, -1.2726097251e+03
           NaN, -1.2728113939e+03
           NaN, -1.2730062409e+03
           NaN, -1.2731944825e+03
           NaN, -1.2733763285e+03
           NaN, -1.2735519833e+03
           NaN, -1.2737216439e+03
           NaN, -1.2738855030e+03
           NaN, -1.2740437479e+03
           NaN, -1.2741965583e+03
           NaN, -1.2743441071e+03
           NaN, -1.2744865645e+03
           NaN, -1.2746240922e+03
           NaN, -1.2747568452e+03
           NaN, -1.2748849737e+03
           NaN, -1.2750086219e+03
           NaN, -1.2751279233e+03
           NaN, -1.2752430095e+03
           NaN, -1.2753539999e+03
           NaN, -1.2754610094e+03
           NaN, -1.2755641438e+03
           NaN, -1.2756635004e+03
           NaN, -1.2757591658e+03
           NaN, -1.2758512196e+03
           NaN, -1.2759397295e+03
           NaN, -1.2760247535e+03
           NaN, -1.2761063365e+03
           NaN, -1.2761845139e+03
           NaN, -1.2762593052e+03
           NaN, -1.2763307170e+03
           NaN, -1.2763987418e+03
           NaN, -1.2764633558e+03
           NaN, -1.2765245174e+03
           NaN, -1.2765821674e+03
           NaN, -1.2766362275e+03
           NaN, -1.2766865982e+03
           NaN, -1.2767331567e+03
           NaN, -1.2767757579e+03
           NaN, -1.2768142305e+03
           NaN, -1.2768483748e+03
           NaN, -1.2768779626e+03
           NaN, -1.2769027345e+03
           NaN, -1.2769223951e+03
           NaN, -1.2769366156e+03
           NaN, -1.2769450260e+03
           NaN, -1.2769472162e+03
           NaN, -1.2769427314e+03
           NaN, -1.2769310672e+03
           NaN, -1.2769116698e+03
           NaN, -1.2768839307e+03
           NaN, -1.2768471813e+03
           NaN, -1.2768006917e+03
           NaN, -1.2767436625e+03
           NaN, -1.2766752251e+03
           NaN, -1.2765944316e+03
           NaN, -1.2765002525e+03
           NaN, -1.2763915694e+03
           NaN, -1.2762671699e+03
           NaN, -1.2761257410e+03
           NaN, -1.2759658603e+03
           NaN, -1.2757859911e+03
           NaN, -1.2755844736e+03
           NaN, -1.2753595140e+03
           NaN, -1.2751091799e+03
           NaN, -1.2748313867e+03
           NaN, -1.2745238895e+03
           NaN, -1.2741842723e+03
           NaN, -1.2738099342e+03
           NaN, -1.2733980819e+03
           NaN, -1.2729457100e+03
           NaN, -1.2724495924e+03
           NaN, -1.2719062666e+03
           NaN, -1.2713120159e+03
           NaN, -1.2706628559e+03
           NaN, -1.2699545164e+03
           NaN, -1.2691824208e+03
           NaN, -1.2683416699e+03
           NaN, -1.2674270207e+03
