-3.6743941337e+02, -5.8128228945e-01
-3.3876438641e+02, -7.0473961157e-01
-3.7342028027e+02, +7.5411866385e+01
-3.7264319034e+02, -5.6720117868e-01
-3.7772765508e+02, -5.5488899190e-01
-3.8270722185e+02, -5.4400604724e-01
-3.8759363760e+02, -5.3429794363e-01
-3.9239662902e+02, -5.2556976290e-01
-3.9712436002e+02, -5.1766923607e-01
-4.0178376354e+02, -5.1047540412e-01
-4.0638078755e+02, -5.0389076835e-01
-4.1092058106e+02, -4.9783572583e-01
-4.1540763707e+02, -4.9224454166e-01
-4.1984590411e+02, -4.8706237951e-01
-4.2423887451e+02, -4.8224307600e-01
-4.3724136743e+02, +6.4562041741e+01
-4.4562243394e+02, -4.6239675285e-01
-4.2423887451e+02, -4.8224307600e-01
-4.3637920367e+02, +6.8746996100e+01
-4.4141526598e+02, -4.6589002725e-01
-4.4562243394e+02, -4.6239675285e-01
-4.4979883643e+02, -4.5909894509e-01
-4.5394616751e+02, -4.5597981096e-01
-4.5806597809e+02, -4.5302450138e-01
-4.6215969222e+02, -4.5021983072e-01
-4.6622862106e+02, -4.4755404439e-01
-4.7027397498e+02, -4.4501662494e-01
-4.7429687401e+02, -4.4259812943e-01
-4.7829835690e+02, -4.4029005223e-01
-4.8227938912e+02, -4.3808470865e-01
-4.9323554870e+02, +6.0916734276e+01
-5.0732340071e+02, +5.7224313638e+01
-4.8348705611e+02, +5.9010969012e+01
-4.9126926319e+02, +6.1568042546e+01
-4.9801612406e+02, -4.3016053921e-01
-5.0190726490e+02, -4.2837612305e-01
-5.0578254746e+02, -4.2666089838e-01
-5.0964258028e+02, -4.2501080692e-01
-5.1348793659e+02, -4.2342211154e-01
-5.1731915709e+02, -4.2189136438e-01
-5.2113675242e+02, -4.2041537873e-01
-5.2494120543e+02, -4.1899120421e-01
-5.2873297321e+02, -4.1761610475e-01
-5.3251248895e+02, -4.1628753907e-01
-5.3628016361e+02, -4.1500314322e-01
-5.4003638748e+02, -4.1376071508e-01
-5.4970804220e+02, +5.7628995034e+01
-5.5495393207e+02, -4.0917155977e-01
-5.3694193150e+02, +4.3546846603e+01
-5.4751594885e+02, -4.1139368036e-01
-5.5716431385e+02, +5.6555573114e+01
-5.5865812412e+02, -4.0811070313e-01
-5.6235284355e+02, -4.0708131160e-01
-5.6603836922e+02, -4.0608199561e-01
-5.6971496776e+02, -4.0511144814e-01
-5.7338289432e+02, -4.0416843846e-01
-5.7704239320e+02, -4.0325180661e-01
-5.8069369851e+02, -4.0236045826e-01
-5.8433703470e+02, -4.0149336000e-01
-5.8797261712e+02, -4.0064953517e-01
-5.9160065252e+02, -3.9982805985e-01
-5.9522133947e+02, -3.9902805932e-01
-5.9883486886e+02, -3.9824870480e-01
-6.0244142424e+02, -3.9748921034e-01
-6.0604118222e+02, -3.9674883011e-01
-6.0715665398e+02, +5.8423253831e+01
-6.1680134106e+02, -3.9463546521e-01
-6.2750608483e+02, -3.9267062405e-01
-5.9883486886e+02, -3.9824870480e-01
-6.1680134106e+02, -3.9463546521e-01
-6.1845949539e+02, +5.8247704042e+01
-6.2750608483e+02, -3.9267062405e-01
-6.3106269179e+02, -3.9204603430e-01
-6.3461370232e+02, -3.9143576441e-01
-6.3815924402e+02, -3.9083933417e-01
-6.4169944025e+02, -3.9025628486e-01
-6.4523441029e+02, -3.8968617806e-01
-6.4876426957e+02, -3.8912859453e-01
-6.5228912976e+02, -3.8858313312e-01
-6.5580909899e+02, -3.8804940983e-01
-6.5932428199e+02, -3.8752705689e-01
-6.6283478021e+02, -3.8701572185e-01
-6.6634069200e+02, -3.8651506684e-01
-6.6984211267e+02, -3.8602476777e-01
-6.7333913470e+02, -3.8554451366e-01
-6.7683184775e+02, -3.8507400594e-01
-6.8032033889e+02, -3.8461295785e-01
-6.8380469259e+02, -3.8416109385e-01
-6.8728499090e+02, -3.8371814908e-01
-6.9076131351e+02, -3.8328386880e-01
-6.9423373784e+02, -3.8285800796e-01
-6.9770233913e+02, -3.8244033072e-01
-7.0844173451e+02, +5.5038426220e+01
-7.0808592624e+02, -3.8123417111e-01
-7.1499049101e+02, -3.8046703515e-01
-7.3562419810e+02, -3.7832656910e-01
-6.9207410332e+02, +4.9988920902e+01
-7.0808592624e+02, -3.8123417111e-01
-7.1499049101e+02, -3.8046703515e-01
-7.1630412991e+02, +5.3799823283e+01
-7.2532189146e+02, -3.7936793519e-01
-7.2875914931e+02, -3.7901461908e-01
-7.3219323289e+02, -3.7866754989e-01
-7.3562419810e+02, -3.7832656910e-01
-7.3905209944e+02, -3.7799152352e-01
-7.4247699002e+02, -3.7766226504e-01
-7.4589892166e+02, -3.7733865045e-01
-7.4931794489e+02, -3.7702054120e-01
-7.5273410899e+02, -3.7670780326e-01
-7.5614746207e+02, -3.7640030689e-01
-7.5955805107e+02, -3.7609792650e-01
-7.6296592180e+02, -3.7580054046e-01
-7.6637111900e+02, -3.7550803096e-01
-7.6977368637e+02, -3.7522028386e-01
-7.7317366655e+02, -3.7493718854e-01
-7.7657110124e+02, -3.7465863776e-01
-7.7996603115e+02, -3.7438452755e-01
-7.8335849608e+02, -3.7411475706e-01
-7.8674853491e+02, -3.7384922847e-01
-7.9013618567e+02, -3.7358784684e-01
-7.9352148553e+02, -3.7333052007e-01
-7.9690447083e+02, -3.7307715870e-01
-8.0028517714e+02, -3.7282767590e-01
-8.0366363921e+02, -3.7258198733e-01
-8.0703989108e+02, -3.7234001106e-01
-8.1041396602e+02, -3.7210166750e-01
-8.1378589662e+02, -3.7186687927e-01
-8.1715571477e+02, -3.7163557118e-01
-8.2052345167e+02, -3.7140767013e-01
-8.2388913788e+02, -3.7118310502e-01
-8.2725280334e+02, -3.7096180671e-01
-8.3061447734e+02, -3.7074370794e-01
-8.3397418860e+02, -3.7052874325e-01
-8.3733196523e+02, -3.7031684896e-01
-8.4068783477e+02, -3.7010796306e-01
-8.4222320069e+02, +5.1249367519e+01
-8.5996429481e+02, +5.7888480770e+01
-8.5409277407e+02, -3.6930131988e-01
-8.5743950256e+02, -3.6910660164e-01
-8.6078447813e+02, -3.6891455246e-01
-8.6746926586e+02, -3.6853825630e-01
-8.7414732347e+02, -3.6817203421e-01
-8.9414287430e+02, -3.6713012715e-01
-7.8335849608e+02, -3.7411475706e-01
-8.5409277407e+02, -3.6930131988e-01
-8.6469992729e+02, +5.1782927581e+01
-8.7066533925e+02, +5.1145041625e+01
-8.7748388473e+02, -3.6799258221e-01
-8.8081883013e+02, -3.6781550859e-01
-8.8415218101e+02, -3.6764076900e-01
-8.8293126442e+02, +5.2213306310e+01
-8.9871203290e+02, +5.1489589756e+01
-8.9747005292e+02, -3.6696430149e-01
-9.0079573806e+02, -3.6680060374e-01
-9.0411994883e+02, -3.6663899559e-01
-9.0744270399e+02, -3.6647943960e-01
-9.1076402199e+02, -3.6632189924e-01
-9.1408392093e+02, -3.6616633879e-01
-9.1740241860e+02, -3.6601272338e-01
-9.2071953248e+02, -3.6586101893e-01
-9.2403527973e+02, -3.6571119214e-01
-9.2734967724e+02, -3.6556321047e-01
-9.3066274158e+02, -3.6541704211e-01
-9.3397448904e+02, -3.6527265597e-01
-9.3728493565e+02, -3.6513002164e-01
-9.4059409715e+02, -3.6498910940e-01
-9.4390198901e+02, -3.6484989019e-01
-9.4720862645e+02, -3.6471233556e-01
-9.5051402444e+02, -3.6457641771e-01
-9.5381819769e+02, -3.6444210944e-01
-9.5712116067e+02, -3.6430938413e-01
-9.6042292761e+02, -3.6417821573e-01
-9.6372351251e+02, -3.6404857875e-01
-9.6702292913e+02, -3.6392044825e-01
-9.7032119101e+02, -3.6379379980e-01
-9.7361831150e+02, -3.6366860952e-01
-9.7691430369e+02, -3.6354485398e-01
-9.8020918048e+02, -3.6342251027e-01
-9.8350295458e+02, -3.6330155596e-01
-9.8679563848e+02, -3.6318196907e-01
-9.9008724447e+02, -3.6306372806e-01
-9.9337778467e+02, -3.6294681185e-01
-9.9666727097e+02, -3.6283119979e-01
-9.9995571512e+02, -3.6271687162e-01
-1.0032431287e+03, -3.6260380753e-01
-1.0065295230e+03, -3.6249198806e-01
-1.0098149092e+03, -3.6238139418e-01
-1.0130992985e+03, -3.6227200721e-01
-1.0163827016e+03, -3.6216380884e-01
-1.0196651292e+03, -3.6205678114e-01
-1.0229465919e+03, -3.6195090651e-01
-1.0262271000e+03, -3.6184616770e-01
-1.0295066637e+03, -3.6174254779e-01
-1.0327852932e+03, -3.6164003020e-01
-1.0360629984e+03, -3.6153859865e-01
-1.0393397889e+03, -3.6143823718e-01
-1.0426156745e+03, -3.6133893014e-01
-1.0458906647e+03, -3.6124066216e-01
-1.0491647687e+03, -3.6114341817e-01
-1.0524379958e+03, -3.6104718338e-01
-1.0557103550e+03, -3.6095194328e-01
-1.0589818555e+03, -3.6085768362e-01
-1.0622525058e+03, -3.6076439044e-01
-1.0655223148e+03, -3.6067204999e-01
-1.0687912911e+03, -3.6058064882e-01
-1.0720594430e+03, -3.6049017370e-01
-1.0753267790e+03, -3.6040061164e-01
-1.0785933071e+03, -3.6031194989e-01
-1.0818590357e+03, -3.6022417595e-01
-1.0851239725e+03, -3.6013727750e-01
-1.0883881256e+03, -3.6005124249e-01
-1.0916515026e+03, -3.5996605904e-01
-1.0949141113e+03, -3.5988171551e-01
-1.0981759592e+03, -3.5979820045e-01
-1.1014370538e+03, -3.5971550263e-01
-1.1046974024e+03, -3.5963361098e-01
-1.1079570123e+03, -3.5955251468e-01
-1.1112158907e+03, -3.5947220303e-01
-1.1144740446e+03, -3.5939266558e-01
-1.1177314809e+03, -3.5931389200e-01
-1.1209882066e+03, -3.5923587219e-01
-1.1242442285e+03, -3.5915859619e-01
-1.1274995532e+03, -3.5908205422e-01
-1.1307541874e+03, -3.5900623665e-01
-1.1340081376e+03, -3.5893113405e-01
-1.1372614101e+03, -3.5885673711e-01
-1.1405140115e+03, -3.5878303669e-01
-1.1437659479e+03, -3.5871002382e-01
-1.1470172256e+03, -3.5863768964e-01
-1.1502678506e+03, -3.5856602546e-01
-1.1535178290e+03, -3.5849502275e-01
-1.1567671667e+03, -3.5842467309e-01
-1.1600158697e+03, -3.5835496821e-01
-1.1632639437e+03, -3.5828589997e-01
-1.1665113945e+03, -3.5821746037e-01
-1.1697582277e+03, -3.5814964155e-01
-1.1730044489e+03, -3.5808243574e-01
-1.1762500637e+03, -3.5801583532e-01
-1.1794950775e+03, -3.5794983280e-01
-1.1827394956e+03, -3.5788442080e-01
-1.1859833235e+03, -3.5781959204e-01
-1.1892265664e+03, -3.5775533938e-01
-1.1924692294e+03, -3.5769165577e-01
-1.1957113176e+03, -3.5762853431e-01
-1.1898063515e+03, +4.3813982498e+01
-1.1989528363e+03, -3.5756596815e-01
-1.2000882979e+03, +4.9671530275e+01
-1.1882831876e+03, +5.5258652852e+01
-1.2280396645e+03, +5.1762508118e+01
-1.2223359815e+03, +4.9484968659e+01
-1.2281016753e+03, -3.5702678784e-01
-1.2248650655e+03, -3.5708464613e-01
-1.2281016753e+03, -3.5702678784e-01
-1.2313377629e+03, -3.5696942220e-01
-1.2345733327e+03, -3.5691254346e-01
-1.2378083891e+03, -3.5685614593e-01
-1.2410429364e+03, -3.5680022405e-01
-1.2442769789e+03, -3.5674477231e-01
-1.2475105209e+03, -3.5668978530e-01
-1.2507435665e+03, -3.5663525766e-01
-1.2539761200e+03, -3.5658118414e-01
-1.2648147384e+03, +6.6838643206e+01
-1.2636708676e+03, -3.5642163686e-01
-1.2669014926e+03, -3.5636932875e-01
-1.2701316454e+03, -3.5631744958e-01
-1.2725992526e+03, +4.9403153139e+01
-1.2798193091e+03, -3.5616433794e-01
-1.2830476113e+03, -3.5611412707e-01
-1.2900425000e+03, +4.9572301832e+01
-1.2924810864e+03, +5.0251828588e+01
-1.2998464675e+03, +5.0570320757e+01
-1.3088580119e+03, -3.5572667090e-01
-1.3217528972e+03, -3.5554199068e-01
-1.3475230928e+03, -3.5518946920e-01
-1.4118432595e+03, -3.5439613631e-01
-1.2248650655e+03, -3.5708464613e-01
-1.2604397665e+03, -3.5647437882e-01
-1.2765905499e+03, -3.5621495889e-01
-1.2876760449e+03, +5.0350191902e+01
-1.2959563234e+03, -3.5591729451e-01
-1.3027385411e+03, +4.9415282244e+01
-1.3052618648e+03, +4.9388913242e+01
-1.3120823627e+03, -3.5567995370e-01
-1.3153062916e+03, -3.5563360389e-01
-1.3207988904e+03, +5.9522508831e+01
-1.3249755805e+03, -3.5549671954e-01
-1.3281978549e+03, -3.5545180031e-01
-1.3314197238e+03, -3.5540722926e-01
-1.3346411902e+03, -3.5536300268e-01
-1.3352195954e+03, +4.9572017506e+01
-1.3504328428e+03, +5.1106016993e+01
-1.3475230928e+03, -3.5518946920e-01
-1.3507425928e+03, -3.5514691144e-01
-1.3539617086e+03, -3.5510467707e-01
-1.3571804429e+03, -3.5506276272e-01
-1.3603987988e+03, -3.5502116508e-01
-1.3636167790e+03, -3.5497988089e-01
-1.3668343863e+03, -3.5493890692e-01
-1.3700516237e+03, -3.5489824000e-01
-1.3732684938e+03, -3.5485787698e-01
-1.3764849994e+03, -3.5481781476e-01
-1.3797011431e+03, -3.5477805028e-01
-1.3829169278e+03, -3.5473858054e-01
-1.3861323560e+03, -3.5469940254e-01
-1.3893474304e+03, -3.5466051334e-01
-1.3923083243e+03, +4.7195293460e+01
-1.3893474304e+03, -3.5466051334e-01
-1.3957765281e+03, -3.5458358980e-01
-1.3989905565e+03, -3.5454554975e-01
-1.3969273482e+03, +4.9495446569e+01
-1.3821528547e+03, +5.4452179638e+01
-1.4490204508e+03, +5.7352946941e+01
-1.4286274517e+03, +4.9565169193e+01
-1.4279016471e+03, -3.5421534927e-01
-1.4279016471e+03, -3.5421534927e-01
-1.4311123496e+03, -3.5417996335e-01
-1.4343227325e+03, -3.5414482878e-01
-1.4471611127e+03, -3.5400675582e-01
-1.4343227325e+03, -3.5414482878e-01
-1.4407425484e+03, -3.5407530400e-01
-1.4439519859e+03, -3.5404090901e-01
-1.4471611127e+03, -3.5400675582e-01
-1.4503699310e+03, -3.5397284211e-01
-1.4535784430e+03, -3.5393916561e-01
-1.4567866508e+03, -3.5390572405e-01
-1.4599945565e+03, -3.5387251520e-01
-1.4632021622e+03, -3.5383953686e-01
-1.4664094700e+03, -3.5380678685e-01
-1.4696164820e+03, -3.5377426302e-01
-1.4728232001e+03, -3.5374196325e-01
-1.4760296265e+03, -3.5370988544e-01
-1.4792357631e+03, -3.5367802750e-01
-1.4824416120e+03, -3.5364638740e-01
-1.4856471749e+03, -3.5361496310e-01
-1.4888524540e+03, -3.5358375261e-01
-1.4920574512e+03, -3.5355275394e-01
-1.4952621683e+03, -3.5352196514e-01
-1.4984666073e+03, -3.5349138429e-01
-1.5016707699e+03, -3.5346100946e-01
-1.5048746582e+03, -3.5343083878e-01
-1.5080782739e+03, -3.5340087038e-01
-1.5112816189e+03, -3.5337110241e-01
-1.5144846949e+03, -3.5334153306e-01
-1.5176875038e+03, -3.5331216052e-01
-1.5208900473e+03, -3.5328298302e-01
-1.5240923272e+03, -3.5325399879e-01
-1.5272943452e+03, -3.5322520609e-01
-1.5304961031e+03, -3.5319660321e-01
-1.5336976026e+03, -3.5316818845e-01
-1.5368988454e+03, -3.5313996012e-01
-1.5400998331e+03, -3.5311191656e-01
-1.5433005674e+03, -3.5308405614e-01
-1.5465010500e+03, -3.5305637723e-01
-1.5497012826e+03, -3.5302887821e-01
-1.5529012666e+03, -3.5300155752e-01
-1.5561010038e+03, -3.5297441356e-01
-1.5593004958e+03, -3.5294744481e-01
-1.5624997441e+03, -3.5292064970e-01
-1.5656987502e+03, -3.5289402674e-01
-1.5688975159e+03, -3.5286757442e-01
-1.5720960425e+03, -3.5284129126e-01
-1.5752943316e+03, -3.5281517578e-01
-1.5784923847e+03, -3.5278922654e-01
-1.5816902034e+03, -3.5276344209e-01
-1.5848877891e+03, -3.5273782103e-01
-1.5880851432e+03, -3.5271236195e-01
-1.5912822673e+03, -3.5268706345e-01
-1.5944791628e+03, -3.5266192416e-01
-1.5976758312e+03, -3.5263694273e-01
-1.6008722738e+03, -3.5261211780e-01
-1.6040684921e+03, -3.5258744806e-01
-1.6072644874e+03, -3.5256293218e-01
-1.6104602613e+03, -3.5253856886e-01
-1.6136558149e+03, -3.5251435682e-01
-1.6168511498e+03, -3.5249029479e-01
-1.6200462672e+03, -3.5246638149e-01
-1.6232411685e+03, -3.5244261570e-01
-1.6264358551e+03, -3.5241899616e-01
-1.6296303282e+03, -3.5239552167e-01
-1.6328245892e+03, -3.5237219101e-01
-1.6360186393e+03, -3.5234900300e-01
-1.6392124799e+03, -3.5232595645e-01
-1.6424061122e+03, -3.5230305018e-01
-1.6455995375e+03, -3.5228028305e-01
-1.6487927571e+03, -3.5225765391e-01
-1.6519857721e+03, -3.5223516162e-01
-1.6551785839e+03, -3.5221280507e-01
-1.6583711936e+03, -3.5219058314e-01
-1.6615636025e+03, -3.5216849474e-01
-1.6647558118e+03, -3.5214653878e-01
-1.6679478227e+03, -3.5212471418e-01
-1.6711396363e+03, -3.5210301988e-01
-1.6743312538e+03, -3.5208145483e-01
-1.6775226765e+03, -3.5206001798e-01
-1.6807139054e+03, -3.5203870830e-01
-1.6839049417e+03, -3.5201752478e-01
-1.6870957865e+03, -3.5199646639e-01
-1.6902864411e+03, -3.5197553214e-01
-1.6934769064e+03, -3.5195472104e-01
-1.6966671836e+03, -3.5193403210e-01
-1.6998572739e+03, -3.5191346437e-01
-1.7030471782e+03, -3.5189301686e-01
-1.7062368978e+03, -3.5187268864e-01
-1.7094264336e+03, -3.5185247877e-01
-1.7126157867e+03, -3.5183238630e-01
-1.7158049583e+03, -3.5181241032e-01
-1.7189939492e+03, -3.5179254992e-01
-1.7221827607e+03, -3.5177280418e-01
-1.7253713937e+03, -3.5175317222e-01
-1.7285598493e+03, -3.5173365314e-01
-1.7317481284e+03, -3.5171424607e-01
-1.7349362321e+03, -3.5169495014e-01
-1.7381241614e+03, -3.5167576449e-01
-1.7413119173e+03, -3.5165668826e-01
-1.7444995008e+03, -3.5163772061e-01
-1.7476869128e+03, -3.5161886071e-01
-1.7508741543e+03, -3.5160010772e-01
-1.7540612264e+03, -3.5158146084e-01
-1.7572481298e+03, -3.5156291923e-01
-1.7604348657e+03, -3.5154448212e-01
-1.7636214349e+03, -3.5152614868e-01
-1.7668078384e+03, -3.5150791815e-01
-1.7699940772e+03, -3.5148978973e-01
-1.7731801520e+03, -3.5147176266e-01
-1.7763660639e+03, -3.5145383616e-01
-1.7795518137e+03, -3.5143600948e-01
-1.7827374024e+03, -3.5141828188e-01
-1.7859228309e+03, -3.5140065259e-01
-1.7891081000e+03, -3.5138312089e-01
-1.7922932106e+03, -3.5136568605e-01
-1.7954781636e+03, -3.5134834735e-01
-1.7986629598e+03, -3.5133110406e-01
-1.8018476002e+03, -3.5131395548e-01
-1.8050320856e+03, -3.5129690090e-01
-1.8082164168e+03, -3.5127993964e-01
-1.8114005946e+03, -3.5126307099e-01
-1.8145846200e+03, -3.5124629428e-01
-1.8177684937e+03, -3.5122960882e-01
-1.8209522166e+03, -3.5121301396e-01
-1.8241357895e+03, -3.5119650902e-01
-1.8273192131e+03, -3.5118009334e-01
-1.8305024883e+03, -3.5116376628e-01
-1.8336856160e+03, -3.5114752719e-01
-1.8368685968e+03, -3.5113137542e-01
-1.8400514316e+03, -3.5111531035e-01
-1.8432341212e+03, -3.5109933134e-01
-1.8464166664e+03, -3.5108343777e-01
-1.8495990678e+03, -3.5106762903e-01
-1.8527813263e+03, -3.5105190451e-01
-1.8559634427e+03, -3.5103626359e-01
-1.8591454176e+03, -3.5102070568e-01
-1.8623272520e+03, -3.5100523018e-01
-1.8655089463e+03, -3.5098983651e-01
-1.8686905016e+03, -3.5097452408e-01
-1.8718719184e+03, -3.5095929231e-01
-1.8750531974e+03, -3.5094414063e-01
-1.8782343395e+03, -3.5092906846e-01
-1.8814153454e+03, -3.5091407525e-01
-1.8845962156e+03, -3.5089916044e-01
-1.8877769511e+03, -3.5088432348e-01
-1.8909575524e+03, -3.5086956381e-01
-1.8941380202e+03, -3.5085488089e-01
-1.8973183553e+03, -3.5084027419e-01
-1.9004985583e+03, -3.5082574317e-01
-1.9036786300e+03, -3.5081128730e-01
-1.9068585709e+03, -3.5079690606e-01
-1.9100383818e+03, -3.5078259892e-01
-1.9132180634e+03, -3.5076836538e-01
-1.9163976163e+03, -3.5075420491e-01
-1.9195770411e+03, -3.5074011702e-01
-1.9227563386e+03, -3.5072610121e-01
-1.9259355094e+03, -3.5071215697e-01
-1.9291145540e+03, -3.5069828381e-01
-1.9322934733e+03, -3.5068448125e-01
-1.9354722677e+03, -3.5067074880e-01
-1.9386509380e+03, -3.5065708597e-01
-1.9418294847e+03, -3.5064349230e-01
-1.9450079085e+03, -3.5062996731e-01
-1.9481862101e+03, -3.5061651054e-01
-1.9513643899e+03, -3.5060312151e-01
-1.9545424487e+03, -3.5058979977e-01
-1.9577203871e+03, -3.5057654487e-01
-1.9608982055e+03, -3.5056335634e-01
-1.9640759048e+03, -3.5055023375e-01
-1.9672534854e+03, -3.5053717665e-01
-1.9704309479e+03, -3.5052418460e-01
-1.9736082929e+03, -3.5051125715e-01
-1.9767855211e+03, -3.5049839389e-01
-1.9799626329e+03, -3.5048559437e-01
-1.9831396290e+03, -3.5047285817e-01
-1.9863165100e+03, -3.5046018488e-01
-1.9894932763e+03, -3.5044757406e-01
-1.9926699286e+03, -3.5043502532e-01
-1.9958464674e+03, -3.5042253822e-01
-1.9990228934e+03, -3.5041011238e-01
-2.0021992069e+03, -3.5039774737e-01
-2.0053754087e+03, -3.5038544281e-01
-2.0085514992e+03, -3.5037319828e-01
-2.0117274789e+03, -3.5036101341e-01
+2.8874556765e+02, -1.0564158227e+01
+2.8396297112e+02, -1.8294467202e+01
+2.7998248730e+02, -2.4511149765e+01
+2.7641580761e+02, -2.9921342951e+01
+2.7311538456e+02, -3.4797837426e+01
+2.7000555830e+02, -3.9282387866e+01
+2.6704115890e+02, -4.3460658890e+01
+2.6419256243e+02, -4.7389473050e+01
+2.6143905021e+02, -5.1108999379e+01
+2.5876543557e+02, -5.4648983359e+01
+2.5616018072e+02, -5.8032245402e+01
+2.5361426861e+02, -6.1276788569e+01
+2.5112048896e+02, -6.4397139842e+01
+2.4867296603e+02, -6.7405241952e+01
+2.4626683469e+02, -7.0311068099e+01
+2.4389801158e+02, -7.3123058642e+01
+2.4156302908e+02, -7.5848439330e+01
+2.3925891216e+02, -7.8493458379e+01
+2.3698308540e+02, -8.1063566493e+01
+2.3473330144e+02, -8.3563555874e+01
+2.3250758519e+02, -8.5997669162e+01
+2.3030418970e+02, -8.8369685961e+01
+2.2812156087e+02, -9.0682992367e+01
+2.2595830886e+02, -9.2940637450e+01
+2.2381318479e+02, -9.5145379574e+01
+2.2168506151e+02, -9.7299724733e+01
+2.1957291764e+02, -9.9405958528e+01
+2.1747582416e+02, -1.0146617304e+02
+2.1539293318e+02, -1.0348228956e+02
+2.1332346840e+02, -1.0545607797e+02
+2.1126671688e+02, -1.0738917333e+02
+2.0922202214e+02, -1.0928309014e+02
+2.0718877803e+02, -1.1113923471e+02
+2.0516642357e+02, -1.1295891595e+02
+2.0315443839e+02, -1.1474335470e+02
+2.0115233871e+02, -1.1649369204e+02
+1.9915967390e+02, -1.1821099649e+02
+1.9717602336e+02, -1.1989627046e+02
+1.9520099386e+02, -1.2155045594e+02
+1.9323421707e+02, -1.2317443954e+02
+1.9127534744e+02, -1.2476905705e+02
+1.8932406030e+02, -1.2633509744e+02
+1.8738005013e+02, -1.2787330655e+02
+1.8544302903e+02, -1.2938439030e+02
+1.8351272535e+02, -1.3086901771e+02
+1.8158888239e+02, -1.3232782353e+02
+1.7967125737e+02, -1.3376141067e+02
+1.7775962031e+02, -1.3517035240e+02
+1.7585375317e+02, -1.3655519439e+02
+1.7395344897e+02, -1.3791645648e+02
+1.7205851104e+02, -1.3925463441e+02
+1.7016875233e+02, -1.4057020133e+02
+1.6828399473e+02, -1.4186360919e+02
+1.6640406850e+02, -1.4313529006e+02
+1.6452881177e+02, -1.4438565734e+02
+1.6265806996e+02, -1.4561510678e+02
+1.6079169541e+02, -1.4682401758e+02
+1.5892954690e+02, -1.4801275328e+02
+1.5707148927e+02, -1.4918166265e+02
+1.5521739309e+02, -1.5033108049e+02
+1.5336713429e+02, -1.5146132835e+02
+1.5152059387e+02, -1.5257271527e+02
+1.4967765761e+02, -1.5366553842e+02
+1.4783821580e+02, -1.5474008367e+02
+1.4600216299e+02, -1.5579662619e+02
+1.4416939776e+02, -1.5683543096e+02
+1.4233982253e+02, -1.5785675325e+02
+1.4051334330e+02, -1.5886083912e+02
+1.3868986950e+02, -1.5984792580e+02
+1.3686931384e+02, -1.6081824213e+02
+1.3505159208e+02, -1.6177200893e+02
+1.3323662292e+02, -1.6270943937e+02
+1.3142432785e+02, -1.6363073927e+02
+1.2961463100e+02, -1.6453610745e+02
+1.2780745901e+02, -1.6542573601e+02
+1.2600274095e+02, -1.6629981061e+02
+1.2420040813e+02, -1.6715851076e+02
+1.2240039406e+02, -1.6800201003e+02
+1.2060263434e+02, -1.6883047630e+02
+1.1880706652e+02, -1.6964407202e+02
+1.1701363007e+02, -1.7044295436e+02
+1.1522226623e+02, -1.7122727545e+02
+1.1343291800e+02, -1.7199718254e+02
+1.1164553000e+02, -1.7275281821e+02
+1.0986004844e+02, -1.7349432054e+02
+1.0807642104e+02, -1.7422182323e+02
+1.0629459696e+02, -1.7493545579e+02
+1.0451452671e+02, -1.7563534369e+02
+1.0273616217e+02, -1.7632160846e+02
+1.0095945646e+02, -1.7699436785e+02
+9.9184363894e+01, -1.7765373596e+02
+9.7410839982e+01, -1.7829982333e+02
+9.5638841328e+01, -1.7893273710e+02
+9.3868325607e+01, -1.7955258105e+02
+9.2099251516e+01, -1.8015945577e+02
+9.0331578734e+01, -1.8075345871e+02
+8.8565267883e+01, -1.8133468430e+02
+8.6800280486e+01, -1.8190322402e+02
+8.5036578934e+01, -1.8245916651e+02
+8.3274126451e+01, -1.8300259763e+02
+8.1512887056e+01, -1.8353360053e+02
+7.9752825536e+01, -1.8405225575e+02
+7.7993907415e+01, -1.8455864127e+02
+7.6236098921e+01, -1.8505283258e+02
+7.4479366959e+01, -1.8553490274e+02
+7.2723679087e+01, -1.8600492247e+02
+7.0969003485e+01, -1.8646296016e+02
+6.9215308934e+01, -1.8690908197e+02
+6.7462564788e+01, -1.8734335187e+02
+6.5710740955e+01, -1.8776583165e+02
+6.3959807869e+01, -1.8817658105e+02
+6.2209736476e+01, -1.8857565774e+02
+6.0460498205e+01, -1.8896311737e+02
+5.8712064954e+01, -1.8933901364e+02
+5.6964409066e+01, -1.8970339835e+02
+5.5217503314e+01, -1.9005632138e+02
+5.3471320879e+01, -1.9039783078e+02
+5.1725835338e+01, -1.9072797278e+02
+4.9981020639e+01, -1.9104679185e+02
+4.8236851091e+01, -1.9135433070e+02
+4.6493301347e+01, -1.9165063031e+02
+4.4750346383e+01, -1.9193573000e+02
+4.3007961490e+01, -1.9220966740e+02
+4.1266122256e+01, -1.9247247854e+02
+3.9524804550e+01, -1.9272419781e+02
+3.7783984510e+01, -1.9296485803e+02
+3.6043638529e+01, -1.9319449044e+02
+3.4303743244e+01, -1.9341312477e+02
+3.2564275516e+01, -1.9362078920e+02
+3.0825212426e+01, -1.9381751040e+02
+2.9086531255e+01, -1.9400331358e+02
+2.7348209479e+01, -1.9417822245e+02
+2.5610224748e+01, -1.9434225930e+02
+2.3872554885e+01, -1.9449544495e+02
+2.2135177865e+01, -1.9463779881e+02
+2.0398071808e+01, -1.9476933887e+02
+1.8661214968e+01, -1.9489008172e+02
+1.6924585721e+01, -1.9500004255e+02
+1.5188162554e+01, -1.9509923518e+02
+1.3451924055e+01, -1.9518767206e+02
+1.1715848901e+01, -1.9526536425e+02
+9.9799158500e+00, -1.9533232148e+02
+8.2441037276e+00, -1.9538855211e+02
+6.5083914182e+00, -1.9543406316e+02
+4.7727578547e+00, -1.9546886031e+02
+3.0371820081e+00, -1.9549294789e+02
+1.3016428770e+00, -1.9550632891e+02
-4.3388052202e-01, -1.9550900503e+02
-2.1694091648e+00, -1.9550097659e+02
-3.9049640299e+00, -1.9548224258e+02
-5.6405661083e+00, -1.9545280067e+02
-7.3762364140e+00, -1.9541264719e+02
-9.1119959937e+00, -1.9536177715e+02
-1.0847865938e+01, -1.9530018418e+02
-1.2583867389e+01, -1.9522786060e+02
-1.4320021555e+01, -1.9514479737e+02
-1.6056349718e+01, -1.9505098408e+02
-1.7792873242e+01, -1.9494640899e+02
-1.9529613590e+01, -1.9483105896e+02
-2.1266592328e+01, -1.9470491950e+02
-2.3003831140e+01, -1.9456797470e+02
-2.4741351838e+01, -1.9442020728e+02
-2.6479176373e+01, -1.9426159855e+02
-2.8217326843e+01, -1.9409212838e+02
-2.9955825513e+01, -1.9391177522e+02
-3.1694694816e+01, -1.9372051609e+02
-3.3433957373e+01, -1.9351832652e+02
-3.5173636001e+01, -1.9330518057e+02
-3.6913753728e+01, -1.9308105082e+02
-3.8654333803e+01, -1.9284590831e+02
-4.0395399709e+01, -1.9259972257e+02
-4.2136975180e+01, -1.9234246157e+02
-4.3879084210e+01, -1.9207409170e+02
-4.5621751069e+01, -1.9179457775e+02
-4.7365000315e+01, -1.9150388291e+02
-4.9108856813e+01, -1.9120196870e+02
-5.0853345747e+01, -1.9088879497e+02
-5.2598492633e+01, -1.9056431988e+02
-5.4344323342e+01, -1.9022849985e+02
-5.6090864108e+01, -1.8988128953e+02
-5.7838141551e+01, -1.8952264178e+02
-5.9586182691e+01, -1.8915250764e+02
-6.1335014968e+01, -1.8877083628e+02
-6.3084666258e+01, -1.8837757496e+02
-6.4835164896e+01, -1.8797266900e+02
-6.6586539692e+01, -1.8755606174e+02
-6.8338819954e+01, -1.8712769450e+02
-7.0092035507e+01, -1.8668750650e+02
-7.1846216717e+01, -1.8623543488e+02
-7.3601394515e+01, -1.8577141458e+02
-7.5357600416e+01, -1.8529537833e+02
-7.7114866549e+01, -1.8480725658e+02
-7.8873225678e+01, -1.8430697745e+02
-8.0632711233e+01, -1.8379446667e+02
-8.2393357335e+01, -1.8326964752e+02
-8.4155198826e+01, -1.8273244074e+02
-8.5918271297e+01, -1.8218276449e+02
-8.7682611123e+01, -1.8162053429e+02
-8.9448255493e+01, -1.8104566288e+02
-9.1215242444e+01, -1.8045806024e+02
-9.2983610900e+01, -1.7985763340e+02
-9.4753400706e+01, -1.7924428644e+02
-9.6524652668e+01, -1.7861792035e+02
-9.8297408594e+01, -1.7797843296e+02
-1.0007171134e+02, -1.7732571882e+02
-1.0184760484e+02, -1.7665966911e+02
-1.0362513419e+02, -1.7598017152e+02
-1.0540434564e+02, -1.7528711014e+02
-1.0718528671e+02, -1.7458036534e+02
-1.0896800619e+02, -1.7385981365e+02
-1.1075255422e+02, -1.7312532759e+02
-1.1253898237e+02, -1.7237677557e+02
-1.1432734366e+02, -1.7161402172e+02
-1.1611769267e+02, -1.7083692575e+02
-1.1791008559e+02, -1.7004534274e+02
-1.1970458027e+02, -1.6923912304e+02
-1.2150123636e+02, -1.6841811201e+02
-1.2330011532e+02, -1.6758214988e+02
-1.2510128058e+02, -1.6673107151e+02
-1.2690479758e+02, -1.6586470619e+02
-1.2871073389e+02, -1.6498287743e+02
-1.3051915929e+02, -1.6408540267e+02
-1.3233014593e+02, -1.6317209305e+02
-1.3414376840e+02, -1.6224275317e+02
-1.3596010387e+02, -1.6129718072e+02
-1.3777923224e+02, -1.6033516627e+02
-1.3960123625e+02, -1.5935649286e+02
-1.4142620165e+02, -1.5836093571e+02
-1.4325421735e+02, -1.5734826182e+02
-1.4508537561e+02, -1.5631822962e+02
-1.4691977220e+02, -1.5527058848e+02
-1.4875750658e+02, -1.5420507834e+02
-1.5059868218e+02, -1.5312142919e+02
-1.5244340653e+02, -1.5201936058e+02
-1.5429179157e+02, -1.5089858106e+02
-1.5614395388e+02, -1.4975878761e+02
-1.5800001494e+02, -1.4859966502e+02
-1.5986010149e+02, -1.4742088518e+02
-1.6172434575e+02, -1.4622210643e+02
-1.6359288588e+02, -1.4500297271e+02
-1.6546586627e+02, -1.4376311276e+02
-1.6734343799e+02, -1.4250213924e+02
-1.6922575919e+02, -1.4121964768e+02
-1.7111299562e+02, -1.3991521552e+02
-1.7300532113e+02, -1.3858840088e+02
-1.7490291823e+02, -1.3723874139e+02
-1.7680597869e+02, -1.3586575279e+02
-1.7871470424e+02, -1.3446892748e+02
-1.8062930730e+02, -1.3304773294e+02
-1.8255001177e+02, -1.3160160992e+02
-1.8447705389e+02, -1.3012997060e+02
-1.8641068329e+02, -1.2863219645e+02
-1.8835116398e+02, -1.2710763589e+02
-1.9029877558e+02, -1.2555560180e+02
-1.9225381462e+02, -1.2397536870e+02
-1.9421659598e+02, -1.2236616960e+02
-1.9618745456e+02, -1.2072719261e+02
-1.9816674703e+02, -1.1905757706e+02
-2.0015485390e+02, -1.1735640924e+02
-2.0215218176e+02, -1.1562271764e+02
-2.0415916587e+02, -1.1385546754e+02
-2.0617627302e+02, -1.1205355498e+02
-2.0820400481e+02, -1.1021579998e+02
-2.1024290141e+02, -1.0834093876e+02
-2.1229354576e+02, -1.0642761496e+02
-2.1435656847e+02, -1.0447436961e+02
-2.1643265345e+02, -1.0247962959e+02
-2.1852254437e+02, -1.0044169435e+02
-2.2062705224e+02, -9.8358720545e+01
-2.2274706420e+02, -9.6228704096e+01
-2.2488355393e+02, -9.4049459245e+01
-2.2703759387e+02, -9.1818593847e+01
-2.2921036987e+02, -8.9533480084e+01
-2.3140319864e+02, -8.7191219486e+01
-2.3361754893e+02, -8.4788600838e+01
-2.3585506733e+02, -8.2322049088e+01
-2.3811760994e+02, -7.9787562759e+01
-2.4040728183e+02, -7.7180636497e+01
-2.4272648653e+02, -7.4496164136e+01
-2.4507798915e+02, -7.1728315849e+01
-2.4746499774e+02, -6.8870380271e+01
-2.4989127011e+02, -6.5914558367e+01
-2.5236125638e+02, -6.2851689463e+01
-2.5488029338e+02, -5.9670879559e+01
-2.9908469893e+02, +1.0751308911e+02
-3.0253756133e+02, +1.0559803852e+02
-3.7228739705e+02, +7.8057754774e+01
-3.6802596457e+02, +7.9157982177e+01
-3.1330016089e+02, +9.9923575697e+01
-3.1702462255e+02, +9.8073283119e+01
-3.2081713035e+02, +9.6253133634e+01
-3.2467644278e+02, +9.4469037816e+01
-3.2860089287e+02, +9.2726785423e+01
-3.3258969325e+02, +9.1031788851e+01
-3.3666377193e+02, +8.9392932336e+01
-3.3461020170e+02, +9.0203688394e+01
-3.3058695759e+02, +9.1873146145e+01
           NaN, -7.6748590776e+02
           NaN, -7.9116901027e+02
           NaN, -8.1386954716e+02
           NaN, -8.3562031003e+02
           NaN, -8.5645342223e+02
           NaN, -8.7640045623e+02
           NaN, -8.9549249487e+02
           NaN, -9.1376015775e+02
           NaN, -9.3123360184e+02
           NaN, -9.4794250169e+02
           NaN, -9.6391602366e+02
           NaN, -9.7918278987e+02
           NaN, -9.9377084290e+02
           NaN, -1.0077076069e+03
           NaN, -1.0210198559e+03
           NaN, -1.0337336795e+03
           NaN, -1.0458744576e+03
           NaN, -1.0574668358e+03
           NaN, -1.0685347075e+03
-2.2212867698e+02, +1.5488406165e+02
           NaN, -1.0891886667e+03
-2.1736750312e+02, +1.5773116341e+02
-2.1501198345e+02, +1.5912443821e+02
-2.1267226424e+02, +1.6049782214e+02
-2.1034770822e+02, +1.6185153832e+02
-2.0803771205e+02, +1.6318581114e+02
-2.0574170411e+02, +1.6450086520e+02
-2.0345914243e+02, +1.6579692459e+02
-2.0118951280e+02, +1.6707421216e+02
-1.9893232697e+02, +1.6833294899e+02
-1.9668712104e+02, +1.6957335388e+02
-1.9445345394e+02, +1.7079564300e+02
-1.9223090597e+02, +1.7200002955e+02
-1.9001907751e+02, +1.7318672349e+02
-1.8781758781e+02, +1.7435593135e+02
-1.8562607382e+02, +1.7550785608e+02
-1.8344418917e+02, +1.7664269687e+02
-1.8127160316e+02, +1.7776064912e+02
-1.7910799984e+02, +1.7886190433e+02
-1.7695307718e+02, +1.7994665007e+02
-1.7480654625e+02, +1.8101506996e+02
-1.7266813049e+02, +1.8206734367e+02
-1.7053756502e+02, +1.8310364690e+02
-1.6841459598e+02, +1.8412415143e+02
-1.6629897994e+02, +1.8512902514e+02
-1.6419048331e+02, +1.8611843205e+02
           NaN, -1.2391442557e+03
           NaN, -1.2421579751e+03
-1.5790551110e+02, +1.8899543513e+02
           NaN, -1.2478223162e+03
-1.5374724211e+02, +1.9083894074e+02
-1.5167704609e+02, +1.9173878112e+02
-1.4961256986e+02, +1.9262419902e+02
           NaN, -1.2578507619e+03
           NaN, -1.2601155620e+03
           NaN, -1.2622922566e+03
           NaN, -1.2643848665e+03
           NaN, -1.2663972077e+03
           NaN, -1.2683329038e+03
           NaN, -1.2701953929e+03
           NaN, -1.2719879410e+03
           NaN, -1.2737136482e+03
           NaN, -1.2753754587e+03
           NaN, -1.2769761662e+03
           NaN, -1.2785184273e+03
           NaN, -1.2800047636e+03
           NaN, -1.2814375705e+03
           NaN, -1.2828191237e+03
           NaN, -1.2841515872e+03
           NaN, -1.2854370151e+03
           NaN, -1.2866773633e+03
           NaN, -1.2878744890e+03
           NaN, -1.2890301575e+03
           NaN, -1.2901460510e+03
           NaN, -1.2912237673e+03
           NaN, -1.2922648266e+03
           NaN, -1.2932706772e+03
           NaN, -1.2942426983e+03
           NaN, -1.2951822003e+03
           NaN, -1.2960904338e+03
           NaN, -1.2969685901e+03
           NaN, -1.2978178031e+03
           NaN, -1.2986391568e+03
           NaN, -1.2994336812e+03
           NaN, -1.3002023601e+03
           NaN, -1.3009461338e+03
           NaN, -1.3016658989e+03
           NaN, -1.3023625105e+03
           NaN, -1.3030367873e+03
           NaN, -1.3036895111e+03
           NaN, -1.3043214273e+03
           NaN, -1.3049332534e+03
           NaN, -1.3055256712e+03
           NaN, -1.3060993368e+03
           NaN, -1.3066548755e+03
           NaN, -1.3071928896e+03
           NaN, -1.3077139548e+03
           NaN, -1.3082186238e+03
           NaN, -1.3087074251e+03
           NaN, -1.3091808702e+03
           NaN, -1.3096394472e+03
           NaN, -1.3100836255e+03
           NaN, -1.3105138596e+03
           NaN, -1.3109305831e+03
           NaN, -1.3113342148e+03
           NaN, -1.3117251587e+03
           NaN, -1.3121038042e+03
           NaN, -1.3124705276e+03
           NaN, -1.3128256896e+03
           NaN, -1.3131696426e+03
           NaN, -1.3135027227e+03
           NaN, -1.3138252581e+03
           NaN, -1.3141375667e+03
           NaN, -1.3144399525e+03
           NaN, -1.3147327143e+03
           NaN, -1.3150161395e+03
           NaN, -1.3152905059e+03
           NaN, -1.3155560868e+03
           NaN, -1.3158131430e+03
           NaN, -1.3160619309e+03
           NaN, -1.3163026984e+03
           NaN, -1.3165356864e+03
           NaN, -1.3167611287e+03
           NaN, -1.3169792535e+03
           NaN, -1.3171902838e+03
           NaN, -1.3173944340e+03
           NaN, -1.3175919140e+03
           NaN, -1.3177829289e+03
           NaN, -1.3179676760e+03
           NaN, -1.3181463480e+03
           NaN, -1.3183191335e+03
           NaN, -1.3184862149e+03
           NaN, -1.3186477685e+03
           NaN, -1.3188039661e+03
           NaN, -1.3189549734e+03
           NaN, -1.3191009515e+03
           NaN, -1.3192420559e+03
           NaN, -1.3193784364e+03
           NaN, -1.3195102371e+03
           NaN, -1.3196375972e+03
           NaN, -1.3197606483e+03
           NaN, -1.3198795146e+03
           NaN, -1.3199943195e+03
           NaN, -1.3201051737e+03
           NaN, -1.3202121838e+03
           NaN, -1.3203154475e+03
           NaN, -1.3204150572e+03
           NaN, -1.3205110945e+03
           NaN, -1.3206036345e+03
           NaN, -1.3206927409e+03
           NaN, -1.3207784700e+03
           NaN, -1.3208608663e+03
           NaN, -1.3209399649e+03
           NaN, -1.3210157879e+03
           NaN, -1.3210883462e+03
           NaN, -1.3211576366e+03
           NaN, -1.3212236424e+03
           NaN, -1.3212863319e+03
           NaN, -1.3213456569e+03
           NaN, -1.3214015547e+03
           NaN, -1.3214539404e+03
           NaN, -1.3215027118e+03
           NaN, -1.3215477480e+03
           NaN, -1.3215889014e+03
           NaN, -1.3216260040e+03
           NaN, -1.3216588618e+03
           NaN, -1.3216872511e+03
           NaN, -1.3217109244e+03
           NaN, -1.3217295980e+03
           NaN, -1.3217429585e+03
           NaN, -1.3217506548e+03
           NaN, -1.3217522983e+03
           NaN, -1.3217474626e+03
           NaN, -1.3217356731e+03
           NaN, -1.3217164140e+03
           NaN, -1.3216891161e+03
           NaN, -1.3216531595e+03
           NaN, -1.3216078675e+03
           NaN, -1.3215525033e+03
           NaN, -1.3214862640e+03
           NaN, -1.3214082815e+03
           NaN, -1.3213176102e+03
           NaN, -1.3212132291e+03
           NaN, -1.3210940324e+03
           NaN, -1.3209588249e+03
           NaN, -1.3208063164e+03
           NaN, -1.3206351157e+03
-2.9187976508e+02, -5.3367357213e+00
-2.8620641734e+02, -1.4704574460e+01
-2.8190644736e+02, -2.1530342676e+01
-2.7815917290e+02, -2.7295412467e+01
-2.7473803262e+02, -3.2415627766e+01
-2.7153994842e+02, -3.7082866792e+01
-2.6850729556e+02, -4.1405765110e+01
-2.6560383947e+02, -4.5453438390e+01
-2.6280497267e+02, -4.9273343757e+01
-2.6009304650e+02, -5.2899875089e+01
-2.5745487596e+02, -5.6358985002e+01
-2.5488029338e+02, -5.9670879559e+01
-2.5236125638e+02, -6.2851689463e+01
-2.4989127011e+02, -6.5914558367e+01
-2.4746499774e+02, -6.8870380271e+01
-2.4507798915e+02, -7.1728315849e+01
-2.4272648653e+02, -7.4496164136e+01
-2.4040728183e+02, -7.7180636497e+01
-2.3811760994e+02, -7.9787562759e+01
-2.3585506733e+02, -8.2322049088e+01
-2.3361754893e+02, -8.4788600838e+01
-2.3140319864e+02, -8.7191219486e+01
-2.2921036987e+02, -8.9533480084e+01
-2.2703759387e+02, -9.1818593847e+01
-2.2488355393e+02, -9.4049459245e+01
-2.2274706420e+02, -9.6228704096e+01
-2.2062705224e+02, -9.8358720545e+01
-2.1852254437e+02, -1.0044169435e+02
-2.1643265345e+02, -1.0247962959e+02
-2.1435656847e+02, -1.0447436961e+02
-2.1229354576e+02, -1.0642761496e+02
-2.1024290141e+02, -1.0834093876e+02
-2.0820400481e+02, -1.1021579998e+02
-2.0617627302e+02, -1.1205355498e+02
-2.0415916587e+02, -1.1385546754e+02
-2.0215218176e+02, -1.1562271764e+02
-2.0015485390e+02, -1.1735640924e+02
-1.9816674703e+02, -1.1905757706e+02
-1.9618745456e+02, -1.2072719261e+02
-1.9421659598e+02, -1.2236616960e+02
-1.9225381462e+02, -1.2397536870e+02
-1.9029877558e+02, -1.2555560180e+02
-1.8835116398e+02, -1.2710763589e+02
-1.8641068329e+02, -1.2863219645e+02
-1.8447705389e+02, -1.3012997060e+02
-1.8255001177e+02, -1.3160160992e+02
-1.8062930730e+02, -1.3304773294e+02
-1.7871470424e+02, -1.3446892748e+02
-1.7680597869e+02, -1.3586575279e+02
-1.7490291823e+02, -1.3723874139e+02
-1.7300532113e+02, -1.3858840088e+02
-1.7111299562e+02, -1.3991521552e+02
-1.6922575919e+02, -1.4121964768e+02
-1.6734343799e+02, -1.4250213924e+02
-1.6546586627e+02, -1.4376311276e+02
-1.6359288588e+02, -1.4500297271e+02
-1.6172434575e+02, -1.4622210643e+02
-1.5986010149e+02, -1.4742088518e+02
-1.5800001494e+02, -1.4859966502e+02
-1.5614395388e+02, -1.4975878761e+02
-1.5429179157e+02, -1.5089858106e+02
-1.5244340653e+02, -1.5201936058e+02
-1.5059868218e+02, -1.5312142919e+02
-1.4875750658e+02, -1.5420507834e+02
-1.4691977220e+02, -1.5527058848e+02
-1.4508537561e+02, -1.5631822962e+02
-1.4325421735e+02, -1.5734826182e+02
-1.4142620165e+02, -1.5836093571e+02
-1.3960123625e+02, -1.5935649286e+02
-1.3777923224e+02, -1.6033516627e+02
-1.3596010387e+02, -1.6129718072e+02
-1.3414376840e+02, -1.6224275317e+02
-1.3233014593e+02, -1.6317209305e+02
-1.3051915929e+02, -1.6408540267e+02
-1.2871073389e+02, -1.6498287743e+02
-1.2690479758e+02, -1.6586470619e+02
-1.2510128058e+02, -1.6673107151e+02
-1.2330011532e+02, -1.6758214988e+02
-1.2150123636e+02, -1.6841811201e+02
-1.1970458027e+02, -1.6923912304e+02
-1.1791008559e+02, -1.7004534274e+02
-1.1611769267e+02, -1.7083692575e+02
-1.1432734366e+02, -1.7161402172e+02
-1.1253898237e+02, -1.7237677557e+02
-1.1075255422e+02, -1.7312532759e+02
-1.0896800619e+02, -1.7385981365e+02
-1.0718528671e+02, -1.7458036534e+02
-1.0540434564e+02, -1.7528711014e+02
-1.0362513419e+02, -1.7598017152e+02
-1.0184760484e+02, -1.7665966911e+02
-1.0007171134e+02, -1.7732571882e+02
-9.8297408594e+01, -1.7797843296e+02
-9.6524652668e+01, -1.7861792035e+02
-9.4753400706e+01, -1.7924428644e+02
-9.2983610900e+01, -1.7985763340e+02
-9.1215242444e+01, -1.8045806024e+02
-8.9448255493e+01, -1.8104566288e+02
-8.7682611123e+01, -1.8162053429e+02
-8.5918271297e+01, -1.8218276449e+02
-8.4155198826e+01, -1.8273244074e+02
-8.2393357335e+01, -1.8326964752e+02
-8.0632711233e+01, -1.8379446667e+02
-7.8873225678e+01, -1.8430697745e+02
-7.7114866549e+01, -1.8480725658e+02
-7.5357600416e+01, -1.8529537833e+02
-7.3601394515e+01, -1.8577141458e+02
-7.1846216717e+01, -1.8623543488e+02
-7.0092035507e+01, -1.8668750650e+02
-6.8338819954e+01, -1.8712769450e+02
-6.6586539692e+01, -1.8755606174e+02
-6.4835164896e+01, -1.8797266900e+02
-6.3084666258e+01, -1.8837757496e+02
-6.1335014968e+01, -1.8877083628e+02
-5.9586182691e+01, -1.8915250764e+02
-5.7838141551e+01, -1.8952264178e+02
-5.6090864108e+01, -1.8988128953e+02
-5.4344323342e+01, -1.9022849985e+02
-5.2598492633e+01, -1.9056431988e+02
-5.0853345747e+01, -1.9088879497e+02
-4.9108856813e+01, -1.9120196870e+02
-4.7365000315e+01, -1.9150388291e+02
-4.5621751069e+01, -1.9179457775e+02
-4.3879084210e+01, -1.9207409170e+02
-4.2136975180e+01, -1.9234246157e+02
-4.0395399709e+01, -1.9259972257e+02
-3.8654333803e+01, -1.9284590831e+02
-3.6913753728e+01, -1.9308105082e+02
-3.5173636001e+01, -1.9330518057e+02
-3.3433957373e+01, -1.9351832652e+02
-3.1694694816e+01, -1.9372051609e+02
-2.9955825513e+01, -1.9391177522e+02
-2.8217326843e+01, -1.9409212838e+02
-2.6479176373e+01, -1.9426159855e+02
-2.4741351838e+01, -1.9442020728e+02
-2.3003831140e+01, -1.9456797470e+02
-2.1266592328e+01, -1.9470491950e+02
-1.9529613590e+01, -1.9483105896e+02
-1.7792873242e+01, -1.9494640899e+02
-1.6056349718e+01, -1.9505098408e+02
-1.4320021555e+01, -1.9514479737e+02
-1.2583867389e+01, -1.9522786060e+02
-1.0847865938e+01, -1.9530018418e+02
-9.1119959937e+00, -1.9536177715e+02
-7.3762364140e+00, -1.9541264719e+02
-5.6405661083e+00, -1.9545280067e+02
-3.9049640299e+00, -1.9548224258e+02
-2.1694091648e+00, -1.9550097659e+02
-4.3388052202e-01, -1.9550900503e+02
+1.3016428770e+00, -1.9550632891e+02
+3.0371820081e+00, -1.9549294789e+02
+4.7727578547e+00, -1.9546886031e+02
+6.5083914182e+00, -1.9543406316e+02
+8.2441037276e+00, -1.9538855211e+02
+9.9799158500e+00, -1.9533232148e+02
+1.1715848901e+01, -1.9526536425e+02
+1.3451924055e+01, -1.9518767206e+02
+1.5188162554e+01, -1.9509923518e+02
+1.6924585721e+01, -1.9500004255e+02
+1.8661214968e+01, -1.9489008172e+02
+2.0398071808e+01, -1.9476933887e+02
+2.2135177865e+01, -1.9463779881e+02
+2.3872554885e+01, -1.9449544495e+02
+2.5610224748e+01, -1.9434225930e+02
+2.7348209479e+01, -1.9417822245e+02
+2.9086531255e+01, -1.9400331358e+02
+3.0825212426e+01, -1.9381751040e+02
+3.2564275516e+01, -1.9362078920e+02
+3.4303743244e+01, -1.9341312477e+02
+3.6043638529e+01, -1.9319449044e+02
+3.7783984510e+01, -1.9296485803e+02
+3.9524804550e+01, -1.9272419781e+02
+4.1266122256e+01, -1.9247247854e+02
+4.3007961490e+01, -1.9220966740e+02
+4.4750346383e+01, -1.9193573000e+02
+4.6493301347e+01, -1.9165063031e+02
+4.8236851091e+01, -1.9135433070e+02
+4.9981020639e+01, -1.9104679185e+02
+5.1725835338e+01, -1.9072797278e+02
+5.3471320879e+01, -1.9039783078e+02
+5.5217503314e+01, -1.9005632138e+02
+5.6964409066e+01, -1.8970339835e+02
+5.8712064954e+01, -1.8933901364e+02
+6.0460498205e+01, -1.8896311737e+02
+6.2209736476e+01, -1.8857565774e+02
+6.3959807869e+01, -1.8817658105e+02
+6.5710740955e+01, -1.8776583165e+02
+6.7462564788e+01, -1.8734335187e+02
+6.9215308934e+01, -1.8690908197e+02
+7.0969003485e+01, -1.8646296016e+02
+7.2723679087e+01, -1.8600492247e+02
+7.4479366959e+01, -1.8553490274e+02
+7.6236098921e+01, -1.8505283258e+02
+7.7993907415e+01, -1.8455864127e+02
+7.9752825536e+01, -1.8405225575e+02
+8.1512887056e+01, -1.8353360053e+02
+8.3274126451e+01, -1.8300259763e+02
+8.5036578934e+01, -1.8245916651e+02
+8.6800280486e+01, -1.8190322402e+02
+8.8565267883e+01, -1.8133468430e+02
+9.0331578734e+01, -1.8075345871e+02
+9.2099251516e+01, -1.8015945577e+02
+9.3868325607e+01, -1.7955258105e+02
+9.5638841328e+01, -1.7893273710e+02
+9.7410839982e+01, -1.7829982333e+02
+9.9184363894e+01, -1.7765373596e+02
+1.0095945646e+02, -1.7699436785e+02
+1.0273616217e+02, -1.7632160846e+02
+1.0451452671e+02, -1.7563534369e+02
+1.0629459696e+02, -1.7493545579e+02
+1.0807642104e+02, -1.7422182323e+02
+1.0986004844e+02, -1.7349432054e+02
+1.1164553000e+02, -1.7275281821e+02
+1.1343291800e+02, -1.7199718254e+02
+1.1522226623e+02, -1.7122727545e+02
+1.1701363007e+02, -1.7044295436e+02
+1.1880706652e+02, -1.6964407202e+02
+1.2060263434e+02, -1.6883047630e+02
+1.2240039406e+02, -1.6800201003e+02
+1.2420040813e+02, -1.6715851076e+02
+1.2600274095e+02, -1.6629981061e+02
+1.2780745901e+02, -1.6542573601e+02
+1.2961463100e+02, -1.6453610745e+02
+1.3142432785e+02, -1.6363073927e+02
+1.3323662292e+02, -1.6270943937e+02
+1.3505159208e+02, -1.6177200893e+02
+1.3686931384e+02, -1.6081824213e+02
+1.3868986950e+02, -1.5984792580e+02
+1.4051334330e+02, -1.5886083912e+02
+1.4233982253e+02, -1.5785675325e+02
+1.4416939776e+02, -1.5683543096e+02
+1.4600216299e+02, -1.5579662619e+02
+1.4783821580e+02, -1.5474008367e+02
+1.4967765761e+02, -1.5366553842e+02
+1.5152059387e+02, -1.5257271527e+02
+1.5336713429e+02, -1.5146132835e+02
+1.5521739309e+02, -1.5033108049e+02
+1.5707148927e+02, -1.4918166265e+02
+1.5892954690e+02, -1.4801275328e+02
+1.6079169541e+02, -1.4682401758e+02
+1.6265806996e+02, -1.4561510678e+02
+1.6452881177e+02, -1.4438565734e+02
+1.6640406850e+02, -1.4313529006e+02
+1.6828399473e+02, -1.4186360919e+02
+1.7016875233e+02, -1.4057020133e+02
+1.7205851104e+02, -1.3925463441e+02
+1.7395344897e+02, -1.3791645648e+02
+1.7585375317e+02, -1.3655519439e+02
+1.7775962031e+02, -1.3517035240e+02
+1.7967125737e+02, -1.3376141067e+02
+1.8158888239e+02, -1.3232782353e+02
+1.8351272535e+02, -1.3086901771e+02
+1.8544302903e+02, -1.2938439030e+02
+1.8738005013e+02, -1.2787330655e+02
+1.8932406030e+02, -1.2633509744e+02
+1.9127534744e+02, -1.2476905705e+02
+1.9323421707e+02, -1.2317443954e+02
+1.9520099386e+02, -1.2155045594e+02
+1.9717602336e+02, -1.1989627046e+02
+1.9915967390e+02, -1.1821099649e+02
+2.0115233871e+02, -1.1649369204e+02
+2.0315443839e+02, -1.1474335470e+02
+2.0516642357e+02, -1.1295891595e+02
+2.0718877803e+02, -1.1113923471e+02
+2.0922202214e+02, -1.0928309014e+02
+2.1126671688e+02, -1.0738917333e+02
+2.1332346840e+02, -1.0545607797e+02
+2.1539293318e+02, -1.0348228956e+02
+2.1747582416e+02, -1.0146617304e+02
+2.1957291764e+02, -9.9405958528e+01
+2.2168506151e+02, -9.7299724733e+01
+2.2381318479e+02, -9.5145379574e+01
+2.2595830886e+02, -9.2940637450e+01
+2.2812156087e+02, -9.0682992367e+01
+2.3030418970e+02, -8.8369685961e+01
+2.3250758519e+02, -8.5997669162e+01
+2.3473330144e+02, -8.3563555874e+01
+2.3698308540e+02, -8.1063566493e+01
+2.3925891216e+02, -7.8493458379e+01
+2.4156302908e+02, -7.5848439330e+01
+2.4389801158e+02, -7.3123058642e+01
+2.4626683469e+02, -7.0311068099e+01
+2.4867296603e+02, -6.7405241952e+01
+2.5112048896e+02, -6.4397139842e+01
+2.5361426861e+02, -6.1276788569e+01
+2.9738274350e+02, +1.0847236152e+02
+3.0080289878e+02, +1.0655479957e+02
+3.7441917375e+02, +7.7530039784e+01
+3.7015614923e+02, +7.8600309612e+01
+2.6704115890e+02, -4.3460658890e+01
+3.1515383344e+02, +9.8995030214e+01
+3.1891243384e+02, +9.7159070681e+01
+3.2273853589e+02, +9.5356211769e+01
+3.2663062859e+02, +9.3592330389e+01
+3.3058714786e+02, +9.1873065276e+01
+3.3461039554e+02, +9.0203610040e+01
+2.6419256243e+02, -4.7389473050e+01
+3.3258950138e+02, +9.1031868503e+01
+3.2467625709e+02, +9.4469121980e+01
           NaN, -7.5526541988e+02
           NaN, -7.7945235995e+02
           NaN, -8.0264003252e+02
           NaN, -8.2486162846e+02
           NaN, -8.4614958719e+02
           NaN, -8.6653574531e+02
           NaN, -8.8605142551e+02
           NaN, -9.0472747763e+02
           NaN, -9.2259429100e+02
           NaN, -9.3968178451e+02
           NaN, -9.5601938296e+02
           NaN, -9.7163598446e+02
           NaN, -9.8655992668e+02
           NaN, -1.0008189469e+03
           NaN, -1.0144401488e+03
           NaN, -1.0274499677e+03
           NaN, -1.0398741416e+03
           NaN, -1.0517376855e+03
           NaN, -1.0630648715e+03
           NaN, -1.0738792108e+03
           NaN, -1.0842034453e+03
+2.1855139713e+02, +1.5702699780e+02
+2.1618772701e+02, +1.5843030104e+02
+2.1384018944e+02, +1.5981360263e+02
+2.1150812930e+02, +1.6117712469e+02
+2.0919092660e+02, +1.6252109111e+02
+2.0688799410e+02, +1.6384572648e+02
+2.0459877526e+02, +1.6515125526e+02
+2.0232274221e+02, +1.6643790098e+02
+2.0005939395e+02, +1.6770588568e+02
+1.9780825460e+02, +1.6895542935e+02
+1.9556887186e+02, +1.7018674952e+02
+1.9334081550e+02, +1.7140006090e+02
+1.9112367602e+02, +1.7259557511e+02
+1.8891706341e+02, +1.7377350041e+02
+1.8672060588e+02, +1.7493404157e+02
+1.8453394885e+02, +1.7607739966e+02
+1.8235675392e+02, +1.7720377200e+02
+1.8018869786e+02, +1.7831335204e+02
+1.7802947178e+02, +1.7940632931e+02
+1.7587878031e+02, +1.8048288942e+02
+1.7373634079e+02, +1.8154321401e+02
+1.7160188258e+02, +1.8258748076e+02
+1.6947514640e+02, +1.8361586342e+02
+1.6735588366e+02, +1.8462853180e+02
           NaN, -1.2343796943e+03
           NaN, -1.2375893921e+03
           NaN, -1.2406668598e+03
           NaN, -1.2436183546e+03
           NaN, -1.2464498202e+03
+1.5478454032e+02, +1.9038356898e+02
+1.5271141817e+02, +1.9129067231e+02
+1.5064410385e+02, +1.9218328435e+02
+1.4858242291e+02, +1.9306154189e+02
           NaN, -1.2589944347e+03
           NaN, -1.2612146669e+03
           NaN, -1.2633488293e+03
           NaN, -1.2654008401e+03
           NaN, -1.2673744175e+03
           NaN, -1.2692730910e+03
           NaN, -1.2711002119e+03
           NaN, -1.2728589624e+03
           NaN, -1.2745523625e+03
           NaN, -1.2761832812e+03
           NaN, -1.2777544422e+03
           NaN, -1.2792684333e+03
           NaN, -1.2807277130e+03
           NaN, -1.2821346160e+03
           NaN, -1.2834913606e+03
           NaN, -1.2848000561e+03
           NaN, -1.2860627062e+03
           NaN, -1.2872812165e+03
           NaN, -1.2884573980e+03
           NaN, -1.2895929746e+03
           NaN, -1.2906895843e+03
           NaN, -1.2917487867e+03
           NaN, -1.2927720653e+03
           NaN, -1.2937608333e+03
           NaN, -1.2947164343e+03
           NaN, -1.2956401492e+03
           NaN, -1.2965331993e+03
           NaN, -1.2973967455e+03
           NaN, -1.2982318970e+03
           NaN, -1.2990397093e+03
           NaN, -1.2998211910e+03
           NaN, -1.3005773031e+03
           NaN, -1.3013089626e+03
           NaN, -1.3020170474e+03
           NaN, -1.3027023909e+03
           NaN, -1.3033657963e+03
           NaN, -1.3040080245e+03
           NaN, -1.3046298083e+03
           NaN, -1.3052318466e+03
           NaN, -1.3058148086e+03
           NaN, -1.3063793332e+03
           NaN, -1.3069260366e+03
           NaN, -1.3074555061e+03
           NaN, -1.3079683046e+03
           NaN, -1.3084649753e+03
           NaN, -1.3089460360e+03
           NaN, -1.3094119875e+03
           NaN, -1.3098633073e+03
           NaN, -1.3103004584e+03
           NaN, -1.3107238837e+03
           NaN, -1.3111340090e+03
           NaN, -1.3115312483e+03
           NaN, -1.3119159955e+03
           NaN, -1.3122886331e+03
           NaN, -1.3126495314e+03
           NaN, -1.3129990455e+03
           NaN, -1.3133375208e+03
           NaN, -1.3136652887e+03
           NaN, -1.3139826716e+03
           NaN, -1.3142899814e+03
           NaN, -1.3145875187e+03
           NaN, -1.3148755770e+03
           NaN, -1.3151544384e+03
           NaN, -1.3154243778e+03
           NaN, -1.3156856646e+03
           NaN, -1.3159385555e+03
           NaN, -1.3161833015e+03
           NaN, -1.3164201496e+03
           NaN, -1.3166493362e+03
           NaN, -1.3168710919e+03
           NaN, -1.3170856420e+03
           NaN, -1.3172932058e+03
           NaN, -1.3174939948e+03
           NaN, -1.3176882172e+03
           NaN, -1.3178760731e+03
           NaN, -1.3180577590e+03
           NaN, -1.3182334651e+03
           NaN, -1.3184033765e+03
           NaN, -1.3185676717e+03
           NaN, -1.3187265264e+03
           NaN, -1.3188801083e+03
           NaN, -1.3190285813e+03
           NaN, -1.3191721034e+03
           NaN, -1.3193108275e+03
           NaN, -1.3194449010e+03
           NaN, -1.3195744638e+03
           NaN, -1.3196996529e+03
           NaN, -1.3198205969e+03
           NaN, -1.3199374183e+03
           NaN, -1.3200502339e+03
           NaN, -1.3201591529e+03
           NaN, -1.3202642784e+03
           NaN, -1.3203657041e+03
           NaN, -1.3204635177e+03
           NaN, -1.3205577974e+03
           NaN, -1.3206486130e+03
           NaN, -1.3207360247e+03
           NaN, -1.3208200824e+03
           NaN, -1.3209008266e+03
           NaN, -1.3209782848e+03
           NaN, -1.3210524753e+03
           NaN, -1.3211234003e+03
           NaN, -1.3211910520e+03
           NaN, -1.3212554041e+03
           NaN, -1.3213164185e+03
           NaN, -1.3213740396e+03
           NaN, -1.3214281922e+03
           NaN, -1.3214787855e+03
           NaN, -1.3215257057e+03
           NaN, -1.3215688194e+03
           NaN, -1.3216079703e+03
           NaN, -1.3216429765e+03
           NaN, -1.3216736297e+03
           NaN, -1.3216996942e+03
           NaN, -1.3217209051e+03
           NaN, -1.3217369635e+03
           NaN, -1.3217475374e+03
           NaN, -1.3217522591e+03
           NaN, -1.3217507191e+03
           NaN, -1.3217424681e+03
           NaN, -1.3217270118e+03
           NaN, -1.3217038070e+03
           NaN, -1.3216722611e+03
           NaN, -1.3216317249e+03
           NaN, -1.3215814936e+03
           NaN, -1.3215207958e+03
           NaN, -1.3214487977e+03
           NaN, -1.3213645936e+03
           NaN, -1.3212672003e+03
           NaN, -1.3211555550e+03
           NaN, -1.3210285078e+03
           NaN, -1.3208848178e+03
           NaN, -1.3207231440e+03
           NaN, -1.3205420421e+03
