-3.6743027000e+02, -6.0020326718e-01
-3.8711569783e+02, +7.9644892905e+01
-3.8812587317e+02, -5.4621388909e-01
-3.6190454062e+02, -6.1955168140e-01
-3.8710713115e+02, +7.4512425799e+01
-3.8812587317e+02, -5.4621388909e-01
-3.9303195689e+02, -5.3643080529e-01
-3.9785396732e+02, -5.2763423218e-01
-4.0260012351e+02, -5.1967092780e-01
-4.0727740564e+02, -5.1241915547e-01
-4.1189180256e+02, -5.0578078580e-01
-4.1644849899e+02, -4.9967569786e-01
-4.2095201934e+02, -4.9403772645e-01
-4.2540634001e+02, -4.8881167418e-01
-4.2981497814e+02, -4.8395107198e-01
-4.3418106267e+02, -4.7941647575e-01
-4.3850739178e+02, -4.7517415349e-01
-4.5099259826e+02, +6.3902350820e+01
-4.5962276925e+02, -4.5745325234e-01
-4.3850739178e+02, -4.7517415349e-01
-4.5141097926e+02, +6.9387104311e+01
-4.5546195232e+02, -4.6060118856e-01
-4.5962276925e+02, -4.5745325234e-01
-4.6375581032e+02, -4.5447038593e-01
-4.6786251043e+02, -4.5163931199e-01
-4.7194419084e+02, -4.4894819371e-01
-4.7600207128e+02, -4.4638643974e-01
-4.8003728051e+02, -4.4394454039e-01
-4.8405086544e+02, -4.4161392964e-01
-4.8804379919e+02, -4.3938686794e-01
-4.9201698807e+02, -4.3725634245e-01
-4.9597127781e+02, -4.3521598162e-01
-5.0647647805e+02, +6.0099047075e+01
-5.1548523772e+02, -4.2618006596e-01
-4.9597127781e+02, -4.3521598162e-01
-5.0470481548e+02, +6.1642300142e+01
-5.1161452837e+02, -4.2784735376e-01
-5.1548523772e+02, -4.2618006596e-01
-5.1934111703e+02, -4.2457468853e-01
-5.2318271155e+02, -4.2302774785e-01
-5.2701053623e+02, -4.2153603332e-01
-5.3082507803e+02, -4.2009657232e-01
-5.3462679796e+02, -4.1870660806e-01
-5.3841613295e+02, -4.1736357990e-01
-5.4219349751e+02, -4.1606510585e-01
-5.4595928534e+02, -4.1480896683e-01
-5.4971387071e+02, -4.1359309277e-01
-5.5345760973e+02, -4.1241554996e-01
-5.6366391903e+02, +6.0863770515e+01
-5.6845415748e+02, +5.6456228846e+01
-5.3462679796e+02, -4.1870660806e-01
-5.6091388954e+02, -4.1016833854e-01
-5.7180653573e+02, +5.7867723467e+01
-5.7202494569e+02, -4.0704333873e-01
-5.7571020726e+02, -4.0606152137e-01
-5.7938669583e+02, -4.0510749589e-01
-5.8305465800e+02, -4.0418009300e-01
-5.8671433003e+02, -4.0327820951e-01
-5.9036593849e+02, -4.0240080366e-01
-5.9400970074e+02, -4.0154689078e-01
-5.9764582549e+02, -4.0071553941e-01
-6.0127451320e+02, -3.9990586764e-01
-6.0489595659e+02, -3.9911703981e-01
-6.0851034096e+02, -3.9834826347e-01
-6.1211784465e+02, -3.9759878658e-01
-6.1571863932e+02, -3.9686789487e-01
-6.1931289035e+02, -3.9615490953e-01
-6.2290075709e+02, -3.9545918494e-01
-6.3139535512e+02, +5.4647588494e+01
-6.3718933515e+02, +5.4762100312e+01
-6.6902525112e+02, -3.8774118815e-01
-6.2648239321e+02, -3.9478010664e-01
-6.3362756126e+02, -3.9346957577e-01
-6.4366971646e+02, +5.4988597226e+01
-6.4430212581e+02, -3.9161485858e-01
-6.4784931771e+02, -3.9102427824e-01
-6.5139121576e+02, -3.9044677294e-01
-6.5492793657e+02, -3.8988191974e-01
-6.5845959296e+02, -3.8932931397e-01
-6.6198629419e+02, -3.8878856824e-01
-6.6550814607e+02, -3.8825931149e-01
-6.6902525112e+02, -3.8774118815e-01
-6.7253770871e+02, -3.8723385731e-01
-6.7604561517e+02, -3.8673699198e-01
-6.7954906395e+02, -3.8625027836e-01
-6.8304814568e+02, -3.8577341518e-01
-6.8654294834e+02, -3.8530611308e-01
-6.9003355732e+02, -3.8484809398e-01
-6.9352005556e+02, -3.8439909060e-01
-6.9700252361e+02, -3.8395884586e-01
-7.0048103973e+02, -3.8352711245e-01
-7.0395567999e+02, -3.8310365232e-01
-7.0742651834e+02, -3.8268823628e-01
-7.1089362669e+02, -3.8228064356e-01
-7.1435707498e+02, -3.8188066143e-01
-7.2557155654e+02, +5.5647306165e+01
-7.2472613100e+02, -3.8072436446e-01
-7.3162173493e+02, -3.7998798282e-01
-7.4880437189e+02, -3.7825769594e-01
-7.0395567999e+02, -3.8310365232e-01
-7.2472613100e+02, -3.8072436446e-01
-7.3162173493e+02, -3.7998798282e-01
-7.3423327759e+02, +5.2796729351e+01
-7.4446132249e+02, +5.2702267845e+01
-7.4537406224e+02, -3.7859174105e-01
-7.4880437189e+02, -3.7825769594e-01
-7.5223167949e+02, -3.7792936021e-01
-7.5565603618e+02, -3.7760659395e-01
-7.5907749182e+02, -3.7728926181e-01
-7.6249609506e+02, -3.7697723277e-01
-7.6591189341e+02, -3.7667037998e-01
-7.6932493323e+02, -3.7636858061e-01
-7.7273525977e+02, -3.7607171567e-01
-7.7614291725e+02, -3.7577966988e-01
-7.7954794884e+02, -3.7549233149e-01
-7.8295039672e+02, -3.7520959219e-01
-7.8635030209e+02, -3.7493134695e-01
-7.8974770524e+02, -3.7465749390e-01
-7.9314264552e+02, -3.7438793421e-01
-7.9653516141e+02, -3.7412257199e-01
-7.9992529055e+02, -3.7386131416e-01
-8.0331306972e+02, -3.7360407037e-01
-8.0669853491e+02, -3.7335075287e-01
-8.1008172133e+02, -3.7310127645e-01
-8.1346266341e+02, -3.7285555833e-01
-8.1684139486e+02, -3.7261351807e-01
-8.2021794865e+02, -3.7237507751e-01
-8.2359235708e+02, -3.7214016064e-01
-8.2696465175e+02, -3.7190869360e-01
-8.3033486360e+02, -3.7168060454e-01
-8.3370302293e+02, -3.7145582357e-01
-8.3706915942e+02, -3.7123428272e-01
-8.4043330215e+02, -3.7101591584e-01
-8.4379547959e+02, -3.7080065856e-01
-8.4715571963e+02, -3.7058844820e-01
-8.5051404964e+02, -3.7037922377e-01
-8.5387049639e+02, -3.7017292585e-01
-8.5722508615e+02, -3.6996949660e-01
-8.6057784468e+02, -3.6976887966e-01
-8.6200739171e+02, +5.1222987121e+01
-8.7983680553e+02, +5.7496027771e+01
-8.7397106396e+02, -3.6899345765e-01
-8.7731503529e+02, -3.6880610608e-01
-8.8065731972e+02, -3.6862125758e-01
-8.8733691733e+02, -3.6825888246e-01
-8.9401003159e+02, -3.6790596906e-01
-9.1066554257e+02, -3.6706285152e-01
-8.7062538281e+02, -3.6918336060e-01
-8.8399793971e+02, -3.6843886503e-01
-8.9067427421e+02, -3.6808126505e-01
-8.9734421032e+02, -3.6773295179e-01
-9.0067683088e+02, -3.6756217159e-01
-9.0400791334e+02, -3.6739358778e-01
-9.0527164127e+02, +5.1073366852e+01
-9.2413931590e+02, +5.5399998684e+01
-9.1731725162e+02, -3.6674043647e-01
-9.2064093260e+02, -3.6658225750e-01
-9.2396318869e+02, -3.6642605025e-01
-9.2728403761e+02, -3.6627178025e-01
-9.3060349677e+02, -3.6611941381e-01
-9.3392158328e+02, -3.6596891801e-01
-9.3723831394e+02, -3.6582026067e-01
-9.4055370528e+02, -3.6567341033e-01
-9.4386777353e+02, -3.6552833624e-01
-9.4718053467e+02, -3.6538500831e-01
-9.5049200439e+02, -3.6524339713e-01
-9.5380219811e+02, -3.6510347394e-01
-9.5711113101e+02, -3.6496521060e-01
-9.6041881802e+02, -3.6482857957e-01
-9.6372527379e+02, -3.6469355392e-01
-9.6703051278e+02, -3.6456010730e-01
-9.7033454917e+02, -3.6442821391e-01
-9.7363739693e+02, -3.6429784850e-01
-9.7693906980e+02, -3.6416898635e-01
-9.8023958129e+02, -3.6404160329e-01
-9.8353894470e+02, -3.6391567560e-01
-9.8683717312e+02, -3.6379118011e-01
-9.9013427943e+02, -3.6366809410e-01
-9.9343027631e+02, -3.6354639532e-01
-9.9672517622e+02, -3.6342606198e-01
-1.0000189915e+03, -3.6330707272e-01
-1.0033117341e+03, -3.6318940665e-01
-1.0066034161e+03, -3.6307304326e-01
-1.0098940490e+03, -3.6295796249e-01
-1.0131836446e+03, -3.6284414464e-01
-1.0164722141e+03, -3.6273157043e-01
-1.0197597687e+03, -3.6262022096e-01
-1.0230463194e+03, -3.6251007770e-01
-1.0263318771e+03, -3.6240112247e-01
-1.0296164524e+03, -3.6229333746e-01
-1.0329000560e+03, -3.6218670521e-01
-1.0361826981e+03, -3.6208120859e-01
-1.0394643890e+03, -3.6197683079e-01
-1.0427451388e+03, -3.6187355533e-01
-1.0460249574e+03, -3.6177136606e-01
-1.0493038545e+03, -3.6167024711e-01
-1.0525818397e+03, -3.6157018292e-01
-1.0558589227e+03, -3.6147115824e-01
-1.0591351126e+03, -3.6137315807e-01
-1.0624104188e+03, -3.6127616773e-01
-1.0656848504e+03, -3.6118017278e-01
-1.0689584162e+03, -3.6108515906e-01
-1.0722311251e+03, -3.6099111267e-01
-1.0755029859e+03, -3.6089801997e-01
-1.0787740071e+03, -3.6080586755e-01
-1.0820441972e+03, -3.6071464227e-01
-1.0853135645e+03, -3.6062433121e-01
-1.0885821172e+03, -3.6053492169e-01
-1.0918498635e+03, -3.6044640124e-01
-1.0951168114e+03, -3.6035875764e-01
-1.0983829688e+03, -3.6027197887e-01
-1.1016483434e+03, -3.6018605312e-01
-1.1049129429e+03, -3.6010096880e-01
-1.1081767749e+03, -3.6001671452e-01
-1.1114398469e+03, -3.5993327907e-01
-1.1147021663e+03, -3.5985065147e-01
-1.1179637403e+03, -3.5976882090e-01
-1.1212245761e+03, -3.5968777675e-01
-1.1244846807e+03, -3.5960750856e-01
-1.1277440613e+03, -3.5952800610e-01
-1.1310027246e+03, -3.5944925925e-01
-1.1342606775e+03, -3.5937125812e-01
-1.1375179266e+03, -3.5929399296e-01
-1.1407744787e+03, -3.5921745418e-01
-1.1440303402e+03, -3.5914163236e-01
-1.1472855177e+03, -3.5906651824e-01
-1.1505400174e+03, -3.5899210271e-01
-1.1537938457e+03, -3.5891837680e-01
-1.1570470088e+03, -3.5884533171e-01
-1.1602995128e+03, -3.5877295877e-01
-1.1635513638e+03, -3.5870124946e-01
-1.1668025677e+03, -3.5863019539e-01
-1.1700531305e+03, -3.5855978831e-01
-1.1733030580e+03, -3.5849002011e-01
-1.1765523559e+03, -3.5842088280e-01
-1.1798010299e+03, -3.5835236853e-01
-1.1830490856e+03, -3.5828446957e-01
-1.1862965287e+03, -3.5821717831e-01
-1.1895433645e+03, -3.5815048726e-01
-1.1927895984e+03, -3.5808438906e-01
-1.1960352358e+03, -3.5801887646e-01
-1.1992802820e+03, -3.5795394232e-01
-1.2025247422e+03, -3.5788957962e-01
-1.2057686216e+03, -3.5782578143e-01
-1.2090119251e+03, -3.5776254096e-01
-1.2122546579e+03, -3.5769985150e-01
-1.2154968249e+03, -3.5763770644e-01
-1.2187384310e+03, -3.5757609930e-01
-1.2219794811e+03, -3.5751502368e-01
-1.2284599323e+03, -3.5739444187e-01
-1.2252199800e+03, -3.5745447327e-01
-1.2284599323e+03, -3.5739444187e-01
-1.2258536193e+03, +5.0409351252e+01
-1.2822434182e+03, +9.4932796179e+01
-1.2513031777e+03, +4.9920624712e+01
-1.2511246822e+03, -3.5698825256e-01
-1.2493135833e+03, +4.7453187438e+01
-1.2543604262e+03, -3.5693216082e-01
-1.2575956639e+03, -3.5687653630e-01
-1.2608303995e+03, -3.5682137364e-01
-1.2640646372e+03, -3.5676666758e-01
-1.2672983810e+03, -3.5671241295e-01
-1.2705316350e+03, -3.5665860464e-01
-1.2737644032e+03, -3.5660523761e-01
-1.2769966897e+03, -3.5655230690e-01
-1.2802284984e+03, -3.5649980763e-01
-1.2819119797e+03, +4.9387472267e+01
-1.2962967824e+03, +5.2832764862e+01
-1.2931510316e+03, -3.5629402953e-01
-1.2963805085e+03, -3.5624361650e-01
-1.2996095303e+03, -3.5619360701e-01
-1.3016698765e+03, +4.9640794653e+01
-1.3092939009e+03, -3.5604595580e-01
-1.3125211380e+03, -3.5599751682e-01
-1.3194223083e+03, +4.9417768618e+01
-1.3219229849e+03, +5.0351068832e+01
-1.3290939643e+03, +5.0397335958e+01
-1.3383235753e+03, -3.5562341870e-01
-1.3536623343e+03, +4.8346010182e+01
-1.3705398190e+03, -3.5518715683e-01
-1.4303654290e+03, +3.7623905048e+01
-1.2423961890e+03, +4.2861533562e+01
-1.2866906976e+03, -3.5639608418e-01
-1.3060662229e+03, -3.5609478099e-01
-1.3157479378e+03, -3.5594945987e-01
-1.3245289636e+03, +5.1109477005e+01
-1.3295942112e+03, +5.2300199472e+01
-1.3350997425e+03, -3.5566891378e-01
-1.3420652394e+03, +4.9246239783e+01
-1.3447700115e+03, -3.5553347661e-01
-1.3464289848e+03, +4.9807750239e+01
-1.3544366396e+03, -3.5540112898e-01
-1.3576580542e+03, -3.5535768301e-01
-1.3608790765e+03, -3.5531456619e-01
-1.3640997095e+03, -3.5527177512e-01
-1.3673199560e+03, -3.5522930644e-01
-1.3591609663e+03, +6.0360440732e+01
-1.3791314673e+03, +4.9216468705e+01
-1.3801971356e+03, -3.5506258990e-01
-1.3834154930e+03, -3.5502168426e-01
-1.3866334810e+03, -3.5498108175e-01
-1.3898511023e+03, -3.5494077930e-01
-1.3930683596e+03, -3.5490077388e-01
-1.3962852557e+03, -3.5486106250e-01
-1.3995017930e+03, -3.5482164222e-01
-1.4027179744e+03, -3.5478251013e-01
-1.4059338023e+03, -3.5474366334e-01
-1.4091492794e+03, -3.5470509903e-01
-1.4123644082e+03, -3.5466681439e-01
-1.4155791911e+03, -3.5462880666e-01
-1.4187936308e+03, -3.5459107310e-01
-1.4220077297e+03, -3.5455361102e-01
-1.4260535358e+03, +4.8807194947e+01
-1.4220077297e+03, -3.5455361102e-01
-1.4284349148e+03, -3.5447949068e-01
-1.4316480059e+03, -3.5444282719e-01
-1.4290263978e+03, +4.9545639309e+01
-1.4117866115e+03, +5.5602361776e+01
-1.4794704532e+03, +5.6043401673e+01
-1.4611819936e+03, +4.9519385864e+01
-1.4605512010e+03, -3.5412430445e-01
-1.4605512010e+03, -3.5412430445e-01
-1.4637610837e+03, -3.5409014091e-01
-1.4669706579e+03, -3.5405621441e-01
-1.4765975499e+03, -3.5395583500e-01
-1.4669706579e+03, -3.5405621441e-01
-1.4733888888e+03, -3.5398906366e-01
-1.4765975499e+03, -3.5395583500e-01
-1.4798059108e+03, -3.5392283460e-01
-1.4830139736e+03, -3.5389006031e-01
-1.4862217403e+03, -3.5385751005e-01
-1.4894292129e+03, -3.5382518171e-01
-1.4926363935e+03, -3.5379307324e-01
-1.4958432840e+03, -3.5376118261e-01
-1.4990498865e+03, -3.5372950780e-01
-1.5022562028e+03, -3.5369804683e-01
-1.5054622348e+03, -3.5366679774e-01
-1.5086679846e+03, -3.5363575858e-01
-1.5118734539e+03, -3.5360492744e-01
-1.5150786447e+03, -3.5357430242e-01
-1.5182835588e+03, -3.5354388165e-01
-1.5214881981e+03, -3.5351366327e-01
-1.5246925643e+03, -3.5348364545e-01
-1.5278966594e+03, -3.5345382639e-01
-1.5311004851e+03, -3.5342420430e-01
-1.5343040431e+03, -3.5339477740e-01
-1.5375073352e+03, -3.5336554395e-01
-1.5407103633e+03, -3.5333650222e-01
-1.5439131289e+03, -3.5330765051e-01
-1.5471156339e+03, -3.5327898712e-01
-1.5503178799e+03, -3.5325051038e-01
-1.5535198686e+03, -3.5322221864e-01
-1.5567216016e+03, -3.5319411027e-01
-1.5599230807e+03, -3.5316618366e-01
-1.5631243075e+03, -3.5313843721e-01
-1.5663252836e+03, -3.5311086933e-01
-1.5695260105e+03, -3.5308347847e-01
-1.5727264900e+03, -3.5305626309e-01
-1.5759267236e+03, -3.5302922166e-01
-1.5791267128e+03, -3.5300235267e-01
-1.5823264593e+03, -3.5297565463e-01
-1.5855259645e+03, -3.5294912605e-01
-1.5887252300e+03, -3.5292276549e-01
-1.5919242573e+03, -3.5289657149e-01
-1.5951230479e+03, -3.5287054263e-01
-1.5983216033e+03, -3.5284467749e-01
-1.6015199250e+03, -3.5281897468e-01
-1.6047180144e+03, -3.5279343281e-01
-1.6079158730e+03, -3.5276805052e-01
-1.6111135023e+03, -3.5274282646e-01
-1.6143109036e+03, -3.5271775928e-01
-1.6175080784e+03, -3.5269284767e-01
-1.6207050281e+03, -3.5266809031e-01
-1.6239017540e+03, -3.5264348590e-01
-1.6270982576e+03, -3.5261903317e-01
-1.6302945403e+03, -3.5259473085e-01
-1.6334906033e+03, -3.5257057769e-01
-1.6366864480e+03, -3.5254657243e-01
-1.6398820758e+03, -3.5252271386e-01
-1.6430774880e+03, -3.5249900075e-01
-1.6462726860e+03, -3.5247543192e-01
-1.6494676709e+03, -3.5245200616e-01
-1.6526624441e+03, -3.5242872229e-01
-1.6558570069e+03, -3.5240557917e-01
-1.6590513605e+03, -3.5238257562e-01
-1.6622455062e+03, -3.5235971051e-01
-1.6654394453e+03, -3.5233698271e-01
-1.6686331790e+03, -3.5231439111e-01
-1.6718267085e+03, -3.5229193459e-01
-1.6750200351e+03, -3.5226961207e-01
-1.6782131599e+03, -3.5224742246e-01
-1.6814060842e+03, -3.5222536468e-01
-1.6845988091e+03, -3.5220343768e-01
-1.6877913359e+03, -3.5218164041e-01
-1.6909836656e+03, -3.5215997182e-01
-1.6941757995e+03, -3.5213843090e-01
-1.6973677387e+03, -3.5211701661e-01
-1.7005594844e+03, -3.5209572795e-01
-1.7037510377e+03, -3.5207456392e-01
-1.7069423997e+03, -3.5205352354e-01
-1.7101335715e+03, -3.5203260582e-01
-1.7133245542e+03, -3.5201180980e-01
-1.7165153490e+03, -3.5199113453e-01
-1.7197059569e+03, -3.5197057904e-01
-1.7228963791e+03, -3.5195014240e-01
-1.7260866165e+03, -3.5192982369e-01
-1.7292766702e+03, -3.5190962197e-01
-1.7324665414e+03, -3.5188953634e-01
-1.7356562310e+03, -3.5186956590e-01
-1.7388457401e+03, -3.5184970975e-01
-1.7420350697e+03, -3.5182996700e-01
-1.7452242209e+03, -3.5181033678e-01
-1.7484131947e+03, -3.5179081823e-01
-1.7516019920e+03, -3.5177141047e-01
-1.7547906139e+03, -3.5175211267e-01
-1.7579790613e+03, -3.5173292398e-01
-1.7611673353e+03, -3.5171384356e-01
-1.7643554369e+03, -3.5169487058e-01
-1.7675433669e+03, -3.5167600424e-01
-1.7707311264e+03, -3.5165724371e-01
-1.7739187163e+03, -3.5163858820e-01
-1.7771061376e+03, -3.5162003691e-01
-1.7802933912e+03, -3.5160158905e-01
-1.7834804780e+03, -3.5158324385e-01
-1.7866673990e+03, -3.5156500053e-01
-1.7898541551e+03, -3.5154685832e-01
-1.7930407472e+03, -3.5152881647e-01
-1.7962271762e+03, -3.5151087422e-01
-1.7994134430e+03, -3.5149303085e-01
-1.8025995485e+03, -3.5147528559e-01
-1.8057854936e+03, -3.5145763774e-01
-1.8089712791e+03, -3.5144008656e-01
-1.8121569060e+03, -3.5142263134e-01
-1.8153423751e+03, -3.5140527137e-01
-1.8185276873e+03, -3.5138800595e-01
-1.8217128433e+03, -3.5137083438e-01
-1.8248978442e+03, -3.5135375597e-01
-1.8280826906e+03, -3.5133677004e-01
-1.8312673836e+03, -3.5131987592e-01
-1.8344519237e+03, -3.5130307292e-01
-1.8376363120e+03, -3.5128636040e-01
-1.8408205492e+03, -3.5126973768e-01
-1.8440046361e+03, -3.5125320412e-01
-1.8471885735e+03, -3.5123675907e-01
-1.8503723623e+03, -3.5122040190e-01
-1.8535560032e+03, -3.5120413196e-01
-1.8567394970e+03, -3.5118794863e-01
-1.8599228445e+03, -3.5117185128e-01
-1.8631060465e+03, -3.5115583931e-01
-1.8662891037e+03, -3.5113991209e-01
-1.8694720169e+03, -3.5112406902e-01
-1.8726547868e+03, -3.5110830951e-01
-1.8758374143e+03, -3.5109263295e-01
-1.8790199001e+03, -3.5107703875e-01
-1.8822022449e+03, -3.5106152634e-01
-1.8853844494e+03, -3.5104609513e-01
-1.8885665145e+03, -3.5103074455e-01
-1.8917484407e+03, -3.5101547403e-01
-1.8949302289e+03, -3.5100028301e-01
-1.8981118797e+03, -3.5098517092e-01
-1.9012933939e+03, -3.5097013722e-01
-1.9044747722e+03, -3.5095518135e-01
-1.9076560152e+03, -3.5094030277e-01
-1.9108371237e+03, -3.5092550095e-01
-1.9140180985e+03, -3.5091077534e-01
-1.9171989400e+03, -3.5089612542e-01
-1.9203796491e+03, -3.5088155067e-01
-1.9235602265e+03, -3.5086705055e-01
-1.9267406727e+03, -3.5085262456e-01
-1.9299209885e+03, -3.5083827219e-01
-1.9331011745e+03, -3.5082399293e-01
-1.9362812314e+03, -3.5080978627e-01
-1.9394611599e+03, -3.5079565172e-01
-1.9426409606e+03, -3.5078158878e-01
-1.9458206341e+03, -3.5076759696e-01
-1.9490001811e+03, -3.5075367579e-01
-1.9521796022e+03, -3.5073982477e-01
-1.9553588981e+03, -3.5072604343e-01
-1.9585380694e+03, -3.5071233131e-01
-1.9617171166e+03, -3.5069868792e-01
-1.9648960406e+03, -3.5068511280e-01
-1.9680748418e+03, -3.5067160550e-01
-1.9712535208e+03, -3.5065816555e-01
-1.9744320783e+03, -3.5064479251e-01
-1.9776105149e+03, -3.5063148592e-01
-1.9807888312e+03, -3.5061824535e-01
-1.9839670278e+03, -3.5060507034e-01
-1.9871451052e+03, -3.5059196045e-01
-1.9903230641e+03, -3.5057891527e-01
-1.9935009050e+03, -3.5056593435e-01
-1.9966786285e+03, -3.5055301726e-01
-1.9998562353e+03, -3.5054016359e-01
-2.0030337258e+03, -3.5052737292e-01
-2.0062111006e+03, -3.5051464482e-01
-2.0093883604e+03, -3.5050197889e-01
-2.0125655056e+03, -3.5048937472e-01
-2.0157425368e+03, -3.5047683190e-01
-2.0189194547e+03, -3.5046435003e-01
+2.9371129933e+02, -1.0625014876e+01
+2.8890362723e+02, -1.8401852874e+01
+2.8490297846e+02, -2.4657257973e+01
+2.8131875056e+02, -3.0102147356e+01
+2.7800251097e+02, -3.5010748658e+01
+2.7487813975e+02, -3.9525553832e+01
+2.7190018885e+02, -4.3732667985e+01
+2.6903884977e+02, -4.7689202822e+01
+2.6627327329e+02, -5.1435529826e+01
+2.6358817604e+02, -5.5001543069e+01
+2.6097194598e+02, -5.8410176016e+01
+2.5841550745e+02, -6.1679520233e+01
+2.5591160286e+02, -6.4824173611e+01
+2.5345431753e+02, -6.7856136786e+01
+2.5103875380e+02, -7.0785431022e+01
+2.4866080078e+02, -7.3620537119e+01
+2.4631696722e+02, -7.6368715272e+01
+2.4400425768e+02, -7.9036243342e+01
+2.4172007891e+02, -8.1628597783e+01
+2.3946216786e+02, -8.4150593347e+01
+2.3722853553e+02, -8.6606492576e+01
+2.3501742260e+02, -8.9000092747e+01
+2.3282726384e+02, -9.1334795754e+01
+2.3065665942e+02, -9.3613664860e+01
+2.2850435138e+02, -9.5839471253e+01
+2.2636920435e+02, -9.8014732561e+01
+2.2425018941e+02, -1.0014174499e+02
+2.2214637067e+02, -1.0222261033e+02
+2.2005689392e+02, -1.0425925879e+02
+2.1798097700e+02, -1.0625346847e+02
+2.1591790162e+02, -1.0820688203e+02
+2.1386700626e+02, -1.1012102103e+02
+2.1182768017e+02, -1.1199729835e+02
+2.0979935804e+02, -1.1383702902e+02
+2.0778151546e+02, -1.1564143962e+02
+2.0577366489e+02, -1.1741167661e+02
+2.0377535216e+02, -1.1914881357e+02
+2.0178615339e+02, -1.2085385768e+02
+1.9980567221e+02, -1.2252775543e+02
+1.9783353736e+02, -1.2417139772e+02
+1.9586940056e+02, -1.2578562435e+02
+1.9391293452e+02, -1.2737122817e+02
+1.9196383126e+02, -1.2892895867e+02
+1.9002180055e+02, -1.3045952527e+02
+1.8808656853e+02, -1.3196360033e+02
+1.8615787643e+02, -1.3344182180e+02
+1.8423547946e+02, -1.3489479566e+02
+1.8231914578e+02, -1.3632309814e+02
+1.8040865554e+02, -1.3772727772e+02
+1.7850380006e+02, -1.3910785701e+02
+1.7660438106e+02, -1.4046533436e+02
+1.7471020992e+02, -1.4180018548e+02
+1.7282110707e+02, -1.4311286479e+02
+1.7093690136e+02, -1.4440380676e+02
+1.6905742957e+02, -1.4567342708e+02
+1.6718253585e+02, -1.4692212380e+02
+1.6531207129e+02, -1.4815027829e+02
+1.6344589351e+02, -1.4935825623e+02
+1.6158386623e+02, -1.5054640848e+02
+1.5972585893e+02, -1.5171507186e+02
+1.5787174653e+02, -1.5286456994e+02
+1.5602140904e+02, -1.5399521369e+02
+1.5417473130e+02, -1.5510730220e+02
+1.5233160268e+02, -1.5620112319e+02
+1.5049191689e+02, -1.5727695370e+02
+1.4865557166e+02, -1.5833506049e+02
+1.4682246862e+02, -1.5937570062e+02
+1.4499251300e+02, -1.6039912190e+02
+1.4316561353e+02, -1.6140556329e+02
+1.4134168218e+02, -1.6239525534e+02
+1.3952063407e+02, -1.6336842054e+02
+1.3770238724e+02, -1.6432527372e+02
+1.3588686257e+02, -1.6526602235e+02
+1.3407398360e+02, -1.6619086688e+02
+1.3226367641e+02, -1.6710000101e+02
+1.3045586951e+02, -1.6799361203e+02
+1.2865049372e+02, -1.6887188102e+02
+1.2684748205e+02, -1.6973498312e+02
+1.2504676962e+02, -1.7058308781e+02
+1.2324829353e+02, -1.7141635906e+02
+1.2145199281e+02, -1.7223495561e+02
+1.1965780830e+02, -1.7303903114e+02
+1.1786568262e+02, -1.7382873444e+02
+1.1607556000e+02, -1.7460420965e+02
+1.1428738630e+02, -1.7536559634e+02
+1.1250110891e+02, -1.7611302978e+02
+1.1071667666e+02, -1.7684664101e+02
+1.0893403978e+02, -1.7756655701e+02
+1.0715314985e+02, -1.7827290086e+02
+1.0537395971e+02, -1.7896579184e+02
+1.0359642345e+02, -1.7964534560e+02
+1.0182049632e+02, -1.8031167421e+02
+1.0004613473e+02, -1.8096488634e+02
+9.8273296118e+01, -1.8160508735e+02
+9.6501939010e+01, -1.8223237936e+02
+9.4732022906e+01, -1.8284686140e+02
+9.2963508265e+01, -1.8344862947e+02
+9.1196356463e+01, -1.8403777661e+02
+8.9430529760e+01, -1.8461439307e+02
+8.7665991259e+01, -1.8517856629e+02
+8.5902704875e+01, -1.8573038102e+02
+8.4140635306e+01, -1.8626991944e+02
+8.2379747995e+01, -1.8679726113e+02
+8.0620009108e+01, -1.8731248325e+02
+7.8861385500e+01, -1.8781566050e+02
+7.7103844690e+01, -1.8830686527e+02
+7.5347354836e+01, -1.8878616765e+02
+7.3591884708e+01, -1.8925363548e+02
+7.1837403663e+01, -1.8970933445e+02
+7.0083881624e+01, -1.9015332809e+02
+6.8331289056e+01, -1.9058567788e+02
+6.6579596947e+01, -1.9100644326e+02
+6.4828776781e+01, -1.9141568167e+02
+6.3078800525e+01, -1.9181344864e+02
+6.1329640606e+01, -1.9219979777e+02
+5.9581269891e+01, -1.9257478080e+02
+5.7833661673e+01, -1.9293844766e+02
+5.6086789650e+01, -1.9329084648e+02
+5.4340627907e+01, -1.9363202364e+02
+5.2595150904e+01, -1.9396202379e+02
+5.0850333456e+01, -1.9428088991e+02
+4.9106150721e+01, -1.9458866329e+02
+4.7362578180e+01, -1.9488538362e+02
+4.5619591628e+01, -1.9517108895e+02
+4.3877167155e+01, -1.9544581578e+02
+4.2135281135e+01, -1.9570959904e+02
+4.0393910213e+01, -1.9596247212e+02
+3.8653031290e+01, -1.9620446691e+02
+3.6912621510e+01, -1.9643561383e+02
+3.5172658249e+01, -1.9665594179e+02
+3.3433119101e+01, -1.9686547828e+02
+3.1693981870e+01, -1.9706424935e+02
+2.9955224553e+01, -1.9725227963e+02
+2.8216825331e+01, -1.9742959234e+02
+2.6478762559e+01, -1.9759620933e+02
+2.4741014752e+01, -1.9775215108e+02
+2.3003560579e+01, -1.9789743670e+02
+2.1266378845e+01, -1.9803208395e+02
+1.9529448487e+01, -1.9815610926e+02
+1.7792748562e+01, -1.9826952774e+02
+1.6056258233e+01, -1.9837235316e+02
+1.4319956766e+01, -1.9846459802e+02
+1.2583823513e+01, -1.9854627348e+02
+1.0847837905e+01, -1.9861738943e+02
+9.1119794452e+00, -1.9867795447e+02
+7.3762276930e+00, -1.9872797590e+02
+5.6405622598e+00, -1.9876745977e+02
+3.9049627965e+00, -1.9879641082e+02
+2.1694089853e+00, -1.9881483255e+02
+4.3388052945e-01, -1.9882272719e+02
-1.3016428559e+00, -1.9882009567e+02
-3.0371814534e+00, -1.9880693768e+02
-4.7727555524e+00, -1.9878325165e+02
-6.5083854592e+00, -1.9874903470e+02
-8.2440915060e+00, -1.9870428273e+02
-9.9798940606e+00, -1.9864899033e+02
-1.1715813536e+01, -1.9858315083e+02
-1.3451870400e+01, -1.9850675628e+02
-1.5188085185e+01, -1.9841979743e+02
-1.6924478496e+01, -1.9832226377e+02
-1.8661071025e+01, -1.9821414346e+02
-2.0397883556e+01, -1.9809542337e+02
-2.2134936976e+01, -1.9796608906e+02
-2.3872252289e+01, -1.9782612477e+02
-2.5609850622e+01, -1.9767551339e+02
-2.7347753235e+01, -1.9751423649e+02
-2.9085981537e+01, -1.9734227428e+02
-3.0824557090e+01, -1.9715960560e+02
-3.2563501626e+01, -1.9696620792e+02
-3.4302837053e+01, -1.9676205731e+02
-3.6042585470e+01, -1.9654712843e+02
-3.7782769176e+01, -1.9632139452e+02
-3.9523410686e+01, -1.9608482737e+02
-4.1264532737e+01, -1.9583739732e+02
-4.3006158304e+01, -1.9557907323e+02
-4.4748310614e+01, -1.9530982246e+02
-4.6491013156e+01, -1.9502961084e+02
-4.8234289696e+01, -1.9473840267e+02
-4.9978164290e+01, -1.9443616068e+02
-5.1722661296e+01, -1.9412284599e+02
-5.3467805395e+01, -1.9379841812e+02
-5.5213621598e+01, -1.9346283493e+02
-5.6960135266e+01, -1.9311605263e+02
-5.8707372124e+01, -1.9275802570e+02
-6.0455358277e+01, -1.9238870688e+02
-6.2204120229e+01, -1.9200804716e+02
-6.3953684898e+01, -1.9161599569e+02
-6.5704079634e+01, -1.9121249982e+02
-6.7455332238e+01, -1.9079750498e+02
-6.9207470981e+01, -1.9037095470e+02
-7.0960524626e+01, -1.8993279054e+02
-7.2714522443e+01, -1.8948295205e+02
-7.4469494235e+01, -1.8902137673e+02
-7.6225470360e+01, -1.8854799997e+02
-7.7982481750e+01, -1.8806275501e+02
-7.9740559939e+01, -1.8756557290e+02
-8.1499737086e+01, -1.8705638241e+02
-8.3260045999e+01, -1.8653510999e+02
-8.5021520166e+01, -1.8600167974e+02
-8.6784193777e+01, -1.8545601327e+02
-8.8548101758e+01, -1.8489802972e+02
-9.0313279800e+01, -1.8432764565e+02
-9.2079764388e+01, -1.8374477495e+02
-9.3847592838e+01, -1.8314932880e+02
-9.5616803326e+01, -1.8254121556e+02
-9.7387434931e+01, -1.8192034072e+02
-9.9159527665e+01, -1.8128660678e+02
-1.0093312252e+02, -1.8063991317e+02
-1.0270826150e+02, -1.7998015617e+02
-1.0448498767e+02, -1.7930722879e+02
-1.0626334520e+02, -1.7862102065e+02
-1.0804337942e+02, -1.7792141791e+02
-1.0982513686e+02, -1.7720830313e+02
-1.1160866529e+02, -1.7648155514e+02
-1.1339401380e+02, -1.7574104893e+02
-1.1518123286e+02, -1.7498665550e+02
-1.1697037434e+02, -1.7421824173e+02
-1.1876149163e+02, -1.7343567020e+02
-1.2055463966e+02, -1.7263879909e+02
-1.2234987498e+02, -1.7182748195e+02
-1.2414725588e+02, -1.7100156757e+02
-1.2594684241e+02, -1.7016089977e+02
-1.2774869648e+02, -1.6930531721e+02
-1.2955288197e+02, -1.6843465320e+02
-1.3135946480e+02, -1.6754873545e+02
-1.3316851305e+02, -1.6664738589e+02
-1.3498009705e+02, -1.6573042036e+02
-1.3679428948e+02, -1.6479764841e+02
-1.3861116550e+02, -1.6384887300e+02
-1.4043080291e+02, -1.6288389019e+02
-1.4225328222e+02, -1.6190248889e+02
-1.4407868683e+02, -1.6090445048e+02
-1.4590710317e+02, -1.5988954848e+02
-1.4773862087e+02, -1.5885754819e+02
-1.4957333294e+02, -1.5780820627e+02
-1.5141133592e+02, -1.5674127035e+02
-1.5325273009e+02, -1.5565647857e+02
-1.5509761972e+02, -1.5455355911e+02
-1.5694611323e+02, -1.5343222964e+02
-1.5879832349e+02, -1.5229219684e+02
-1.6065436802e+02, -1.5113315576e+02
-1.6251436934e+02, -1.4995478920e+02
-1.6437845521e+02, -1.4875676706e+02
-1.6624675897e+02, -1.4753874561e+02
-1.6811941991e+02, -1.4630036668e+02
-1.6999658363e+02, -1.4504125685e+02
-1.7187840245e+02, -1.4376102653e+02
-1.7376503585e+02, -1.4245926900e+02
-1.7565665094e+02, -1.4113555931e+02
-1.7755342301e+02, -1.3978945318e+02
-1.7945553608e+02, -1.3842048571e+02
-1.8136318352e+02, -1.3702817004e+02
-1.8327656872e+02, -1.3561199591e+02
-1.8519590584e+02, -1.3417142799e+02
-1.8712142060e+02, -1.3270590417e+02
-1.8905335122e+02, -1.3121483359e+02
-1.9099194932e+02, -1.2969759459e+02
-1.9293748108e+02, -1.2815353234e+02
-1.9489022838e+02, -1.2658195630e+02
-1.9685049013e+02, -1.2498213738e+02
-1.9881858378e+02, -1.2335330487e+02
-2.0079484686e+02, -1.2169464292e+02
-2.0277963892e+02, -1.2000528671e+02
-2.0477334346e+02, -1.1828431815e+02
-2.0677637030e+02, -1.1653076109e+02
-2.0878915810e+02, -1.1474357588e+02
-2.1081217730e+02, -1.1292165338e+02
-2.1284593340e+02, -1.1106380803e+02
-2.1489097073e+02, -1.0916877013e+02
-2.1694787672e+02, -1.0723517698e+02
-2.1901728678e+02, -1.0526156281e+02
-2.2109989002e+02, -1.0324634718e+02
-2.2319643570e+02, -1.0118782163e+02
-2.2530774090e+02, -9.9084134253e+01
-2.2743469937e+02, -9.6933271679e+01
-2.2957829198e+02, -9.4733038006e+01
-2.3173959904e+02, -9.2481029986e+01
-2.3391981502e+02, -9.0174607595e+01
-2.3612026615e+02, -8.7810858880e+01
-2.3834243174e+02, -8.5386557660e+01
-2.4058797008e+02, -8.2898112187e+01
-2.4285875041e+02, -8.0341502245e+01
-2.4515689252e+02, -7.7712201314e+01
-2.4748481669e+02, -7.5005079153e+01
-2.4984530706e+02, -7.2214278338e+01
-2.5224159363e+02, -6.9333055587e+01
-2.5467745966e+02, -6.6353574594e+01
-2.5715738517e+02, -6.3266630667e+01
-2.5968674251e+02, -6.0061277149e+01
-3.0422960812e+02, +1.0808167097e+02
-3.0769484925e+02, +1.0615018024e+02
-3.7770526776e+02, +7.8380875699e+01
-3.7342798154e+02, +7.9490327915e+01
-3.1849668076e+02, +1.0042782457e+02
-3.2223490657e+02, +9.8562142992e+01
-3.2604150538e+02, +9.6726944109e+01
-3.2991521823e+02, +9.4928169196e+01
-3.3385435525e+02, +9.3171636486e+01
-3.3785810189e+02, +9.1462781496e+01
-3.4194742088e+02, +8.9810501140e+01
-3.3988617853e+02, +9.0627912635e+01
-3.3584786482e+02, +9.2311013512e+01
-3.2796989201e+02, +9.5822718955e+01
           NaN, -7.7275456137e+02
           NaN, -7.9676018163e+02
           NaN, -8.1978880236e+02
           NaN, -8.4187238908e+02
           NaN, -8.6304221852e+02
           NaN, -8.8332900945e+02
           NaN, -9.0276299804e+02
           NaN, -9.2137397351e+02
           NaN, -9.3919128623e+02
           NaN, -9.5624383900e+02
           NaN, -9.7256006192e+02
           NaN, -9.8816788434e+02
           NaN, -1.0030947006e+03
           NaN, -1.0173673345e+03
           NaN, -1.0310120079e+03
           NaN, -1.0440543075e+03
           NaN, -1.0565191585e+03
           NaN, -1.0684308000e+03
           NaN, -1.0798127650e+03
           NaN, -1.0906878665e+03
-2.2464335093e+02, +1.5738608744e+02
           NaN, -1.1110050586e+03
-2.1990449122e+02, +1.6022838733e+02
-2.1755928573e+02, +1.6161960184e+02
-2.1522936349e+02, +1.6299115690e+02
-2.1291411799e+02, +1.6434327751e+02
-2.1061297459e+02, +1.6567618900e+02
-2.0832538847e+02, +1.6699011618e+02
-2.0605084270e+02, +1.6828528268e+02
-2.0378884646e+02, +1.6956191039e+02
-2.0153893341e+02, +1.7082021897e+02
-1.9930066014e+02, +1.7206042544e+02
-1.9707360475e+02, +1.7328274389e+02
-1.9485736551e+02, +1.7448738521e+02
-1.9265155968e+02, +1.7567455685e+02
-1.9045582232e+02, +1.7684446271e+02
-1.8826980523e+02, +1.7799730294e+02
-1.8609317600e+02, +1.7913327391e+02
-1.8392561705e+02, +1.8025256810e+02
-1.8176682477e+02, +1.8135537409e+02
-1.7961650877e+02, +1.8244187649e+02
-1.7747439106e+02, +1.8351225598e+02
-1.7534020543e+02, +1.8456668928e+02
-1.7321369673e+02, +1.8560534919e+02
-1.7109462032e+02, +1.8662840463e+02
-1.6898274145e+02, +1.8763602064e+02
-1.6687783478e+02, +1.8862835846e+02
           NaN, -1.2598460751e+03
           NaN, -1.2628729458e+03
-1.6060282490e+02, +1.9151525907e+02
           NaN, -1.2685676061e+03
-1.5645059355e+02, +1.9336625791e+02
-1.5438325405e+02, +1.9427010599e+02
-1.5232153382e+02, +1.9515970252e+02
           NaN, -1.2786688031e+03
           NaN, -1.2809536214e+03
           NaN, -1.2831508680e+03
           NaN, -1.2852644783e+03
           NaN, -1.2872981917e+03
           NaN, -1.2892555612e+03
           NaN, -1.2911399629e+03
           NaN, -1.2929546039e+03
           NaN, -1.2947025314e+03
           NaN, -1.2963866434e+03
           NaN, -1.2980096912e+03
           NaN, -1.2995742934e+03
           NaN, -1.3010829363e+03
           NaN, -1.3025379838e+03
           NaN, -1.3039416872e+03
           NaN, -1.3052961840e+03
           NaN, -1.3066035075e+03
           NaN, -1.3078655931e+03
           NaN, -1.3090842832e+03
           NaN, -1.3102613279e+03
           NaN, -1.3113983956e+03
           NaN, -1.3124970757e+03
           NaN, -1.3135588766e+03
           NaN, -1.3145852415e+03
           NaN, -1.3155775396e+03
           NaN, -1.3165370780e+03
           NaN, -1.3174651033e+03
           NaN, -1.3183628027e+03
           NaN, -1.3192313087e+03
           NaN, -1.3200717016e+03
           NaN, -1.3208850123e+03
           NaN, -1.3216722231e+03
           NaN, -1.3224342758e+03
           NaN, -1.3231720654e+03
           NaN, -1.3238864499e+03
           NaN, -1.3245782482e+03
           NaN, -1.3252482433e+03
           NaN, -1.3258971847e+03
           NaN, -1.3265257892e+03
           NaN, -1.3271347418e+03
           NaN, -1.3277247010e+03
           NaN, -1.3282962960e+03
           NaN, -1.3288501292e+03
           NaN, -1.3293867805e+03
           NaN, -1.3299068047e+03
           NaN, -1.3304107348e+03
           NaN, -1.3308990816e+03
           NaN, -1.3313723372e+03
           NaN, -1.3318309755e+03
           NaN, -1.3322754490e+03
           NaN, -1.3327061976e+03
           NaN, -1.3331236413e+03
           NaN, -1.3335281861e+03
           NaN, -1.3339202253e+03
           NaN, -1.3343001340e+03
           NaN, -1.3346682777e+03
           NaN, -1.3350250092e+03
           NaN, -1.3353706668e+03
           NaN, -1.3357055812e+03
           NaN, -1.3360300698e+03
           NaN, -1.3363444406e+03
           NaN, -1.3366489922e+03
           NaN, -1.3369440136e+03
           NaN, -1.3372297843e+03
           NaN, -1.3375065771e+03
           NaN, -1.3377746565e+03
           NaN, -1.3380342784e+03
           NaN, -1.3382856910e+03
           NaN, -1.3385291378e+03
           NaN, -1.3387648542e+03
           NaN, -1.3389930674e+03
           NaN, -1.3392140010e+03
           NaN, -1.3394278728e+03
           NaN, -1.3396348919e+03
           NaN, -1.3398352655e+03
           NaN, -1.3400291911e+03
           NaN, -1.3402168649e+03
           NaN, -1.3403984748e+03
           NaN, -1.3405742051e+03
           NaN, -1.3407442346e+03
           NaN, -1.3409087380e+03
           NaN, -1.3410678832e+03
           NaN, -1.3412218323e+03
           NaN, -1.3413707461e+03
           NaN, -1.3415147771e+03
           NaN, -1.3416540733e+03
           NaN, -1.3417887771e+03
           NaN, -1.3419190272e+03
           NaN, -1.3420449535e+03
           NaN, -1.3421666844e+03
           NaN, -1.3422843376e+03
           NaN, -1.3423980278e+03
           NaN, -1.3425078629e+03
           NaN, -1.3426139438e+03
           NaN, -1.3427163626e+03
           NaN, -1.3428152064e+03
           NaN, -1.3429105532e+03
           NaN, -1.3430024729e+03
           NaN, -1.3430910276e+03
           NaN, -1.3431762671e+03
           NaN, -1.3432582372e+03
           NaN, -1.3433369664e+03
           NaN, -1.3434124760e+03
           NaN, -1.3434847761e+03
           NaN, -1.3435538622e+03
           NaN, -1.3436197170e+03
           NaN, -1.3436823096e+03
           NaN, -1.3437415923e+03
           NaN, -1.3437975048e+03
           NaN, -1.3438499645e+03
           NaN, -1.3438988751e+03
           NaN, -1.3439441164e+03
           NaN, -1.3439855507e+03
           NaN, -1.3440230154e+03
           NaN, -1.3440563253e+03
           NaN, -1.3440852689e+03
           NaN, -1.3441096071e+03
           NaN, -1.3441290710e+03
           NaN, -1.3441433636e+03
           NaN, -1.3441521508e+03
           NaN, -1.3441550639e+03
           NaN, -1.3441516988e+03
           NaN, -1.3441416068e+03
           NaN, -1.3441242987e+03
           NaN, -1.3440992382e+03
           NaN, -1.3440658383e+03
           NaN, -1.3440234617e+03
           NaN, -1.3439714132e+03
-2.9686245350e+02, -5.3670975317e+00
-2.9115871827e+02, -1.4790134629e+01
-2.8683660721e+02, -2.1657734639e+01
-2.8307063309e+02, -2.7459257639e+01
-2.7963288548e+02, -3.2612753541e+01
-2.7641966365e+02, -3.7311104714e+01
-2.7337299020e+02, -4.1663508450e+01
-2.7045640612e+02, -4.5739433926e+01
-2.6764514976e+02, -4.9586578580e+01
-2.6492146065e+02, -5.3239508850e+01
-2.6227206937e+02, -5.6724306448e+01
-2.5968674251e+02, -6.0061277149e+01
-2.5715738517e+02, -6.3266630667e+01
-2.5467745966e+02, -6.6353574594e+01
-2.5224159363e+02, -6.9333055587e+01
-2.4984530706e+02, -7.2214278338e+01
-2.4748481669e+02, -7.5005079153e+01
-2.4515689252e+02, -7.7712201314e+01
-2.4285875041e+02, -8.0341502245e+01
-2.4058797008e+02, -8.2898112187e+01
-2.3834243174e+02, -8.5386557660e+01
-2.3612026615e+02, -8.7810858880e+01
-2.3391981502e+02, -9.0174607595e+01
-2.3173959904e+02, -9.2481029986e+01
-2.2957829198e+02, -9.4733038006e+01
-2.2743469937e+02, -9.6933271679e+01
-2.2530774090e+02, -9.9084134253e+01
-2.2319643570e+02, -1.0118782163e+02
-2.2109989002e+02, -1.0324634718e+02
-2.1901728678e+02, -1.0526156281e+02
-2.1694787672e+02, -1.0723517698e+02
-2.1489097073e+02, -1.0916877013e+02
-2.1284593340e+02, -1.1106380803e+02
-2.1081217730e+02, -1.1292165338e+02
-2.0878915810e+02, -1.1474357588e+02
-2.0677637030e+02, -1.1653076109e+02
-2.0477334346e+02, -1.1828431815e+02
-2.0277963892e+02, -1.2000528671e+02
-2.0079484686e+02, -1.2169464292e+02
-1.9881858378e+02, -1.2335330487e+02
-1.9685049013e+02, -1.2498213738e+02
-1.9489022838e+02, -1.2658195630e+02
-1.9293748108e+02, -1.2815353234e+02
-1.9099194932e+02, -1.2969759459e+02
-1.8905335122e+02, -1.3121483359e+02
-1.8712142060e+02, -1.3270590417e+02
-1.8519590584e+02, -1.3417142799e+02
-1.8327656872e+02, -1.3561199591e+02
-1.8136318352e+02, -1.3702817004e+02
-1.7945553608e+02, -1.3842048571e+02
-1.7755342301e+02, -1.3978945318e+02
-1.7565665094e+02, -1.4113555931e+02
-1.7376503585e+02, -1.4245926900e+02
-1.7187840245e+02, -1.4376102653e+02
-1.6999658363e+02, -1.4504125685e+02
-1.6811941991e+02, -1.4630036668e+02
-1.6624675897e+02, -1.4753874561e+02
-1.6437845521e+02, -1.4875676706e+02
-1.6251436934e+02, -1.4995478920e+02
-1.6065436802e+02, -1.5113315576e+02
-1.5879832349e+02, -1.5229219684e+02
-1.5694611323e+02, -1.5343222964e+02
-1.5509761972e+02, -1.5455355911e+02
-1.5325273009e+02, -1.5565647857e+02
-1.5141133592e+02, -1.5674127035e+02
-1.4957333294e+02, -1.5780820627e+02
-1.4773862087e+02, -1.5885754819e+02
-1.4590710317e+02, -1.5988954848e+02
-1.4407868683e+02, -1.6090445048e+02
-1.4225328222e+02, -1.6190248889e+02
-1.4043080291e+02, -1.6288389019e+02
-1.3861116550e+02, -1.6384887300e+02
-1.3679428948e+02, -1.6479764841e+02
-1.3498009705e+02, -1.6573042036e+02
-1.3316851305e+02, -1.6664738589e+02
-1.3135946480e+02, -1.6754873545e+02
-1.2955288197e+02, -1.6843465320e+02
-1.2774869648e+02, -1.6930531721e+02
-1.2594684241e+02, -1.7016089977e+02
-1.2414725588e+02, -1.7100156757e+02
-1.2234987498e+02, -1.7182748195e+02
-1.2055463966e+02, -1.7263879909e+02
-1.1876149163e+02, -1.7343567020e+02
-1.1697037434e+02, -1.7421824173e+02
-1.1518123286e+02, -1.7498665550e+02
-1.1339401380e+02, -1.7574104893e+02
-1.1160866529e+02, -1.7648155514e+02
-1.0982513686e+02, -1.7720830313e+02
-1.0804337942e+02, -1.7792141791e+02
-1.0626334520e+02, -1.7862102065e+02
-1.0448498767e+02, -1.7930722879e+02
-1.0270826150e+02, -1.7998015617e+02
-1.0093312252e+02, -1.8063991317e+02
-9.9159527665e+01, -1.8128660678e+02
-9.7387434931e+01, -1.8192034072e+02
-9.5616803326e+01, -1.8254121556e+02
-9.3847592838e+01, -1.8314932880e+02
-9.2079764388e+01, -1.8374477495e+02
-9.0313279800e+01, -1.8432764565e+02
-8.8548101758e+01, -1.8489802972e+02
-8.6784193777e+01, -1.8545601327e+02
-8.5021520166e+01, -1.8600167974e+02
-8.3260045999e+01, -1.8653510999e+02
-8.1499737086e+01, -1.8705638241e+02
-7.9740559939e+01, -1.8756557290e+02
-7.7982481750e+01, -1.8806275501e+02
-7.6225470360e+01, -1.8854799997e+02
-7.4469494235e+01, -1.8902137673e+02
-7.2714522443e+01, -1.8948295205e+02
-7.0960524626e+01, -1.8993279054e+02
-6.9207470981e+01, -1.9037095470e+02
-6.7455332238e+01, -1.9079750498e+02
-6.5704079634e+01, -1.9121249982e+02
-6.3953684898e+01, -1.9161599569e+02
-6.2204120229e+01, -1.9200804716e+02
-6.0455358277e+01, -1.9238870688e+02
-5.8707372124e+01, -1.9275802570e+02
-5.6960135266e+01, -1.9311605263e+02
-5.5213621598e+01, -1.9346283493e+02
-5.3467805395e+01, -1.9379841812e+02
-5.1722661296e+01, -1.9412284599e+02
-4.9978164290e+01, -1.9443616068e+02
-4.8234289696e+01, -1.9473840267e+02
-4.6491013156e+01, -1.9502961084e+02
-4.4748310614e+01, -1.9530982246e+02
-4.3006158304e+01, -1.9557907323e+02
-4.1264532737e+01, -1.9583739732e+02
-3.9523410686e+01, -1.9608482737e+02
-3.7782769176e+01, -1.9632139452e+02
-3.6042585470e+01, -1.9654712843e+02
-3.4302837053e+01, -1.9676205731e+02
-3.2563501626e+01, -1.9696620792e+02
-3.0824557090e+01, -1.9715960560e+02
-2.9085981537e+01, -1.9734227428e+02
-2.7347753235e+01, -1.9751423649e+02
-2.5609850622e+01, -1.9767551339e+02
-2.3872252289e+01, -1.9782612477e+02
-2.2134936976e+01, -1.9796608906e+02
-2.0397883556e+01, -1.9809542337e+02
-1.8661071025e+01, -1.9821414346e+02
-1.6924478496e+01, -1.9832226377e+02
-1.5188085185e+01, -1.9841979743e+02
-1.3451870400e+01, -1.9850675628e+02
-1.1715813536e+01, -1.9858315083e+02
-9.9798940606e+00, -1.9864899033e+02
-8.2440915060e+00, -1.9870428273e+02
-6.5083854592e+00, -1.9874903470e+02
-4.7727555524e+00, -1.9878325165e+02
-3.0371814534e+00, -1.9880693768e+02
-1.3016428559e+00, -1.9882009567e+02
+4.3388052945e-01, -1.9882272719e+02
+2.1694089853e+00, -1.9881483255e+02
+3.9049627965e+00, -1.9879641082e+02
+5.6405622598e+00, -1.9876745977e+02
+7.3762276930e+00, -1.9872797590e+02
+9.1119794452e+00, -1.9867795447e+02
+1.0847837905e+01, -1.9861738943e+02
+1.2583823513e+01, -1.9854627348e+02
+1.4319956766e+01, -1.9846459802e+02
+1.6056258233e+01, -1.9837235316e+02
+1.7792748562e+01, -1.9826952774e+02
+1.9529448487e+01, -1.9815610926e+02
+2.1266378845e+01, -1.9803208395e+02
+2.3003560579e+01, -1.9789743670e+02
+2.4741014752e+01, -1.9775215108e+02
+2.6478762559e+01, -1.9759620933e+02
+2.8216825331e+01, -1.9742959234e+02
+2.9955224553e+01, -1.9725227963e+02
+3.1693981870e+01, -1.9706424935e+02
+3.3433119101e+01, -1.9686547828e+02
+3.5172658249e+01, -1.9665594179e+02
+3.6912621510e+01, -1.9643561383e+02
+3.8653031290e+01, -1.9620446691e+02
+4.0393910213e+01, -1.9596247212e+02
+4.2135281135e+01, -1.9570959904e+02
+4.3877167155e+01, -1.9544581578e+02
+4.5619591628e+01, -1.9517108895e+02
+4.7362578180e+01, -1.9488538362e+02
+4.9106150721e+01, -1.9458866329e+02
+5.0850333456e+01, -1.9428088991e+02
+5.2595150904e+01, -1.9396202379e+02
+5.4340627907e+01, -1.9363202364e+02
+5.6086789650e+01, -1.9329084648e+02
+5.7833661673e+01, -1.9293844766e+02
+5.9581269891e+01, -1.9257478080e+02
+6.1329640606e+01, -1.9219979777e+02
+6.3078800525e+01, -1.9181344864e+02
+6.4828776781e+01, -1.9141568167e+02
+6.6579596947e+01, -1.9100644326e+02
+6.8331289056e+01, -1.9058567788e+02
+7.0083881624e+01, -1.9015332809e+02
+7.1837403663e+01, -1.8970933445e+02
+7.3591884708e+01, -1.8925363548e+02
+7.5347354836e+01, -1.8878616765e+02
+7.7103844690e+01, -1.8830686527e+02
+7.8861385500e+01, -1.8781566050e+02
+8.0620009108e+01, -1.8731248325e+02
+8.2379747995e+01, -1.8679726113e+02
+8.4140635306e+01, -1.8626991944e+02
+8.5902704875e+01, -1.8573038102e+02
+8.7665991259e+01, -1.8517856629e+02
+8.9430529760e+01, -1.8461439307e+02
+9.1196356463e+01, -1.8403777661e+02
+9.2963508265e+01, -1.8344862947e+02
+9.4732022906e+01, -1.8284686140e+02
+9.6501939010e+01, -1.8223237936e+02
+9.8273296118e+01, -1.8160508735e+02
+1.0004613473e+02, -1.8096488634e+02
+1.0182049632e+02, -1.8031167421e+02
+1.0359642345e+02, -1.7964534560e+02
+1.0537395971e+02, -1.7896579184e+02
+1.0715314985e+02, -1.7827290086e+02
+1.0893403978e+02, -1.7756655701e+02
+1.1071667666e+02, -1.7684664101e+02
+1.1250110891e+02, -1.7611302978e+02
+1.1428738630e+02, -1.7536559634e+02
+1.1607556000e+02, -1.7460420965e+02
+1.1786568262e+02, -1.7382873444e+02
+1.1965780830e+02, -1.7303903114e+02
+1.2145199281e+02, -1.7223495561e+02
+1.2324829353e+02, -1.7141635906e+02
+1.2504676962e+02, -1.7058308781e+02
+1.2684748205e+02, -1.6973498312e+02
+1.2865049372e+02, -1.6887188102e+02
+1.3045586951e+02, -1.6799361203e+02
+1.3226367641e+02, -1.6710000101e+02
+1.3407398360e+02, -1.6619086688e+02
+1.3588686257e+02, -1.6526602235e+02
+1.3770238724e+02, -1.6432527372e+02
+1.3952063407e+02, -1.6336842054e+02
+1.4134168218e+02, -1.6239525534e+02
+1.4316561353e+02, -1.6140556329e+02
+1.4499251300e+02, -1.6039912190e+02
+1.4682246862e+02, -1.5937570062e+02
+1.4865557166e+02, -1.5833506049e+02
+1.5049191689e+02, -1.5727695370e+02
+1.5233160268e+02, -1.5620112319e+02
+1.5417473130e+02, -1.5510730220e+02
+1.5602140904e+02, -1.5399521369e+02
+1.5787174653e+02, -1.5286456994e+02
+1.5972585893e+02, -1.5171507186e+02
+1.6158386623e+02, -1.5054640848e+02
+1.6344589351e+02, -1.4935825623e+02
+1.6531207129e+02, -1.4815027829e+02
+1.6718253585e+02, -1.4692212380e+02
+1.6905742957e+02, -1.4567342708e+02
+1.7093690136e+02, -1.4440380676e+02
+1.7282110707e+02, -1.4311286479e+02
+1.7471020992e+02, -1.4180018548e+02
+1.7660438106e+02, -1.4046533436e+02
+1.7850380006e+02, -1.3910785701e+02
+1.8040865554e+02, -1.3772727772e+02
+1.8231914578e+02, -1.3632309814e+02
+1.8423547946e+02, -1.3489479566e+02
+1.8615787643e+02, -1.3344182180e+02
+1.8808656853e+02, -1.3196360033e+02
+1.9002180055e+02, -1.3045952527e+02
+1.9196383126e+02, -1.2892895867e+02
+1.9391293452e+02, -1.2737122817e+02
+1.9586940056e+02, -1.2578562435e+02
+1.9783353736e+02, -1.2417139772e+02
+1.9980567221e+02, -1.2252775543e+02
+2.0178615339e+02, -1.2085385768e+02
+2.0377535216e+02, -1.1914881357e+02
+2.0577366489e+02, -1.1741167661e+02
+2.0778151546e+02, -1.1564143962e+02
+2.0979935804e+02, -1.1383702902e+02
+2.1182768017e+02, -1.1199729835e+02
+2.1386700626e+02, -1.1012102103e+02
+2.1591790162e+02, -1.0820688203e+02
+2.1798097700e+02, -1.0625346847e+02
+2.2005689392e+02, -1.0425925879e+02
+2.2214637067e+02, -1.0222261033e+02
+2.2425018941e+02, -1.0014174499e+02
+2.2636920435e+02, -9.8014732561e+01
+2.2850435138e+02, -9.5839471253e+01
+2.3065665942e+02, -9.3613664860e+01
+2.3282726384e+02, -9.1334795754e+01
+2.3501742260e+02, -8.9000092747e+01
+2.3722853553e+02, -8.6606492576e+01
+2.3946216786e+02, -8.4150593347e+01
+2.4172007891e+02, -8.1628597783e+01
+2.4400425768e+02, -7.9036243342e+01
+2.4631696722e+02, -7.6368715272e+01
+2.4866080078e+02, -7.3620537119e+01
+2.5103875380e+02, -7.0785431022e+01
+2.5345431753e+02, -6.7856136786e+01
+2.5591160286e+02, -6.4824173611e+01
+2.5841550745e+02, -6.1679520233e+01
+3.0252159359e+02, +1.0904923717e+02
+3.0595395375e+02, +1.0711513571e+02
+3.7984493788e+02, +7.7848720434e+01
+3.7556610314e+02, +7.8927984745e+01
+2.7190018885e+02, -4.3732667985e+01
+3.2035719365e+02, +9.9491544095e+01
+3.2412972347e+02, +9.7640361454e+01
+3.2797007375e+02, +9.5822634554e+01
+3.3187671334e+02, +9.4044270132e+01
+3.3584805262e+02, +9.2310933341e+01
+3.3988636985e+02, +9.0627834957e+01
+2.6903884977e+02, -4.7689202822e+01
+3.3785791252e+02, +9.1462860460e+01
+3.2991503495e+02, +9.4928252637e+01
           NaN, -7.6037515038e+02
           NaN, -7.8488152614e+02
           NaN, -8.0839460109e+02
           NaN, -8.3094675590e+02
           NaN, -8.5256959159e+02
           NaN, -8.7329409345e+02
           NaN, -8.9315073186e+02
           NaN, -9.1216951770e+02
           NaN, -9.3038002047e+02
           NaN, -9.4781136942e+02
           NaN, -9.6449223407e+02
           NaN, -9.8045079834e+02
           NaN, -9.9571472791e+02
           NaN, -1.0103111370e+03
           NaN, -1.0242665518e+03
           NaN, -1.0376068808e+03
           NaN, -1.0503573826e+03
           NaN, -1.0625426429e+03
           NaN, -1.0741865495e+03
           NaN, -1.0853122764e+03
+2.2583866366e+02, +1.5666287899e+02
+2.2345236682e+02, +1.5810421530e+02
+2.2108302399e+02, +1.5952533778e+02
+2.1872993886e+02, +1.6092646604e+02
+2.1639245288e+02, +1.6230782276e+02
+2.1406994278e+02, +1.6366963243e+02
+2.1176181825e+02, +1.6501212033e+02
+2.0946751981e+02, +1.6633551162e+02
+2.0718651681e+02, +1.6764003060e+02
+2.0491830559e+02, +1.6892590010e+02
+2.0266240777e+02, +1.7019334094e+02
+2.0041836866e+02, +1.7144257151e+02
+1.9818575577e+02, +1.7267380741e+02
+1.9596415746e+02, +1.7388726114e+02
+1.9375318164e+02, +1.7508314191e+02
+1.9155245459e+02, +1.7626165540e+02
+1.8936161988e+02, +1.7742300366e+02
+1.8718033732e+02, +1.7856738496e+02
+1.8500828203e+02, +1.7969499373e+02
+1.8284514352e+02, +1.8080602049e+02
+1.8069062489e+02, +1.8190065186e+02
+1.7854444203e+02, +1.8297907046e+02
+1.7640632293e+02, +1.8404145501e+02
+1.7427600699e+02, +1.8508798026e+02
+1.7215324439e+02, +1.8611881706e+02
+1.7003779549e+02, +1.8713413239e+02
           NaN, -1.2550647679e+03
+1.6582792804e+02, +1.8911884740e+02
           NaN, -1.2613750702e+03
           NaN, -1.2643404328e+03
+1.5956251697e+02, +1.9198346536e+02
+1.5748642403e+02, +1.9290894712e+02
+1.5541621079e+02, +1.9381997182e+02
+1.5335170203e+02, +1.9471667732e+02
+1.5129272887e+02, +1.9559919811e+02
           NaN, -1.2798224127e+03
           NaN, -1.2820629409e+03
           NaN, -1.2842178895e+03
           NaN, -1.2862910959e+03
           NaN, -1.2882862045e+03
           NaN, -1.2902066785e+03
           NaN, -1.2920558089e+03
           NaN, -1.2938367225e+03
           NaN, -1.2955523889e+03
           NaN, -1.2972056334e+03
           NaN, -1.2987991396e+03
           NaN, -1.3003354591e+03
           NaN, -1.3018170158e+03
           NaN, -1.3032461179e+03
           NaN, -1.3046249570e+03
           NaN, -1.3059556190e+03
           NaN, -1.3072400879e+03
           NaN, -1.3084802514e+03
           NaN, -1.3096779049e+03
           NaN, -1.3108347578e+03
           NaN, -1.3119524382e+03
           NaN, -1.3130324941e+03
           NaN, -1.3140764016e+03
           NaN, -1.3150855650e+03
           NaN, -1.3160613239e+03
           NaN, -1.3170049544e+03
           NaN, -1.3179176717e+03
           NaN, -1.3188006366e+03
           NaN, -1.3196549537e+03
           NaN, -1.3204816799e+03
           NaN, -1.3212818206e+03
           NaN, -1.3220563374e+03
           NaN, -1.3228061491e+03
           NaN, -1.3235321315e+03
           NaN, -1.3242351222e+03
           NaN, -1.3249159236e+03
           NaN, -1.3255753006e+03
           NaN, -1.3262139853e+03
           NaN, -1.3268326800e+03
           NaN, -1.3274320556e+03
           NaN, -1.3280127554e+03
           NaN, -1.3285753954e+03
           NaN, -1.3291205673e+03
           NaN, -1.3296488375e+03
           NaN, -1.3301607487e+03
           NaN, -1.3306568251e+03
           NaN, -1.3311375660e+03
           NaN, -1.3316034547e+03
           NaN, -1.3320549550e+03
           NaN, -1.3324925124e+03
           NaN, -1.3329165568e+03
           NaN, -1.3333275016e+03
           NaN, -1.3337257449e+03
           NaN, -1.3341116726e+03
           NaN, -1.3344856548e+03
           NaN, -1.3348480491e+03
           NaN, -1.3351992015e+03
           NaN, -1.3355394465e+03
           NaN, -1.3358691090e+03
           NaN, -1.3361885012e+03
           NaN, -1.3364979252e+03
           NaN, -1.3367976757e+03
           NaN, -1.3370880375e+03
           NaN, -1.3373692862e+03
           NaN, -1.3376416897e+03
           NaN, -1.3379055090e+03
           NaN, -1.3381609955e+03
           NaN, -1.3384083959e+03
           NaN, -1.3386479477e+03
           NaN, -1.3388798838e+03
           NaN, -1.3391044305e+03
           NaN, -1.3393218067e+03
           NaN, -1.3395322263e+03
           NaN, -1.3397358970e+03
           NaN, -1.3399330220e+03
           NaN, -1.3401237972e+03
           NaN, -1.3403084159e+03
           NaN, -1.3404870639e+03
           NaN, -1.3406599221e+03
           NaN, -1.3408271670e+03
           NaN, -1.3409889697e+03
           NaN, -1.3411454971e+03
           NaN, -1.3412969096e+03
           NaN, -1.3414433631e+03
           NaN, -1.3415850081e+03
           NaN, -1.3417219905e+03
           NaN, -1.3418544508e+03
           NaN, -1.3419825225e+03
           NaN, -1.3421063361e+03
           NaN, -1.3422260135e+03
           NaN, -1.3423416708e+03
           NaN, -1.3424534213e+03
           NaN, -1.3425613665e+03
           NaN, -1.3426656049e+03
           NaN, -1.3427662261e+03
           NaN, -1.3428633122e+03
           NaN, -1.3429569377e+03
           NaN, -1.3430471679e+03
           NaN, -1.3431340589e+03
           NaN, -1.3432176598e+03
           NaN, -1.3432980054e+03
           NaN, -1.3433751233e+03
           NaN, -1.3434490274e+03
           NaN, -1.3435197213e+03
           NaN, -1.3435871951e+03
           NaN, -1.3436514234e+03
           NaN, -1.3437123682e+03
           NaN, -1.3437699745e+03
           NaN, -1.3438241717e+03
           NaN, -1.3438748702e+03
           NaN, -1.3439219622e+03
           NaN, -1.3439653197e+03
           NaN, -1.3440047903e+03
           NaN, -1.3440402026e+03
           NaN, -1.3440713573e+03
           NaN, -1.3440980292e+03
           NaN, -1.3441199659e+03
           NaN, -1.3441368836e+03
           NaN, -1.3441484673e+03
           NaN, -1.3441543663e+03
           NaN, -1.3441541937e+03
           NaN, -1.3441475236e+03
           NaN, -1.3441338872e+03
           NaN, -1.3441127726e+03
           NaN, -1.3440836185e+03
           NaN, -1.3440458144e+03
           NaN, -1.3439986924e+03
           NaN, -1.3439415301e+03
