-3.9191450862e+02, -6.1187511095e-01
-3.9738204683e+02, -5.9491462635e-01
-4.0270677820e+02, -5.8026792318e-01
-4.0790736666e+02, -5.6745316670e-01
-4.1299874243e+02, -5.5611906182e-01
-4.1799307689e+02, -5.4600245314e-01
-4.2290045150e+02, -5.3690167232e-01
-4.2772933059e+02, -5.2865914424e-01
-4.3248690453e+02, -5.2114966898e-01
-4.3717934407e+02, -5.1427230892e-01
-4.4554094944e+02, +6.9639273428e+01
-4.5091601035e+02, -4.9667730886e-01
-4.4638951477e+02, -5.0209857159e-01
-4.6165342866e+02, +6.6958837611e+01
-4.5983003294e+02, -4.8692509584e-01
-4.6422367539e+02, -4.8251880932e-01
-4.6857862965e+02, -4.7838425051e-01
-4.7289723853e+02, -4.7449550230e-01
-4.7718162543e+02, -4.7082997750e-01
-4.8143372210e+02, -4.6736788688e-01
-4.8565529191e+02, -4.6409180772e-01
-4.8984794970e+02, -4.6098633116e-01
-4.9401317865e+02, -4.5803777193e-01
-4.9815234476e+02, -4.5523392771e-01
-5.0226670939e+02, -4.5256387836e-01
-5.1320337650e+02, +6.1653087516e+01
-5.2619269294e+02, +5.6989236118e+01
-5.0226670939e+02, -4.5256387836e-01
-5.1700966054e+02, +6.7290752004e+01
-5.1849828686e+02, -4.4303937362e-01
-5.2250458743e+02, -4.4090893417e-01
-5.2649197669e+02, -4.3886586668e-01
-5.3046122148e+02, -4.3690470152e-01
-5.3441304116e+02, -4.3502043222e-01
-5.3834811166e+02, -4.3320846623e-01
-5.4226706897e+02, -4.3146458198e-01
-5.4617051237e+02, -4.2978489124e-01
-5.5005900725e+02, -4.2816580607e-01
-5.5393308777e+02, -4.2660400967e-01
-5.5779325910e+02, -4.2509643063e-01
-5.6795462939e+02, +6.2834488551e+01
-5.7310405741e+02, -4.1955423989e-01
-5.5005900725e+02, -4.2816580607e-01
-5.6547376291e+02, -4.2223273170e-01
-5.7310405741e+02, -4.1955423989e-01
-5.7690138617e+02, -4.1827880186e-01
-5.8068733548e+02, -4.1704318913e-01
-5.8446225776e+02, -4.1584553102e-01
-5.8822648903e+02, -4.1468407544e-01
-5.9198034993e+02, -4.1355717945e-01
-5.9572414666e+02, -4.1246330070e-01
-5.9945817188e+02, -4.1140098965e-01
-6.0318270549e+02, -4.1036888259e-01
-6.0689801540e+02, -4.0936569522e-01
-6.1060435821e+02, -4.0839021681e-01
-6.1430197987e+02, -4.0744130494e-01
-6.1799111627e+02, -4.0651788061e-01
-6.2200333409e+02, +6.2939376244e+01
-6.2900983302e+02, -4.0389060393e-01
-6.5807046729e+02, -3.9778563800e-01
-6.2167199375e+02, -4.0561892383e-01
-6.2872790962e+02, +5.6904277658e+01
-6.3631713717e+02, -4.0224921919e-01
-6.3995981708e+02, -4.0145909905e-01
-6.4359542318e+02, -4.0068835997e-01
-6.4722412794e+02, -3.9993629800e-01
-6.5084609761e+02, -3.9920224355e-01
-6.5446149250e+02, -3.9848555925e-01
-6.5807046729e+02, -3.9778563800e-01
-6.6167317129e+02, -3.9710190118e-01
-6.6526974869e+02, -3.9643379697e-01
-6.6886033878e+02, -3.9578079874e-01
-6.7244507620e+02, -3.9514240367e-01
-6.7602409114e+02, -3.9451813137e-01
-6.7959750950e+02, -3.9390752259e-01
-6.8316545314e+02, -3.9331013810e-01
-6.8672804002e+02, -3.9272555756e-01
-6.9028538435e+02, -3.9215337852e-01
-6.9263245388e+02, +5.4676246015e+01
-7.0092705172e+02, -3.9050747431e-01
-7.0799722407e+02, -3.8946555572e-01
-6.9738478461e+02, -3.9104469880e-01
-7.0446449894e+02, -3.8998120203e-01
-7.1626201600e+02, +6.0025861443e+01
-7.1504888481e+02, -3.8846490030e-01
-7.1856800197e+02, -3.8797930103e-01
-7.2208276033e+02, -3.8750314625e-01
-7.2559324429e+02, -3.8703616849e-01
-7.2909953584e+02, -3.8657811038e-01
-7.3260171473e+02, -3.8612872419e-01
-7.3609985846e+02, -3.8568777134e-01
-7.3959404244e+02, -3.8525502199e-01
-7.4308434001e+02, -3.8483025465e-01
-7.4657082257e+02, -3.8441325578e-01
-7.5005355958e+02, -3.8400381946e-01
-7.5353261870e+02, -3.8360174701e-01
-7.5700806580e+02, -3.8320684670e-01
-7.6047996505e+02, -3.8281893344e-01
-7.6394837897e+02, -3.8243782849e-01
-7.6741336849e+02, -3.8206335916e-01
-7.7087499300e+02, -3.8169535861e-01
-7.7433331041e+02, -3.8133366556e-01
-7.7778837716e+02, -3.8097812405e-01
-7.8124024835e+02, -3.8062858326e-01
-7.8468897770e+02, -3.8028489725e-01
-7.8813461764e+02, -3.7994692482e-01
-7.9157721933e+02, -3.7961452925e-01
-7.8935990007e+02, +5.8941829564e+01
-8.0188728859e+02, -3.7864950067e-01
-8.0531822518e+02, -3.7833812967e-01
-8.1559441190e+02, -3.7743329783e-01
-8.5307625323e+02, -3.7445204712e-01
-7.4308434001e+02, -3.8483025465e-01
-8.0531822518e+02, -3.7833812967e-01
-8.1217174294e+02, -3.7773013967e-01
-8.1474778008e+02, +5.2413269420e+01
-8.2561967397e+02, +5.2725924578e+01
-8.2584656526e+02, -3.7657011711e-01
-8.2925880037e+02, -3.7629117099e-01
-8.3266852615e+02, -3.7601645547e-01
-8.3607578055e+02, -3.7574587884e-01
-8.3948060067e+02, -3.7547935198e-01
-8.4288302283e+02, -3.7521678834e-01
-8.4628308257e+02, -3.7495810379e-01
-8.4968081468e+02, -3.7470321655e-01
-8.5307625323e+02, -3.7445204712e-01
-8.5646943155e+02, -3.7420451821e-01
-8.5986038231e+02, -3.7396055463e-01
-8.6324913749e+02, -3.7372008323e-01
-8.6663572843e+02, -3.7348303285e-01
-8.7002018582e+02, -3.7324933424e-01
-8.7340253974e+02, -3.7301891999e-01
-8.7678281965e+02, -3.7279172448e-01
-8.8016105445e+02, -3.7256768380e-01
-8.8353727245e+02, -3.7234673573e-01
-8.8691150140e+02, -3.7212881964e-01
-8.9028376853e+02, -3.7191387650e-01
-8.9365410052e+02, -3.7170184874e-01
-8.9702252354e+02, -3.7149268030e-01
-9.0038906326e+02, -3.7128631651e-01
-9.0375374486e+02, -3.7108270409e-01
-9.0711659304e+02, -3.7088179107e-01
-9.1047763205e+02, -3.7068352678e-01
-9.1383688567e+02, -3.7048786179e-01
-9.1719437725e+02, -3.7029474790e-01
-9.2055012968e+02, -3.7010413806e-01
-9.2390416547e+02, -3.6991598638e-01
-9.2725650668e+02, -3.6973024804e-01
-9.3060717501e+02, -3.6954687933e-01
-9.3395619173e+02, -3.6936583754e-01
-9.3730357775e+02, -3.6918708100e-01
-9.4064935359e+02, -3.6901056900e-01
-9.4399353942e+02, -3.6883626178e-01
-9.4733615506e+02, -3.6866412051e-01
-9.5067721996e+02, -3.6849410725e-01
-9.5401675324e+02, -3.6832618493e-01
-9.5422186206e+02, +5.1365841437e+01
-9.6987955832e+02, +5.2879255213e+01
-9.6735994116e+02, -3.6767469274e-01
-9.7069209181e+02, -3.6751669783e-01
-9.7402281885e+02, -3.6736058837e-01
-9.8128620852e+02, +5.0990992962e+01
-9.8658887063e+02, +5.2442771286e+01
-1.0039380053e+03, -3.6603544971e-01
-1.0314465159e+03, +4.0562499634e+01
-9.3739431295e+02, +4.1822890480e+01
-9.6735994116e+02, -3.6767469274e-01
-9.8117250411e+02, +5.1967862380e+01
-9.8733182565e+02, -3.6675438272e-01
-9.9397821484e+02, -3.6646180224e-01
-9.9729943568e+02, -3.6631804280e-01
-1.0006193609e+03, -3.6617593415e-01
-1.0039380053e+03, -3.6603544971e-01
-9.9348458561e+02, +6.6975309981e+01
-1.0169381199e+03, +5.0713722506e+01
-1.0172000637e+03, -3.6548924166e-01
-1.0205125186e+03, -3.6535649858e-01
-1.0238237769e+03, -3.6522523145e-01
-1.0271338520e+03, -3.6509541729e-01
-1.0304427568e+03, -3.6496703362e-01
-1.0337505043e+03, -3.6484005838e-01
-1.0370571071e+03, -3.6471446997e-01
-1.0403625776e+03, -3.6459024721e-01
-1.0436669282e+03, -3.6446736936e-01
-1.0469701710e+03, -3.6434581606e-01
-1.0502723179e+03, -3.6422556739e-01
-1.0535733806e+03, -3.6410660378e-01
-1.0568733707e+03, -3.6398890607e-01
-1.0601722995e+03, -3.6387245546e-01
-1.0634701784e+03, -3.6375723350e-01
-1.0667670182e+03, -3.6364322212e-01
-1.0700628301e+03, -3.6353040359e-01
-1.0733576245e+03, -3.6341876050e-01
-1.0766514123e+03, -3.6330827578e-01
-1.0799442037e+03, -3.6319893268e-01
-1.0832360091e+03, -3.6309071477e-01
-1.0865268385e+03, -3.6298360594e-01
-1.0898167020e+03, -3.6287759033e-01
-1.0931056094e+03, -3.6277265244e-01
-1.0963935704e+03, -3.6266877700e-01
-1.0996805945e+03, -3.6256594905e-01
-1.1029666912e+03, -3.6246415390e-01
-1.1062518699e+03, -3.6236337712e-01
-1.1095361395e+03, -3.6226360454e-01
-1.1128195093e+03, -3.6216482226e-01
-1.1161019880e+03, -3.6206701661e-01
-1.1193835846e+03, -3.6197017417e-01
-1.1226643076e+03, -3.6187428178e-01
-1.1259441656e+03, -3.6177932647e-01
-1.1292231671e+03, -3.6168529555e-01
-1.1325013204e+03, -3.6159217652e-01
-1.1357786336e+03, -3.6149995710e-01
-1.1390551150e+03, -3.6140862523e-01
-1.1423307724e+03, -3.6131816906e-01
-1.1456056138e+03, -3.6122857695e-01
-1.1488796469e+03, -3.6113983744e-01
-1.1521528795e+03, -3.6105193930e-01
-1.1554253191e+03, -3.6096487146e-01
-1.1586969731e+03, -3.6087862305e-01
-1.1619678490e+03, -3.6079318339e-01
-1.1652379540e+03, -3.6070854197e-01
-1.1685072954e+03, -3.6062468847e-01
-1.1717758802e+03, -3.6054161272e-01
-1.1750437154e+03, -3.6045930473e-01
-1.1783108079e+03, -3.6037775469e-01
-1.1815771647e+03, -3.6029695294e-01
-1.1848427923e+03, -3.6021688998e-01
-1.1881076975e+03, -3.6013755645e-01
-1.1913718869e+03, -3.6005894318e-01
-1.1946353668e+03, -3.5998104111e-01
-1.1978981438e+03, -3.5990384135e-01
-1.2011602242e+03, -3.5982733516e-01
-1.2044216141e+03, -3.5975151390e-01
-1.2076823199e+03, -3.5967636912e-01
-1.2109423475e+03, -3.5960189247e-01
-1.2142017029e+03, -3.5952807576e-01
-1.2174603923e+03, -3.5945491089e-01
-1.2207184213e+03, -3.5938238993e-01
-1.2239757958e+03, -3.5931050504e-01
-1.2272325216e+03, -3.5923924854e-01
-1.2304886043e+03, -3.5916861283e-01
-1.2337440494e+03, -3.5909859046e-01
-1.2369988626e+03, -3.5902917407e-01
-1.2402530493e+03, -3.5896035644e-01
-1.2435066148e+03, -3.5889213043e-01
-1.2467595645e+03, -3.5882448905e-01
-1.2500119037e+03, -3.5875742537e-01
-1.2532636376e+03, -3.5869093260e-01
-1.2565147713e+03, -3.5862500404e-01
-1.2597653100e+03, -3.5855963310e-01
-1.2630152585e+03, -3.5849481326e-01
-1.2662646220e+03, -3.5843053815e-01
-1.2695134053e+03, -3.5836680144e-01
-1.2727616132e+03, -3.5830359693e-01
-1.2760092506e+03, -3.5824091850e-01
-1.2792563222e+03, -3.5817876012e-01
-1.2825028326e+03, -3.5811711585e-01
-1.2857487866e+03, -3.5805597984e-01
-1.2889941887e+03, -3.5799534632e-01
-1.2922390434e+03, -3.5793520961e-01
-1.2954833553e+03, -3.5787556412e-01
-1.2987271286e+03, -3.5781640431e-01
-1.3019703679e+03, -3.5775772476e-01
-1.3052130775e+03, -3.5769952010e-01
-1.3084552615e+03, -3.5764178504e-01
-1.3116969243e+03, -3.5758451439e-01
-1.3149380701e+03, -3.5752770300e-01
-1.3181787029e+03, -3.5747134582e-01
-1.3214188269e+03, -3.5741543785e-01
-1.3246584461e+03, -3.5735997417e-01
-1.3278975646e+03, -3.5730494995e-01
-1.3311361863e+03, -3.5725036038e-01
-1.3343743151e+03, -3.5719620076e-01
-1.3376119548e+03, -3.5714246644e-01
-1.3408491094e+03, -3.5708915284e-01
-1.3440857826e+03, -3.5703625542e-01
-1.3473219782e+03, -3.5698376974e-01
-1.3505576999e+03, -3.5693169139e-01
-1.3570277361e+03, -3.5682873941e-01
-1.3527263596e+03, +4.8058201363e+01
-1.3570277361e+03, -3.5682873941e-01
-1.3576327605e+03, +4.9589194181e+01
-1.3465843192e+03, +5.4242067974e+01
-1.3897280501e+03, +5.2730473536e+01
-1.3813264274e+03, +4.9480978496e+01
-1.3828896400e+03, -3.5643238556e-01
-1.3826747136e+03, +4.7960624283e+01
-1.3861203826e+03, -3.5638451416e-01
-1.3893506929e+03, -3.5633700174e-01
-1.3925805742e+03, -3.5628984462e-01
-1.3958100295e+03, -3.5624303915e-01
-1.3990390622e+03, -3.5619658175e-01
-1.4022676753e+03, -3.5615046887e-01
-1.4054958720e+03, -3.5610469700e-01
-1.4087236553e+03, -3.5605926270e-01
-1.4119510282e+03, -3.5601416257e-01
-1.4151779938e+03, -3.5596939322e-01
-1.4165497557e+03, +4.9368308767e+01
-1.4318633689e+03, +5.2952518140e+01
-1.4280818424e+03, -3.5579355801e-01
-1.4313068156e+03, -3.5575039367e-01
-1.4345313989e+03, -3.5570754082e-01
-1.4377555952e+03, -3.5566499640e-01
-1.4473632278e+03, +5.2048958552e+01
-1.4474258895e+03, -3.5553918349e-01
-1.4506485651e+03, -3.5549784277e-01
-1.4570927988e+03, -3.5541603934e-01
-1.4629567737e+03, +5.2088904885e+01
-1.4679898846e+03, +5.1119509752e+01
-1.4764167468e+03, -3.5517745226e-01
-1.4860739224e+03, -3.5506186370e-01
-1.5021623337e+03, -3.5487446609e-01
-1.5375278396e+03, -3.5448396808e-01
-1.3084552615e+03, -3.5764178504e-01
-1.3958100295e+03, -3.5624303915e-01
-1.4345313989e+03, -3.5570754082e-01
-1.4483420846e+03, +4.9273684819e+01
-1.4573731553e+03, +4.9339257258e+01
-1.4664003912e+03, +5.1000253805e+01
-1.4694866709e+03, +5.0773808726e+01
-1.4764167468e+03, -3.5517745226e-01
-1.4847512700e+03, +5.1423699436e+01
-1.4860739224e+03, -3.5506186370e-01
-1.4892922865e+03, -3.5502386580e-01
-1.5003805647e+03, +5.4281274517e+01
-1.4989453285e+03, -3.5491143210e-01
-1.5021623337e+03, -3.5487446609e-01
-1.5053790048e+03, -3.5483775206e-01
-1.5085953443e+03, -3.5480128766e-01
-1.5118113544e+03, -3.5476507057e-01
-1.5060902968e+03, +5.3414291240e+01
-1.5245033914e+03, +4.9367771041e+01
-1.5246721449e+03, -3.5462262998e-01
-1.5278865410e+03, -3.5458761566e-01
-1.5311006207e+03, -3.5455283532e-01
-1.5343143862e+03, -3.5451828683e-01
-1.5375278396e+03, -3.5448396808e-01
-1.5407409829e+03, -3.5444987699e-01
-1.5439538182e+03, -3.5441601149e-01
-1.5471663476e+03, -3.5438236956e-01
-1.5503785730e+03, -3.5434894918e-01
-1.5535904964e+03, -3.5431574836e-01
-1.5568021199e+03, -3.5428276514e-01
-1.5600134454e+03, -3.5424999758e-01
-1.5632244748e+03, -3.5421744374e-01
-1.5664352101e+03, -3.5418510175e-01
-1.5696456532e+03, -3.5415296971e-01
-1.5728558060e+03, -3.5412104576e-01
-1.5792752480e+03, -3.5405781486e-01
-1.5751785338e+03, +4.7859602314e+01
-1.5792752480e+03, -3.5405781486e-01
-1.5824845410e+03, -3.5402650429e-01
-1.5809243503e+03, +4.9273831381e+01
-1.5726210338e+03, +5.1496574207e+01
-1.6776424703e+03, +1.0652843291e+02
-1.6167048153e+03, +5.0160451508e+01
-1.6125671745e+03, +4.9076085310e+01
-1.6145622048e+03, -3.5372416375e-01
-1.6145622048e+03, -3.5372416375e-01
-1.6177684829e+03, -3.5369496948e-01
-1.6209744973e+03, -3.5366595783e-01
-1.6305909738e+03, -3.5358000306e-01
-1.6209744973e+03, -3.5366595783e-01
-1.6284445594e+03, +4.7186190987e+01
-1.6305909738e+03, -3.5358000306e-01
-1.6337959492e+03, -3.5355170647e-01
-1.6370006690e+03, -3.5352358489e-01
-1.6402051346e+03, -3.5349563685e-01
-1.6434093476e+03, -3.5346786088e-01
-1.6466133097e+03, -3.5344025555e-01
-1.6498170222e+03, -3.5341281944e-01
-1.6530204869e+03, -3.5338555112e-01
-1.6562237051e+03, -3.5335844922e-01
-1.6594266784e+03, -3.5333151235e-01
-1.6626294082e+03, -3.5330473913e-01
-1.6658318961e+03, -3.5327812823e-01
-1.6690341435e+03, -3.5325167831e-01
-1.6722361519e+03, -3.5322538803e-01
-1.6754379227e+03, -3.5319925610e-01
-1.6786394573e+03, -3.5317328121e-01
-1.6818407571e+03, -3.5314746208e-01
-1.6850418236e+03, -3.5312179745e-01
-1.6882426582e+03, -3.5309628606e-01
-1.6914432622e+03, -3.5307092667e-01
-1.6946436370e+03, -3.5304571804e-01
-1.6978437840e+03, -3.5302065896e-01
-1.7010437045e+03, -3.5299574823e-01
-1.7042433999e+03, -3.5297098465e-01
-1.7074428715e+03, -3.5294636704e-01
-1.7106421205e+03, -3.5292189424e-01
-1.7138411484e+03, -3.5289756508e-01
-1.7170399564e+03, -3.5287337842e-01
-1.7202385457e+03, -3.5284933314e-01
-1.7234369178e+03, -3.5282542811e-01
-1.7266350738e+03, -3.5280166221e-01
-1.7298330150e+03, -3.5277803435e-01
-1.7330307426e+03, -3.5275454345e-01
-1.7362282579e+03, -3.5273118841e-01
-1.7394255621e+03, -3.5270796819e-01
-1.7426226564e+03, -3.5268488172e-01
-1.7458195421e+03, -3.5266192795e-01
-1.7490162203e+03, -3.5263910586e-01
-1.7522126922e+03, -3.5261641442e-01
-1.7554089590e+03, -3.5259385260e-01
-1.7586050219e+03, -3.5257141942e-01
-1.7618008820e+03, -3.5254911387e-01
-1.7649965405e+03, -3.5252693497e-01
-1.7681919985e+03, -3.5250488175e-01
-1.7713872571e+03, -3.5248295323e-01
-1.7745823176e+03, -3.5246114847e-01
-1.7777771809e+03, -3.5243946651e-01
-1.7809718483e+03, -3.5241790642e-01
-1.7841663208e+03, -3.5239646727e-01
-1.7873605995e+03, -3.5237514813e-01
-1.7905546854e+03, -3.5235394811e-01
-1.7937485798e+03, -3.5233286630e-01
-1.7969422835e+03, -3.5231190179e-01
-1.8001357978e+03, -3.5229105372e-01
-1.8033291236e+03, -3.5227032120e-01
-1.8065222620e+03, -3.5224970336e-01
-1.8097152140e+03, -3.5222919935e-01
-1.8129079807e+03, -3.5220880832e-01
-1.8161005630e+03, -3.5218852941e-01
-1.8192929620e+03, -3.5216836180e-01
-1.8224851787e+03, -3.5214830465e-01
-1.8256772141e+03, -3.5212835716e-01
-1.8288690691e+03, -3.5210851850e-01
-1.8320607449e+03, -3.5208878787e-01
-1.8352522422e+03, -3.5206916448e-01
-1.8384435622e+03, -3.5204964753e-01
-1.8416347057e+03, -3.5203023625e-01
-1.8448256737e+03, -3.5201092985e-01
-1.8480164672e+03, -3.5199172758e-01
-1.8512070871e+03, -3.5197262867e-01
-1.8543975344e+03, -3.5195363236e-01
-1.8575878099e+03, -3.5193473792e-01
-1.8607779146e+03, -3.5191594460e-01
-1.8639678494e+03, -3.5189725167e-01
-1.8671576152e+03, -3.5187865841e-01
-1.8703472129e+03, -3.5186016408e-01
-1.8735366434e+03, -3.5184176799e-01
-1.8767259076e+03, -3.5182346943e-01
-1.8799150064e+03, -3.5180526769e-01
-1.8831039406e+03, -3.5178716208e-01
-1.8862927111e+03, -3.5176915192e-01
-1.8894813188e+03, -3.5175123652e-01
-1.8926697645e+03, -3.5173341522e-01
-1.8958580491e+03, -3.5171568733e-01
-1.8990461734e+03, -3.5169805220e-01
-1.9022341383e+03, -3.5168050918e-01
-1.9054219446e+03, -3.5166305761e-01
-1.9086095931e+03, -3.5164569684e-01
-1.9117970846e+03, -3.5162842624e-01
-1.9149844200e+03, -3.5161124517e-01
-1.9181716001e+03, -3.5159415301e-01
-1.9213586256e+03, -3.5157714914e-01
-1.9245454974e+03, -3.5156023293e-01
-1.9277322162e+03, -3.5154340377e-01
-1.9309187829e+03, -3.5152666107e-01
-1.9341051981e+03, -3.5151000421e-01
-1.9372914628e+03, -3.5149343261e-01
-1.9404775777e+03, -3.5147694568e-01
-1.9436635435e+03, -3.5146054282e-01
-1.9468493610e+03, -3.5144422347e-01
-1.9500350309e+03, -3.5142798703e-01
-1.9532205540e+03, -3.5141183296e-01
-1.9564059311e+03, -3.5139576067e-01
-1.9595911628e+03, -3.5137976962e-01
-1.9627762500e+03, -3.5136385924e-01
-1.9659611932e+03, -3.5134802899e-01
-1.9691459934e+03, -3.5133227832e-01
-1.9723306511e+03, -3.5131660668e-01
-1.9755151672e+03, -3.5130101356e-01
-1.9786995422e+03, -3.5128549840e-01
-1.9818837770e+03, -3.5127006069e-01
-1.9850678721e+03, -3.5125469990e-01
-1.9882518284e+03, -3.5123941552e-01
-1.9914356465e+03, -3.5122420703e-01
-1.9946193270e+03, -3.5120907392e-01
-1.9978028707e+03, -3.5119401569e-01
-2.0009862783e+03, -3.5117903184e-01
-2.0041695503e+03, -3.5116412187e-01
-2.0073526876e+03, -3.5114928529e-01
-2.0105356906e+03, -3.5113452161e-01
-2.0137185602e+03, -3.5111983034e-01
-2.0169012969e+03, -3.5110521102e-01
-2.0200839015e+03, -3.5109066315e-01
-2.0232663745e+03, -3.5107618627e-01
-2.0264487165e+03, -3.5106177992e-01
-2.0296309283e+03, -3.5104744363e-01
-2.0328130105e+03, -3.5103317693e-01
-2.0359949637e+03, -3.5101897937e-01
-2.0391767884e+03, -3.5100485051e-01
-2.0423584854e+03, -3.5099078988e-01
-2.0455400553e+03, -3.5097679705e-01
-2.0487214986e+03, -3.5096287158e-01
-2.0519028160e+03, -3.5094901302e-01
+3.1655833004e+02, -1.0896468807e+01
+3.1163864676e+02, -1.8880722256e+01
+3.0754787179e+02, -2.5308661892e+01
+3.0388517463e+02, -3.0908085094e+01
+3.0049817707e+02, -3.5959637586e+01
+2.9730870868e+02, -4.0609104853e+01
+2.9427008200e+02, -4.4944560009e+01
+2.9135166623e+02, -4.9024406764e+01
+2.8853203066e+02, -5.2889921285e+01
+2.8579546114e+02, -5.6571661667e+01
+2.8313001501e+02, -6.0093066624e+01
+2.8052635570e+02, -6.3472623262e+01
+2.7797701493e+02, -6.6725246359e+01
+2.7547590472e+02, -6.9863195328e+01
+2.7301798264e+02, -7.2896706198e+01
+2.7059901519e+02, -7.5834440479e+01
+2.6821540608e+02, -7.8683812250e+01
+2.6586406899e+02, -8.1451231786e+01
+2.6354233135e+02, -8.4142290541e+01
+2.6124786031e+02, -8.6761903967e+01
+2.5897860506e+02, -8.9314423431e+01
+2.5673275114e+02, -9.1803725093e+01
+2.5450868393e+02, -9.4233281315e+01
+2.5230495906e+02, -9.6606218667e+01
+2.5012027829e+02, -9.8925365496e+01
+2.4795346959e+02, -1.0119329128e+02
+2.4580347061e+02, -1.0341233947e+02
+2.4366931485e+02, -1.0558465505e+02
+2.4155011994e+02, -1.0771220792e+02
+2.3944507781e+02, -1.0979681273e+02
+2.3735344617e+02, -1.1184014593e+02
+2.3527454132e+02, -1.1384376040e+02
+2.3320773184e+02, -1.1580909819e+02
+2.3115243321e+02, -1.1773750148e+02
+2.2910810310e+02, -1.1963022229e+02
+2.2707423721e+02, -1.2148843087e+02
+2.2505036567e+02, -1.2331322320e+02
+2.2303604984e+02, -1.2510562754e+02
+2.2103087953e+02, -1.2686661027e+02
+2.1903447045e+02, -1.2859708109e+02
+2.1704646200e+02, -1.3029789767e+02
+2.1506651532e+02, -1.3196986977e+02
+2.1309431146e+02, -1.3361376297e+02
+2.1112954981e+02, -1.3523030208e+02
+2.0917194668e+02, -1.3682017409e+02
+2.0722123399e+02, -1.3838403098e+02
+2.0527715808e+02, -1.3992249213e+02
+2.0333947871e+02, -1.4143614667e+02
+2.0140796802e+02, -1.4292555545e+02
+1.9948240972e+02, -1.4439125297e+02
+1.9756259827e+02, -1.4583374907e+02
+1.9564833813e+02, -1.4725353052e+02
+1.9373944312e+02, -1.4865106244e+02
+1.9183573579e+02, -1.5002678965e+02
+1.8993704690e+02, -1.5138113788e+02
+1.8804321484e+02, -1.5271451489e+02
+1.8615408519e+02, -1.5402731150e+02
+1.8426951030e+02, -1.5531990260e+02
+1.8238934884e+02, -1.5659264796e+02
+1.8051346546e+02, -1.5784589315e+02
+1.7864173045e+02, -1.5907997023e+02
+1.7677401937e+02, -1.6029519849e+02
+1.7491021280e+02, -1.6149188513e+02
+1.7305019605e+02, -1.6267032585e+02
+1.7119385888e+02, -1.6383080546e+02
+1.6934109529e+02, -1.6497359838e+02
+1.6749180327e+02, -1.6609896919e+02
+1.6564588462e+02, -1.6720717306e+02
+1.6380324471e+02, -1.6829845621e+02
+1.6196379235e+02, -1.6937305634e+02
+1.6012743956e+02, -1.7043120299e+02
+1.5829410145e+02, -1.7147311793e+02
+1.5646369608e+02, -1.7249901549e+02
+1.5463614427e+02, -1.7350910289e+02
+1.5281136950e+02, -1.7450358055e+02
+1.5098929777e+02, -1.7548264236e+02
+1.4916985751e+02, -1.7644647598e+02
+1.4735297941e+02, -1.7739526306e+02
+1.4553859640e+02, -1.7832917953e+02
+1.4372664345e+02, -1.7924839578e+02
+1.4191705758e+02, -1.8015307690e+02
+1.4010977768e+02, -1.8104338290e+02
+1.3830474449e+02, -1.8191946886e+02
+1.3650190049e+02, -1.8278148517e+02
+1.3470118983e+02, -1.8362957767e+02
+1.3290255826e+02, -1.8446388781e+02
+1.3110595307e+02, -1.8528455283e+02
+1.2931132301e+02, -1.8609170592e+02
+1.2751861825e+02, -1.8688547630e+02
+1.2572779031e+02, -1.8766598945e+02
+1.2393879198e+02, -1.8843336714e+02
+1.2215157733e+02, -1.8918772765e+02
+1.2036610160e+02, -1.8992918579e+02
+1.1858232118e+02, -1.9065785308e+02
+1.1680019356e+02, -1.9137383785e+02
+1.1501967728e+02, -1.9207724531e+02
+1.1324073191e+02, -1.9276817767e+02
+1.1146331800e+02, -1.9344673422e+02
+1.0968739701e+02, -1.9411301143e+02
+1.0791293133e+02, -1.9476710303e+02
+1.0613988421e+02, -1.9540910008e+02
+1.0436821973e+02, -1.9603909108e+02
+1.0259790279e+02, -1.9665716199e+02
+1.0082889904e+02, -1.9726339636e+02
+9.9061174888e+01, -1.9785787534e+02
+9.7294697464e+01, -1.9844067779e+02
+9.5529434580e+01, -1.9901188033e+02
+9.3765354716e+01, -1.9957155738e+02
+9.2002426990e+01, -2.0011978124e+02
+9.0240621140e+01, -2.0065662213e+02
+8.8479907496e+01, -2.0118214824e+02
+8.6720256960e+01, -2.0169642580e+02
+8.4961640986e+01, -2.0219951912e+02
+8.3204031559e+01, -2.0269149061e+02
+8.1447401175e+01, -2.0317240085e+02
+7.9691722823e+01, -2.0364230864e+02
+7.7936969966e+01, -2.0410127102e+02
+7.6183116525e+01, -2.0454934332e+02
+7.4430136861e+01, -2.0498657917e+02
+7.2678005759e+01, -2.0541303058e+02
+7.0926698411e+01, -2.0582874796e+02
+6.9176190403e+01, -2.0623378013e+02
+6.7426457699e+01, -2.0662817437e+02
+6.5677476627e+01, -2.0701197644e+02
+6.3929223864e+01, -2.0738523063e+02
+6.2181676427e+01, -2.0774797978e+02
+6.0434811651e+01, -2.0810026527e+02
+5.8688607187e+01, -2.0844212710e+02
+5.6943040983e+01, -2.0877360389e+02
+5.5198091273e+01, -2.0909473288e+02
+5.3453736567e+01, -2.0940555001e+02
+5.1709955639e+01, -2.0970608987e+02
+4.9966727517e+01, -2.0999638579e+02
+4.8224031470e+01, -2.1027646980e+02
+4.6481846998e+01, -2.1054637270e+02
+4.4740153827e+01, -2.1080612403e+02
+4.2998931889e+01, -2.1105575212e+02
+4.1258161324e+01, -2.1129528410e+02
+3.9517822460e+01, -2.1152474590e+02
+3.7777895811e+01, -2.1174416228e+02
+3.6038362065e+01, -2.1195355685e+02
+3.4299202075e+01, -2.1215295206e+02
+3.2560396852e+01, -2.1234236922e+02
+3.0821927554e+01, -2.1252182854e+02
+2.9083775479e+01, -2.1269134909e+02
+2.7345922056e+01, -2.1285094886e+02
+2.5608348841e+01, -2.1300064473e+02
+2.3871037500e+01, -2.1314045251e+02
+2.2133969811e+01, -2.1327038694e+02
+2.0397127651e+01, -2.1339046166e+02
+1.8660492987e+01, -2.1350068930e+02
+1.6924047874e+01, -2.1360108140e+02
+1.5187774441e+01, -2.1369164847e+02
+1.3451654888e+01, -2.1377239996e+02
+1.1715671479e+01, -2.1384334432e+02
+9.9798065306e+00, -2.1390448893e+02
+8.2440424086e+00, -2.1395584017e+02
+6.5083615194e+00, -2.1399740338e+02
+4.7727463026e+00, -2.1402918288e+02
+3.0371792247e+00, -2.1405118198e+02
+1.3016427714e+00, -2.1406340296e+02
-4.3388055930e-01, -2.1406584710e+02
-2.1694082641e+00, -2.1405851463e+02
-3.9049578413e+00, -2.1404140482e+02
-5.6405467983e+00, -2.1401451587e+02
-7.3761926581e+00, -2.1397784499e+02
-9.1119129668e+00, -2.1393138837e+02
-1.0847725300e+01, -2.1387514117e+02
-1.2583647272e+01, -2.1380909755e+02
-1.4319696539e+01, -2.1373325061e+02
-1.6055890811e+01, -2.1364759245e+02
-1.7792247855e+01, -2.1355211411e+02
-1.9528785505e+01, -2.1344680562e+02
-2.1265521669e+01, -2.1333165595e+02
-2.3002474334e+01, -2.1320665301e+02
-2.4739661577e+01, -2.1307178369e+02
-2.6477101571e+01, -2.1292703377e+02
-2.8214812592e+01, -2.1277238799e+02
-2.9952813027e+01, -2.1260783001e+02
-3.1691121384e+01, -2.1243334239e+02
-3.3429756299e+01, -2.1224890661e+02
-3.5168736541e+01, -2.1205450302e+02
-3.6908081026e+01, -2.1185011086e+02
-3.8647808819e+01, -2.1163570827e+02
-4.0387939151e+01, -2.1141127220e+02
-4.2128491419e+01, -2.1117677848e+02
-4.3869485200e+01, -2.1093220176e+02
-4.5610940259e+01, -2.1067751551e+02
-4.7352876559e+01, -2.1041269202e+02
-4.9095314270e+01, -2.1013770233e+02
-5.0838273779e+01, -2.0985251629e+02
-5.2581775697e+01, -2.0955710248e+02
-5.4325840877e+01, -2.0925142823e+02
-5.6070490415e+01, -2.0893545958e+02
-5.7815745669e+01, -2.0860916126e+02
-5.9561628265e+01, -2.0827249670e+02
-6.1308160110e+01, -2.0792542795e+02
-6.3055363404e+01, -2.0756791572e+02
-6.4803260651e+01, -2.0719991931e+02
-6.6551874674e+01, -2.0682139662e+02
-6.8301228625e+01, -2.0643230409e+02
-7.0051346000e+01, -2.0603259671e+02
-7.1802250650e+01, -2.0562222794e+02
-7.3553966800e+01, -2.0520114974e+02
-7.5306519057e+01, -2.0476931251e+02
-7.7059932431e+01, -2.0432666504e+02
-7.8814232348e+01, -2.0387315451e+02
-8.0569444664e+01, -2.0340872645e+02
-8.2325595686e+01, -2.0293332467e+02
-8.4082712185e+01, -2.0244689126e+02
-8.5840821416e+01, -2.0194936655e+02
-8.7599951136e+01, -2.0144068903e+02
-8.9360129624e+01, -2.0092079534e+02
-9.1121385699e+01, -2.0038962025e+02
-9.2883748741e+01, -1.9984709652e+02
-9.4647248715e+01, -1.9929315498e+02
-9.6411916190e+01, -1.9872772435e+02
-9.8177782363e+01, -1.9815073129e+02
-9.9944879084e+01, -1.9756210029e+02
-1.0171323888e+02, -1.9696175362e+02
-1.0348289498e+02, -1.9634961127e+02
-1.0525388135e+02, -1.9572559091e+02
-1.0702623271e+02, -1.9508960779e+02
-1.0879998457e+02, -1.9444157468e+02
-1.1057517326e+02, -1.9378140182e+02
-1.1235183595e+02, -1.9310899683e+02
-1.1413001072e+02, -1.9242426461e+02
-1.1590973655e+02, -1.9172710729e+02
-1.1769105338e+02, -1.9101742414e+02
-1.1947400216e+02, -1.9029511145e+02
-1.2125862485e+02, -1.8956006247e+02
-1.2304496452e+02, -1.8881216729e+02
-1.2483306534e+02, -1.8805131275e+02
-1.2662297266e+02, -1.8727738233e+02
-1.2841473303e+02, -1.8649025602e+02
-1.3020839429e+02, -1.8568981020e+02
-1.3200400560e+02, -1.8487591754e+02
-1.3380161748e+02, -1.8404844686e+02
-1.3560128192e+02, -1.8320726296e+02
-1.3740305237e+02, -1.8235222651e+02
-1.3920698388e+02, -1.8148319388e+02
-1.4101313313e+02, -1.8060001699e+02
-1.4282155850e+02, -1.7970254312e+02
-1.4463232015e+02, -1.7879061475e+02
-1.4644548013e+02, -1.7786406935e+02
-1.4826110243e+02, -1.7692273921e+02
-1.5007925309e+02, -1.7596645120e+02
-1.5190000029e+02, -1.7499502656e+02
-1.5372341444e+02, -1.7400828067e+02
-1.5554956833e+02, -1.7300602278e+02
-1.5737853719e+02, -1.7198805577e+02
-1.5921039886e+02, -1.7095417586e+02
-1.6104523388e+02, -1.6990417231e+02
-1.6288312566e+02, -1.6883782712e+02
-1.6472416060e+02, -1.6775491467e+02
-1.6656842827e+02, -1.6665520140e+02
-1.6841602156e+02, -1.6553844539e+02
-1.7026703685e+02, -1.6440439599e+02
-1.7212157424e+02, -1.6325279340e+02
-1.7397973769e+02, -1.6208336818e+02
-1.7584163530e+02, -1.6089584077e+02
-1.7770737950e+02, -1.5968992098e+02
-1.7957708731e+02, -1.5846530746e+02
-1.8145088063e+02, -1.5722168702e+02
-1.8332888648e+02, -1.5595873408e+02
-1.8521123738e+02, -1.5467610991e+02
-1.8709807159e+02, -1.5337346195e+02
-1.8898953358e+02, -1.5205042298e+02
-1.9088577432e+02, -1.5070661025e+02
-1.9278695176e+02, -1.4934162459e+02
-1.9469323127e+02, -1.4795504941e+02
-1.9660478613e+02, -1.4654644956e+02
-1.9852179809e+02, -1.4511537025e+02
-2.0044445791e+02, -1.4366133569e+02
-2.0237296606e+02, -1.4218384778e+02
-2.0430753335e+02, -1.4068238454e+02
-2.0624838176e+02, -1.3915639852e+02
-2.0819574521e+02, -1.3760531498e+02
-2.1014987054e+02, -1.3602852994e+02
-2.1211101847e+02, -1.3442540800e+02
-2.1407946474e+02, -1.3279528001e+02
-2.1605550133e+02, -1.3113744044e+02
-2.1803943781e+02, -1.2945114448e+02
-2.2003160290e+02, -1.2773560490e+02
-2.2203234610e+02, -1.2598998848e+02
-2.2404203956e+02, -1.2421341208e+02
-2.2606108026e+02, -1.2240493828e+02
-2.2808989226e+02, -1.2056357045e+02
-2.3012892946e+02, -1.1868824723e+02
-2.3217867850e+02, -1.1677783639e+02
-2.3423966223e+02, -1.1483112778e+02
-2.3631244352e+02, -1.1284682542e+02
-2.3839762971e+02, -1.1082353849e+02
-2.4049587762e+02, -1.0875977100e+02
-2.4260789943e+02, -1.0665390998e+02
-2.4473446932e+02, -1.0450421186e+02
-2.4687643139e+02, -1.0230878665e+02
-2.4903470872e+02, -1.0006557960e+02
-2.5121031416e+02, -9.7772349650e+01
-2.5340436302e+02, -9.5426644085e+01
-2.5561808816e+02, -9.3025768471e+01
-2.5785285816e+02, -9.0566750738e+01
-2.6011019919e+02, -8.8046297958e+01
-2.6239182171e+02, -8.5460743878e+01
-2.6469965326e+02, -8.2805984642e+01
-2.6703587931e+02, -8.0077399238e+01
-2.6940299443e+02, -7.7269749917e+01
-2.7180386762e+02, -7.4377055987e+01
-2.7424182645e+02, -7.1392431594e+01
-2.7672076750e+02, -6.8307873908e+01
-2.7924530384e+02, -6.5113981547e+01
-3.2441386923e+02, +1.1263089303e+02
-2.8445448209e+02, -5.8351153578e+01
-4.0692146250e+02, +7.8741547624e+01
-4.0257125974e+02, +7.9830185455e+01
-2.9279735172e+02, -4.7013547075e+01
-3.4236743038e+02, +1.0268190334e+02
-3.4616758740e+02, +1.0074786770e+02
-3.5003757729e+02, +9.8845816640e+01
-3.5397606400e+02, +9.6981828856e+01
-3.5798125638e+02, +9.5161850264e+01
-3.6205222057e+02, +9.3391420632e+01
-3.6621008145e+02, +9.1679497498e+01
-3.6411433284e+02, +9.2526478576e+01
-3.6000824716e+02, +9.4270198245e+01
-3.5199819389e+02, +9.7908768656e+01
           NaN, -7.6939565243e+02
           NaN, -7.9577568792e+02
           NaN, -8.2117509346e+02
           NaN, -8.4562374369e+02
           NaN, -8.6915041601e+02
           NaN, -8.9178306351e+02
           NaN, -9.1354900609e+02
           NaN, -9.3447505693e+02
           NaN, -9.5458760381e+02
           NaN, -9.7391265731e+02
           NaN, -9.9247587176e+02
           NaN, -1.0103025480e+03
           NaN, -1.0274176296e+03
           NaN, -1.0438456799e+03
           NaN, -1.0596108650e+03
           NaN, -1.0747369268e+03
           NaN, -1.0892471571e+03
           NaN, -1.1031643734e+03
           NaN, -1.1165108940e+03
           NaN, -1.1293085166e+03
           NaN, -1.1415785007e+03
           NaN, -1.1533415474e+03
           NaN, -1.1646177881e+03
           NaN, -1.1754267757e+03
-2.4002890374e+02, +1.6660850765e+02
           NaN, -1.1957182518e+03
-2.3533504415e+02, +1.6948966544e+02
-2.3301031390e+02, +1.7090135441e+02
-2.3069962959e+02, +1.7229408741e+02
-2.2840246208e+02, +1.7366809132e+02
-2.2611830894e+02, +1.7502359143e+02
-2.2384669279e+02, +1.7636081091e+02
-2.2158715972e+02, +1.7767997042e+02
-2.1933927784e+02, +1.7898128781e+02
-2.1710263592e+02, +1.8026497775e+02
-2.1487684218e+02, +1.8153125160e+02
-2.1266152304e+02, +1.8278031720e+02
-2.1045632211e+02, +1.8401237873e+02
-2.0826089915e+02, +1.8522763660e+02
-2.0607492912e+02, +1.8642628740e+02
-2.0389810133e+02, +1.8760852383e+02
-2.0173011859e+02, +1.8877453468e+02
-1.9957069646e+02, +1.8992450482e+02
-1.9741956256e+02, +1.9105861520e+02
-1.9527645588e+02, +1.9217704287e+02
-1.9314112616e+02, +1.9327996099e+02
-1.9101333333e+02, +1.9436753891e+02
-1.8889284692e+02, +1.9543994216e+02
-1.8677944563e+02, +1.9649733253e+02
-1.8467291675e+02, +1.9753986811e+02
-1.8257305581e+02, +1.9856770338e+02
-1.8047966611e+02, +1.9958098923e+02
-1.7839255830e+02, +2.0057987303e+02
           NaN, -1.3563074735e+03
           NaN, -1.3593435051e+03
           NaN, -1.3622660370e+03
-1.7010339789e+02, +2.0443421646e+02
-1.6804509341e+02, +2.0536318269e+02
-1.6599207064e+02, +2.0627856124e+02
-1.6394418272e+02, +2.0718047684e+02
-1.6190128774e+02, +2.0806905120e+02
           NaN, -1.3776765610e+03
           NaN, -1.3799296623e+03
           NaN, -1.3821026214e+03
           NaN, -1.3841987882e+03
           NaN, -1.3862213496e+03
           NaN, -1.3881733508e+03
           NaN, -1.3900576910e+03
           NaN, -1.3918771387e+03
           NaN, -1.3936343310e+03
           NaN, -1.3953317859e+03
           NaN, -1.3969719029e+03
           NaN, -1.3985569724e+03
           NaN, -1.4000891787e+03
           NaN, -1.4015706065e+03
           NaN, -1.4030032467e+03
           NaN, -1.4043889950e+03
           NaN, -1.4057296649e+03
           NaN, -1.4070269839e+03
           NaN, -1.4082826060e+03
           NaN, -1.4094981057e+03
           NaN, -1.4106749891e+03
           NaN, -1.4118146954e+03
           NaN, -1.4129185981e+03
           NaN, -1.4139880102e+03
           NaN, -1.4150241875e+03
           NaN, -1.4160283270e+03
           NaN, -1.4170015774e+03
           NaN, -1.4179450345e+03
           NaN, -1.4188597468e+03
           NaN, -1.4197467194e+03
           NaN, -1.4206069100e+03
           NaN, -1.4214412406e+03
           NaN, -1.4222505891e+03
           NaN, -1.4230357993e+03
           NaN, -1.4237976768e+03
           NaN, -1.4245369973e+03
           NaN, -1.4252545015e+03
           NaN, -1.4259509001e+03
           NaN, -1.4266268755e+03
           NaN, -1.4272830820e+03
           NaN, -1.4279201473e+03
           NaN, -1.4285386730e+03
           NaN, -1.4291392398e+03
           NaN, -1.4297224028e+03
           NaN, -1.4302886970e+03
           NaN, -1.4308386376e+03
           NaN, -1.4313727174e+03
           NaN, -1.4318914125e+03
           NaN, -1.4323951817e+03
           NaN, -1.4328844663e+03
           NaN, -1.4333596913e+03
           NaN, -1.4338212670e+03
           NaN, -1.4342695884e+03
           NaN, -1.4347050352e+03
           NaN, -1.4351279790e+03
           NaN, -1.4355387737e+03
           NaN, -1.4359377626e+03
           NaN, -1.4363252791e+03
           NaN, -1.4367016441e+03
           NaN, -1.4370671689e+03
           NaN, -1.4374221547e+03
           NaN, -1.4377668937e+03
           NaN, -1.4381016684e+03
           NaN, -1.4384267528e+03
           NaN, -1.4387424140e+03
           NaN, -1.4390489094e+03
           NaN, -1.4393464920e+03
           NaN, -1.4396354027e+03
           NaN, -1.4399158814e+03
           NaN, -1.4401881563e+03
           NaN, -1.4404524525e+03
           NaN, -1.4407089897e+03
           NaN, -1.4409579793e+03
           NaN, -1.4411996275e+03
           NaN, -1.4414341375e+03
           NaN, -1.4416617055e+03
           NaN, -1.4418825229e+03
           NaN, -1.4420967771e+03
           NaN, -1.4423046487e+03
           NaN, -1.4425063177e+03
           NaN, -1.4427019554e+03
           NaN, -1.4428917321e+03
           NaN, -1.4430758115e+03
           NaN, -1.4432543543e+03
           NaN, -1.4434275176e+03
           NaN, -1.4435954520e+03
           NaN, -1.4437583085e+03
           NaN, -1.4439162277e+03
           NaN, -1.4440693521e+03
           NaN, -1.4442178175e+03
           NaN, -1.4443617557e+03
           NaN, -1.4445012931e+03
           NaN, -1.4446365549e+03
           NaN, -1.4447676602e+03
           NaN, -1.4448947220e+03
           NaN, -1.4450178520e+03
           NaN, -1.4451371546e+03
           NaN, -1.4452527295e+03
           NaN, -1.4453646727e+03
-3.1978519165e+02, -5.5025524659e+00
-3.1394576297e+02, -1.5171724601e+01
-3.0952472001e+02, -2.2225754348e+01
-3.0567514774e+02, -2.8189667503e+01
-3.0216312106e+02, -3.3491365826e+01
-2.9888216383e+02, -3.8328217022e+01
-2.9577272707e+02, -4.2811927886e+01
-2.9279735172e+02, -4.7013547075e+01
-2.8993058921e+02, -5.0981845860e+01
-2.8715418110e+02, -5.4752161814e+01
-2.8445448209e+02, -5.8351153578e+01
-2.8182096592e+02, -6.1799572546e+01
-2.7924530384e+02, -6.5113981547e+01
-2.7672076750e+02, -6.8307873908e+01
-2.7424182645e+02, -7.1392431594e+01
-2.7180386762e+02, -7.4377055987e+01
-2.6940299443e+02, -7.7269749917e+01
-2.6703587931e+02, -8.0077399238e+01
-2.6469965326e+02, -8.2805984642e+01
-2.6239182171e+02, -8.5460743878e+01
-2.6011019919e+02, -8.8046297958e+01
-2.5785285816e+02, -9.0566750738e+01
-2.5561808816e+02, -9.3025768471e+01
-2.5340436302e+02, -9.5426644085e+01
-2.5121031416e+02, -9.7772349650e+01
-2.4903470872e+02, -1.0006557960e+02
-2.4687643139e+02, -1.0230878665e+02
-2.4473446932e+02, -1.0450421186e+02
-2.4260789943e+02, -1.0665390998e+02
-2.4049587762e+02, -1.0875977100e+02
-2.3839762971e+02, -1.1082353849e+02
-2.3631244352e+02, -1.1284682542e+02
-2.3423966223e+02, -1.1483112778e+02
-2.3217867850e+02, -1.1677783639e+02
-2.3012892946e+02, -1.1868824723e+02
-2.2808989226e+02, -1.2056357045e+02
-2.2606108026e+02, -1.2240493828e+02
-2.2404203956e+02, -1.2421341208e+02
-2.2203234610e+02, -1.2598998848e+02
-2.2003160290e+02, -1.2773560490e+02
-2.1803943781e+02, -1.2945114448e+02
-2.1605550133e+02, -1.3113744044e+02
-2.1407946474e+02, -1.3279528001e+02
-2.1211101847e+02, -1.3442540800e+02
-2.1014987054e+02, -1.3602852994e+02
-2.0819574521e+02, -1.3760531498e+02
-2.0624838176e+02, -1.3915639852e+02
-2.0430753335e+02, -1.4068238454e+02
-2.0237296606e+02, -1.4218384778e+02
-2.0044445791e+02, -1.4366133569e+02
-1.9852179809e+02, -1.4511537025e+02
-1.9660478613e+02, -1.4654644956e+02
-1.9469323127e+02, -1.4795504941e+02
-1.9278695176e+02, -1.4934162459e+02
-1.9088577432e+02, -1.5070661025e+02
-1.8898953358e+02, -1.5205042298e+02
-1.8709807159e+02, -1.5337346195e+02
-1.8521123738e+02, -1.5467610991e+02
-1.8332888648e+02, -1.5595873408e+02
-1.8145088063e+02, -1.5722168702e+02
-1.7957708731e+02, -1.5846530746e+02
-1.7770737950e+02, -1.5968992098e+02
-1.7584163530e+02, -1.6089584077e+02
-1.7397973769e+02, -1.6208336818e+02
-1.7212157424e+02, -1.6325279340e+02
-1.7026703685e+02, -1.6440439599e+02
-1.6841602156e+02, -1.6553844539e+02
-1.6656842827e+02, -1.6665520140e+02
-1.6472416060e+02, -1.6775491467e+02
-1.6288312566e+02, -1.6883782712e+02
-1.6104523388e+02, -1.6990417231e+02
-1.5921039886e+02, -1.7095417586e+02
-1.5737853719e+02, -1.7198805577e+02
-1.5554956833e+02, -1.7300602278e+02
-1.5372341444e+02, -1.7400828067e+02
-1.5190000029e+02, -1.7499502656e+02
-1.5007925309e+02, -1.7596645120e+02
-1.4826110243e+02, -1.7692273921e+02
-1.4644548013e+02, -1.7786406935e+02
-1.4463232015e+02, -1.7879061475e+02
-1.4282155850e+02, -1.7970254312e+02
-1.4101313313e+02, -1.8060001699e+02
-1.3920698388e+02, -1.8148319388e+02
-1.3740305237e+02, -1.8235222651e+02
-1.3560128192e+02, -1.8320726296e+02
-1.3380161748e+02, -1.8404844686e+02
-1.3200400560e+02, -1.8487591754e+02
-1.3020839429e+02, -1.8568981020e+02
-1.2841473303e+02, -1.8649025602e+02
-1.2662297266e+02, -1.8727738233e+02
-1.2483306534e+02, -1.8805131275e+02
-1.2304496452e+02, -1.8881216729e+02
-1.2125862485e+02, -1.8956006247e+02
-1.1947400216e+02, -1.9029511145e+02
-1.1769105338e+02, -1.9101742414e+02
-1.1590973655e+02, -1.9172710729e+02
-1.1413001072e+02, -1.9242426461e+02
-1.1235183595e+02, -1.9310899683e+02
-1.1057517326e+02, -1.9378140182e+02
-1.0879998457e+02, -1.9444157468e+02
-1.0702623271e+02, -1.9508960779e+02
-1.0525388135e+02, -1.9572559091e+02
-1.0348289498e+02, -1.9634961127e+02
-1.0171323888e+02, -1.9696175362e+02
-9.9944879084e+01, -1.9756210029e+02
-9.8177782363e+01, -1.9815073129e+02
-9.6411916190e+01, -1.9872772435e+02
-9.4647248715e+01, -1.9929315498e+02
-9.2883748741e+01, -1.9984709652e+02
-9.1121385699e+01, -2.0038962025e+02
-8.9360129624e+01, -2.0092079534e+02
-8.7599951136e+01, -2.0144068903e+02
-8.5840821416e+01, -2.0194936655e+02
-8.4082712185e+01, -2.0244689126e+02
-8.2325595686e+01, -2.0293332467e+02
-8.0569444664e+01, -2.0340872645e+02
-7.8814232348e+01, -2.0387315451e+02
-7.7059932431e+01, -2.0432666504e+02
-7.5306519057e+01, -2.0476931251e+02
-7.3553966800e+01, -2.0520114974e+02
-7.1802250650e+01, -2.0562222794e+02
-7.0051346000e+01, -2.0603259671e+02
-6.8301228625e+01, -2.0643230409e+02
-6.6551874674e+01, -2.0682139662e+02
-6.4803260651e+01, -2.0719991931e+02
-6.3055363404e+01, -2.0756791572e+02
-6.1308160110e+01, -2.0792542795e+02
-5.9561628265e+01, -2.0827249670e+02
-5.7815745669e+01, -2.0860916126e+02
-5.6070490415e+01, -2.0893545958e+02
-5.4325840877e+01, -2.0925142823e+02
-5.2581775697e+01, -2.0955710248e+02
-5.0838273779e+01, -2.0985251629e+02
-4.9095314270e+01, -2.1013770233e+02
-4.7352876559e+01, -2.1041269202e+02
-4.5610940259e+01, -2.1067751551e+02
-4.3869485200e+01, -2.1093220176e+02
-4.2128491419e+01, -2.1117677848e+02
-4.0387939151e+01, -2.1141127220e+02
-3.8647808819e+01, -2.1163570827e+02
-3.6908081026e+01, -2.1185011086e+02
-3.5168736541e+01, -2.1205450302e+02
-3.3429756299e+01, -2.1224890661e+02
-3.1691121384e+01, -2.1243334239e+02
-2.9952813027e+01, -2.1260783001e+02
-2.8214812592e+01, -2.1277238799e+02
-2.6477101571e+01, -2.1292703377e+02
-2.4739661577e+01, -2.1307178369e+02
-2.3002474334e+01, -2.1320665301e+02
-2.1265521669e+01, -2.1333165595e+02
-1.9528785505e+01, -2.1344680562e+02
-1.7792247855e+01, -2.1355211411e+02
-1.6055890811e+01, -2.1364759245e+02
-1.4319696539e+01, -2.1373325061e+02
-1.2583647272e+01, -2.1380909755e+02
-1.0847725300e+01, -2.1387514117e+02
-9.1119129668e+00, -2.1393138837e+02
-7.3761926581e+00, -2.1397784499e+02
-5.6405467983e+00, -2.1401451587e+02
-3.9049578413e+00, -2.1404140482e+02
-2.1694082641e+00, -2.1405851463e+02
-4.3388055930e-01, -2.1406584710e+02
+1.3016427714e+00, -2.1406340296e+02
+3.0371792247e+00, -2.1405118198e+02
+4.7727463026e+00, -2.1402918288e+02
+6.5083615194e+00, -2.1399740338e+02
+8.2440424086e+00, -2.1395584017e+02
+9.9798065306e+00, -2.1390448893e+02
+1.1715671479e+01, -2.1384334432e+02
+1.3451654888e+01, -2.1377239996e+02
+1.5187774441e+01, -2.1369164847e+02
+1.6924047874e+01, -2.1360108140e+02
+1.8660492987e+01, -2.1350068930e+02
+2.0397127651e+01, -2.1339046166e+02
+2.2133969811e+01, -2.1327038694e+02
+2.3871037500e+01, -2.1314045251e+02
+2.5608348841e+01, -2.1300064473e+02
+2.7345922056e+01, -2.1285094886e+02
+2.9083775479e+01, -2.1269134909e+02
+3.0821927554e+01, -2.1252182854e+02
+3.2560396852e+01, -2.1234236922e+02
+3.4299202075e+01, -2.1215295206e+02
+3.6038362065e+01, -2.1195355685e+02
+3.7777895811e+01, -2.1174416228e+02
+3.9517822460e+01, -2.1152474590e+02
+4.1258161324e+01, -2.1129528410e+02
+4.2998931889e+01, -2.1105575212e+02
+4.4740153827e+01, -2.1080612403e+02
+4.6481846998e+01, -2.1054637270e+02
+4.8224031470e+01, -2.1027646980e+02
+4.9966727517e+01, -2.0999638579e+02
+5.1709955639e+01, -2.0970608987e+02
+5.3453736567e+01, -2.0940555001e+02
+5.5198091273e+01, -2.0909473288e+02
+5.6943040983e+01, -2.0877360389e+02
+5.8688607187e+01, -2.0844212710e+02
+6.0434811651e+01, -2.0810026527e+02
+6.2181676427e+01, -2.0774797978e+02
+6.3929223864e+01, -2.0738523063e+02
+6.5677476627e+01, -2.0701197644e+02
+6.7426457699e+01, -2.0662817437e+02
+6.9176190403e+01, -2.0623378013e+02
+7.0926698411e+01, -2.0582874796e+02
+7.2678005759e+01, -2.0541303058e+02
+7.4430136861e+01, -2.0498657917e+02
+7.6183116525e+01, -2.0454934332e+02
+7.7936969966e+01, -2.0410127102e+02
+7.9691722823e+01, -2.0364230864e+02
+8.1447401175e+01, -2.0317240085e+02
+8.3204031559e+01, -2.0269149061e+02
+8.4961640986e+01, -2.0219951912e+02
+8.6720256960e+01, -2.0169642580e+02
+8.8479907496e+01, -2.0118214824e+02
+9.0240621140e+01, -2.0065662213e+02
+9.2002426990e+01, -2.0011978124e+02
+9.3765354716e+01, -1.9957155738e+02
+9.5529434580e+01, -1.9901188033e+02
+9.7294697464e+01, -1.9844067779e+02
+9.9061174888e+01, -1.9785787534e+02
+1.0082889904e+02, -1.9726339636e+02
+1.0259790279e+02, -1.9665716199e+02
+1.0436821973e+02, -1.9603909108e+02
+1.0613988421e+02, -1.9540910008e+02
+1.0791293133e+02, -1.9476710303e+02
+1.0968739701e+02, -1.9411301143e+02
+1.1146331800e+02, -1.9344673422e+02
+1.1324073191e+02, -1.9276817767e+02
+1.1501967728e+02, -1.9207724531e+02
+1.1680019356e+02, -1.9137383785e+02
+1.1858232118e+02, -1.9065785308e+02
+1.2036610160e+02, -1.8992918579e+02
+1.2215157733e+02, -1.8918772765e+02
+1.2393879198e+02, -1.8843336714e+02
+1.2572779031e+02, -1.8766598945e+02
+1.2751861825e+02, -1.8688547630e+02
+1.2931132301e+02, -1.8609170592e+02
+1.3110595307e+02, -1.8528455283e+02
+1.3290255826e+02, -1.8446388781e+02
+1.3470118983e+02, -1.8362957767e+02
+1.3650190049e+02, -1.8278148517e+02
+1.3830474449e+02, -1.8191946886e+02
+1.4010977768e+02, -1.8104338290e+02
+1.4191705758e+02, -1.8015307690e+02
+1.4372664345e+02, -1.7924839578e+02
+1.4553859640e+02, -1.7832917953e+02
+1.4735297941e+02, -1.7739526306e+02
+1.4916985751e+02, -1.7644647598e+02
+1.5098929777e+02, -1.7548264236e+02
+1.5281136950e+02, -1.7450358055e+02
+1.5463614427e+02, -1.7350910289e+02
+1.5646369608e+02, -1.7249901549e+02
+1.5829410145e+02, -1.7147311793e+02
+1.6012743956e+02, -1.7043120299e+02
+1.6196379235e+02, -1.6937305634e+02
+1.6380324471e+02, -1.6829845621e+02
+1.6564588462e+02, -1.6720717306e+02
+1.6749180327e+02, -1.6609896919e+02
+1.6934109529e+02, -1.6497359838e+02
+1.7119385888e+02, -1.6383080546e+02
+1.7305019605e+02, -1.6267032585e+02
+1.7491021280e+02, -1.6149188513e+02
+1.7677401937e+02, -1.6029519849e+02
+1.7864173045e+02, -1.5907997023e+02
+1.8051346546e+02, -1.5784589315e+02
+1.8238934884e+02, -1.5659264796e+02
+1.8426951030e+02, -1.5531990260e+02
+1.8615408519e+02, -1.5402731150e+02
+1.8804321484e+02, -1.5271451489e+02
+1.8993704690e+02, -1.5138113788e+02
+1.9183573579e+02, -1.5002678965e+02
+1.9373944312e+02, -1.4865106244e+02
+1.9564833813e+02, -1.4725353052e+02
+1.9756259827e+02, -1.4583374907e+02
+1.9948240972e+02, -1.4439125297e+02
+2.0140796802e+02, -1.4292555545e+02
+2.0333947871e+02, -1.4143614667e+02
+2.0527715808e+02, -1.3992249213e+02
+2.0722123399e+02, -1.3838403098e+02
+2.0917194668e+02, -1.3682017409e+02
+2.1112954981e+02, -1.3523030208e+02
+2.1309431146e+02, -1.3361376297e+02
+2.1506651532e+02, -1.3196986977e+02
+2.1704646200e+02, -1.3029789767e+02
+2.1903447045e+02, -1.2859708109e+02
+2.2103087953e+02, -1.2686661027e+02
+2.2303604984e+02, -1.2510562754e+02
+2.2505036567e+02, -1.2331322320e+02
+2.2707423721e+02, -1.2148843087e+02
+2.2910810310e+02, -1.1963022229e+02
+2.3115243321e+02, -1.1773750148e+02
+2.3320773184e+02, -1.1580909819e+02
+2.3527454132e+02, -1.1384376040e+02
+2.3735344617e+02, -1.1184014593e+02
+2.3944507781e+02, -1.0979681273e+02
+2.4155011994e+02, -1.0771220792e+02
+2.4366931485e+02, -1.0558465505e+02
+2.4580347061e+02, -1.0341233947e+02
+2.4795346959e+02, -1.0119329128e+02
+2.5012027829e+02, -9.8925365496e+01
+2.5230495906e+02, -9.6606218667e+01
+2.5450868393e+02, -9.4233281315e+01
+2.5673275114e+02, -9.1803725093e+01
+2.5897860506e+02, -8.9314423431e+01
+2.6124786031e+02, -8.6761903967e+01
+2.6354233135e+02, -8.4142290541e+01
+2.6586406899e+02, -8.1451231786e+01
+2.6821540608e+02, -7.8683812250e+01
+2.7059901519e+02, -7.5834440479e+01
+2.7301798264e+02, -7.2896706198e+01
+2.7547590472e+02, -6.9863195328e+01
+2.7797701493e+02, -6.6725246359e+01
+3.2271125250e+02, +1.1363618886e+02
+3.2613270200e+02, +1.1162580119e+02
+4.0909590748e+02, +7.8219615511e+01
+4.0474641888e+02, +7.9278293502e+01
+4.0039650278e+02, +8.0397537238e+01
+3.4049376948e+02, +1.0365902855e+02
+3.4425872250e+02, +1.0171126687e+02
+3.4809392161e+02, +9.9792463616e+01
+3.5199836551e+02, +9.7908687424e+01
+3.5597043385e+02, +9.6065978649e+01
+3.6000842452e+02, +9.4270121101e+01
+3.6411451352e+02, +9.2526403830e+01
+2.9135166623e+02, -4.9024406764e+01
+3.6205204172e+02, +9.3391496615e+01
+3.5798108044e+02, +9.5161928518e+01
+3.5397589093e+02, +9.6981909158e+01
           NaN, -7.8271016868e+02
           NaN, -8.0859607269e+02
           NaN, -8.3351644248e+02
           NaN, -8.5750056321e+02
           NaN, -8.8057677216e+02
           NaN, -9.0277268660e+02
           NaN, -9.2411535945e+02
           NaN, -9.4463138419e+02
           NaN, -9.6434695588e+02
           NaN, -9.8328790477e+02
           NaN, -1.0014797097e+03
           NaN, -1.0189474939e+03
           NaN, -1.0357160135e+03
           NaN, -1.0518096366e+03
           NaN, -1.0672523200e+03
           NaN, -1.0820675835e+03
           NaN, -1.0962784852e+03
           NaN, -1.1099075957e+03
           NaN, -1.1229769761e+03
           NaN, -1.1355081569e+03
           NaN, -1.1475221193e+03
           NaN, -1.1590392827e+03
           NaN, -1.1700794895e+03
+2.4121205619e+02, +1.6587601445e+02
+2.3884970390e+02, +1.6733609088e+02
+2.3650284961e+02, +1.6877664126e+02
+2.3417088912e+02, +1.7019789365e+02
+2.3185324972e+02, +1.7160007620e+02
+2.2954938825e+02, +1.7298341638e+02
+2.2725878912e+02, +1.7434814035e+02
+2.2498096265e+02, +1.7569447239e+02
+2.2271544336e+02, +1.7702263448e+02
+2.2046178855e+02, +1.7833284589e+02
+2.1821957681e+02, +1.7962532292e+02
+2.1598840679e+02, +1.8090027861e+02
+2.1376789595e+02, +1.8215792259e+02
+2.1155767943e+02, +1.8339846086e+02
+2.0935740904e+02, +1.8462209574e+02
+2.0716675227e+02, +1.8582902575e+02
+2.0498539133e+02, +1.8701944552e+02
+2.0281302239e+02, +1.8819354580e+02
+2.0064935474e+02, +1.8935151343e+02
+1.9849411005e+02, +1.9049353132e+02
+1.9634702170e+02, +1.9161977846e+02
+1.9420783414e+02, +1.9273042995e+02
+1.9207630226e+02, +1.9382565704e+02
+1.8995219086e+02, +1.9490562717e+02
+1.8783527413e+02, +1.9597050398e+02
+1.8572533510e+02, +1.9702044743e+02
+1.8362216526e+02, +1.9805561377e+02
+1.8152556406e+02, +1.9907615569e+02
           NaN, -1.3515293137e+03
+1.7735130288e+02, +2.0107395929e+02
           NaN, -1.3578399920e+03
           NaN, -1.3608186472e+03
+1.7113457810e+02, +2.0396459817e+02
           NaN, -1.3664476674e+03
+1.6701793111e+02, +2.0582256256e+02
+1.6496749381e+02, +2.0673119423e+02
+1.6292211979e+02, +2.0762642418e+02
           NaN, -1.3765188687e+03
           NaN, -1.3788133450e+03
           NaN, -1.3810259466e+03
           NaN, -1.3831601010e+03
           NaN, -1.3852190756e+03
           NaN, -1.3872059865e+03
           NaN, -1.3891238026e+03
           NaN, -1.3909753584e+03
           NaN, -1.3927633570e+03
           NaN, -1.3944903727e+03
           NaN, -1.3961588658e+03
           NaN, -1.3977711787e+03
           NaN, -1.3993295504e+03
           NaN, -1.4008361135e+03
           NaN, -1.4022929046e+03
           NaN, -1.4037018668e+03
           NaN, -1.4050648543e+03
           NaN, -1.4063836389e+03
           NaN, -1.4076599074e+03
           NaN, -1.4088952749e+03
           NaN, -1.4100912831e+03
           NaN, -1.4112494025e+03
           NaN, -1.4123710392e+03
           NaN, -1.4134575363e+03
           NaN, -1.4145101774e+03
           NaN, -1.4155301895e+03
           NaN, -1.4165187438e+03
           NaN, -1.4174769636e+03
           NaN, -1.4184059201e+03
           NaN, -1.4193066392e+03
           NaN, -1.4201801039e+03
           NaN, -1.4210272524e+03
           NaN, -1.4218489836e+03
           NaN, -1.4226461596e+03
           NaN, -1.4234196051e+03
           NaN, -1.4241701095e+03
           NaN, -1.4248984313e+03
           NaN, -1.4256052957e+03
           NaN, -1.4262913994e+03
           NaN, -1.4269574104e+03
           NaN, -1.4276039688e+03
           NaN, -1.4282316904e+03
           NaN, -1.4288411662e+03
           NaN, -1.4294329630e+03
           NaN, -1.4300076264e+03
           NaN, -1.4305656802e+03
           NaN, -1.4311076301e+03
           NaN, -1.4316339592e+03
           NaN, -1.4321451352e+03
           NaN, -1.4326416081e+03
           NaN, -1.4331238104e+03
           NaN, -1.4335921601e+03
           NaN, -1.4340470596e+03
           NaN, -1.4344888978e+03
           NaN, -1.4349180483e+03
           NaN, -1.4353348734e+03
           NaN, -1.4357397226e+03
           NaN, -1.4361329350e+03
           NaN, -1.4365148359e+03
           NaN, -1.4368857423e+03
           NaN, -1.4372459607e+03
           NaN, -1.4375957874e+03
           NaN, -1.4379355085e+03
           NaN, -1.4382654049e+03
           NaN, -1.4385857451e+03
           NaN, -1.4388967916e+03
           NaN, -1.4391987997e+03
           NaN, -1.4394920162e+03
           NaN, -1.4397766821e+03
           NaN, -1.4400530299e+03
           NaN, -1.4403212882e+03
           NaN, -1.4405816784e+03
           NaN, -1.4408344152e+03
           NaN, -1.4410797085e+03
           NaN, -1.4413177622e+03
           NaN, -1.4415487771e+03
           NaN, -1.4417729463e+03
           NaN, -1.4419904592e+03
           NaN, -1.4422014995e+03
           NaN, -1.4424062477e+03
           NaN, -1.4426048797e+03
           NaN, -1.4427975661e+03
           NaN, -1.4429844737e+03
           NaN, -1.4431657652e+03
           NaN, -1.4433415990e+03
           NaN, -1.4435121292e+03
           NaN, -1.4436775060e+03
           NaN, -1.4438378756e+03
           NaN, -1.4439933806e+03
           NaN, -1.4441441586e+03
           NaN, -1.4442903443e+03
           NaN, -1.4444320667e+03
           NaN, -1.4445694510e+03
           NaN, -1.4447026207e+03
           NaN, -1.4448316889e+03
           NaN, -1.4449567719e+03
           NaN, -1.4450779748e+03
           NaN, -1.4451954018e+03
           NaN, -1.4453091497e+03
           NaN, -1.4454193123e+03
