-3.9085137388e+02, -6.1137781499e-01
-3.9631450775e+02, -5.9443963066e-01
-4.0163502403e+02, -5.7981249734e-01
-4.0683156455e+02, -5.6701512864e-01
-4.1191904164e+02, -5.5569663181e-01
-4.1690961201e+02, -5.4559415472e-01
-4.2181334483e+02, -5.3650626282e-01
-4.2663869404e+02, -5.2827556479e-01
-4.3139284109e+02, -5.2077700757e-01
-4.3608194904e+02, -5.1390977261e-01
-4.5170373858e+02, +6.8652335515e+01
-4.5428521533e+02, -4.9130478104e-01
-4.3139284109e+02, -5.2077700757e-01
-4.5022179744e+02, +6.7746072469e+01
-4.5428521533e+02, -4.9130478104e-01
-4.5871719942e+02, -4.8660420145e-01
-4.6310796483e+02, -4.8220486177e-01
-4.6746010338e+02, -4.7807688993e-01
-4.7177595473e+02, -4.7419440073e-01
-4.7605763947e+02, -4.7053483495e-01
-4.8030708672e+02, -4.6707842797e-01
-4.8452605748e+02, -4.6380777886e-01
-4.8871616435e+02, -4.6070749812e-01
-4.9287888848e+02, -4.5776391777e-01
-4.9701559399e+02, -4.5496485097e-01
-5.0276410620e+02, +6.2280825339e+01
-5.0928173569e+02, -4.4733109010e-01
-4.8871616435e+02, -4.6070749812e-01
-5.0521589383e+02, -4.4975774563e-01
-5.1332607165e+02, -4.4501145183e-01
-5.1734983848e+02, -4.4279160531e-01
-5.2135391051e+02, -4.4066498481e-01
-5.2533910527e+02, -4.3862560886e-01
-5.2930618847e+02, -4.3666801503e-01
-5.3325587841e+02, -4.3478720350e-01
-5.3718885003e+02, -4.3297858782e-01
-5.4110573836e+02, -4.3123795206e-01
-5.4500714178e+02, -4.2956141322e-01
-5.4889362484e+02, -4.2794538820e-01
-5.5276572086e+02, -4.2638656468e-01
-5.5662393429e+02, -4.2488187546e-01
-5.6430059906e+02, -4.2202372223e-01
-5.8390135831e+02, +5.0358109147e+01
-5.5662393429e+02, -4.2488187546e-01
-5.6663705860e+02, +6.4323390874e+01
-5.7192715240e+02, -4.1935048730e-01
-5.7572264572e+02, -4.1807757723e-01
-5.7950678220e+02, -4.1684442926e-01
-5.8327991372e+02, -4.1564917534e-01
-5.8704237576e+02, -4.1449006585e-01
-5.9079448844e+02, -4.1336546018e-01
-5.9453655747e+02, -4.1227381816e-01
-5.9826887503e+02, -4.1121369233e-01
-6.0199172056e+02, -4.1018372095e-01
-6.0570536153e+02, -4.0918262154e-01
-6.0941005412e+02, -4.0820918514e-01
-6.1310604387e+02, -4.0726227099e-01
-6.1679356626e+02, -4.0634080167e-01
-6.2414410395e+02, -4.0457017836e-01
-6.3269593072e+02, +5.5432940465e+01
-6.0801921664e+02, +5.1835504994e+01
-6.2414410395e+02, -4.0457017836e-01
-6.3448681328e+02, +5.6660427433e+01
-6.3511177302e+02, -4.0208132429e-01
-6.3875293887e+02, -4.0129293178e-01
-6.4238704641e+02, -4.0052388666e-01
-6.4601426783e+02, -3.9977348605e-01
-6.4963476906e+02, -3.9904106137e-01
-6.5324871015e+02, -3.9832597621e-01
-6.5685624550e+02, -3.9762762441e-01
-6.6045752415e+02, -3.9694542823e-01
-6.6405269005e+02, -3.9627883669e-01
-6.6764188222e+02, -3.9562732400e-01
-6.7122523507e+02, -3.9499038810e-01
-6.7480287855e+02, -3.9436754934e-01
-6.7837493833e+02, -3.9375834921e-01
-6.8194153605e+02, -3.9316234915e-01
-6.8550278944e+02, -3.9257912950e-01
-6.8905881253e+02, -3.9200828844e-01
-6.9934848324e+02, +5.6493611090e+01
-6.9969658753e+02, -3.9036626668e-01
-7.1381339020e+02, -3.8832858312e-01
-6.8194153605e+02, -3.9316234915e-01
-7.0025946280e+02, +5.4231624403e+01
-7.0277944535e+02, +5.4342875457e+01
-7.1029106845e+02, -3.8882271144e-01
-7.1381339020e+02, -3.8832858312e-01
-7.1733127702e+02, -3.8784415875e-01
-7.2084481561e+02, -3.8736916071e-01
-7.2435409020e+02, -3.8690332199e-01
-7.2785918264e+02, -3.8644638564e-01
-7.3136017250e+02, -3.8599810432e-01
-7.3485713714e+02, -3.8555823986e-01
-7.3835015183e+02, -3.8512656281e-01
-7.4183928976e+02, -3.8470285204e-01
-7.4532462217e+02, -3.8428689437e-01
-7.4880621842e+02, -3.8387848423e-01
-7.5228414600e+02, -3.8347742328e-01
-7.5575847067e+02, -3.8308352011e-01
-7.5922925647e+02, -3.8269658995e-01
-7.6269656579e+02, -3.8231645435e-01
-7.6616045943e+02, -3.8194294094e-01
-7.6962099667e+02, -3.8157588315e-01
-7.7307823528e+02, -3.8121511998e-01
-7.7653223162e+02, -3.8086049575e-01
-7.7998304066e+02, -3.8051185989e-01
-7.8343071600e+02, -3.8016906673e-01
-7.8687530997e+02, -3.7983197531e-01
-7.8859301357e+02, +5.2859625780e+01
-7.9871333178e+02, +5.2618103387e+01
-8.0062387534e+02, -3.7853796149e-01
-8.0748094137e+02, -3.7792181459e-01
-8.2457625362e+02, -3.7646414138e-01
-7.7653223162e+02, -3.8086049575e-01
-8.0062387534e+02, -3.7853796149e-01
-8.0748094137e+02, -3.7792181459e-01
-8.1090532993e+02, -3.7762104504e-01
-8.2507678302e+02, +6.0677448849e+01
-8.2116243452e+02, -3.7674664732e-01
-8.2457625362e+02, -3.7646414138e-01
-8.2798753152e+02, -3.7618595114e-01
-8.3139630691e+02, -3.7591198233e-01
-8.3480261763e+02, -3.7564214338e-01
-8.3820650073e+02, -3.7537634537e-01
-8.4160799244e+02, -3.7511450187e-01
-8.4500712821e+02, -3.7485652893e-01
-8.4840394277e+02, -3.7460234492e-01
-8.5179847009e+02, -3.7435187049e-01
-8.5519074346e+02, -3.7410502848e-01
-8.5858079546e+02, -3.7386174386e-01
-8.6196865800e+02, -3.7362194360e-01
-8.6535436235e+02, -3.7338555670e-01
-8.6873793912e+02, -3.7315251402e-01
-8.7211941833e+02, -3.7292274828e-01
-8.7549882939e+02, -3.7269619399e-01
-8.7887620111e+02, -3.7247278736e-01
-8.8225156174e+02, -3.7225246629e-01
-8.8562493899e+02, -3.7203517028e-01
-8.8899636000e+02, -3.7182084038e-01
-8.9236585139e+02, -3.7160941917e-01
-8.9573343929e+02, -3.7140085068e-01
-8.9909914929e+02, -3.7119508034e-01
-9.0246300653e+02, -3.7099205499e-01
-9.0582503564e+02, -3.7079172275e-01
-9.0918526082e+02, -3.7059403305e-01
-9.1254370578e+02, -3.7039893658e-01
-9.1590039383e+02, -3.7020638520e-01
-9.1925534781e+02, -3.7001633198e-01
-9.2260859016e+02, -3.6982873110e-01
-9.2596014290e+02, -3.6964353785e-01
-9.2931002768e+02, -3.6946070859e-01
-9.3265826571e+02, -3.6928020071e-01
-9.3600487785e+02, -3.6910197262e-01
-9.3934988458e+02, -3.6892598369e-01
-9.4269330603e+02, -3.6875219424e-01
-9.4603516194e+02, -3.6858056552e-01
-9.4937547174e+02, -3.6841105967e-01
-9.5042923806e+02, +5.1097868802e+01
-9.6927572237e+02, +5.7368733017e+01
-9.6272162636e+02, -3.6775353756e-01
-9.6605448519e+02, -3.6759410764e-01
-9.6938590753e+02, -3.6743659081e-01
-9.7734862924e+02, +5.2293717087e+01
-9.7954471192e+02, +5.1482000541e+01
-9.8934521825e+02, -3.6652990587e-01
-1.0164636669e+03, +4.4482874893e+01
-9.1925534781e+02, -3.7001633198e-01
-9.6605448519e+02, -3.6759410764e-01
-9.7604451122e+02, -3.6712716802e-01
-9.8269757156e+02, -3.6682501938e-01
-9.8934521825e+02, -3.6652990587e-01
-9.9266705084e+02, -3.6638491539e-01
-9.9598757673e+02, -3.6624159866e-01
-9.9930681099e+02, -3.6609992857e-01
-9.9152346070e+02, +5.7515085142e+01
-1.0127478698e+03, +5.0842375183e+01
-1.0125711242e+03, -3.6554919238e-01
-1.0158841176e+03, -3.6541536854e-01
-1.0191959048e+03, -3.6528304027e-01
-1.0225064991e+03, -3.6515218416e-01
-1.0258159139e+03, -3.6502277730e-01
-1.0291241621e+03, -3.6489479725e-01
-1.0324312566e+03, -3.6476822200e-01
-1.0357372099e+03, -3.6464303000e-01
-1.0390420347e+03, -3.6451920011e-01
-1.0423457431e+03, -3.6439671164e-01
-1.0456483471e+03, -3.6427554428e-01
-1.0489498587e+03, -3.6415567814e-01
-1.0522502896e+03, -3.6403709371e-01
-1.0555496513e+03, -3.6391977185e-01
-1.0588479552e+03, -3.6380369382e-01
-1.0621452124e+03, -3.6368884121e-01
-1.0654414340e+03, -3.6357519599e-01
-1.0687366308e+03, -3.6346274045e-01
-1.0720308136e+03, -3.6335145725e-01
-1.0753239928e+03, -3.6324132933e-01
-1.0786161790e+03, -3.6313234001e-01
-1.0819073823e+03, -3.6302447287e-01
-1.0851976129e+03, -3.6291771183e-01
-1.0884868806e+03, -3.6281204111e-01
-1.0917751954e+03, -3.6270744519e-01
-1.0950625668e+03, -3.6260390887e-01
-1.0983490045e+03, -3.6250141722e-01
-1.1016345178e+03, -3.6239995557e-01
-1.1049191159e+03, -3.6229950953e-01
-1.1082028081e+03, -3.6220006498e-01
-1.1114856034e+03, -3.6210160802e-01
-1.1147675106e+03, -3.6200412503e-01
-1.1180485385e+03, -3.6190760263e-01
-1.1213286958e+03, -3.6181202766e-01
-1.1246079909e+03, -3.6171738722e-01
-1.1278864324e+03, -3.6162366862e-01
-1.1311640284e+03, -3.6153085940e-01
-1.1344407872e+03, -3.6143894730e-01
-1.1377167169e+03, -3.6134792030e-01
-1.1409918254e+03, -3.6125776658e-01
-1.1442661207e+03, -3.6116847451e-01
-1.1475396103e+03, -3.6108003268e-01
-1.1508123021e+03, -3.6099242987e-01
-1.1540842036e+03, -3.6090565504e-01
-1.1573553222e+03, -3.6081969734e-01
-1.1606256652e+03, -3.6073454613e-01
-1.1638952400e+03, -3.6065019092e-01
-1.1671640537e+03, -3.6056662139e-01
-1.1704321134e+03, -3.6048382743e-01
-1.1736994261e+03, -3.6040179907e-01
-1.1769659987e+03, -3.6032052651e-01
-1.1802318379e+03, -3.6024000011e-01
-1.1834969505e+03, -3.6016021040e-01
-1.1867613432e+03, -3.6008114805e-01
-1.1900250224e+03, -3.6000280390e-01
-1.1932879947e+03, -3.5992516892e-01
-1.1965502664e+03, -3.5984823424e-01
-1.1998118439e+03, -3.5977199113e-01
-1.2030727334e+03, -3.5969643100e-01
-1.2063329410e+03, -3.5962154539e-01
-1.2095924728e+03, -3.5954732598e-01
-1.2128513348e+03, -3.5947376460e-01
-1.2161095329e+03, -3.5940085318e-01
-1.2193670731e+03, -3.5932858380e-01
-1.2226239610e+03, -3.5925694865e-01
-1.2258802024e+03, -3.5918594005e-01
-1.2291358030e+03, -3.5911555043e-01
-1.2323907683e+03, -3.5904577236e-01
-1.2356451038e+03, -3.5897659850e-01
-1.2388988149e+03, -3.5890802164e-01
-1.2421519071e+03, -3.5884003468e-01
-1.2454043857e+03, -3.5877263061e-01
-1.2486562559e+03, -3.5870580254e-01
-1.2519075229e+03, -3.5863954370e-01
-1.2551581919e+03, -3.5857384741e-01
-1.2584082678e+03, -3.5850870707e-01
-1.2616577558e+03, -3.5844411621e-01
-1.2649066607e+03, -3.5838006845e-01
-1.2681549875e+03, -3.5831655749e-01
-1.2714027410e+03, -3.5825357715e-01
-1.2746499260e+03, -3.5819112131e-01
-1.2778965472e+03, -3.5812918397e-01
-1.2811426093e+03, -3.5806775920e-01
-1.2843881169e+03, -3.5800684116e-01
-1.2876330745e+03, -3.5794642410e-01
-1.2908774867e+03, -3.5788650236e-01
-1.2941213580e+03, -3.5782707035e-01
-1.2973646928e+03, -3.5776812256e-01
-1.3006074954e+03, -3.5770965357e-01
-1.3038497701e+03, -3.5765165803e-01
-1.3070915212e+03, -3.5759413068e-01
-1.3103327530e+03, -3.5753706631e-01
-1.3135734696e+03, -3.5748045981e-01
-1.3168136751e+03, -3.5742430613e-01
-1.3200533736e+03, -3.5736860029e-01
-1.3232925692e+03, -3.5731333739e-01
-1.3265312658e+03, -3.5725851259e-01
-1.3297694674e+03, -3.5720412111e-01
-1.3330071779e+03, -3.5715015827e-01
-1.3362444012e+03, -3.5709661941e-01
-1.3394811411e+03, -3.5704349997e-01
-1.3427174014e+03, -3.5699079543e-01
-1.3459531857e+03, -3.5693850135e-01
-1.3556577203e+03, -3.5678403831e-01
-1.3491884979e+03, -3.5688661335e-01
-1.3524233416e+03, -3.5683512709e-01
-1.3508871832e+03, +4.9979647875e+01
-1.3166657659e+03, +9.7169266122e+01
-1.3781618275e+03, +5.0411356706e+01
-1.3750544279e+03, -3.5648562097e-01
-1.3815164360e+03, -3.5638914406e-01
-1.3782856506e+03, -3.5643719983e-01
-1.3815164360e+03, -3.5638914406e-01
-1.3847467875e+03, -3.5634144986e-01
-1.3879767082e+03, -3.5629411351e-01
-1.3912062015e+03, -3.5624713134e-01
-1.3944352704e+03, -3.5620049971e-01
-1.3976639183e+03, -3.5615421504e-01
-1.4008921481e+03, -3.5610827380e-01
-1.4041199631e+03, -3.5606267250e-01
-1.4073473662e+03, -3.5601740769e-01
-1.4105743605e+03, -3.5597247598e-01
-1.4088582234e+03, +5.0908111570e+01
-1.4224319809e+03, +4.9517320860e+01
-1.4234783093e+03, -3.5579601362e-01
-1.4267033041e+03, -3.5575269792e-01
-1.4299279077e+03, -3.5570969581e-01
-1.4319261715e+03, +4.9533732634e+01
-1.4395993991e+03, -3.5558254024e-01
-1.4428224658e+03, -3.5554076187e-01
-1.4493122359e+03, +5.3955564650e+01
-1.4524894124e+03, -3.5541720592e-01
-1.4589321923e+03, -3.5533628920e-01
-1.4653735155e+03, -3.5525650950e-01
-1.4750328137e+03, -3.5513892438e-01
-1.4881252595e+03, +4.8217125386e+01
-1.5104236593e+03, -3.5472812423e-01
-1.5746715199e+03, -3.5405501091e-01
-1.3699937657e+03, +4.1238521920e+01
-1.4170271347e+03, -3.5588359846e-01
-1.4363759524e+03, -3.5562462002e-01
-1.4472116975e+03, +4.9857101749e+01
-1.4557109857e+03, -3.5537660405e-01
-1.4621530347e+03, -3.5529625860e-01
-1.4685936373e+03, -3.5521703921e-01
-1.4713602223e+03, +4.9296068756e+01
-1.4782518734e+03, -3.5510027459e-01
-1.4814705839e+03, -3.5506189312e-01
-1.4828737899e+03, +4.9812932186e+01
-1.4911246446e+03, -3.5494833330e-01
-1.4943419826e+03, -3.5491099995e-01
-1.4975589833e+03, -3.5487392250e-01
-1.5007756490e+03, -3.5483709856e-01
-1.5039919821e+03, -3.5480052575e-01
-1.5044118064e+03, +4.9460264313e+01
-1.5219118484e+03, +5.2293182730e+01
-1.5168876566e+03, +4.6221519463e+01
-1.5200687362e+03, -3.5462134798e-01
-1.5232831202e+03, -3.5458623389e-01
-1.5264971870e+03, -3.5455135515e-01
-1.5297109386e+03, -3.5451670960e-01
-1.5329243773e+03, -3.5448229514e-01
-1.5361375050e+03, -3.5444810964e-01
-1.5393503239e+03, -3.5441415104e-01
-1.5425628360e+03, -3.5438041728e-01
-1.5457750432e+03, -3.5434690633e-01
-1.5489869478e+03, -3.5431361619e-01
-1.5521985515e+03, -3.5428054487e-01
-1.5554098565e+03, -3.5424769042e-01
-1.5586208646e+03, -3.5421505090e-01
-1.5618315778e+03, -3.5418262439e-01
-1.5650419981e+03, -3.5415040899e-01
-1.5678636289e+03, +4.7346251504e+01
-1.5618315778e+03, -3.5418262439e-01
-1.5714619672e+03, -3.5408660409e-01
-1.5746715199e+03, -3.5405501091e-01
-1.5747272922e+03, +4.9097837654e+01
-1.5710588021e+03, +5.0091387927e+01
-1.5184756577e+03, +8.8202778721e+01
-1.6155941280e+03, +5.1752457011e+01
-1.6063748145e+03, +4.9263662018e+01
-1.6067516445e+03, -3.5374999680e-01
-1.6067516445e+03, -3.5374999680e-01
-1.6099581557e+03, -3.5372054972e-01
-1.6131644008e+03, -3.5369128777e-01
-1.6195760993e+03, -3.5363331295e-01
-1.6090916011e+03, +4.5472407226e+01
-1.6175828134e+03, +5.1953743143e+01
-1.6227815561e+03, -3.5360459696e-01
-1.6259867534e+03, -3.5357605987e-01
-1.6291916928e+03, -3.5354770016e-01
-1.6323963759e+03, -3.5351951634e-01
-1.6356008043e+03, -3.5349150692e-01
-1.6388049797e+03, -3.5346367044e-01
-1.6420089035e+03, -3.5343600543e-01
-1.6452125772e+03, -3.5340851047e-01
-1.6484160025e+03, -3.5338118414e-01
-1.6516191809e+03, -3.5335402502e-01
-1.6548221138e+03, -3.5332703174e-01
-1.6580248028e+03, -3.5330020290e-01
-1.6612272493e+03, -3.5327353716e-01
-1.6644294549e+03, -3.5324703316e-01
-1.6676314209e+03, -3.5322068958e-01
-1.6708331489e+03, -3.5319450508e-01
-1.6740346402e+03, -3.5316847837e-01
-1.6772358963e+03, -3.5314260816e-01
-1.6804369185e+03, -3.5311689316e-01
-1.6836377084e+03, -3.5309133212e-01
-1.6868382673e+03, -3.5306592377e-01
-1.6900385966e+03, -3.5304066688e-01
-1.6932386975e+03, -3.5301556024e-01
-1.6964385716e+03, -3.5299060261e-01
-1.6996382201e+03, -3.5296579280e-01
-1.7028376444e+03, -3.5294112962e-01
-1.7060368458e+03, -3.5291661190e-01
-1.7092358256e+03, -3.5289223847e-01
-1.7124345851e+03, -3.5286800818e-01
-1.7156331256e+03, -3.5284391989e-01
-1.7188314484e+03, -3.5281997246e-01
-1.7220295547e+03, -3.5279616478e-01
-1.7252274459e+03, -3.5277249575e-01
-1.7284251231e+03, -3.5274896426e-01
-1.7316225877e+03, -3.5272556924e-01
-1.7348198408e+03, -3.5270230961e-01
-1.7380168836e+03, -3.5267918430e-01
-1.7412137175e+03, -3.5265619226e-01
-1.7444103435e+03, -3.5263333246e-01
-1.7476067629e+03, -3.5261060386e-01
-1.7508029769e+03, -3.5258800543e-01
-1.7539989866e+03, -3.5256553618e-01
-1.7571947932e+03, -3.5254319509e-01
-1.7603903978e+03, -3.5252098117e-01
-1.7635858017e+03, -3.5249889345e-01
-1.7667810059e+03, -3.5247693095e-01
-1.7699760117e+03, -3.5245509271e-01
-1.7731708200e+03, -3.5243337777e-01
-1.7763654320e+03, -3.5241178520e-01
-1.7795598488e+03, -3.5239031405e-01
-1.7827540716e+03, -3.5236896340e-01
-1.7859481014e+03, -3.5234773234e-01
-1.7891419392e+03, -3.5232661996e-01
-1.7923355862e+03, -3.5230562535e-01
-1.7955290435e+03, -3.5228474763e-01
-1.7987223120e+03, -3.5226398592e-01
-1.8019153928e+03, -3.5224333934e-01
-1.8051082870e+03, -3.5222280702e-01
-1.8083009956e+03, -3.5220238812e-01
-1.8114935196e+03, -3.5218208178e-01
-1.8146858600e+03, -3.5216188716e-01
-1.8178780179e+03, -3.5214180342e-01
-1.8210699943e+03, -3.5212182975e-01
-1.8242617900e+03, -3.5210196533e-01
-1.8274534062e+03, -3.5208220934e-01
-1.8306448438e+03, -3.5206256099e-01
-1.8338361038e+03, -3.5204301948e-01
-1.8370271871e+03, -3.5202358403e-01
-1.8402180948e+03, -3.5200425385e-01
-1.8434088277e+03, -3.5198502817e-01
-1.8465993867e+03, -3.5196590623e-01
-1.8497897729e+03, -3.5194688727e-01
-1.8529799872e+03, -3.5192797054e-01
-1.8561700305e+03, -3.5190915530e-01
-1.8593599036e+03, -3.5189044081e-01
-1.8625496076e+03, -3.5187182633e-01
-1.8657391433e+03, -3.5185331115e-01
-1.8689285116e+03, -3.5183489454e-01
-1.8721177134e+03, -3.5181657580e-01
-1.8753067496e+03, -3.5179835423e-01
-1.8784956210e+03, -3.5178022912e-01
-1.8816843286e+03, -3.5176219979e-01
-1.8848728732e+03, -3.5174426555e-01
-1.8880612556e+03, -3.5172642572e-01
-1.8912494768e+03, -3.5170867963e-01
-1.8944375375e+03, -3.5169102661e-01
-1.8976254386e+03, -3.5167346600e-01
-1.9008131810e+03, -3.5165599715e-01
-1.9040007654e+03, -3.5163861942e-01
-1.9071881927e+03, -3.5162133214e-01
-1.9103754637e+03, -3.5160413470e-01
-1.9135625792e+03, -3.5158702646e-01
-1.9167495401e+03, -3.5157000679e-01
-1.9199363470e+03, -3.5155307507e-01
-1.9231230009e+03, -3.5153623069e-01
-1.9263095025e+03, -3.5151947304e-01
-1.9294958526e+03, -3.5150280151e-01
-1.9326820519e+03, -3.5148621551e-01
-1.9358681013e+03, -3.5146971444e-01
-1.9390540014e+03, -3.5145329772e-01
-1.9422397532e+03, -3.5143696476e-01
-1.9454253572e+03, -3.5142071498e-01
-1.9486108144e+03, -3.5140454782e-01
-1.9517961254e+03, -3.5138846269e-01
-1.9549812909e+03, -3.5137245906e-01
-1.9581663117e+03, -3.5135653634e-01
-1.9613511886e+03, -3.5134069399e-01
-1.9645359222e+03, -3.5132493147e-01
-1.9677205133e+03, -3.5130924823e-01
-1.9709049625e+03, -3.5129364372e-01
-1.9740892707e+03, -3.5127811742e-01
-1.9772734385e+03, -3.5126266879e-01
-1.9804574666e+03, -3.5124729732e-01
-1.9836413558e+03, -3.5123200248e-01
-1.9868251066e+03, -3.5121678375e-01
-1.9900087198e+03, -3.5120164062e-01
-1.9931921961e+03, -3.5118657258e-01
-1.9963755361e+03, -3.5117157914e-01
-1.9995587406e+03, -3.5115665979e-01
-2.0027418101e+03, -3.5114181404e-01
-2.0059247454e+03, -3.5112704140e-01
-2.0091075472e+03, -3.5111234138e-01
-2.0122902160e+03, -3.5109771350e-01
-2.0154727525e+03, -3.5108315728e-01
-2.0186551574e+03, -3.5106867225e-01
-2.0218374313e+03, -3.5105425793e-01
-2.0250195749e+03, -3.5103991387e-01
-2.0282015888e+03, -3.5102563959e-01
-2.0313834736e+03, -3.5101143465e-01
-2.0345652299e+03, -3.5099729858e-01
-2.0377468585e+03, -3.5098323093e-01
-2.0409283598e+03, -3.5096923126e-01
-2.0441097345e+03, -3.5095529913e-01
-2.0472909832e+03, -3.5094143408e-01
-2.0504721065e+03, -3.5092763570e-01
+3.1556482899e+02, -1.0884942513e+01
+3.1064990704e+02, -1.8860393004e+01
+3.0656296473e+02, -2.5281012699e+01
+3.0290360576e+02, -3.0873881617e+01
+2.9951961939e+02, -3.5919372690e+01
+2.9633292217e+02, -4.0563131396e+01
+2.9329687925e+02, -4.4893147184e+01
+2.9038089470e+02, -4.8967768830e+01
+2.8756356249e+02, -5.2828234034e+01
+2.8482918673e+02, -5.6505072654e+01
+2.8216583881e+02, -6.0021701921e+01
+2.7956419318e+02, -6.3396592120e+01
+2.7701679051e+02, -6.6644644553e+01
+2.7451755018e+02, -6.9778107631e+01
+2.7206143590e+02, -7.2807208248e+01
+2.6964421934e+02, -7.5740600234e+01
+2.6726230868e+02, -7.8585691122e+01
+2.6491262146e+02, -8.1348885561e+01
+2.6259248845e+02, -8.4035770116e+01
+2.6029957977e+02, -8.6651255959e+01
+2.5803184722e+02, -8.9199690683e+01
+2.5578747869e+02, -9.1684947097e+01
+2.5356486165e+02, -9.4110494570e+01
+2.5136255360e+02, -9.6479456984e+01
+2.4917925803e+02, -9.8794660259e+01
+2.4701380445e+02, -1.0105867167e+02
+2.4486513193e+02, -1.0327383267e+02
+2.4273227526e+02, -1.0544228641e+02
+2.4061435328e+02, -1.0756600110e+02
+2.3851055900e+02, -1.0964678985e+02
+2.3642015115e+02, -1.1168632767e+02
+2.3434244697e+02, -1.1368616613e+02
+2.3227681593e+02, -1.1564774603e+02
+2.3022267431e+02, -1.1757240840e+02
+2.2817948054e+02, -1.1946140419e+02
+2.2614673102e+02, -1.2131590266e+02
+2.2412395657e+02, -1.2313699882e+02
+2.2211071916e+02, -1.2492572005e+02
+2.2010660919e+02, -1.2668303190e+02
+2.1811124292e+02, -1.2840984328e+02
+2.1612426028e+02, -1.3010701108e+02
+2.1414532288e+02, -1.3177534437e+02
+2.1217411226e+02, -1.3341560806e+02
+2.1021032824e+02, -1.3502852630e+02
+2.0825368754e+02, -1.3661478548e+02
+2.0630392249e+02, -1.3817503696e+02
+2.0436077980e+02, -1.3970989961e+02
+2.0242401957e+02, -1.4121996198e+02
+2.0049341431e+02, -1.4270578441e+02
+1.9856874804e+02, -1.4416790092e+02
+1.9664981552e+02, -1.4560682085e+02
+1.9473642152e+02, -1.4702303053e+02
+1.9282838012e+02, -1.4841699462e+02
+1.9092551417e+02, -1.4978915752e+02
+1.8902765466e+02, -1.5113994454e+02
+1.8713464023e+02, -1.5246976302e+02
+1.8524631670e+02, -1.5377900342e+02
+1.8336253664e+02, -1.5506804023e+02
+1.8148315894e+02, -1.5633723286e+02
+1.7960804846e+02, -1.5758692651e+02
+1.7773707568e+02, -1.5881745290e+02
+1.7587011635e+02, -1.6002913097e+02
+1.7400705124e+02, -1.6122226759e+02
+1.7214776582e+02, -1.6239715815e+02
+1.7029215003e+02, -1.6355408711e+02
+1.6844009803e+02, -1.6469332860e+02
+1.6659150797e+02, -1.6581514689e+02
+1.6474628178e+02, -1.6691979684e+02
+1.6290432499e+02, -1.6800752439e+02
+1.6106554654e+02, -1.6907856694e+02
+1.5922985859e+02, -1.7013315374e+02
+1.5739717638e+02, -1.7117150629e+02
+1.5556741808e+02, -1.7219383863e+02
+1.5374050463e+02, -1.7320035772e+02
+1.5191635963e+02, -1.7419126370e+02
+1.5009490918e+02, -1.7516675021e+02
+1.4827608182e+02, -1.7612700462e+02
+1.4645980835e+02, -1.7707220835e+02
+1.4464602177e+02, -1.7800253704e+02
+1.4283465717e+02, -1.7891816085e+02
+1.4102565164e+02, -1.7981924460e+02
+1.3921894417e+02, -1.8070594805e+02
+1.3741447558e+02, -1.8157842605e+02
+1.3561218842e+02, -1.8243682872e+02
+1.3381202692e+02, -1.8328130165e+02
+1.3201393690e+02, -1.8411198606e+02
+1.3021786573e+02, -1.8492901894e+02
+1.2842376223e+02, -1.8573253323e+02
+1.2663157661e+02, -1.8652265793e+02
+1.2484126046e+02, -1.8729951825e+02
+1.2305276665e+02, -1.8806323573e+02
+1.2126604927e+02, -1.8881392840e+02
+1.1948106364e+02, -1.8955171085e+02
+1.1769776619e+02, -1.9027669435e+02
+1.1591611445e+02, -1.9098898698e+02
+1.1413606703e+02, -1.9168869372e+02
+1.1235758353e+02, -1.9237591653e+02
+1.1058062452e+02, -1.9305075447e+02
+1.0880515153e+02, -1.9371330376e+02
+1.0703112697e+02, -1.9436365789e+02
+1.0525851413e+02, -1.9500190768e+02
+1.0348727712e+02, -1.9562814138e+02
+1.0171738086e+02, -1.9624244471e+02
+9.9948791042e+01, -1.9684490098e+02
+9.8181474096e+01, -1.9743559108e+02
+9.6415397169e+01, -1.9801459364e+02
+9.4650528098e+01, -1.9858198502e+02
+9.2886835381e+01, -1.9913783939e+02
+9.1124288155e+01, -1.9968222880e+02
+8.9362856172e+01, -2.0021522321e+02
+8.7602509775e+01, -2.0073689057e+02
+8.5843219878e+01, -2.0124729685e+02
+8.4084957944e+01, -2.0174650609e+02
+8.2327695965e+01, -2.0223458044e+02
+8.0571406442e+01, -2.0271158024e+02
+7.8816062369e+01, -2.0317756401e+02
+7.7061637209e+01, -2.0363258851e+02
+7.5308104883e+01, -2.0407670881e+02
+7.3555439750e+01, -2.0450997828e+02
+7.1803616590e+01, -2.0493244866e+02
+7.0052610590e+01, -2.0534417005e+02
+6.8302397328e+01, -2.0574519102e+02
+6.6552952757e+01, -2.0613555855e+02
+6.4804253193e+01, -2.0651531813e+02
+6.3056275300e+01, -2.0688451376e+02
+6.1308996078e+01, -2.0724318797e+02
+5.9562392846e+01, -2.0759138186e+02
+5.7816443233e+01, -2.0792913513e+02
+5.6071125167e+01, -2.0825648609e+02
+5.4326416858e+01, -2.0857347170e+02
+5.2582296790e+01, -2.0888012755e+02
+5.0838743710e+01, -2.0917648795e+02
+4.9095736615e+01, -2.0946258589e+02
+4.7353254743e+01, -2.0973845310e+02
+4.5611277560e+01, -2.1000412004e+02
+4.3869784755e+01, -2.1025961592e+02
+4.2128756223e+01, -2.1050496873e+02
+4.0388172063e+01, -2.1074020528e+02
+3.8648012561e+01, -2.1096535114e+02
+3.6908258185e+01, -2.1118043073e+02
+3.5168889578e+01, -2.1138546730e+02
+3.3429887542e+01, -2.1158048294e+02
+3.1691233036e+01, -2.1176549860e+02
+2.9952907165e+01, -2.1194053412e+02
+2.8214891171e+01, -2.1210560819e+02
+2.6477166424e+01, -2.1226073841e+02
+2.4739714416e+01, -2.1240594130e+02
+2.3002516754e+01, -2.1254123225e+02
+2.1265555146e+01, -2.1266662560e+02
+1.9528811400e+01, -2.1278213461e+02
+1.7792267413e+01, -2.1288777147e+02
+1.6055905164e+01, -2.1298354730e+02
+1.4319706705e+01, -2.1306947220e+02
+1.2583654157e+01, -2.1314555518e+02
+1.0847729700e+01, -2.1321180424e+02
+9.1119155641e+00, -2.1326822631e+02
+7.3761940270e+00, -2.1331482732e+02
+5.6405474024e+00, -2.1335161214e+02
+3.9049580349e+00, -2.1337858462e+02
+2.1694082923e+00, -2.1339574758e+02
+4.3388055814e-01, -2.1340310282e+02
-1.3016427747e+00, -2.1340065109e+02
-3.0371793118e+00, -2.1338839216e+02
-4.7727466640e+00, -2.1336632473e+02
-6.5083624547e+00, -2.1333444649e+02
-8.2440443269e+00, -2.1329275412e+02
-9.9798099503e+00, -2.1324124325e+02
-1.1715677029e+01, -2.1317990849e+02
-1.3451663307e+01, -2.1310874340e+02
-1.5187786579e+01, -2.1302774053e+02
-1.6924064694e+01, -2.1293689136e+02
-1.8660515565e+01, -2.1283618634e+02
-2.0397157174e+01, -2.1272561486e+02
-2.2134007582e+01, -2.1260516527e+02
-2.3871084938e+01, -2.1247482484e+02
-2.5608407480e+01, -2.1233457978e+02
-2.7345993551e+01, -2.1218441522e+02
-2.9083861601e+01, -2.1202431520e+02
-3.0822030197e+01, -2.1185426268e+02
-3.2560518032e+01, -2.1167423950e+02
-3.4299343932e+01, -2.1148422640e+02
-3.6038526864e+01, -2.1128420299e+02
-3.7778085946e+01, -2.1107414774e+02
-3.9518040454e+01, -2.1085403799e+02
-4.1258409833e+01, -2.1062384991e+02
-4.2999213703e+01, -2.1038355850e+02
-4.4740471872e+01, -2.1013313758e+02
-4.6482204340e+01, -2.0987255975e+02
-4.8224431315e+01, -2.0960179641e+02
-4.9967173218e+01, -2.0932081771e+02
-5.1710450695e+01, -2.0902959259e+02
-5.3454284628e+01, -2.0872808867e+02
-5.5198696144e+01, -2.0841627231e+02
-5.6943706625e+01, -2.0809410856e+02
-5.8689337723e+01, -2.0776156115e+02
-6.0435611368e+01, -2.0741859244e+02
-6.2182549780e+01, -2.0706516344e+02
-6.3930175483e+01, -2.0670123375e+02
-6.5678511315e+01, -2.0632676155e+02
-6.7427580444e+01, -2.0594170359e+02
-6.9177406378e+01, -2.0554601512e+02
-7.0928012981e+01, -2.0513964991e+02
-7.2679424484e+01, -2.0472256019e+02
-7.4431665504e+01, -2.0429469663e+02
-7.6184761055e+01, -2.0385600831e+02
-7.7938736565e+01, -2.0340644269e+02
-7.9693617894e+01, -2.0294594554e+02
-8.1449431346e+01, -2.0247446096e+02
-8.3206203690e+01, -2.0199193131e+02
-8.4963962178e+01, -2.0149829717e+02
-8.6722734560e+01, -2.0099349730e+02
-8.8482549106e+01, -2.0047746860e+02
-9.0243434625e+01, -1.9995014608e+02
-9.2005420486e+01, -1.9941146279e+02
-9.3768536638e+01, -1.9886134978e+02
-9.5532813635e+01, -1.9829973604e+02
-9.7298282656e+01, -1.9772654848e+02
-9.9064975530e+01, -1.9714171183e+02
-1.0083292476e+02, -1.9654514862e+02
-1.0260216356e+02, -1.9593677908e+02
-1.0437272586e+02, -1.9531652113e+02
-1.0614464635e+02, -1.9468429025e+02
-1.0791796051e+02, -1.9403999948e+02
-1.0969270464e+02, -1.9338355929e+02
-1.1146891589e+02, -1.9271487753e+02
-1.1324663227e+02, -1.9203385936e+02
-1.1502589275e+02, -1.9134040715e+02
-1.1680673722e+02, -1.9063442039e+02
-1.1858920657e+02, -1.8991579564e+02
-1.2037334274e+02, -1.8918442637e+02
-1.2215918873e+02, -1.8844020293e+02
-1.2394678866e+02, -1.8768301239e+02
-1.2573618783e+02, -1.8691273845e+02
-1.2752743274e+02, -1.8612926137e+02
-1.2932057116e+02, -1.8533245776e+02
-1.3111565220e+02, -1.8452220054e+02
-1.3291272630e+02, -1.8369835876e+02
-1.3471184538e+02, -1.8286079747e+02
-1.3651306284e+02, -1.8200937759e+02
-1.3831643365e+02, -1.8114395574e+02
-1.4012201439e+02, -1.8026438407e+02
-1.4192986338e+02, -1.7937051013e+02
-1.4374004070e+02, -1.7846217663e+02
-1.4555260830e+02, -1.7753922131e+02
-1.4736763009e+02, -1.7660147671e+02
-1.4918517199e+02, -1.7564876995e+02
-1.5100530211e+02, -1.7468092253e+02
-1.5282809075e+02, -1.7369775010e+02
-1.5465361059e+02, -1.7269906217e+02
-1.5648193675e+02, -1.7168466189e+02
-1.5831314695e+02, -1.7065434575e+02
-1.6014732162e+02, -1.6960790329e+02
-1.6198454404e+02, -1.6854511677e+02
-1.6382490048e+02, -1.6746576088e+02
-1.6566848037e+02, -1.6636960233e+02
-1.6751537647e+02, -1.6525639950e+02
-1.6936568501e+02, -1.6412590205e+02
-1.7121950593e+02, -1.6297785046e+02
-1.7307694304e+02, -1.6181197560e+02
-1.7493810428e+02, -1.6062799824e+02
-1.7680310190e+02, -1.5942562852e+02
-1.7867205275e+02, -1.5820456539e+02
-1.8054507852e+02, -1.5696449602e+02
-1.8242230608e+02, -1.5570509517e+02
-1.8430386770e+02, -1.5442602447e+02
-1.8618990147e+02, -1.5312693172e+02
-1.8808055161e+02, -1.5180745006e+02
-1.8997596887e+02, -1.5046719715e+02
-1.9187631097e+02, -1.4910577421e+02
-1.9378174301e+02, -1.4772276504e+02
-1.9569243803e+02, -1.4631773494e+02
-1.9760857749e+02, -1.4489022954e+02
-1.9953035187e+02, -1.4343977351e+02
-2.0145796133e+02, -1.4196586922e+02
-2.0339161637e+02, -1.4046799517e+02
-2.0533153864e+02, -1.3894560442e+02
-2.0727796171e+02, -1.3739812277e+02
-2.0923113206e+02, -1.3582494677e+02
-2.1119131001e+02, -1.3422544161e+02
-2.1315877090e+02, -1.3259893874e+02
-2.1513380628e+02, -1.3094473324e+02
-2.1711672528e+02, -1.2926208098e+02
-2.1910785613e+02, -1.2755019542e+02
-2.2110754781e+02, -1.2580824407e+02
-2.2311617197e+02, -1.2403534457e+02
-2.2513412498e+02, -1.2223056030e+02
-2.2716183034e+02, -1.2039289549e+02
-2.2919974126e+02, -1.1852128972e+02
-2.3124834372e+02, -1.1661461171e+02
-2.3330815983e+02, -1.1467165237e+02
-2.3537975167e+02, -1.1269111681e+02
-2.3746372574e+02, -1.1067161542e+02
-2.3956073796e+02, -1.0861165348e+02
-2.4167149950e+02, -1.0650961940e+02
-2.4379678353e+02, -1.0436377108e+02
-2.4593743298e+02, -1.0217222017e+02
-2.4809436969e+02, -9.9932913662e+01
-2.5026860516e+02, -9.7643612410e+01
-2.5246125320e+02, -9.5301865802e+01
-2.5467354507e+02, -9.2904981712e+01
-2.5690684754e+02, -9.0449990624e+01
-2.5916268480e+02, -8.7933602442e+01
-2.6144276509e+02, -8.5352154080e+01
-2.6374901350e+02, -8.2701545235e+01
-2.6608361269e+02, -7.9977158909e+01
-2.6844905411e+02, -7.7173761924e+01
-2.7084820314e+02, -7.4285378827e+01
-2.7328438323e+02, -7.1305129826e+01
-2.7576148615e+02, -6.8225019169e+01
-2.7828411933e+02, -6.5035653839e+01
-3.2338933769e+02, +1.1251981407e+02
-2.8348926798e+02, -5.8282162103e+01
-4.0583913689e+02, +7.8681399725e+01
-4.0149196111e+02, +7.9768386935e+01
-2.9182538191e+02, -4.6959497612e+01
-3.4133064563e+02, +1.0258603586e+02
-3.4512815574e+02, +1.0065489327e+02
-3.4899543666e+02, +9.8755671885e+01
-3.5293115560e+02, +9.6894444577e+01
-3.5693352567e+02, +9.5077151808e+01
-3.6100161803e+02, +9.3309328889e+01
-3.6515655043e+02, +9.1599930649e+01
-3.6306227617e+02, +9.2445659968e+01
-3.5895908600e+02, +9.4186813368e+01
-3.5095467607e+02, +9.7820013276e+01
           NaN, -7.6848987286e+02
           NaN, -7.9481346522e+02
           NaN, -8.2015516816e+02
           NaN, -8.4454496618e+02
           NaN, -8.6801175592e+02
           NaN, -8.9058361713e+02
           NaN, -9.1228800033e+02
           NaN, -9.3315185175e+02
           NaN, -9.5320169409e+02
           NaN, -9.7246366954e+02
           NaN, -9.9096356358e+02
           NaN, -1.0087268052e+03
           NaN, -1.0257784579e+03
           NaN, -1.0421432048e+03
           NaN, -1.0578453213e+03
           NaN, -1.0729086549e+03
           NaN, -1.0873565955e+03
           NaN, -1.1012120513e+03
           NaN, -1.1144974251e+03
           NaN, -1.1272345917e+03
           NaN, -1.1394448791e+03
           NaN, -1.1511490531e+03
           NaN, -1.1623673014e+03
           NaN, -1.1731192248e+03
           NaN, -1.1834238316e+03
           NaN, -1.1932995300e+03
-2.3436052287e+02, +1.6927167309e+02
-2.3203681577e+02, +1.7068004501e+02
-2.2972713407e+02, +1.7206946030e+02
-2.2743094913e+02, +1.7344014574e+02
-2.2514775903e+02, +1.7479232645e+02
-2.2287708686e+02, +1.7612622548e+02
-2.2061847916e+02, +1.7744206335e+02
-2.1837150447e+02, +1.7874005772e+02
-2.1613575197e+02, +1.8002042315e+02
-2.1391083025e+02, +1.8128337083e+02
-2.1169636613e+02, +1.8252910842e+02
-2.0949200355e+02, +1.8375783995e+02
-2.0729740261e+02, +1.8496976568e+02
-2.0511223860e+02, +1.8616508201e+02
-2.0293620113e+02, +1.8734398149e+02
-2.0076899329e+02, +1.8850665274e+02
-1.9861033094e+02, +1.8965328046e+02
-1.9645994196e+02, +1.9078404543e+02
-1.9431756558e+02, +1.9189912453e+02
-1.9218295181e+02, +1.9299869075e+02
-1.9005586078e+02, +1.9408291325e+02
-1.8793606227e+02, +1.9515195741e+02
-1.8582333517e+02, +1.9620598484e+02
-1.8371746700e+02, +1.9724515346e+02
-1.8161825345e+02, +1.9826961757e+02
-1.7952549802e+02, +1.9927952789e+02
           NaN, -1.3496550349e+03
           NaN, -1.3527833686e+03
           NaN, -1.3557938534e+03
           NaN, -1.3586915981e+03
           NaN, -1.3614814795e+03
-1.6709446477e+02, +2.0504136663e+02
-1.6504198894e+02, +2.0595333417e+02
-1.6299463604e+02, +2.0685183297e+02
-1.6095226428e+02, +2.0773698459e+02
           NaN, -1.3739682141e+03
           NaN, -1.3762012710e+03
           NaN, -1.3783547863e+03
           NaN, -1.3804320848e+03
           NaN, -1.3824363403e+03
           NaN, -1.3843705750e+03
           NaN, -1.3862376751e+03
           NaN, -1.3880403886e+03
           NaN, -1.3897813382e+03
           NaN, -1.3914630242e+03
           NaN, -1.3930878320e+03
           NaN, -1.3946580344e+03
           NaN, -1.3961758034e+03
           NaN, -1.3976432079e+03
           NaN, -1.3990622229e+03
           NaN, -1.4004347347e+03
           NaN, -1.4017625403e+03
           NaN, -1.4030473569e+03
           NaN, -1.4042908231e+03
           NaN, -1.4054945052e+03
           NaN, -1.4066598964e+03
           NaN, -1.4077884234e+03
           NaN, -1.4088814501e+03
           NaN, -1.4099402791e+03
           NaN, -1.4109661547e+03
           NaN, -1.4119602681e+03
           NaN, -1.4129237546e+03
           NaN, -1.4138577036e+03
           NaN, -1.4147631540e+03
           NaN, -1.4156411007e+03
           NaN, -1.4164924982e+03
           NaN, -1.4173182552e+03
           NaN, -1.4181192461e+03
           NaN, -1.4188963059e+03
           NaN, -1.4196502345e+03
           NaN, -1.4203817990e+03
           NaN, -1.4210917346e+03
           NaN, -1.4217807468e+03
           NaN, -1.4224495107e+03
           NaN, -1.4230986755e+03
           NaN, -1.4237288638e+03
           NaN, -1.4243406733e+03
           NaN, -1.4249346766e+03
           NaN, -1.4255114259e+03
           NaN, -1.4260714518e+03
           NaN, -1.4266152635e+03
           NaN, -1.4271433522e+03
           NaN, -1.4276561883e+03
           NaN, -1.4281542265e+03
           NaN, -1.4286379049e+03
           NaN, -1.4291076447e+03
           NaN, -1.4295638530e+03
           NaN, -1.4300069218e+03
           NaN, -1.4304372294e+03
           NaN, -1.4308551406e+03
           NaN, -1.4312610086e+03
           NaN, -1.4316551750e+03
           NaN, -1.4320379689e+03
           NaN, -1.4324097096e+03
           NaN, -1.4327707057e+03
           NaN, -1.4331212568e+03
           NaN, -1.4334616529e+03
           NaN, -1.4337921738e+03
           NaN, -1.4341130921e+03
           NaN, -1.4344246731e+03
           NaN, -1.4347271731e+03
           NaN, -1.4350208405e+03
           NaN, -1.4353059190e+03
           NaN, -1.4355826429e+03
           NaN, -1.4358512428e+03
           NaN, -1.4361119399e+03
           NaN, -1.4363649511e+03
           NaN, -1.4366104907e+03
           NaN, -1.4368487610e+03
           NaN, -1.4370799639e+03
           NaN, -1.4373042960e+03
           NaN, -1.4375219464e+03
           NaN, -1.4377331007e+03
           NaN, -1.4379379412e+03
           NaN, -1.4381366429e+03
           NaN, -1.4383293798e+03
           NaN, -1.4385163177e+03
           NaN, -1.4386976224e+03
           NaN, -1.4388734517e+03
           NaN, -1.4390439611e+03
           NaN, -1.4392093030e+03
           NaN, -1.4393696229e+03
           NaN, -1.4395250648e+03
           NaN, -1.4396757672e+03
           NaN, -1.4398218641e+03
           NaN, -1.4399634875e+03
           NaN, -1.4401007629e+03
           NaN, -1.4402338119e+03
           NaN, -1.4403627529e+03
           NaN, -1.4404876978e+03
           NaN, -1.4406087556e+03
           NaN, -1.4407260293e+03
           NaN, -1.4408396165e+03
           NaN, -1.4409496114e+03
           NaN, -1.4410561003e+03
-3.1878847367e+02, -5.4968000737e+00
-3.1295481151e+02, -1.5155523566e+01
-3.0853797484e+02, -2.2201642517e+01
-3.0469195830e+02, -2.8158667181e+01
-3.0118309211e+02, -3.3454080610e+01
-2.9790501790e+02, -3.8285059851e+01
-2.9479825338e+02, -4.2763205017e+01
-2.9182538191e+02, -4.6959497612e+01
-2.8896098408e+02, -5.0922663248e+01
-2.8618682256e+02, -5.4688006710e+01
-2.8348926798e+02, -5.8282162103e+01
-2.8085780651e+02, -6.1725861876e+01
-2.7828411933e+02, -6.5035653839e+01
-2.7576148615e+02, -6.8225019169e+01
-2.7328438323e+02, -7.1305129826e+01
-2.7084820314e+02, -7.4285378827e+01
-2.6844905411e+02, -7.7173761924e+01
-2.6608361269e+02, -7.9977158909e+01
-2.6374901350e+02, -8.2701545235e+01
-2.6144276509e+02, -8.5352154080e+01
-2.5916268480e+02, -8.7933602442e+01
-2.5690684754e+02, -9.0449990624e+01
-2.5467354507e+02, -9.2904981712e+01
-2.5246125320e+02, -9.5301865802e+01
-2.5026860516e+02, -9.7643612410e+01
-2.4809436969e+02, -9.9932913662e+01
-2.4593743298e+02, -1.0217222017e+02
-2.4379678353e+02, -1.0436377108e+02
-2.4167149950e+02, -1.0650961940e+02
-2.3956073796e+02, -1.0861165348e+02
-2.3746372574e+02, -1.1067161542e+02
-2.3537975167e+02, -1.1269111681e+02
-2.3330815983e+02, -1.1467165237e+02
-2.3124834372e+02, -1.1661461171e+02
-2.2919974126e+02, -1.1852128972e+02
-2.2716183034e+02, -1.2039289549e+02
-2.2513412498e+02, -1.2223056030e+02
-2.2311617197e+02, -1.2403534457e+02
-2.2110754781e+02, -1.2580824407e+02
-2.1910785613e+02, -1.2755019542e+02
-2.1711672528e+02, -1.2926208098e+02
-2.1513380628e+02, -1.3094473324e+02
-2.1315877090e+02, -1.3259893874e+02
-2.1119131001e+02, -1.3422544161e+02
-2.0923113206e+02, -1.3582494677e+02
-2.0727796171e+02, -1.3739812277e+02
-2.0533153864e+02, -1.3894560442e+02
-2.0339161637e+02, -1.4046799517e+02
-2.0145796133e+02, -1.4196586922e+02
-1.9953035187e+02, -1.4343977351e+02
-1.9760857749e+02, -1.4489022954e+02
-1.9569243803e+02, -1.4631773494e+02
-1.9378174301e+02, -1.4772276504e+02
-1.9187631097e+02, -1.4910577421e+02
-1.8997596887e+02, -1.5046719715e+02
-1.8808055161e+02, -1.5180745006e+02
-1.8618990147e+02, -1.5312693172e+02
-1.8430386770e+02, -1.5442602447e+02
-1.8242230608e+02, -1.5570509517e+02
-1.8054507852e+02, -1.5696449602e+02
-1.7867205275e+02, -1.5820456539e+02
-1.7680310190e+02, -1.5942562852e+02
-1.7493810428e+02, -1.6062799824e+02
-1.7307694304e+02, -1.6181197560e+02
-1.7121950593e+02, -1.6297785046e+02
-1.6936568501e+02, -1.6412590205e+02
-1.6751537647e+02, -1.6525639950e+02
-1.6566848037e+02, -1.6636960233e+02
-1.6382490048e+02, -1.6746576088e+02
-1.6198454404e+02, -1.6854511677e+02
-1.6014732162e+02, -1.6960790329e+02
-1.5831314695e+02, -1.7065434575e+02
-1.5648193675e+02, -1.7168466189e+02
-1.5465361059e+02, -1.7269906217e+02
-1.5282809075e+02, -1.7369775010e+02
-1.5100530211e+02, -1.7468092253e+02
-1.4918517199e+02, -1.7564876995e+02
-1.4736763009e+02, -1.7660147671e+02
-1.4555260830e+02, -1.7753922131e+02
-1.4374004070e+02, -1.7846217663e+02
-1.4192986338e+02, -1.7937051013e+02
-1.4012201439e+02, -1.8026438407e+02
-1.3831643365e+02, -1.8114395574e+02
-1.3651306284e+02, -1.8200937759e+02
-1.3471184538e+02, -1.8286079747e+02
-1.3291272630e+02, -1.8369835876e+02
-1.3111565220e+02, -1.8452220054e+02
-1.2932057116e+02, -1.8533245776e+02
-1.2752743274e+02, -1.8612926137e+02
-1.2573618783e+02, -1.8691273845e+02
-1.2394678866e+02, -1.8768301239e+02
-1.2215918873e+02, -1.8844020293e+02
-1.2037334274e+02, -1.8918442637e+02
-1.1858920657e+02, -1.8991579564e+02
-1.1680673722e+02, -1.9063442039e+02
-1.1502589275e+02, -1.9134040715e+02
-1.1324663227e+02, -1.9203385936e+02
-1.1146891589e+02, -1.9271487753e+02
-1.0969270464e+02, -1.9338355929e+02
-1.0791796051e+02, -1.9403999948e+02
-1.0614464635e+02, -1.9468429025e+02
-1.0437272586e+02, -1.9531652113e+02
-1.0260216356e+02, -1.9593677908e+02
-1.0083292476e+02, -1.9654514862e+02
-9.9064975530e+01, -1.9714171183e+02
-9.7298282656e+01, -1.9772654848e+02
-9.5532813635e+01, -1.9829973604e+02
-9.3768536638e+01, -1.9886134978e+02
-9.2005420486e+01, -1.9941146279e+02
-9.0243434625e+01, -1.9995014608e+02
-8.8482549106e+01, -2.0047746860e+02
-8.6722734560e+01, -2.0099349730e+02
-8.4963962178e+01, -2.0149829717e+02
-8.3206203690e+01, -2.0199193131e+02
-8.1449431346e+01, -2.0247446096e+02
-7.9693617894e+01, -2.0294594554e+02
-7.7938736565e+01, -2.0340644269e+02
-7.6184761055e+01, -2.0385600831e+02
-7.4431665504e+01, -2.0429469663e+02
-7.2679424484e+01, -2.0472256019e+02
-7.0928012981e+01, -2.0513964991e+02
-6.9177406378e+01, -2.0554601512e+02
-6.7427580444e+01, -2.0594170359e+02
-6.5678511315e+01, -2.0632676155e+02
-6.3930175483e+01, -2.0670123375e+02
-6.2182549780e+01, -2.0706516344e+02
-6.0435611368e+01, -2.0741859244e+02
-5.8689337723e+01, -2.0776156115e+02
-5.6943706625e+01, -2.0809410856e+02
-5.5198696144e+01, -2.0841627231e+02
-5.3454284628e+01, -2.0872808867e+02
-5.1710450695e+01, -2.0902959259e+02
-4.9967173218e+01, -2.0932081771e+02
-4.8224431315e+01, -2.0960179641e+02
-4.6482204340e+01, -2.0987255975e+02
-4.4740471872e+01, -2.1013313758e+02
-4.2999213703e+01, -2.1038355850e+02
-4.1258409833e+01, -2.1062384991e+02
-3.9518040454e+01, -2.1085403799e+02
-3.7778085946e+01, -2.1107414774e+02
-3.6038526864e+01, -2.1128420299e+02
-3.4299343932e+01, -2.1148422640e+02
-3.2560518032e+01, -2.1167423950e+02
-3.0822030197e+01, -2.1185426268e+02
-2.9083861601e+01, -2.1202431520e+02
-2.7345993551e+01, -2.1218441522e+02
-2.5608407480e+01, -2.1233457978e+02
-2.3871084938e+01, -2.1247482484e+02
-2.2134007582e+01, -2.1260516527e+02
-2.0397157174e+01, -2.1272561486e+02
-1.8660515565e+01, -2.1283618634e+02
-1.6924064694e+01, -2.1293689136e+02
-1.5187786579e+01, -2.1302774053e+02
-1.3451663307e+01, -2.1310874340e+02
-1.1715677029e+01, -2.1317990849e+02
-9.9798099503e+00, -2.1324124325e+02
-8.2440443269e+00, -2.1329275412e+02
-6.5083624547e+00, -2.1333444649e+02
-4.7727466640e+00, -2.1336632473e+02
-3.0371793118e+00, -2.1338839216e+02
-1.3016427747e+00, -2.1340065109e+02
+4.3388055814e-01, -2.1340310282e+02
+2.1694082923e+00, -2.1339574758e+02
+3.9049580349e+00, -2.1337858462e+02
+5.6405474024e+00, -2.1335161214e+02
+7.3761940270e+00, -2.1331482732e+02
+9.1119155641e+00, -2.1326822631e+02
+1.0847729700e+01, -2.1321180424e+02
+1.2583654157e+01, -2.1314555518e+02
+1.4319706705e+01, -2.1306947220e+02
+1.6055905164e+01, -2.1298354730e+02
+1.7792267413e+01, -2.1288777147e+02
+1.9528811400e+01, -2.1278213461e+02
+2.1265555146e+01, -2.1266662560e+02
+2.3002516754e+01, -2.1254123225e+02
+2.4739714416e+01, -2.1240594130e+02
+2.6477166424e+01, -2.1226073841e+02
+2.8214891171e+01, -2.1210560819e+02
+2.9952907165e+01, -2.1194053412e+02
+3.1691233036e+01, -2.1176549860e+02
+3.3429887542e+01, -2.1158048294e+02
+3.5168889578e+01, -2.1138546730e+02
+3.6908258185e+01, -2.1118043073e+02
+3.8648012561e+01, -2.1096535114e+02
+4.0388172063e+01, -2.1074020528e+02
+4.2128756223e+01, -2.1050496873e+02
+4.3869784755e+01, -2.1025961592e+02
+4.5611277560e+01, -2.1000412004e+02
+4.7353254743e+01, -2.0973845310e+02
+4.9095736615e+01, -2.0946258589e+02
+5.0838743710e+01, -2.0917648795e+02
+5.2582296790e+01, -2.0888012755e+02
+5.4326416858e+01, -2.0857347170e+02
+5.6071125167e+01, -2.0825648609e+02
+5.7816443233e+01, -2.0792913513e+02
+5.9562392846e+01, -2.0759138186e+02
+6.1308996078e+01, -2.0724318797e+02
+6.3056275300e+01, -2.0688451376e+02
+6.4804253193e+01, -2.0651531813e+02
+6.6552952757e+01, -2.0613555855e+02
+6.8302397328e+01, -2.0574519102e+02
+7.0052610590e+01, -2.0534417005e+02
+7.1803616590e+01, -2.0493244866e+02
+7.3555439750e+01, -2.0450997828e+02
+7.5308104883e+01, -2.0407670881e+02
+7.7061637209e+01, -2.0363258851e+02
+7.8816062369e+01, -2.0317756401e+02
+8.0571406442e+01, -2.0271158024e+02
+8.2327695965e+01, -2.0223458044e+02
+8.4084957944e+01, -2.0174650609e+02
+8.5843219878e+01, -2.0124729685e+02
+8.7602509775e+01, -2.0073689057e+02
+8.9362856172e+01, -2.0021522321e+02
+9.1124288155e+01, -1.9968222880e+02
+9.2886835381e+01, -1.9913783939e+02
+9.4650528098e+01, -1.9858198502e+02
+9.6415397169e+01, -1.9801459364e+02
+9.8181474096e+01, -1.9743559108e+02
+9.9948791042e+01, -1.9684490098e+02
+1.0171738086e+02, -1.9624244471e+02
+1.0348727712e+02, -1.9562814138e+02
+1.0525851413e+02, -1.9500190768e+02
+1.0703112697e+02, -1.9436365789e+02
+1.0880515153e+02, -1.9371330376e+02
+1.1058062452e+02, -1.9305075447e+02
+1.1235758353e+02, -1.9237591653e+02
+1.1413606703e+02, -1.9168869372e+02
+1.1591611445e+02, -1.9098898698e+02
+1.1769776619e+02, -1.9027669435e+02
+1.1948106364e+02, -1.8955171085e+02
+1.2126604927e+02, -1.8881392840e+02
+1.2305276665e+02, -1.8806323573e+02
+1.2484126046e+02, -1.8729951825e+02
+1.2663157661e+02, -1.8652265793e+02
+1.2842376223e+02, -1.8573253323e+02
+1.3021786573e+02, -1.8492901894e+02
+1.3201393690e+02, -1.8411198606e+02
+1.3381202692e+02, -1.8328130165e+02
+1.3561218842e+02, -1.8243682872e+02
+1.3741447558e+02, -1.8157842605e+02
+1.3921894417e+02, -1.8070594805e+02
+1.4102565164e+02, -1.7981924460e+02
+1.4283465717e+02, -1.7891816085e+02
+1.4464602177e+02, -1.7800253704e+02
+1.4645980835e+02, -1.7707220835e+02
+1.4827608182e+02, -1.7612700462e+02
+1.5009490918e+02, -1.7516675021e+02
+1.5191635963e+02, -1.7419126370e+02
+1.5374050463e+02, -1.7320035772e+02
+1.5556741808e+02, -1.7219383863e+02
+1.5739717638e+02, -1.7117150629e+02
+1.5922985859e+02, -1.7013315374e+02
+1.6106554654e+02, -1.6907856694e+02
+1.6290432499e+02, -1.6800752439e+02
+1.6474628178e+02, -1.6691979684e+02
+1.6659150797e+02, -1.6581514689e+02
+1.6844009803e+02, -1.6469332860e+02
+1.7029215003e+02, -1.6355408711e+02
+1.7214776582e+02, -1.6239715815e+02
+1.7400705124e+02, -1.6122226759e+02
+1.7587011635e+02, -1.6002913097e+02
+1.7773707568e+02, -1.5881745290e+02
+1.7960804846e+02, -1.5758692651e+02
+1.8148315894e+02, -1.5633723286e+02
+1.8336253664e+02, -1.5506804023e+02
+1.8524631670e+02, -1.5377900342e+02
+1.8713464023e+02, -1.5246976302e+02
+1.8902765466e+02, -1.5113994454e+02
+1.9092551417e+02, -1.4978915752e+02
+1.9282838012e+02, -1.4841699462e+02
+1.9473642152e+02, -1.4702303053e+02
+1.9664981552e+02, -1.4560682085e+02
+1.9856874804e+02, -1.4416790092e+02
+2.0049341431e+02, -1.4270578441e+02
+2.0242401957e+02, -1.4121996198e+02
+2.0436077980e+02, -1.3970989961e+02
+2.0630392249e+02, -1.3817503696e+02
+2.0825368754e+02, -1.3661478548e+02
+2.1021032824e+02, -1.3502852630e+02
+2.1217411226e+02, -1.3341560806e+02
+2.1414532288e+02, -1.3177534437e+02
+2.1612426028e+02, -1.3010701108e+02
+2.1811124292e+02, -1.2840984328e+02
+2.2010660919e+02, -1.2668303190e+02
+2.2211071916e+02, -1.2492572005e+02
+2.2412395657e+02, -1.2313699882e+02
+2.2614673102e+02, -1.2131590266e+02
+2.2817948054e+02, -1.1946140419e+02
+2.3022267431e+02, -1.1757240840e+02
+2.3227681593e+02, -1.1564774603e+02
+2.3434244697e+02, -1.1368616613e+02
+2.3642015115e+02, -1.1168632767e+02
+2.3851055900e+02, -1.0964678985e+02
+2.4061435328e+02, -1.0756600110e+02
+2.4273227526e+02, -1.0544228641e+02
+2.4486513193e+02, -1.0327383267e+02
+2.4701380445e+02, -1.0105867167e+02
+2.4917925803e+02, -9.8794660259e+01
+2.5136255360e+02, -9.6479456984e+01
+2.5356486165e+02, -9.4110494570e+01
+2.5578747869e+02, -9.1684947097e+01
+2.5803184722e+02, -8.9199690683e+01
+2.6029957977e+02, -8.6651255959e+01
+2.6259248845e+02, -8.4035770116e+01
+2.6491262146e+02, -8.1348885561e+01
+2.6726230868e+02, -7.8585691122e+01
+2.6964421934e+02, -7.5740600234e+01
+2.7206143590e+02, -7.2807208248e+01
+2.7451755018e+02, -6.9778107631e+01
+2.7701679051e+02, -6.6644644553e+01
+3.2168785606e+02, +1.1352353634e+02
+3.2510701921e+02, +1.1151628807e+02
+4.0801207629e+02, +7.8160262013e+01
+4.0366560429e+02, +7.9217330761e+01
+3.9931872446e+02, +8.0334881520e+01
+3.3945828418e+02, +1.0356169266e+02
+3.4322062221e+02, +1.0161685346e+02
+3.4705314304e+02, +9.9700912311e+01
+3.5095484810e+02, +9.7819931912e+01
+3.5492412081e+02, +9.5979946926e+01
+3.5895926379e+02, +9.4186736097e+01
+3.6306245728e+02, +9.2445585100e+01
+2.9038089470e+02, -4.8967768830e+01
+3.6100143876e+02, +9.3309404995e+01
+3.5693334931e+02, +9.5077230191e+01
+3.5293098211e+02, +9.6894525009e+01
           NaN, -7.8177633115e+02
           NaN, -8.0760514959e+02
           NaN, -8.3246722745e+02
           NaN, -8.5639196561e+02
           NaN, -8.7940782393e+02
           NaN, -9.0154254853e+02
           NaN, -9.2282332562e+02
           NaN, -9.4327688159e+02
           NaN, -9.6292954516e+02
           NaN, -9.8180727926e+02
           NaN, -9.9993569076e+02
           NaN, -1.0173400284e+03
           NaN, -1.0340451677e+03
           NaN, -1.0500755910e+03
           NaN, -1.0654553631e+03
           NaN, -1.0802081062e+03
           NaN, -1.0943569718e+03
           NaN, -1.1079246187e+03
           NaN, -1.1209331881e+03
           NaN, -1.1334042842e+03
           NaN, -1.1453589553e+03
           NaN, -1.1568176787e+03
           NaN, -1.1678003515e+03
+2.4023488344e+02, +1.6566631273e+02
           NaN, -1.1884141672e+03
+2.3552780888e+02, +1.6856030724e+02
+2.3319688201e+02, +1.6997824285e+02
+2.3088025543e+02, +1.7137710803e+02
+2.2857738648e+02, +1.7275713014e+02
+2.2628776010e+02, +1.7411853519e+02
+2.2401088708e+02, +1.7546154733e+02
+2.2174630242e+02, +1.7678638838e+02
+2.1949356383e+02, +1.7809327749e+02
+2.1725225035e+02, +1.7938243078e+02
+2.1502196100e+02, +1.8065406114e+02
+2.1280231363e+02, +1.8190837805e+02
+2.1059294376e+02, +1.8314558734e+02
+2.0839350352e+02, +1.8436589117e+02
+2.0620366072e+02, +1.8556948789e+02
+2.0402309791e+02, +1.8675657198e+02
+2.0185151155e+02, +1.8792733401e+02
+1.9968861121e+02, +1.8908196065e+02
+1.9753411883e+02, +1.9022063465e+02
+1.9538776806e+02, +1.9134353481e+02
+1.9324930359e+02, +1.9245083608e+02
+1.9111848056e+02, +1.9354270954e+02
+1.8899506399e+02, +1.9461932244e+02
+1.8687882827e+02, +1.9568083826e+02
+1.8476955667e+02, +1.9672741677e+02
+1.8266704086e+02, +1.9775921408e+02
+1.8057108046e+02, +1.9877638268e+02
+1.7848148271e+02, +1.9977907152e+02
+1.7639806199e+02, +2.0076742608e+02
           NaN, -1.3543030174e+03
           NaN, -1.3572565078e+03
+1.7018310642e+02, +2.0364788819e+02
+1.6812266944e+02, +2.0458029328e+02
+1.6606757743e+02, +2.0549904170e+02
+1.6401768110e+02, +2.0640425949e+02
+1.6197283619e+02, +2.0729606969e+02
           NaN, -1.3728207731e+03
           NaN, -1.3750948997e+03
           NaN, -1.3772877602e+03
           NaN, -1.3794027604e+03
           NaN, -1.3814431501e+03
           NaN, -1.3834120265e+03
           NaN, -1.3853123426e+03
           NaN, -1.3871469131e+03
           NaN, -1.3889184250e+03
           NaN, -1.3906294380e+03
           NaN, -1.3922823928e+03
           NaN, -1.3938796206e+03
           NaN, -1.3954233412e+03
           NaN, -1.3969156755e+03
           NaN, -1.3983586439e+03
           NaN, -1.3997541776e+03
           NaN, -1.4011041162e+03
           NaN, -1.4024102175e+03
           NaN, -1.4036741604e+03
           NaN, -1.4048975427e+03
           NaN, -1.4060818964e+03
           NaN, -1.4072286810e+03
           NaN, -1.4083392914e+03
           NaN, -1.4094150600e+03
           NaN, -1.4104572610e+03
           NaN, -1.4114671096e+03
           NaN, -1.4124457703e+03
           NaN, -1.4133943554e+03
           NaN, -1.4143139286e+03
           NaN, -1.4152055052e+03
           NaN, -1.4160700600e+03
           NaN, -1.4169085263e+03
           NaN, -1.4177217936e+03
           NaN, -1.4185107162e+03
           NaN, -1.4192761120e+03
           NaN, -1.4200187656e+03
           NaN, -1.4207394253e+03
           NaN, -1.4214388130e+03
           NaN, -1.4221176190e+03
           NaN, -1.4227765038e+03
           NaN, -1.4234161043e+03
           NaN, -1.4240370292e+03
           NaN, -1.4246398645e+03
           NaN, -1.4252251739e+03
           NaN, -1.4257934971e+03
           NaN, -1.4263453535e+03
           NaN, -1.4268812440e+03
           NaN, -1.4274016479e+03
           NaN, -1.4279070290e+03
           NaN, -1.4283978334e+03
           NaN, -1.4288744915e+03
           NaN, -1.4293374166e+03
           NaN, -1.4297870060e+03
           NaN, -1.4302236476e+03
           NaN, -1.4306477121e+03
           NaN, -1.4310595585e+03
           NaN, -1.4314595339e+03
           NaN, -1.4318479736e+03
           NaN, -1.4322252013e+03
           NaN, -1.4325915324e+03
           NaN, -1.4329472690e+03
           NaN, -1.4332927063e+03
           NaN, -1.4336281305e+03
           NaN, -1.4339538163e+03
           NaN, -1.4342700331e+03
           NaN, -1.4345770421e+03
           NaN, -1.4348750955e+03
           NaN, -1.4351644388e+03
           NaN, -1.4354453107e+03
           NaN, -1.4357179448e+03
           NaN, -1.4359825657e+03
           NaN, -1.4362393927e+03
           NaN, -1.4364886426e+03
           NaN, -1.4367305216e+03
           NaN, -1.4369652342e+03
           NaN, -1.4371929767e+03
           NaN, -1.4374139445e+03
           NaN, -1.4376283240e+03
           NaN, -1.4378362989e+03
           NaN, -1.4380380483e+03
           NaN, -1.4382337460e+03
           NaN, -1.4384235632e+03
           NaN, -1.4386076643e+03
           NaN, -1.4387862112e+03
           NaN, -1.4389593622e+03
           NaN, -1.4391272689e+03
           NaN, -1.4392900810e+03
           NaN, -1.4394479454e+03
           NaN, -1.4396010000e+03
           NaN, -1.4397493827e+03
           NaN, -1.4398932270e+03
           NaN, -1.4400326617e+03
           NaN, -1.4401678088e+03
           NaN, -1.4402987891e+03
           NaN, -1.4404257184e+03
           NaN, -1.4405487058e+03
           NaN, -1.4406678587e+03
           NaN, -1.4407832774e+03
           NaN, -1.4408950580e+03
           NaN, -1.4410032889e+03
           NaN, -1.4411080578e+03
