-3.9510318300e+02, -6.1336166834e-01
-4.0058388732e+02, -5.9633458298e-01
-4.0592121957e+02, -5.8162943439e-01
-4.1113390976e+02, -5.6876274987e-01
-4.1623694145e+02, -5.5738203252e-01
-4.2124252992e+02, -5.4722322112e-01
-4.2616079328e+02, -5.3808394893e-01
-4.3100022694e+02, -5.2980609190e-01
-4.3576804785e+02, -5.2226401144e-01
-4.4047044980e+02, -5.1535641422e-01
-4.4511279642e+02, -5.0900058083e-01
-4.4969976958e+02, -5.0312818785e-01
-4.5872358479e+02, -4.9261469663e-01
-4.8055225887e+02, -4.7171282055e-01
-4.5644515271e+02, +6.7668100064e+01
-4.6919522907e+02, +7.2329525840e+01
-4.6756955628e+02, -4.8345781143e-01
-4.7193293237e+02, -4.7930358145e-01
-4.7625978926e+02, -4.7539614138e-01
-4.8055225887e+02, -4.7171282055e-01
-4.8481228070e+02, -4.6823375617e-01
-4.8904162531e+02, -4.6494146047e-01
-4.9324191410e+02, -4.6182046678e-01
-4.9741463636e+02, -4.5885703820e-01
-5.0156116376e+02, -4.5603892616e-01
-5.0568276293e+02, -4.5335516895e-01
-5.0978060631e+02, -4.5079592271e-01
-5.2158489375e+02, +6.3641717610e+01
-5.2595507301e+02, -4.4163888713e-01
-5.0978060631e+02, -4.5079592271e-01
-5.1934181618e+02, +6.3229490191e+01
-5.2595507301e+02, -4.4163888713e-01
-5.2994902884e+02, -4.3958479408e-01
-5.3392474187e+02, -4.3761296224e-01
-5.3788293467e+02, -4.3571836535e-01
-5.4182428614e+02, -4.3389639260e-01
-5.4574943510e+02, -4.3214280558e-01
-5.4965898351e+02, -4.3045370046e-01
-5.5355349933e+02, -4.2882547484e-01
-5.5743351910e+02, -4.2725479852e-01
-5.6129955034e+02, -4.2573858761e-01
-5.6515207363e+02, -4.2427398166e-01
-5.6842033588e+02, +6.0392057581e+01
-5.7856917472e+02, +5.8037038310e+01
-5.4574943510e+02, -4.3214280558e-01
-5.7281839547e+02, -4.2148914009e-01
-5.8295772426e+02, +5.8002650037e+01
-5.8422723574e+02, -4.1763816320e-01
-5.8800751860e+02, -4.1643332305e-01
-5.9177704614e+02, -4.1526485890e-01
-5.9553614054e+02, -4.1413112086e-01
-5.9928510948e+02, -4.1303056001e-01
-6.0302424704e+02, -4.1196172066e-01
-6.0675383448e+02, -4.1092323324e-01
-6.1047414104e+02, -4.0991380792e-01
-6.1418542458e+02, -4.0893222877e-01
-6.1788793228e+02, -4.0797734838e-01
-6.2158190118e+02, -4.0704808306e-01
-6.2526755880e+02, -4.0614340837e-01
-6.2878577687e+02, +5.6175943564e+01
-6.3627680633e+02, -4.0356748884e-01
-6.4907961541e+02, +5.3414974928e+01
-6.2526755880e+02, -4.0614340837e-01
-6.3627680633e+02, -4.0356748884e-01
-6.4568503933e+02, +5.5713351716e+01
-6.4721862775e+02, -4.0118089810e-01
-6.5085177465e+02, -4.0042387184e-01
-6.5447814189e+02, -3.9968494741e-01
-6.5809789063e+02, -3.9896348456e-01
-6.6171117635e+02, -3.9825887342e-01
-6.6531814917e+02, -3.9757053273e-01
-6.6891895402e+02, -3.9689790811e-01
-6.7251373097e+02, -3.9624047053e-01
-6.7610261537e+02, -3.9559771483e-01
-6.7968573809e+02, -3.9496915838e-01
-6.8326322575e+02, -3.9435433980e-01
-6.8683520085e+02, -3.9375281779e-01
-6.9040178201e+02, -3.9316417006e-01
-6.9396308406e+02, -3.9258799222e-01
-6.9751921830e+02, -3.9202389693e-01
-7.0107029253e+02, -3.9147151291e-01
-7.1159137196e+02, +6.0258457280e+01
-7.1169418490e+02, -3.8988114001e-01
-7.2227611758e+02, -3.8838418160e-01
-6.8683520085e+02, -3.9375281779e-01
-7.1029047048e+02, +5.5396988018e+01
-7.1522603350e+02, -3.8937218202e-01
-7.2432849383e+02, +5.3881361261e+01
-7.2579453035e+02, -3.8790456913e-01
-7.2930863762e+02, -3.8743418656e-01
-7.3281852186e+02, -3.8697277527e-01
-7.3632426326e+02, -3.8652008628e-01
-7.3982593980e+02, -3.8607587984e-01
-7.4332362730e+02, -3.8563992496e-01
-7.4681739957e+02, -3.8521199905e-01
-7.5030732838e+02, -3.8479188751e-01
-7.5379348365e+02, -3.8437938336e-01
-7.5727593341e+02, -3.8397428693e-01
-7.6075474393e+02, -3.8357640553e-01
-7.6422997977e+02, -3.8318555310e-01
-7.6770170383e+02, -3.8280155001e-01
-7.7116997740e+02, -3.8242422268e-01
-7.7463486024e+02, -3.8205340342e-01
-7.7809641058e+02, -3.8168893009e-01
-7.8155468525e+02, -3.8133064596e-01
-7.8500973966e+02, -3.8097839940e-01
-7.8846162787e+02, -3.8063204373e-01
-7.9191040263e+02, -3.8029143698e-01
-7.9535611542e+02, -3.7995644174e-01
-7.9879881650e+02, -3.7962692495e-01
-8.0223855496e+02, -3.7930275770e-01
-8.0354589478e+02, +6.5828453543e+01
-8.1254046824e+02, -3.7836112378e-01
-8.1608363569e+02, +5.2511746070e+01
-8.2623765985e+02, -3.7717335380e-01
-8.7047763665e+02, -3.7377528779e-01
-8.0567537871e+02, -3.7898381515e-01
-8.1596882443e+02, -3.7805714394e-01
-8.2281737803e+02, -3.7746336436e-01
-8.2540640996e+02, +5.2360440200e+01
-8.3639488125e+02, +5.2761648167e+01
-8.3648301235e+02, -3.7632963857e-01
-8.3989309564e+02, -3.7605685566e-01
-8.4330072478e+02, -3.7578814896e-01
-8.4670593631e+02, -3.7552343143e-01
-8.5010876602e+02, -3.7526261847e-01
-8.5350924892e+02, -3.7500562787e-01
-8.5690741930e+02, -3.7475237968e-01
-8.6030331072e+02, -3.7450279616e-01
-8.6369695606e+02, -3.7425680171e-01
-8.6708838753e+02, -3.7401432277e-01
-8.7047763665e+02, -3.7377528779e-01
-8.7386473434e+02, -3.7353962711e-01
-8.7724971087e+02, -3.7330727294e-01
-8.8063259591e+02, -3.7307815928e-01
-8.8401341855e+02, -3.7285222187e-01
-8.8739220728e+02, -3.7262939813e-01
-8.9076899007e+02, -3.7240962709e-01
-8.9414379431e+02, -3.7219284935e-01
-8.9751664687e+02, -3.7197900704e-01
-9.0088757410e+02, -3.7176804375e-01
-9.0425660185e+02, -3.7155990451e-01
-9.0762375547e+02, -3.7135453571e-01
-9.1098905984e+02, -3.7115188509e-01
-9.1435253938e+02, -3.7095190169e-01
-9.1771421802e+02, -3.7075453577e-01
-9.2107411927e+02, -3.7055973886e-01
-9.2443226621e+02, -3.7036746363e-01
-9.2778868149e+02, -3.7017766390e-01
-9.3114338733e+02, -3.6999029460e-01
-9.3449640558e+02, -3.6980531175e-01
-9.3784775766e+02, -3.6962267240e-01
-9.4119746464e+02, -3.6944233461e-01
-9.4454554718e+02, -3.6926425744e-01
-9.4789202559e+02, -3.6908840088e-01
-9.5123691984e+02, -3.6891472587e-01
-9.5458024951e+02, -3.6874319424e-01
-9.5792203387e+02, -3.6857376868e-01
-9.6126229184e+02, -3.6840641276e-01
-9.6460104203e+02, -3.6824109086e-01
-9.6793830271e+02, -3.6807776815e-01
-9.5999663013e+02, +5.9581081234e+01
-9.7978645921e+02, +5.0944064485e+01
-9.8127280514e+02, -3.6744379973e-01
-9.8460288179e+02, -3.6728997726e-01
-9.8717649313e+02, +5.1299022944e+01
-9.9458485950e+02, -3.6683922680e-01
-1.0012327935e+03, -3.6654736730e-01
-1.0066912563e+03, +4.3878454928e+01
-9.7127409184e+02, -3.6791641060e-01
-9.8914094914e+02, +5.1244586095e+01
-9.9790948789e+02, -3.6669245179e-01
-9.9994095322e+02, +5.3819543969e+01
-1.0078754969e+03, -3.6626216116e-01
-1.0111949243e+03, -3.6612198657e-01
-1.0145130883e+03, -3.6598339659e-01
-1.0155943979e+03, +5.0861536286e+01
-1.0380001411e+03, +5.9002461336e+01
-1.0310854477e+03, -3.6531335495e-01
-1.0310854477e+03, -3.6531335495e-01
-1.0343963226e+03, -3.6518376304e-01
-1.0377060293e+03, -3.6505559042e-01
-1.0410145804e+03, -3.6492881533e-01
-1.0443219886e+03, -3.6480341646e-01
-1.0476282662e+03, -3.6467937293e-01
-1.0509334255e+03, -3.6455666427e-01
-1.0542374785e+03, -3.6443527039e-01
-1.0575404369e+03, -3.6431517162e-01
-1.0608423125e+03, -3.6419634866e-01
-1.0641431167e+03, -3.6407878258e-01
-1.0674428608e+03, -3.6396245483e-01
-1.0707415560e+03, -3.6384734721e-01
-1.0740392132e+03, -3.6373344185e-01
-1.0773358433e+03, -3.6362072125e-01
-1.0806314569e+03, -3.6350916821e-01
-1.0839260645e+03, -3.6339876589e-01
-1.0872196766e+03, -3.6328949773e-01
-1.0905123032e+03, -3.6318134750e-01
-1.0938039545e+03, -3.6307429926e-01
-1.0970946403e+03, -3.6296833738e-01
-1.1003843705e+03, -3.6286344651e-01
-1.1036731547e+03, -3.6275961157e-01
-1.1069610024e+03, -3.6265681778e-01
-1.1102479230e+03, -3.6255505060e-01
-1.1135339257e+03, -3.6245429577e-01
-1.1168190195e+03, -3.6235453929e-01
-1.1201032136e+03, -3.6225576740e-01
-1.1233865168e+03, -3.6215796660e-01
-1.1266689378e+03, -3.6206112361e-01
-1.1299504852e+03, -3.6196522540e-01
-1.1332311676e+03, -3.6187025916e-01
-1.1365109933e+03, -3.6177621232e-01
-1.1397899706e+03, -3.6168307252e-01
-1.1430681077e+03, -3.6159082761e-01
-1.1463454126e+03, -3.6149946566e-01
-1.1496218933e+03, -3.6140897493e-01
-1.1528975577e+03, -3.6131934391e-01
-1.1561724134e+03, -3.6123056126e-01
-1.1594464681e+03, -3.6114261585e-01
-1.1627197294e+03, -3.6105549673e-01
-1.1659922047e+03, -3.6096919314e-01
-1.1692639013e+03, -3.6088369449e-01
-1.1725348266e+03, -3.6079899040e-01
-1.1758049875e+03, -3.6071507061e-01
-1.1790743913e+03, -3.6063192508e-01
-1.1823430448e+03, -3.6054954392e-01
-1.1856109550e+03, -3.6046791739e-01
-1.1888781287e+03, -3.6038703593e-01
-1.1921445725e+03, -3.6030689012e-01
-1.1954102932e+03, -3.6022747071e-01
-1.1986752972e+03, -3.6014876858e-01
-1.2019395910e+03, -3.6007077477e-01
-1.2052031809e+03, -3.5999348048e-01
-1.2084660734e+03, -3.5991687702e-01
-1.2117282746e+03, -3.5984095586e-01
-1.2149897906e+03, -3.5976570859e-01
-1.2182506276e+03, -3.5969112696e-01
-1.2215107915e+03, -3.5961720282e-01
-1.2247702882e+03, -3.5954392818e-01
-1.2280291236e+03, -3.5947129514e-01
-1.2312873036e+03, -3.5939929595e-01
-1.2345448337e+03, -3.5932792297e-01
-1.2378017196e+03, -3.5925716868e-01
-1.2410579670e+03, -3.5918702569e-01
-1.2443135812e+03, -3.5911748670e-01
-1.2475685678e+03, -3.5904854454e-01
-1.2508229322e+03, -3.5898019213e-01
-1.2540766796e+03, -3.5891242253e-01
-1.2573298153e+03, -3.5884522888e-01
-1.2605823445e+03, -3.5877860442e-01
-1.2638342724e+03, -3.5871254252e-01
-1.2670856039e+03, -3.5864703663e-01
-1.2703363441e+03, -3.5858208029e-01
-1.2735864980e+03, -3.5851766715e-01
-1.2768360705e+03, -3.5845379096e-01
-1.2800850663e+03, -3.5839044555e-01
-1.2833334903e+03, -3.5832762484e-01
-1.2865813472e+03, -3.5826532286e-01
-1.2898286417e+03, -3.5820353370e-01
-1.2930753784e+03, -3.5814225154e-01
-1.2963215618e+03, -3.5808147068e-01
-1.2995671966e+03, -3.5802118546e-01
-1.3028122871e+03, -3.5796139032e-01
-1.3060568377e+03, -3.5790207977e-01
-1.3093008530e+03, -3.5784324843e-01
-1.3125443370e+03, -3.5778489096e-01
-1.3157872943e+03, -3.5772700211e-01
-1.3190297288e+03, -3.5766957672e-01
-1.3222716449e+03, -3.5761260967e-01
-1.3255130467e+03, -3.5755609594e-01
-1.3287539383e+03, -3.5750003057e-01
-1.3319943236e+03, -3.5744440868e-01
-1.3352342067e+03, -3.5738922544e-01
-1.3384735916e+03, -3.5733447610e-01
-1.3417124821e+03, -3.5728015598e-01
-1.3449508822e+03, -3.5722626045e-01
-1.3481887956e+03, -3.5717278496e-01
-1.3514262262e+03, -3.5711972501e-01
-1.3546631777e+03, -3.5706707617e-01
-1.3578996537e+03, -3.5701483407e-01
-1.3611356581e+03, -3.5696299439e-01
-1.3643711943e+03, -3.5691155288e-01
-1.3676062660e+03, -3.5686050534e-01
-1.3740750301e+03, -3.5675957569e-01
-1.3694294438e+03, +4.7987565756e+01
-1.3740750301e+03, -3.5675957569e-01
-1.3748796160e+03, +4.9542559677e+01
-1.3657257332e+03, +5.3161993053e+01
-1.4091884234e+03, +5.3762008773e+01
-1.3987280527e+03, +4.9519389720e+01
-1.3999321984e+03, -3.5637081474e-01
-1.3981045663e+03, +4.7673194762e+01
-1.4031623870e+03, -3.5632383953e-01
-1.4063921513e+03, -3.5627721211e-01
-1.4096214945e+03, -3.5623092896e-01
-1.4128504198e+03, -3.5618498657e-01
-1.4160789301e+03, -3.5613938153e-01
-1.4193070285e+03, -3.5609411044e-01
-1.4225347180e+03, -3.5604916996e-01
-1.4257620017e+03, -3.5600455676e-01
-1.4289888825e+03, -3.5596026761e-01
-1.4322153632e+03, -3.5591629926e-01
-1.4354414468e+03, -3.5587264854e-01
-1.4366609863e+03, +7.1015654070e+01
-1.4451173434e+03, -3.5574357098e-01
-1.4483418669e+03, -3.5570115979e-01
-1.4515660073e+03, -3.5565905092e-01
-1.4547897674e+03, -3.5561724142e-01
-1.4546540510e+03, +5.2290158272e+01
-1.4644587925e+03, -3.5549358026e-01
-1.4676810579e+03, -3.5545293952e-01
-1.4749513077e+03, +4.9724653477e+01
-1.4773456619e+03, -3.5533271747e-01
-1.4837869297e+03, -3.5525395930e-01
-1.4902267795e+03, -3.5517628851e-01
-1.4998839382e+03, -3.5506177652e-01
-1.5127553662e+03, -3.5491271281e-01
-1.5384296209e+03, +4.6244289010e+01
-1.6123384590e+03, -3.5388260628e-01
-1.3999321984e+03, -3.5637081474e-01
-1.4418924341e+03, -3.5578628749e-01
-1.4612361573e+03, -3.5553450895e-01
-1.4722056317e+03, +4.9934885766e+01
-1.4805664742e+03, -3.5529320117e-01
-1.4870070306e+03, -3.5521498927e-01
-1.4934461788e+03, -3.5513785446e-01
-1.4966652309e+03, -3.5509968462e-01
-1.5031023030e+03, -3.5502412769e-01
-1.5063203278e+03, -3.5498673572e-01
-1.5083366994e+03, +4.9388457170e+01
-1.5172278524e+03, +4.9243445807e+01
-1.5191890716e+03, -3.5483968900e-01
-1.5224054302e+03, -3.5480354599e-01
-1.5256214622e+03, -3.5476764591e-01
-1.5288371698e+03, -3.5473198653e-01
-1.5301752814e+03, +4.9167164986e+01
-1.5512560739e+03, +6.8401242525e+01
-1.5449109185e+03, -3.5455722385e-01
-1.5449109185e+03, -3.5455722385e-01
-1.5481247251e+03, -3.5452296328e-01
-1.5513382221e+03, -3.5448892853e-01
-1.5545514117e+03, -3.5445511755e-01
-1.5577642958e+03, -3.5442152835e-01
-1.5609768764e+03, -3.5438815895e-01
-1.5641891555e+03, -3.5435500737e-01
-1.5674011351e+03, -3.5432207169e-01
-1.5706128171e+03, -3.5428934999e-01
-1.5738242034e+03, -3.5425684037e-01
-1.5770352960e+03, -3.5422454097e-01
-1.5802460968e+03, -3.5419244992e-01
-1.5834566076e+03, -3.5416056540e-01
-1.5866668303e+03, -3.5412888559e-01
-1.5898767668e+03, -3.5409740872e-01
-1.5930864188e+03, -3.5406613300e-01
-1.5995048769e+03, -3.5400417805e-01
-1.5963451769e+03, +4.7176704554e+01
-1.5995048769e+03, -3.5400417805e-01
-1.6027136866e+03, -3.5397349537e-01
-1.6007997487e+03, +4.9302478093e+01
-1.5915021210e+03, +5.1819916177e+01
-1.6911278570e+03, +9.0314705599e+01
-1.6365746718e+03, +5.0068424102e+01
-1.6327344490e+03, +4.9058431590e+01
-1.6347868187e+03, -3.5367708310e-01
-1.6347868187e+03, -3.5367708310e-01
-1.6379926726e+03, -3.5364844824e-01
-1.6411982677e+03, -3.5361999021e-01
-1.6508135164e+03, -3.5353566227e-01
-1.6411982677e+03, -3.5361999021e-01
-1.6490084852e+03, +4.7569112007e+01
-1.6508135164e+03, -3.5353566227e-01
-1.6540180924e+03, -3.5350789683e-01
-1.6572224174e+03, -3.5348030094e-01
-1.6604264930e+03, -3.5345287320e-01
-1.6636303207e+03, -3.5342561221e-01
-1.6668339021e+03, -3.5339851660e-01
-1.6700372386e+03, -3.5337158499e-01
-1.6732403317e+03, -3.5334481604e-01
-1.6764431829e+03, -3.5331820842e-01
-1.6796457936e+03, -3.5329176081e-01
-1.6828481654e+03, -3.5326547189e-01
-1.6860502995e+03, -3.5323934037e-01
-1.6892521974e+03, -3.5321336498e-01
-1.6924538606e+03, -3.5318754444e-01
-1.6956552905e+03, -3.5316187750e-01
-1.6988564884e+03, -3.5313636292e-01
-1.7020574556e+03, -3.5311099947e-01
-1.7052581937e+03, -3.5308578594e-01
-1.7084587038e+03, -3.5306072112e-01
-1.7116589875e+03, -3.5303580382e-01
-1.7148590459e+03, -3.5301103286e-01
-1.7180588804e+03, -3.5298640707e-01
-1.7212584924e+03, -3.5296192530e-01
-1.7244578831e+03, -3.5293758641e-01
-1.7276570538e+03, -3.5291338926e-01
-1.7308560058e+03, -3.5288933273e-01
-1.7340547404e+03, -3.5286541572e-01
-1.7372532588e+03, -3.5284163712e-01
-1.7404515623e+03, -3.5281799585e-01
-1.7436496521e+03, -3.5279449083e-01
-1.7468475295e+03, -3.5277112100e-01
-1.7500451956e+03, -3.5274788530e-01
-1.7532426517e+03, -3.5272478268e-01
-1.7564398990e+03, -3.5270181212e-01
-1.7596369386e+03, -3.5267897258e-01
-1.7628337718e+03, -3.5265626306e-01
-1.7660303998e+03, -3.5263368254e-01
-1.7692268236e+03, -3.5261123005e-01
-1.7724230445e+03, -3.5258890458e-01
-1.7756190636e+03, -3.5256670517e-01
-1.7788148820e+03, -3.5254463085e-01
-1.7820105008e+03, -3.5252268067e-01
-1.7852059213e+03, -3.5250085367e-01
-1.7884011445e+03, -3.5247914893e-01
-1.7915961715e+03, -3.5245756551e-01
-1.7947910033e+03, -3.5243610249e-01
-1.7979856412e+03, -3.5241475897e-01
-1.8011800861e+03, -3.5239353403e-01
-1.8043743392e+03, -3.5237242680e-01
-1.8075684014e+03, -3.5235143638e-01
-1.8107622739e+03, -3.5233056189e-01
-1.8139559577e+03, -3.5230980247e-01
-1.8171494539e+03, -3.5228915726e-01
-1.8203427634e+03, -3.5226862541e-01
-1.8235358873e+03, -3.5224820608e-01
-1.8267288267e+03, -3.5222789842e-01
-1.8299215824e+03, -3.5220770161e-01
-1.8331141556e+03, -3.5218761484e-01
-1.8363065472e+03, -3.5216763728e-01
-1.8394987581e+03, -3.5214776814e-01
-1.8426907895e+03, -3.5212800661e-01
-1.8458826422e+03, -3.5210835192e-01
-1.8490743173e+03, -3.5208880327e-01
-1.8522658156e+03, -3.5206935989e-01
-1.8554571381e+03, -3.5205002102e-01
-1.8586482858e+03, -3.5203078588e-01
-1.8618392596e+03, -3.5201165374e-01
-1.8650300605e+03, -3.5199262384e-01
-1.8682206893e+03, -3.5197369544e-01
-1.8714111470e+03, -3.5195486781e-01
-1.8746014344e+03, -3.5193614022e-01
-1.8777915526e+03, -3.5191751196e-01
-1.8809815023e+03, -3.5189898231e-01
-1.8841712846e+03, -3.5188055056e-01
-1.8873609002e+03, -3.5186221601e-01
-1.8905503500e+03, -3.5184397797e-01
-1.8937396349e+03, -3.5182583576e-01
-1.8969287558e+03, -3.5180778869e-01
-1.9001177136e+03, -3.5178983608e-01
-1.9033065090e+03, -3.5177197727e-01
-1.9064951430e+03, -3.5175421159e-01
-1.9096836164e+03, -3.5173653838e-01
-1.9128719300e+03, -3.5171895700e-01
-1.9160600846e+03, -3.5170146680e-01
-1.9192480811e+03, -3.5168406714e-01
-1.9224359202e+03, -3.5166675739e-01
-1.9256236029e+03, -3.5164953691e-01
-1.9288111299e+03, -3.5163240509e-01
-1.9319985020e+03, -3.5161536130e-01
-1.9351857199e+03, -3.5159840494e-01
-1.9383727846e+03, -3.5158153539e-01
-1.9415596967e+03, -3.5156475206e-01
-1.9447464571e+03, -3.5154805436e-01
-1.9479330666e+03, -3.5153144168e-01
-1.9511195258e+03, -3.5151491345e-01
-1.9543058355e+03, -3.5149846908e-01
-1.9574919966e+03, -3.5148210800e-01
-1.9606780098e+03, -3.5146582964e-01
-1.9638638757e+03, -3.5144963344e-01
-1.9670495952e+03, -3.5143351882e-01
-1.9702351691e+03, -3.5141748524e-01
-1.9734205979e+03, -3.5140153215e-01
-1.9766058825e+03, -3.5138565900e-01
-1.9797910235e+03, -3.5136986525e-01
-1.9829760218e+03, -3.5135415036e-01
-1.9861608780e+03, -3.5133851380e-01
-1.9893455927e+03, -3.5132295504e-01
-1.9925301668e+03, -3.5130747355e-01
-1.9957146009e+03, -3.5129206883e-01
-1.9988988957e+03, -3.5127674036e-01
-2.0020830519e+03, -3.5126148762e-01
-2.0052670702e+03, -3.5124631010e-01
-2.0084509513e+03, -3.5123120732e-01
-2.0116346957e+03, -3.5121617877e-01
-2.0148183043e+03, -3.5120122396e-01
-2.0180017777e+03, -3.5118634240e-01
-2.0211851165e+03, -3.5117153360e-01
-2.0243683213e+03, -3.5115679708e-01
-2.0275513930e+03, -3.5114213238e-01
-2.0307343320e+03, -3.5112753901e-01
-2.0339171390e+03, -3.5111301650e-01
-2.0370998147e+03, -3.5109856440e-01
-2.0402823598e+03, -3.5108418224e-01
-2.0434647748e+03, -3.5106986956e-01
-2.0466470603e+03, -3.5105562591e-01
-2.0498292171e+03, -3.5104145084e-01
-2.0530112456e+03, -3.5102734391e-01
-2.0561931466e+03, -3.5101330467e-01
+3.1953891235e+02, -1.0930903927e+01
+3.1460500182e+02, -1.8941454308e+01
+3.1050277366e+02, -2.5391259334e+01
+3.0683010033e+02, -3.1010259822e+01
+3.0343410337e+02, -3.6079916614e+01
+3.0023635239e+02, -4.0746433546e+01
+2.9719000287e+02, -4.5098133745e+01
+2.9426431980e+02, -4.9193585071e+01
+2.9143779879e+02, -5.3074178639e+01
+2.8869467111e+02, -5.6770556922e+01
+2.8602295225e+02, -6.0306222838e+01
+2.8341327256e+02, -6.3699713755e+01
+2.8085813708e+02, -6.6965984718e+01
+2.7835143591e+02, -7.0117328027e+01
+2.7588810829e+02, -7.3164006997e+01
+2.7346390517e+02, -7.6114706098e+01
+2.7107521698e+02, -7.8976858959e+01
+2.6871894592e+02, -8.1756892676e+01
+2.6639240933e+02, -8.4460413308e+01
+2.6409326558e+02, -8.7092349095e+01
+2.6181945600e+02, -8.9657062682e+01
+2.5956915917e+02, -9.2158440239e+01
+2.5734075421e+02, -9.4599963073e+01
+2.5513279113e+02, -9.6984765785e+01
+2.5294396657e+02, -9.9315683970e+01
+2.5077310390e+02, -1.0159529368e+02
+2.4861913651e+02, -1.0382594435e+02
+2.4648109403e+02, -1.0600978645e+02
+2.4435809055e+02, -1.0814879488e+02
+2.4224931469e+02, -1.1024478894e+02
+2.4015402115e+02, -1.1229944933e+02
+2.3807152340e+02, -1.1431433293e+02
+2.3600118742e+02, -1.1629088543e+02
+2.3394242627e+02, -1.1823045246e+02
+2.3189469532e+02, -1.2013428924e+02
+2.2985748818e+02, -1.2200356904e+02
+2.2783033297e+02, -1.2383939065e+02
+2.2581278920e+02, -1.2564278498e+02
+2.2380444493e+02, -1.2741472092e+02
+2.2180491420e+02, -1.2915611054e+02
+2.1981383487e+02, -1.3086781373e+02
+2.1783086660e+02, -1.3255064238e+02
+2.1585568906e+02, -1.3420536412e+02
+2.1388800032e+02, -1.3583270563e+02
+2.1192751545e+02, -1.3743335578e+02
+2.0997396518e+02, -1.3900796827e+02
+2.0802709473e+02, -1.4055716417e+02
+2.0608666279e+02, -1.4208153421e+02
+2.0415244050e+02, -1.4358164079e+02
+2.0222421059e+02, -1.4505801987e+02
+2.0030176659e+02, -1.4651118274e+02
+1.9838491210e+02, -1.4794161752e+02
+1.9647346008e+02, -1.4934979067e+02
+1.9456723231e+02, -1.5073614830e+02
+1.9266605874e+02, -1.5210111735e+02
+1.9076977706e+02, -1.5344510679e+02
+1.8887823213e+02, -1.5476850862e+02
+1.8699127564e+02, -1.5607169883e+02
+1.8510876561e+02, -1.5735503833e+02
+1.8323056609e+02, -1.5861887372e+02
+1.8135654674e+02, -1.5986353811e+02
+1.7948658259e+02, -1.6108935181e+02
+1.7762055366e+02, -1.6229662301e+02
+1.7575834472e+02, -1.6348564839e+02
+1.7389984506e+02, -1.6465671369e+02
+1.7204494818e+02, -1.6581009426e+02
+1.7019355161e+02, -1.6694605560e+02
+1.6834555669e+02, -1.6806485376e+02
+1.6650086839e+02, -1.6916673585e+02
+1.6465939508e+02, -1.7025194041e+02
+1.6282104839e+02, -1.7132069784e+02
+1.6098574308e+02, -1.7237323074e+02
+1.5915339680e+02, -1.7340975427e+02
+1.5732393003e+02, -1.7443047644e+02
+1.5549726592e+02, -1.7543559849e+02
+1.5367333015e+02, -1.7642531508e+02
+1.5185205081e+02, -1.7739981467e+02
+1.5003335832e+02, -1.7835927967e+02
+1.4821718530e+02, -1.7930388678e+02
+1.4640346645e+02, -1.8023380713e+02
+1.4459213851e+02, -1.8114920659e+02
+1.4278314013e+02, -1.8205024588e+02
+1.4097641179e+02, -1.8293708084e+02
+1.3917189573e+02, -1.8380986259e+02
+1.3736953588e+02, -1.8466873769e+02
+1.3556927778e+02, -1.8551384833e+02
+1.3377106850e+02, -1.8634533248e+02
+1.3197485659e+02, -1.8716332401e+02
+1.3018059203e+02, -1.8796795289e+02
+1.2838822614e+02, -1.8875934530e+02
+1.2659771157e+02, -1.8953762373e+02
+1.2480900218e+02, -1.9030290715e+02
+1.2302205308e+02, -1.9105531110e+02
+1.2123682049e+02, -1.9179494782e+02
+1.1945326177e+02, -1.9252192632e+02
+1.1767133531e+02, -1.9323635253e+02
+1.1589100056e+02, -1.9393832937e+02
+1.1411221793e+02, -1.9462795684e+02
+1.1233494878e+02, -1.9530533211e+02
+1.1055915538e+02, -1.9597054964e+02
+1.0878480087e+02, -1.9662370120e+02
+1.0701184925e+02, -1.9726487599e+02
+1.0524026531e+02, -1.9789416071e+02
+1.0347001463e+02, -1.9851163961e+02
+1.0170106354e+02, -1.9911739457e+02
+9.9933379082e+01, -1.9971150519e+02
+9.8166929014e+01, -2.0029404881e+02
+9.6401681753e+01, -2.0086510058e+02
+9.4637606363e+01, -2.0142473354e+02
+9.2874672532e+01, -2.0197301865e+02
+9.1112850547e+01, -2.0251002486e+02
+8.9352111276e+01, -2.0303581915e+02
+8.7592426139e+01, -2.0355046657e+02
+8.5833767097e+01, -2.0405403030e+02
+8.4076106625e+01, -2.0454657171e+02
+8.2319417699e+01, -2.0502815035e+02
+8.0563673773e+01, -2.0549882405e+02
+7.8808848766e+01, -2.0595864892e+02
+7.7054917040e+01, -2.0640767940e+02
+7.5301853389e+01, -2.0684596830e+02
+7.3549633019e+01, -2.0727356683e+02
+7.1798231537e+01, -2.0769052463e+02
+7.0047624930e+01, -2.0809688981e+02
+6.8297789559e+01, -2.0849270896e+02
+6.6548702137e+01, -2.0887802723e+02
+6.4800339721e+01, -2.0925288828e+02
+6.3052679696e+01, -2.0961733437e+02
+6.1305699767e+01, -2.0997140638e+02
+5.9559377939e+01, -2.1031514380e+02
+5.7813692514e+01, -2.1064858477e+02
+5.6068622072e+01, -2.1097176611e+02
+5.4324145463e+01, -2.1128472336e+02
+5.2580241799e+01, -2.1158749075e+02
+5.0836890437e+01, -2.1188010126e+02
+4.9094070973e+01, -2.1216258662e+02
+4.7351763233e+01, -2.1243497735e+02
+4.5609947257e+01, -2.1269730275e+02
+4.3868603298e+01, -2.1294959094e+02
+4.2127711804e+01, -2.1319186884e+02
+4.0387253416e+01, -2.1342416224e+02
+3.8647208954e+01, -2.1364649577e+02
+3.6907559411e+01, -2.1385889292e+02
+3.5168285944e+01, -2.1406137608e+02
+3.3429369863e+01, -2.1425396652e+02
+3.1690792627e+01, -2.1443668441e+02
+2.9952535833e+01, -2.1460954883e+02
+2.8214581208e+01, -2.1477257782e+02
+2.6476910603e+01, -2.1492578831e+02
+2.4739505983e+01, -2.1506919619e+02
+2.3002349420e+01, -2.1520281632e+02
+2.1265423088e+01, -2.1532666249e+02
+1.9528709252e+01, -2.1544074748e+02
+1.7792190261e+01, -2.1554508302e+02
+1.6055848545e+01, -2.1563967986e+02
+1.4319666603e+01, -2.1572454768e+02
+1.2583626996e+01, -2.1579969520e+02
+1.0847712345e+01, -2.1586513012e+02
+9.1119053180e+00, -2.1592085911e+02
+7.3761886270e+00, -2.1596688788e+02
+5.6405450192e+00, -2.1600322114e+02
+3.9049572711e+00, -2.1602986258e+02
+2.1694081811e+00, -2.1604681492e+02
+4.3388056274e-01, -2.1605407991e+02
-1.3016427617e+00, -2.1605165827e+02
-3.0371789683e+00, -2.1603954976e+02
-4.7727452383e+00, -2.1601775314e+02
-6.5083587648e+00, -2.1598626619e+02
-8.2440367595e+00, -2.1594508571e+02
-9.9797964598e+00, -2.1589420747e+02
-1.1715655135e+01, -2.1583362630e+02
-1.3451630095e+01, -2.1576333598e+02
-1.5187738693e+01, -2.1568332933e+02
-1.6923998339e+01, -2.1559359815e+02
-1.8660426501e+01, -2.1549413323e+02
-2.0397040713e+01, -2.1538492437e+02
-2.2133858586e+01, -2.1526596032e+02
-2.3870897811e+01, -2.1513722884e+02
-2.5608176167e+01, -2.1499871662e+02
-2.7345711533e+01, -2.1485040936e+02
-2.9083521887e+01, -2.1469229167e+02
-3.0821625320e+01, -2.1452434715e+02
-3.2560040043e+01, -2.1434655831e+02
-3.4298784392e+01, -2.1415890660e+02
-3.6037876840e+01, -2.1396137240e+02
-3.7777335999e+01, -2.1375393497e+02
-3.9517180636e+01, -2.1353657249e+02
-4.1257429675e+01, -2.1330926204e+02
-4.2998102207e+01, -2.1307197954e+02
-4.4739217502e+01, -2.1282469979e+02
-4.6480795014e+01, -2.1256739644e+02
-4.8222854390e+01, -2.1230004196e+02
-4.9965415484e+01, -2.1202260765e+02
-5.1708498361e+01, -2.1173506360e+02
-5.3452123309e+01, -2.1143737870e+02
-5.5196310850e+01, -2.1112952058e+02
-5.6941081748e+01, -2.1081145564e+02
-5.8686457022e+01, -2.1048314901e+02
-6.0432457953e+01, -2.1014456450e+02
-6.2179106101e+01, -2.0979566464e+02
-6.3926423310e+01, -2.0943641061e+02
-6.5674431724e+01, -2.0906676223e+02
-6.7423153796e+01, -2.0868667794e+02
-6.9172612304e+01, -2.0829611478e+02
-7.0922830360e+01, -2.0789502835e+02
-7.2673831427e+01, -2.0748337278e+02
-7.4425639328e+01, -2.0706110072e+02
-7.6178278264e+01, -2.0662816331e+02
-7.7931772828e+01, -2.0618451012e+02
-7.9686148017e+01, -2.0573008915e+02
-8.1441429252e+01, -2.0526484677e+02
-8.3197642389e+01, -2.0478872772e+02
-8.4954813740e+01, -2.0430167503e+02
-8.6712970088e+01, -2.0380363002e+02
-8.8472138706e+01, -2.0329453222e+02
-9.0232347371e+01, -2.0277431938e+02
-9.1993624393e+01, -2.0224292739e+02
-9.3755998623e+01, -2.0170029022e+02
-9.5519499483e+01, -2.0114633993e+02
-9.7284156981e+01, -2.0058100656e+02
-9.9050001739e+01, -2.0000421813e+02
-1.0081706501e+02, -1.9941590054e+02
-1.0258537871e+02, -1.9881597756e+02
-1.0435497544e+02, -1.9820437071e+02
-1.0612588849e+02, -1.9758099929e+02
-1.0789815192e+02, -1.9694578022e+02
-1.0967180053e+02, -1.9629862803e+02
-1.1144686993e+02, -1.9563945480e+02
-1.1322339655e+02, -1.9496817003e+02
-1.1500141767e+02, -1.9428468064e+02
-1.1678097147e+02, -1.9358889081e+02
-1.1856209706e+02, -1.9288070196e+02
-1.2034483452e+02, -1.9216001266e+02
-1.2212922491e+02, -1.9142671848e+02
-1.2391531036e+02, -1.9068071197e+02
-1.2570313406e+02, -1.8992188252e+02
-1.2749274035e+02, -1.8915011624e+02
-1.2928417474e+02, -1.8836529591e+02
-1.3107748396e+02, -1.8756730081e+02
-1.3287271603e+02, -1.8675600660e+02
-1.3466992029e+02, -1.8593128526e+02
-1.3646914746e+02, -1.8509300485e+02
-1.3827044972e+02, -1.8424102949e+02
-1.4007388077e+02, -1.8337521910e+02
-1.4187949585e+02, -1.8249542935e+02
-1.4368735189e+02, -1.8160151140e+02
-1.4549750749e+02, -1.8069331181e+02
-1.4731002310e+02, -1.7977067231e+02
-1.4912496100e+02, -1.7883342964e+02
-1.5094238547e+02, -1.7788141532e+02
-1.5276236283e+02, -1.7691445546e+02
-1.5458496154e+02, -1.7593237055e+02
-1.5641025235e+02, -1.7493497516e+02
-1.5823830834e+02, -1.7392207779e+02
-1.6006920509e+02, -1.7289348051e+02
-1.6190302078e+02, -1.7184897874e+02
-1.6373983631e+02, -1.7078836093e+02
-1.6557973546e+02, -1.6971140823e+02
-1.6742280502e+02, -1.6861789421e+02
-1.6926913497e+02, -1.6750758443e+02
-1.7111881861e+02, -1.6638023612e+02
-1.7297195277e+02, -1.6523559775e+02
-1.7482863799e+02, -1.6407340860e+02
-1.7668897871e+02, -1.6289339832e+02
-1.7855308353e+02, -1.6169528642e+02
-1.8042106538e+02, -1.6047878176e+02
-1.8229304183e+02, -1.5924358197e+02
-1.8416913531e+02, -1.5798937291e+02
-1.8604947345e+02, -1.5671582793e+02
-1.8793418935e+02, -1.5542260728e+02
-1.8982342192e+02, -1.5410935729e+02
-1.9171731627e+02, -1.5277570963e+02
-1.9361602407e+02, -1.5142128042e+02
-1.9551970398e+02, -1.5004566931e+02
-1.9742852212e+02, -1.4864845846e+02
-1.9934265256e+02, -1.4722921149e+02
-2.0126227785e+02, -1.4578747230e+02
-2.0318758964e+02, -1.4432276375e+02
-2.0511878928e+02, -1.4283458634e+02
-2.0705608854e+02, -1.4132241663e+02
-2.0899971036e+02, -1.3978570569e+02
-2.1094988974e+02, -1.3822387718e+02
-2.1290687458e+02, -1.3663632548e+02
-2.1487092678e+02, -1.3502241349e+02
-2.1684232327e+02, -1.3338147027e+02
-2.1882135732e+02, -1.3171278840e+02
-2.2080833987e+02, -1.3001562112e+02
-2.2280360103e+02, -1.2828917911e+02
-2.2480749183e+02, -1.2653262697e+02
-2.2682038604e+02, -1.2474507928e+02
-2.2884268231e+02, -1.2292559617e+02
-2.3087480654e+02, -1.2107317843e+02
-2.3291721452e+02, -1.1918676198e+02
-2.3497039497e+02, -1.1726521166e+02
-2.3703487291e+02, -1.1530731423e+02
-2.3911121359e+02, -1.1331177041e+02
-2.4120002684e+02, -1.1127718579e+02
-2.4330197220e+02, -1.0920206060e+02
-2.4541776477e+02, -1.0708477773e+02
-2.4754818188e+02, -1.0492358917e+02
-2.4969407105e+02, -1.0271660012e+02
-2.5185635907e+02, -1.0046175058e+02
-2.5403606283e+02, -9.8156793771e+01
-2.5623430208e+02, -9.5799270710e+01
-2.5845231453e+02, -9.3386480062e+01
-2.6069147411e+02, -9.0915442132e+01
-2.6295331294e+02, -8.8382855524e+01
-2.6523954806e+02, -8.5785044527e+01
-2.6755211441e+02, -8.3117894671e+01
-2.6989320574e+02, -8.0376772941e+01
-2.7226532606e+02, -7.7556427938e+01
-2.7467135508e+02, -7.4650863312e+01
-2.7711463272e+02, -7.1653175099e+01
-2.7959906993e+02, -6.8555339308e+01
-2.8212929660e+02, -6.5347929570e+01
-3.2748701701e+02, +1.1296279724e+02
-3.3094809448e+02, +1.1094399620e+02
-4.1016745570e+02, +7.8921376677e+01
-4.0580820040e+02, +8.0014943461e+01
-2.9571358715e+02, -4.7174995091e+01
-3.4547722892e+02, +1.0296839027e+02
-3.4928530251e+02, +1.0102571642e+02
-3.5316339439e+02, +9.9115216213e+01
-3.5711015881e+02, +9.7242985845e+01
-3.6112379188e+02, +9.5414987495e+01
-3.6520334481e+02, +9.3636774283e+01
-3.6936996388e+02, +9.1917311889e+01
-3.6726980593e+02, +9.2768030671e+01
-3.6315506069e+02, +9.4519413171e+01
-3.5512812982e+02, +9.8174019667e+01
           NaN, -7.7209472488e+02
           NaN, -7.9864260729e+02
           NaN, -8.2421362648e+02
           NaN, -8.4883733808e+02
           NaN, -8.7254217100e+02
           NaN, -8.9535570850e+02
           NaN, -9.1730488673e+02
           NaN, -9.3841612700e+02
           NaN, -9.5871542180e+02
           NaN, -9.7822839051e+02
           NaN, -9.9698029994e+02
           NaN, -1.0149960772e+03
           NaN, -1.0323003012e+03
           NaN, -1.0489171880e+03
           NaN, -1.0648705729e+03
           NaN, -1.0801838846e+03
           NaN, -1.0948801228e+03
           NaN, -1.1089818327e+03
           NaN, -1.1225110808e+03
           NaN, -1.1354894334e+03
           NaN, -1.1479379391e+03
           NaN, -1.1598771095e+03
           NaN, -1.1713269057e+03
           NaN, -1.1823067281e+03
-2.4295865628e+02, +1.6723970736e+02
           NaN, -1.2029312012e+03
-2.3825847081e+02, +1.7014065287e+02
-2.3593067289e+02, +1.7156223745e+02
-2.3361698222e+02, +1.7296486770e+02
-2.3131686809e+02, +1.7434877090e+02
-2.2902982657e+02, +1.7571417274e+02
-2.2675537888e+02, +1.7706129681e+02
-2.2449306976e+02, +1.7839036423e+02
-2.2224246604e+02, +1.7970159326e+02
-2.2000315529e+02, +1.8099519906e+02
-2.1777474454e+02, +1.8227139345e+02
-2.1555685913e+02, +1.8353038473e+02
-2.1334914159e+02, +1.8477237757e+02
-2.1115125069e+02, +1.8599757287e+02
-2.0896286043e+02, +1.8720616770e+02
-2.0678365918e+02, +1.8839835525e+02
-2.0461334889e+02, +1.8957432483e+02
-2.0245164430e+02, +1.9073426180e+02
-2.0029827221e+02, +1.9187834760e+02
-1.9815297086e+02, +1.9300675980e+02
-1.9601548926e+02, +1.9411967207e+02
-1.9388558663e+02, +1.9521725425e+02
-1.9176303186e+02, +1.9629967239e+02
-1.8964760299e+02, +1.9736708880e+02
-1.8753908672e+02, +1.9841966208e+02
-1.8543727800e+02, +1.9945754721e+02
-1.8334197956e+02, +2.0048089560e+02
-6.4721862775e+02, -4.0118089810e-01
-6.5085177465e+02, -4.0042387184e-01
           NaN, -1.3699588515e+03
           NaN, -1.3729562858e+03
-1.7295673575e+02, +2.0538464381e+02
           NaN, -1.3786234059e+03
-1.6884207485e+02, +2.0724930385e+02
-1.6679257346e+02, +2.0816140204e+02
-1.6474810007e+02, +2.0906017635e+02
-1.6270851716e+02, +2.0994574614e+02
           NaN, -1.3910854997e+03
           NaN, -1.3933173108e+03
           NaN, -1.3954705852e+03
           NaN, -1.3975485696e+03
           NaN, -1.3995543599e+03
           NaN, -1.4014909096e+03
           NaN, -1.4033610363e+03
           NaN, -1.4051674284e+03
           NaN, -1.4069126508e+03
           NaN, -1.4085991519e+03
           NaN, -1.4102292676e+03
           NaN, -1.4118052266e+03
           NaN, -1.4133291570e+03
           NaN, -1.4148030889e+03
           NaN, -1.4162289622e+03
           NaN, -1.4176086272e+03
           NaN, -1.4189438510e+03
           NaN, -1.4202363243e+03
           NaN, -1.4214876572e+03
           NaN, -1.4226993900e+03
           NaN, -1.4238729961e+03
           NaN, -1.4250098809e+03
           NaN, -1.4261113881e+03
           NaN, -1.4271788036e+03
           NaN, -1.4282133544e+03
           NaN, -1.4292162171e+03
           NaN, -1.4301885131e+03
           NaN, -1.4311313200e+03
           NaN, -1.4320456644e+03
           NaN, -1.4329325326e+03
           NaN, -1.4337928637e+03
           NaN, -1.4346275639e+03
           NaN, -1.4354374969e+03
           NaN, -1.4362234883e+03
           NaN, -1.4369863348e+03
           NaN, -1.4377267959e+03
           NaN, -1.4384456014e+03
           NaN, -1.4391434503e+03
           NaN, -1.4398210145e+03
           NaN, -1.4404789387e+03
           NaN, -1.4411178407e+03
           NaN, -1.4417383154e+03
           NaN, -1.4423409321e+03
           NaN, -1.4429262411e+03
           NaN, -1.4434947689e+03
           NaN, -1.4440470224e+03
           NaN, -1.4445834918e+03
           NaN, -1.4451046453e+03
           NaN, -1.4456109360e+03
           NaN, -1.4461027976e+03
           NaN, -1.4465806540e+03
           NaN, -1.4470449087e+03
           NaN, -1.4474959521e+03
           NaN, -1.4479341622e+03
           NaN, -1.4483599025e+03
           NaN, -1.4487735255e+03
           NaN, -1.4491753718e+03
           NaN, -1.4495657699e+03
           NaN, -1.4499450368e+03
           NaN, -1.4503134825e+03
           NaN, -1.4506714050e+03
           NaN, -1.4510190921e+03
           NaN, -1.4513568252e+03
           NaN, -1.4516848756e+03
           NaN, -1.4520035075e+03
           NaN, -1.4523129769e+03
           NaN, -1.4526135310e+03
           NaN, -1.4529054148e+03
           NaN, -1.4531888602e+03
           NaN, -1.4534640965e+03
           NaN, -1.4537313473e+03
           NaN, -1.4539908286e+03
           NaN, -1.4542427502e+03
           NaN, -1.4544873187e+03
           NaN, -1.4547247333e+03
           NaN, -1.4549551899e+03
           NaN, -1.4551788772e+03
           NaN, -1.4553959831e+03
           NaN, -1.4556066857e+03
           NaN, -1.4558111635e+03
           NaN, -1.4560095875e+03
           NaN, -1.4562021255e+03
           NaN, -1.4563889415e+03
           NaN, -1.4565701944e+03
           NaN, -1.4567460405e+03
           NaN, -1.4569166308e+03
           NaN, -1.4570821129e+03
           NaN, -1.4572426295e+03
           NaN, -1.4573983228e+03
           NaN, -1.4575493266e+03
           NaN, -1.4576957724e+03
           NaN, -1.4578377891e+03
           NaN, -1.4579754987e+03
           NaN, -1.4581090209e+03
           NaN, -1.4582384714e+03
-3.2277538582e+02, -5.5197383049e+00
-3.1691872703e+02, -1.5220124726e+01
-3.1248511485e+02, -2.2297785490e+01
-3.0862491660e+02, -2.8282274697e+01
-3.0510344454e+02, -3.3602745216e+01
-3.0181387066e+02, -3.8457134444e+01
-2.9869644681e+02, -4.2957467962e+01
-2.9571358715e+02, -4.7174995091e+01
-2.9283975609e+02, -5.1158623539e+01
-2.9005663211e+02, -5.4943788864e+01
-2.8735052226e+02, -5.8557223016e+01
-2.8471086321e+02, -6.2019734019e+01
-2.8212929660e+02, -6.5347929570e+01
-2.7959906993e+02, -6.8555339308e+01
-2.7711463272e+02, -7.1653175099e+01
-2.7467135508e+02, -7.4650863312e+01
-2.7226532606e+02, -7.7556427938e+01
-2.6989320574e+02, -8.0376772941e+01
-2.6755211441e+02, -8.3117894671e+01
-2.6523954806e+02, -8.5785044527e+01
-2.6295331294e+02, -8.8382855524e+01
-2.6069147411e+02, -9.0915442132e+01
-2.5845231453e+02, -9.3386480062e+01
-2.5623430208e+02, -9.5799270710e+01
-2.5403606283e+02, -9.8156793771e+01
-2.5185635907e+02, -1.0046175058e+02
-2.4969407105e+02, -1.0271660012e+02
-2.4754818188e+02, -1.0492358917e+02
-2.4541776477e+02, -1.0708477773e+02
-2.4330197220e+02, -1.0920206060e+02
-2.4120002684e+02, -1.1127718579e+02
-2.3911121359e+02, -1.1331177041e+02
-2.3703487291e+02, -1.1530731423e+02
-2.3497039497e+02, -1.1726521166e+02
-2.3291721452e+02, -1.1918676198e+02
-2.3087480654e+02, -1.2107317843e+02
-2.2884268231e+02, -1.2292559617e+02
-2.2682038604e+02, -1.2474507928e+02
-2.2480749183e+02, -1.2653262697e+02
-2.2280360103e+02, -1.2828917911e+02
-2.2080833987e+02, -1.3001562112e+02
-2.1882135732e+02, -1.3171278840e+02
-2.1684232327e+02, -1.3338147027e+02
-2.1487092678e+02, -1.3502241349e+02
-2.1290687458e+02, -1.3663632548e+02
-2.1094988974e+02, -1.3822387718e+02
-2.0899971036e+02, -1.3978570569e+02
-2.0705608854e+02, -1.4132241663e+02
-2.0511878928e+02, -1.4283458634e+02
-2.0318758964e+02, -1.4432276375e+02
-2.0126227785e+02, -1.4578747230e+02
-1.9934265256e+02, -1.4722921149e+02
-1.9742852212e+02, -1.4864845846e+02
-1.9551970398e+02, -1.5004566931e+02
-1.9361602407e+02, -1.5142128042e+02
-1.9171731627e+02, -1.5277570963e+02
-1.8982342192e+02, -1.5410935729e+02
-1.8793418935e+02, -1.5542260728e+02
-1.8604947345e+02, -1.5671582793e+02
-1.8416913531e+02, -1.5798937291e+02
-1.8229304183e+02, -1.5924358197e+02
-1.8042106538e+02, -1.6047878176e+02
-1.7855308353e+02, -1.6169528642e+02
-1.7668897871e+02, -1.6289339832e+02
-1.7482863799e+02, -1.6407340860e+02
-1.7297195277e+02, -1.6523559775e+02
-1.7111881861e+02, -1.6638023612e+02
-1.6926913497e+02, -1.6750758443e+02
-1.6742280502e+02, -1.6861789421e+02
-1.6557973546e+02, -1.6971140823e+02
-1.6373983631e+02, -1.7078836093e+02
-1.6190302078e+02, -1.7184897874e+02
-1.6006920509e+02, -1.7289348051e+02
-1.5823830834e+02, -1.7392207779e+02
-1.5641025235e+02, -1.7493497516e+02
-1.5458496154e+02, -1.7593237055e+02
-1.5276236283e+02, -1.7691445546e+02
-1.5094238547e+02, -1.7788141532e+02
-1.4912496100e+02, -1.7883342964e+02
-1.4731002310e+02, -1.7977067231e+02
-1.4549750749e+02, -1.8069331181e+02
-1.4368735189e+02, -1.8160151140e+02
-1.4187949585e+02, -1.8249542935e+02
-1.4007388077e+02, -1.8337521910e+02
-1.3827044972e+02, -1.8424102949e+02
-1.3646914746e+02, -1.8509300485e+02
-1.3466992029e+02, -1.8593128526e+02
-1.3287271603e+02, -1.8675600660e+02
-1.3107748396e+02, -1.8756730081e+02
-1.2928417474e+02, -1.8836529591e+02
-1.2749274035e+02, -1.8915011624e+02
-1.2570313406e+02, -1.8992188252e+02
-1.2391531036e+02, -1.9068071197e+02
-1.2212922491e+02, -1.9142671848e+02
-1.2034483452e+02, -1.9216001266e+02
-1.1856209706e+02, -1.9288070196e+02
-1.1678097147e+02, -1.9358889081e+02
-1.1500141767e+02, -1.9428468064e+02
-1.1322339655e+02, -1.9496817003e+02
-1.1144686993e+02, -1.9563945480e+02
-1.0967180053e+02, -1.9629862803e+02
-1.0789815192e+02, -1.9694578022e+02
-1.0612588849e+02, -1.9758099929e+02
-1.0435497544e+02, -1.9820437071e+02
-1.0258537871e+02, -1.9881597756e+02
-1.0081706501e+02, -1.9941590054e+02
-9.9050001739e+01, -2.0000421813e+02
-9.7284156981e+01, -2.0058100656e+02
-9.5519499483e+01, -2.0114633993e+02
-9.3755998623e+01, -2.0170029022e+02
-9.1993624393e+01, -2.0224292739e+02
-9.0232347371e+01, -2.0277431938e+02
-8.8472138706e+01, -2.0329453222e+02
-8.6712970088e+01, -2.0380363002e+02
-8.4954813740e+01, -2.0430167503e+02
-8.3197642389e+01, -2.0478872772e+02
-8.1441429252e+01, -2.0526484677e+02
-7.9686148017e+01, -2.0573008915e+02
-7.7931772828e+01, -2.0618451012e+02
-7.6178278264e+01, -2.0662816331e+02
-7.4425639328e+01, -2.0706110072e+02
-7.2673831427e+01, -2.0748337278e+02
-7.0922830360e+01, -2.0789502835e+02
-6.9172612304e+01, -2.0829611478e+02
-6.7423153796e+01, -2.0868667794e+02
-6.5674431724e+01, -2.0906676223e+02
-6.3926423310e+01, -2.0943641061e+02
-6.2179106101e+01, -2.0979566464e+02
-6.0432457953e+01, -2.1014456450e+02
-5.8686457022e+01, -2.1048314901e+02
-5.6941081748e+01, -2.1081145564e+02
-5.5196310850e+01, -2.1112952058e+02
-5.3452123309e+01, -2.1143737870e+02
-5.1708498361e+01, -2.1173506360e+02
-4.9965415484e+01, -2.1202260765e+02
-4.8222854390e+01, -2.1230004196e+02
-4.6480795014e+01, -2.1256739644e+02
-4.4739217502e+01, -2.1282469979e+02
-4.2998102207e+01, -2.1307197954e+02
-4.1257429675e+01, -2.1330926204e+02
-3.9517180636e+01, -2.1353657249e+02
-3.7777335999e+01, -2.1375393497e+02
-3.6037876840e+01, -2.1396137240e+02
-3.4298784392e+01, -2.1415890660e+02
-3.2560040043e+01, -2.1434655831e+02
-3.0821625320e+01, -2.1452434715e+02
-2.9083521887e+01, -2.1469229167e+02
-2.7345711533e+01, -2.1485040936e+02
-2.5608176167e+01, -2.1499871662e+02
-2.3870897811e+01, -2.1513722884e+02
-2.2133858586e+01, -2.1526596032e+02
-2.0397040713e+01, -2.1538492437e+02
-1.8660426501e+01, -2.1549413323e+02
-1.6923998339e+01, -2.1559359815e+02
-1.5187738693e+01, -2.1568332933e+02
-1.3451630095e+01, -2.1576333598e+02
-1.1715655135e+01, -2.1583362630e+02
-9.9797964598e+00, -2.1589420747e+02
-8.2440367595e+00, -2.1594508571e+02
-6.5083587648e+00, -2.1598626619e+02
-4.7727452383e+00, -2.1601775314e+02
-3.0371789683e+00, -2.1603954976e+02
-1.3016427617e+00, -2.1605165827e+02
+4.3388056274e-01, -2.1605407991e+02
+2.1694081811e+00, -2.1604681492e+02
+3.9049572711e+00, -2.1602986258e+02
+5.6405450192e+00, -2.1600322114e+02
+7.3761886270e+00, -2.1596688788e+02
+9.1119053180e+00, -2.1592085911e+02
+1.0847712345e+01, -2.1586513012e+02
+1.2583626996e+01, -2.1579969520e+02
+1.4319666603e+01, -2.1572454768e+02
+1.6055848545e+01, -2.1563967986e+02
+1.7792190261e+01, -2.1554508302e+02
+1.9528709252e+01, -2.1544074748e+02
+2.1265423088e+01, -2.1532666249e+02
+2.3002349420e+01, -2.1520281632e+02
+2.4739505983e+01, -2.1506919619e+02
+2.6476910603e+01, -2.1492578831e+02
+2.8214581208e+01, -2.1477257782e+02
+2.9952535833e+01, -2.1460954883e+02
+3.1690792627e+01, -2.1443668441e+02
+3.3429369863e+01, -2.1425396652e+02
+3.5168285944e+01, -2.1406137608e+02
+3.6907559411e+01, -2.1385889292e+02
+3.8647208954e+01, -2.1364649577e+02
+4.0387253416e+01, -2.1342416224e+02
+4.2127711804e+01, -2.1319186884e+02
+4.3868603298e+01, -2.1294959094e+02
+4.5609947257e+01, -2.1269730275e+02
+4.7351763233e+01, -2.1243497735e+02
+4.9094070973e+01, -2.1216258662e+02
+5.0836890437e+01, -2.1188010126e+02
+5.2580241799e+01, -2.1158749075e+02
+5.4324145463e+01, -2.1128472336e+02
+5.6068622072e+01, -2.1097176611e+02
+5.7813692514e+01, -2.1064858477e+02
+5.9559377939e+01, -2.1031514380e+02
+6.1305699767e+01, -2.0997140638e+02
+6.3052679696e+01, -2.0961733437e+02
+6.4800339721e+01, -2.0925288828e+02
+6.6548702137e+01, -2.0887802723e+02
+6.8297789559e+01, -2.0849270896e+02
+7.0047624930e+01, -2.0809688981e+02
+7.1798231537e+01, -2.0769052463e+02
+7.3549633019e+01, -2.0727356683e+02
+7.5301853389e+01, -2.0684596830e+02
+7.7054917040e+01, -2.0640767940e+02
+7.8808848766e+01, -2.0595864892e+02
+8.0563673773e+01, -2.0549882405e+02
+8.2319417699e+01, -2.0502815035e+02
+8.4076106625e+01, -2.0454657171e+02
+8.5833767097e+01, -2.0405403030e+02
+8.7592426139e+01, -2.0355046657e+02
+8.9352111276e+01, -2.0303581915e+02
+9.1112850547e+01, -2.0251002486e+02
+9.2874672532e+01, -2.0197301865e+02
+9.4637606363e+01, -2.0142473354e+02
+9.6401681753e+01, -2.0086510058e+02
+9.8166929014e+01, -2.0029404881e+02
+9.9933379082e+01, -1.9971150519e+02
+1.0170106354e+02, -1.9911739457e+02
+1.0347001463e+02, -1.9851163961e+02
+1.0524026531e+02, -1.9789416071e+02
+1.0701184925e+02, -1.9726487599e+02
+1.0878480087e+02, -1.9662370120e+02
+1.1055915538e+02, -1.9597054964e+02
+1.1233494878e+02, -1.9530533211e+02
+1.1411221793e+02, -1.9462795684e+02
+1.1589100056e+02, -1.9393832937e+02
+1.1767133531e+02, -1.9323635253e+02
+1.1945326177e+02, -1.9252192632e+02
+1.2123682049e+02, -1.9179494782e+02
+1.2302205308e+02, -1.9105531110e+02
+1.2480900218e+02, -1.9030290715e+02
+1.2659771157e+02, -1.8953762373e+02
+1.2838822614e+02, -1.8875934530e+02
+1.3018059203e+02, -1.8796795289e+02
+1.3197485659e+02, -1.8716332401e+02
+1.3377106850e+02, -1.8634533248e+02
+1.3556927778e+02, -1.8551384833e+02
+1.3736953588e+02, -1.8466873769e+02
+1.3917189573e+02, -1.8380986259e+02
+1.4097641179e+02, -1.8293708084e+02
+1.4278314013e+02, -1.8205024588e+02
+1.4459213851e+02, -1.8114920659e+02
+1.4640346645e+02, -1.8023380713e+02
+1.4821718530e+02, -1.7930388678e+02
+1.5003335832e+02, -1.7835927967e+02
+1.5185205081e+02, -1.7739981467e+02
+1.5367333015e+02, -1.7642531508e+02
+1.5549726592e+02, -1.7543559849e+02
+1.5732393003e+02, -1.7443047644e+02
+1.5915339680e+02, -1.7340975427e+02
+1.6098574308e+02, -1.7237323074e+02
+1.6282104839e+02, -1.7132069784e+02
+1.6465939508e+02, -1.7025194041e+02
+1.6650086839e+02, -1.6916673585e+02
+1.6834555669e+02, -1.6806485376e+02
+1.7019355161e+02, -1.6694605560e+02
+1.7204494818e+02, -1.6581009426e+02
+1.7389984506e+02, -1.6465671369e+02
+1.7575834472e+02, -1.6348564839e+02
+1.7762055366e+02, -1.6229662301e+02
+1.7948658259e+02, -1.6108935181e+02
+1.8135654674e+02, -1.5986353811e+02
+1.8323056609e+02, -1.5861887372e+02
+1.8510876561e+02, -1.5735503833e+02
+1.8699127564e+02, -1.5607169883e+02
+1.8887823213e+02, -1.5476850862e+02
+1.9076977706e+02, -1.5344510679e+02
+1.9266605874e+02, -1.5210111735e+02
+1.9456723231e+02, -1.5073614830e+02
+1.9647346008e+02, -1.4934979067e+02
+1.9838491210e+02, -1.4794161752e+02
+2.0030176659e+02, -1.4651118274e+02
+2.0222421059e+02, -1.4505801987e+02
+2.0415244050e+02, -1.4358164079e+02
+2.0608666279e+02, -1.4208153421e+02
+2.0802709473e+02, -1.4055716417e+02
+2.0997396518e+02, -1.3900796827e+02
+2.1192751545e+02, -1.3743335578e+02
+2.1388800032e+02, -1.3583270563e+02
+2.1585568906e+02, -1.3420536412e+02
+2.1783086660e+02, -1.3255064238e+02
+2.1981383487e+02, -1.3086781373e+02
+2.2180491420e+02, -1.2915611054e+02
+2.2380444493e+02, -1.2741472092e+02
+2.2581278920e+02, -1.2564278498e+02
+2.2783033297e+02, -1.2383939065e+02
+2.2985748818e+02, -1.2200356904e+02
+2.3189469532e+02, -1.2013428924e+02
+2.3394242627e+02, -1.1823045246e+02
+2.3600118742e+02, -1.1629088543e+02
+2.3807152340e+02, -1.1431433293e+02
+2.4015402115e+02, -1.1229944933e+02
+2.4224931469e+02, -1.1024478894e+02
+2.4435809055e+02, -1.0814879488e+02
+2.4648109403e+02, -1.0600978645e+02
+2.4861913651e+02, -1.0382594435e+02
+2.5077310390e+02, -1.0159529368e+02
+2.5294396657e+02, -9.9315683970e+01
+2.5513279113e+02, -9.6984765785e+01
+2.5734075421e+02, -9.4599963073e+01
+2.5956915917e+02, -9.2158440239e+01
+2.6181945600e+02, -8.9657062682e+01
+2.6409326558e+02, -8.7092349095e+01
+2.6639240933e+02, -8.4460413308e+01
+2.6871894592e+02, -8.1756892676e+01
+2.7107521698e+02, -7.8976858959e+01
+2.7346390517e+02, -7.6114706098e+01
+2.7588810829e+02, -7.3164006997e+01
+2.7835143591e+02, -7.0117328027e+01
+2.8085813708e+02, -6.6965984718e+01
+3.2578100473e+02, +1.1397279101e+02
+3.2920929354e+02, +1.1195303038e+02
+4.1234640331e+02, +7.8397072378e+01
+4.0798789316e+02, +7.9460555773e+01
+2.9426431980e+02, -4.9193585071e+01
+3.4359968149e+02, +1.0394989991e+02
+3.4737245565e+02, +1.0199341218e+02
+3.5121566507e+02, +1.0006606302e+02
+3.5512830022e+02, +9.8173938827e+01
+3.5910872955e+02, +9.6323096969e+01
+3.6315523679e+02, +9.4519336400e+01
+3.6726998532e+02, +9.2767956287e+01
+2.9426431980e+02, -4.9193585071e+01
+3.6520316724e+02, +9.3636849897e+01
+3.6112361720e+02, +9.5415065371e+01
+3.5710998696e+02, +9.7243065758e+01
           NaN, -7.8549267505e+02
           NaN, -8.1154834716e+02
           NaN, -8.3664209646e+02
           NaN, -8.6080287326e+02
           NaN, -8.8405865480e+02
           NaN, -9.0643668060e+02
           NaN, -9.2796361537e+02
           NaN, -9.4866565807e+02
           NaN, -9.6856860971e+02
           NaN, -9.8769791152e+02
           NaN, -1.0060786608e+03
           NaN, -1.0237356114e+03
           NaN, -1.0406931628e+03
           NaN, -1.0569753440e+03
           NaN, -1.0726057899e+03
           NaN, -1.0876077179e+03
           NaN, -1.1020039036e+03
           NaN, -1.1158166543e+03
           NaN, -1.1290677910e+03
           NaN, -1.1417786224e+03
           NaN, -1.1539699302e+03
           NaN, -1.1656619533e+03
           NaN, -1.1768743730e+03
           NaN, -1.1876263063e+03
           NaN, -1.1979362972e+03
           NaN, -1.2078223121e+03
+2.3709277418e+02, +1.7085382870e+02
+2.3477209797e+02, +1.7226590763e+02
+2.3246526019e+02, +1.7365914603e+02
+2.3017174374e+02, +1.7503377046e+02
+2.2789105748e+02, +1.7639000561e+02
+2.2562273457e+02, +1.7772807389e+02
+2.2336633097e+02, +1.7904819502e+02
+2.2112142405e+02, +1.8035058575e+02
+2.1888761125e+02, +1.8163545958e+02
+2.1666450890e+02, +1.8290302660e+02
+2.1445175107e+02, +1.8415349331e+02
+2.1224898854e+02, +1.8538706250e+02
+2.1005588778e+02, +1.8660393317e+02
+2.0787213011e+02, +1.8780430046e+02
+2.0569741079e+02, +1.8898835561e+02
+2.0353143824e+02, +1.9015628596e+02
+2.0137393332e+02, +1.9130827491e+02
+1.9922462863e+02, +1.9244450196e+02
+1.9708326787e+02, +1.9356514272e+02
+1.9494960524e+02, +1.9467036896e+02
+1.9282340484e+02, +1.9576034860e+02
+1.9070444021e+02, +1.9683524582e+02
+1.8859249378e+02, +1.9789522106e+02
+1.8648735643e+02, +1.9894043112e+02
+1.8438882703e+02, +1.9997102917e+02
+1.8229671209e+02, +2.0098716486e+02
           NaN, -1.3652439830e+03
           NaN, -1.3684170323e+03
           NaN, -1.3714717265e+03
           NaN, -1.3744131418e+03
           NaN, -1.3772461247e+03
+1.6986875533e+02, +2.0678822021e+02
+1.6781668688e+02, +2.0770702600e+02
+1.6576971697e+02, +2.0861244716e+02
+1.6372770572e+02, +2.0950460446e+02
           NaN, -1.3899390864e+03
           NaN, -1.3922114313e+03
           NaN, -1.3944035580e+03
           NaN, -1.3965187916e+03
           NaN, -1.3985603014e+03
           NaN, -1.4005311107e+03
           NaN, -1.4024341047e+03
           NaN, -1.4042720352e+03
           NaN, -1.4060475297e+03
           NaN, -1.4077630930e+03
           NaN, -1.4094211164e+03
           NaN, -1.4110238818e+03
           NaN, -1.4125735661e+03
           NaN, -1.4140722499e+03
           NaN, -1.4155219154e+03
           NaN, -1.4169244579e+03
           NaN, -1.4182816871e+03
           NaN, -1.4195953288e+03
           NaN, -1.4208670353e+03
           NaN, -1.4220983802e+03
           NaN, -1.4232908699e+03
           NaN, -1.4244459439e+03
           NaN, -1.4255649755e+03
           NaN, -1.4266492798e+03
           NaN, -1.4277001128e+03
           NaN, -1.4287186747e+03
           NaN, -1.4297061172e+03
           NaN, -1.4306635381e+03
           NaN, -1.4315919873e+03
           NaN, -1.4324924725e+03
           NaN, -1.4333659576e+03
           NaN, -1.4342133628e+03
           NaN, -1.4350355734e+03
           NaN, -1.4358334350e+03
           NaN, -1.4366077569e+03
           NaN, -1.4373593175e+03
           NaN, -1.4380888611e+03
           NaN, -1.4387971021e+03
           NaN, -1.4394847274e+03
           NaN, -1.4401523928e+03
           NaN, -1.4408007293e+03
           NaN, -1.4414303452e+03
           NaN, -1.4420418215e+03
           NaN, -1.4426357165e+03
           NaN, -1.4432125706e+03
           NaN, -1.4437728992e+03
           NaN, -1.4443172011e+03
           NaN, -1.4448459546e+03
           NaN, -1.4453596200e+03
           NaN, -1.4458586440e+03
           NaN, -1.4463434519e+03
           NaN, -1.4468144575e+03
           NaN, -1.4472720581e+03
           NaN, -1.4477166387e+03
           NaN, -1.4481485691e+03
           NaN, -1.4485682071e+03
           NaN, -1.4489759000e+03
           NaN, -1.4493719816e+03
           NaN, -1.4497567750e+03
           NaN, -1.4501305938e+03
           NaN, -1.4504937410e+03
           NaN, -1.4508465102e+03
           NaN, -1.4511891862e+03
           NaN, -1.4515220444e+03
           NaN, -1.4518453536e+03
           NaN, -1.4521593722e+03
           NaN, -1.4524643533e+03
           NaN, -1.4527605423e+03
           NaN, -1.4530481777e+03
           NaN, -1.4533274909e+03
           NaN, -1.4535987066e+03
           NaN, -1.4538620459e+03
           NaN, -1.4541177211e+03
           NaN, -1.4543659411e+03
           NaN, -1.4546069081e+03
           NaN, -1.4548408188e+03
           NaN, -1.4550678682e+03
           NaN, -1.4552882413e+03
           NaN, -1.4555021230e+03
           NaN, -1.4557096928e+03
           NaN, -1.4559111217e+03
           NaN, -1.4561065820e+03
           NaN, -1.4562962386e+03
           NaN, -1.4564802531e+03
           NaN, -1.4566587835e+03
           NaN, -1.4568319829e+03
           NaN, -1.4570000010e+03
           NaN, -1.4571629835e+03
           NaN, -1.4573210709e+03
           NaN, -1.4574744027e+03
           NaN, -1.4576231108e+03
           NaN, -1.4577673261e+03
           NaN, -1.4579071738e+03
           NaN, -1.4580427762e+03
           NaN, -1.4581742485e+03
           NaN, -1.4583017057e+03
