-3.9404041258e+02, -6.1286703359e-01
-3.9951673599e+02, -5.9586209875e-01
-4.0484987531e+02, -5.8117638818e-01
-4.1005853858e+02, -5.6832697401e-01
-4.1515769161e+02, -5.5696175905e-01
-4.2015953510e+02, -5.4681698339e-01
-4.2507417495e+02, -5.3769051259e-01
-4.2991009624e+02, -5.2942440515e-01
-4.3467450709e+02, -5.2189316841e-01
-4.3937359361e+02, -5.1499562734e-01
-4.4401271276e+02, -5.0864915968e-01
-4.5316428205e+02, +7.4021106939e+01
-4.6439024084e+02, +6.6795680926e+01
-4.2507417495e+02, -5.3769051259e-01
-4.5312918759e+02, -4.9734777592e-01
-4.6205508674e+02, -4.8756541512e-01
-4.6645447015e+02, -4.8314528235e-01
-4.7081504317e+02, -4.7899759455e-01
-4.7513915480e+02, -4.7509637098e-01
-4.7942893413e+02, -4.7141896873e-01
-4.8368631808e+02, -4.6794554948e-01
-4.8791307480e+02, -4.6465864709e-01
-4.9211082353e+02, -4.6154281411e-01
-4.9628105153e+02, -4.5858433083e-01
-5.0042512858e+02, -4.5577096404e-01
-5.0454431955e+02, -4.5309176587e-01
-5.0863979526e+02, -4.5053690493e-01
-5.1676386945e+02, -4.4576561893e-01
-5.4066582856e+02, -4.3366736780e-01
-5.1271264194e+02, -4.4809752396e-01
-5.2454038255e+02, +6.1484386726e+01
-5.2480516755e+02, -4.4139588435e-01
-5.2879693734e+02, -4.3934545835e-01
-5.3277049704e+02, -4.3737717423e-01
-5.3672656814e+02, -4.3548601228e-01
-5.4066582856e+02, -4.3366736780e-01
-5.4458891618e+02, -4.3191700795e-01
-5.4849643206e+02, -4.3023103410e-01
-5.5238894332e+02, -4.2860584867e-01
-5.5626698570e+02, -4.2703812589e-01
-5.6013106594e+02, -4.2552478605e-01
-5.6398166390e+02, -4.2406297254e-01
-5.7366240499e+02, +5.8581475759e+01
-5.8304756102e+02, -4.1744005559e-01
-5.6013106594e+02, -4.2552478605e-01
-5.7254239371e+02, +5.8602648839e+01
-5.7925799206e+02, -4.1868058212e-01
-5.8304756102e+02, -4.1744005559e-01
-5.8682605897e+02, -4.1623760439e-01
-5.9059382299e+02, -4.1507147151e-01
-5.9435117474e+02, -4.1394000936e-01
-5.9809842143e+02, -4.1284167121e-01
-6.0183585664e+02, -4.1177500342e-01
-6.0556376120e+02, -4.1073863837e-01
-6.0928240390e+02, -4.0973128806e-01
-6.1299204219e+02, -4.0875173829e-01
-6.1669292282e+02, -4.0779884332e-01
-6.2038528246e+02, -4.0687152101e-01
-6.2406934825e+02, -4.0596874840e-01
-6.3386531359e+02, +6.1191340578e+01
-6.3701988536e+02, +5.6425016276e+01
-6.3038720238e+02, +5.6676987835e+01
-6.3420090197e+02, +5.8101756899e+01
-6.4237261340e+02, -4.0179098237e-01
-6.4601121257e+02, -4.0101686550e-01
-6.4964288008e+02, -4.0026149072e-01
-6.5326778275e+02, -3.9952418641e-01
-6.5688608146e+02, -3.9880431327e-01
-6.6049793143e+02, -3.9810126237e-01
-6.6410348251e+02, -3.9741445331e-01
-6.6770287939e+02, -3.9674333256e-01
-6.7129626187e+02, -3.9608737190e-01
-6.7488376506e+02, -3.9544606695e-01
-6.7846551962e+02, -3.9481893580e-01
-6.8204165192e+02, -3.9420551781e-01
-6.8561228425e+02, -3.9360537236e-01
-6.8917753501e+02, -3.9301807779e-01
-6.9273751883e+02, -3.9244323037e-01
-6.9629234678e+02, -3.9188044336e-01
-6.9887005649e+02, +5.4454648664e+01
-7.0692695542e+02, -3.9026081328e-01
-7.1399280323e+02, -3.8923495742e-01
-7.4906217439e+02, -3.8466575243e-01
-6.9514053430e+02, +5.3586557213e+01
-7.1046220398e+02, -3.8974270950e-01
-7.1687651836e+02, +6.4313148544e+01
-7.2104042096e+02, -3.8824931249e-01
-7.2455761641e+02, -3.8777085049e-01
-7.2807051671e+02, -3.8730160082e-01
-7.3157920416e+02, -3.8684130525e-01
-7.3508375882e+02, -3.8638971523e-01
-7.3858425850e+02, -3.8594659139e-01
-7.4208077889e+02, -3.8551170314e-01
-7.4557339363e+02, -3.8508482823e-01
-7.4906217439e+02, -3.8466575243e-01
-7.5254719091e+02, -3.8425426911e-01
-7.5602851112e+02, -3.8385017893e-01
-7.5950620114e+02, -3.8345328951e-01
-7.6298032542e+02, -3.8306341513e-01
-7.6645094671e+02, -3.8268037643e-01
-7.6991812620e+02, -3.8230400015e-01
-7.7338192351e+02, -3.8193411887e-01
-7.7684239678e+02, -3.8157057074e-01
-7.8029960270e+02, -3.8121319929e-01
-7.8375359658e+02, -3.8086185315e-01
-7.8720443236e+02, -3.8051638589e-01
-7.9065216270e+02, -3.8017665580e-01
-7.9409683896e+02, -3.7984252570e-01
-7.9753851131e+02, -3.7951386274e-01
-7.9860345373e+02, +5.3184224095e+01
-8.0902426157e+02, +5.2413539567e+01
-8.1127612400e+02, -3.7825136848e-01
-8.1812812725e+02, -3.7764976244e-01
-8.3830607864e+02, +4.8593540992e+01
-7.8893816391e+02, +4.7308367018e+01
-8.1127612400e+02, -3.7825136848e-01
-8.1812812725e+02, -3.7764976244e-01
-8.2155008155e+02, -3.7735598113e-01
-8.3569063129e+02, +6.1510409463e+01
-8.3180025213e+02, -3.7650148925e-01
-8.3521187762e+02, -3.7622528379e-01
-8.3862101830e+02, -3.7595323517e-01
-8.4202771145e+02, -3.7568525398e-01
-8.4543199352e+02, -3.7542125332e-01
-8.4883390023e+02, -3.7516114876e-01
-8.5223346652e+02, -3.7490485823e-01
-8.5563072659e+02, -3.7465230193e-01
-8.5902571394e+02, -3.7440340226e-01
-8.6241846137e+02, -3.7415808377e-01
-8.6580900102e+02, -3.7391627303e-01
-8.6919736435e+02, -3.7367789861e-01
-8.7258358220e+02, -3.7344289100e-01
-8.7596768477e+02, -3.7321118254e-01
-8.7934970168e+02, -3.7298270735e-01
-8.8272966194e+02, -3.7275740128e-01
-8.8610759399e+02, -3.7253520187e-01
-8.8948352572e+02, -3.7231604828e-01
-8.9285748447e+02, -3.7209988121e-01
-8.9622949704e+02, -3.7188664291e-01
-8.9959958973e+02, -3.7167627707e-01
-9.0296778832e+02, -3.7146872883e-01
-9.0633411812e+02, -3.7126394469e-01
-9.0969860394e+02, -3.7106187248e-01
-9.1306127013e+02, -3.7086246133e-01
-9.1642214059e+02, -3.7066566163e-01
-9.1978123876e+02, -3.7047142498e-01
-9.2313858768e+02, -3.7027970413e-01
-9.2649420993e+02, -3.7009045302e-01
-9.2984812770e+02, -3.6990362666e-01
-9.3320036277e+02, -3.6971918115e-01
-9.3655093652e+02, -3.6953707363e-01
-9.3989986995e+02, -3.6935726224e-01
-9.4324718370e+02, -3.6917970612e-01
-9.4659289802e+02, -3.6900436535e-01
-9.4993703283e+02, -3.6883120094e-01
-9.5327960766e+02, -3.6866017479e-01
-9.5662064175e+02, -3.6849124968e-01
-9.5996015396e+02, -3.6832438925e-01
-9.6329816285e+02, -3.6815955794e-01
-9.5968621694e+02, +5.3494855358e+01
-9.7587541769e+02, +5.1184985896e+01
-9.7663552532e+02, -3.6751984052e-01
-9.7996628503e+02, -3.6736464885e-01
-9.8329564629e+02, -3.6721128906e-01
-9.8995023908e+02, -3.6690994423e-01
-9.9659943221e+02, -3.6661557070e-01
-1.0098821128e+03, -3.6604684563e-01
-1.0825991454e+03, -3.6333214589e-01
-9.6329816285e+02, -3.6815955794e-01
-9.8329564629e+02, -3.6721128906e-01
-9.9357571857e+02, +5.1040714220e+01
-9.9576544305e+02, +5.1631546648e+01
-1.0032433500e+03, -3.6632794313e-01
-1.0065633684e+03, -3.6618659126e-01
-1.0098821128e+03, -3.6604684563e-01
-1.0113879838e+03, +5.0752499072e+01
-1.0346925172e+03, +7.0299104641e+01
-1.0264572221e+03, -3.6537133380e-01
-1.0264572221e+03, -3.6537133380e-01
-1.0297686178e+03, -3.6524070638e-01
-1.0330788360e+03, -3.6511151678e-01
-1.0363878895e+03, -3.6498374285e-01
-1.0396957912e+03, -3.6485736290e-01
-1.0430025534e+03, -3.6473235565e-01
-1.0463081887e+03, -3.6460870027e-01
-1.0496127091e+03, -3.6448637632e-01
-1.0529161267e+03, -3.6436536378e-01
-1.0562184531e+03, -3.6424564301e-01
-1.0595197002e+03, -3.6412719474e-01
-1.0628198792e+03, -3.6401000010e-01
-1.0661190015e+03, -3.6389404058e-01
-1.0694170781e+03, -3.6377929800e-01
-1.0727141202e+03, -3.6366575455e-01
-1.0760101383e+03, -3.6355339276e-01
-1.0793051432e+03, -3.6344219548e-01
-1.0825991454e+03, -3.6333214589e-01
-1.0858921551e+03, -3.6322322747e-01
-1.0891841826e+03, -3.6311542403e-01
-1.0924752378e+03, -3.6300871968e-01
-1.0957653308e+03, -3.6290309880e-01
-1.0990544712e+03, -3.6279854608e-01
-1.1023426686e+03, -3.6269504649e-01
-1.1056299325e+03, -3.6259258527e-01
-1.1089162723e+03, -3.6249114791e-01
-1.1122016972e+03, -3.6239072020e-01
-1.1154862163e+03, -3.6229128816e-01
-1.1187698385e+03, -3.6219283806e-01
-1.1220525727e+03, -3.6209535642e-01
-1.1253344275e+03, -3.6199883001e-01
-1.1286154117e+03, -3.6190324583e-01
-1.1318955337e+03, -3.6180859109e-01
-1.1351748018e+03, -3.6171485325e-01
-1.1384532243e+03, -3.6162201997e-01
-1.1417308093e+03, -3.6153007914e-01
-1.1450075649e+03, -3.6143901886e-01
-1.1482834991e+03, -3.6134882742e-01
-1.1515586196e+03, -3.6125949332e-01
-1.1548329341e+03, -3.6117100526e-01
-1.1581064503e+03, -3.6108335213e-01
-1.1613791757e+03, -3.6099652301e-01
-1.1646511177e+03, -3.6091050716e-01
-1.1679222837e+03, -3.6082529402e-01
-1.1711926808e+03, -3.6074087323e-01
-1.1744623162e+03, -3.6065723456e-01
-1.1777311969e+03, -3.6057436800e-01
-1.1809993300e+03, -3.6049226366e-01
-1.1842667222e+03, -3.6041091184e-01
-1.1875333804e+03, -3.6033030300e-01
-1.1907993112e+03, -3.6025042775e-01
-1.1940645213e+03, -3.6017127684e-01
-1.1973290171e+03, -3.6009284120e-01
-1.2005928051e+03, -3.6001511188e-01
-1.2038558917e+03, -3.5993808009e-01
-1.2071182832e+03, -3.5986173717e-01
-1.2103799857e+03, -3.5978607461e-01
-1.2136410054e+03, -3.5971108403e-01
-1.2169013484e+03, -3.5963675719e-01
-1.2201610205e+03, -3.5956308596e-01
-1.2234200279e+03, -3.5949006237e-01
-1.2266783762e+03, -3.5941767854e-01
-1.2299360712e+03, -3.5934592674e-01
-1.2331931186e+03, -3.5927479935e-01
-1.2364495241e+03, -3.5920428887e-01
-1.2397052932e+03, -3.5913438791e-01
-1.2429604314e+03, -3.5906508921e-01
-1.2462149442e+03, -3.5899638561e-01
-1.2494688368e+03, -3.5892827006e-01
-1.2527221146e+03, -3.5886073561e-01
-1.2559747829e+03, -3.5879377544e-01
-1.2592268467e+03, -3.5872738280e-01
-1.2624783113e+03, -3.5866155107e-01
-1.2657291816e+03, -3.5859627372e-01
-1.2689794627e+03, -3.5853154431e-01
-1.2722291595e+03, -3.5846735651e-01
-1.2754782769e+03, -3.5840370408e-01
-1.2787268198e+03, -3.5834058086e-01
-1.2819747928e+03, -3.5827798080e-01
-1.2852222006e+03, -3.5821589792e-01
-1.2884690481e+03, -3.5815432635e-01
-1.2917153397e+03, -3.5809326028e-01
-1.2949610800e+03, -3.5803269401e-01
-1.2982062736e+03, -3.5797262191e-01
-1.3014509249e+03, -3.5791303843e-01
-1.3046950382e+03, -3.5785393810e-01
-1.3079386180e+03, -3.5779531553e-01
-1.3111816685e+03, -3.5773716542e-01
-1.3144241940e+03, -3.5767948253e-01
-1.3176661988e+03, -3.5762226169e-01
-1.3209076869e+03, -3.5756549782e-01
-1.3241486626e+03, -3.5750918591e-01
-1.3273891298e+03, -3.5745332100e-01
-1.3306290926e+03, -3.5739789823e-01
-1.3338685550e+03, -3.5734291278e-01
-1.3371075210e+03, -3.5728835992e-01
-1.3403459944e+03, -3.5723423496e-01
-1.3435839790e+03, -3.5718053332e-01
-1.3468214788e+03, -3.5712725042e-01
-1.3500584975e+03, -3.5707438180e-01
-1.3532950388e+03, -3.5702192304e-01
-1.3565311065e+03, -3.5696986976e-01
-1.3597667041e+03, -3.5691821768e-01
-1.3630018352e+03, -3.5686696254e-01
-1.3727044660e+03, -3.5671553724e-01
-1.3662365036e+03, -3.5681610017e-01
-1.3694707127e+03, -3.5676562642e-01
-1.3682632709e+03, +4.9892982583e+01
-1.3366083878e+03, +7.8610247209e+01
-1.3960982333e+03, +5.0615474041e+01
-1.3920976059e+03, -3.5642285664e-01
-1.3861043167e+03, +4.4253788287e+01
-1.3953282638e+03, -3.5637534983e-01
-1.3985584927e+03, -3.5632819689e-01
-1.4017882957e+03, -3.5628139422e-01
-1.4050176760e+03, -3.5623493825e-01
-1.4082466368e+03, -3.5618882545e-01
-1.4114751812e+03, -3.5614305237e-01
-1.4147033121e+03, -3.5609761557e-01
-1.4179310327e+03, -3.5605251166e-01
-1.4211583460e+03, -3.5600773732e-01
-1.4243852548e+03, -3.5596328924e-01
-1.4276117622e+03, -3.5591916417e-01
-1.4281615768e+03, +4.9649582455e+01
-1.4414687527e+03, +5.0464310372e+01
-1.4405138352e+03, -3.5574583035e-01
-1.4437383785e+03, -3.5570327295e-01
-1.4469625375e+03, -3.5566101989e-01
-1.4501863147e+03, -3.5561906818e-01
-1.4585746592e+03, +5.0124714462e+01
-1.4598553838e+03, -3.5549499201e-01
-1.4624986983e+03, +4.9430013447e+01
-1.4695211143e+03, -3.5537352443e-01
-1.4764162014e+03, +5.0319280133e+01
-1.4821298597e+03, +5.0455355344e+01
-1.4888428375e+03, -3.5513811945e-01
-1.4984989642e+03, -3.5502404093e-01
-1.5186795695e+03, +4.6860138125e+01
-1.5531608042e+03, -3.5441970005e-01
-1.3273891298e+03, -3.5745332100e-01
-1.4211583460e+03, -3.5600773732e-01
-1.4469625375e+03, -3.5566101989e-01
-1.4608642708e+03, +4.9340340230e+01
-1.4697950596e+03, +4.9338770524e+01
-1.4786986823e+03, +5.1127512747e+01
-1.4818859916e+03, +5.0486686498e+01
-1.4888428375e+03, -3.5513811945e-01
-1.4972105302e+03, +5.2333565057e+01
-1.4984989642e+03, -3.5502404093e-01
-1.5017169876e+03, -3.5498653489e-01
-1.5120288939e+03, +5.7875683448e+01
-1.5113690342e+03, -3.5487554340e-01
-1.5145857161e+03, -3.5483904725e-01
-1.5178020684e+03, -3.5480279774e-01
-1.5210180931e+03, -3.5476679261e-01
-1.5242337925e+03, -3.5473102960e-01
-1.5209738472e+03, +5.1257162053e+01
-1.5376314244e+03, +4.9596342976e+01
-1.5370933810e+03, -3.5459035479e-01
-1.5403074865e+03, -3.5455576960e-01
-1.5435212794e+03, -3.5452141359e-01
-1.5467347620e+03, -3.5448728469e-01
-1.5499479363e+03, -3.5445338085e-01
-1.5531608042e+03, -3.5441970005e-01
-1.5563733678e+03, -3.5438624030e-01
-1.5595856291e+03, -3.5435299960e-01
-1.5627975901e+03, -3.5431997601e-01
-1.5660092527e+03, -3.5428716759e-01
-1.5692206189e+03, -3.5425457244e-01
-1.5724316905e+03, -3.5422218866e-01
-1.5756424696e+03, -3.5419001439e-01
-1.5788529580e+03, -3.5415804779e-01
-1.5820631575e+03, -3.5412628701e-01
-1.5852730700e+03, -3.5409473027e-01
-1.5887642029e+03, +4.8838076169e+01
-1.5852730700e+03, -3.5409473027e-01
-1.5916920416e+03, -3.5403222176e-01
-1.5949011042e+03, -3.5400126648e-01
-1.5946652458e+03, +4.9115405058e+01
-1.5904628863e+03, +5.0223217817e+01
-1.5289375950e+03, +1.0793683523e+02
-1.6348409999e+03, +5.1442623748e+01
-1.6264589533e+03, +4.9232509016e+01
-1.6269766347e+03, -3.5370227358e-01
-1.6269766347e+03, -3.5370227358e-01
-1.6301827159e+03, -3.5367339453e-01
-1.6333885360e+03, -3.5364469471e-01
-1.6397993999e+03, -3.5358782672e-01
-1.6269766347e+03, -3.5370227358e-01
-1.6359316222e+03, +5.0196490711e+01
-1.6430044469e+03, -3.5355965557e-01
-1.6462092392e+03, -3.5353165769e-01
-1.6494137785e+03, -3.5350383163e-01
-1.6526180664e+03, -3.5347617596e-01
-1.6558221044e+03, -3.5344868926e-01
-1.6590258939e+03, -3.5342137013e-01
-1.6622294366e+03, -3.5339421718e-01
-1.6654327339e+03, -3.5336722903e-01
-1.6686357872e+03, -3.5334040432e-01
-1.6718385982e+03, -3.5331374172e-01
-1.6750411682e+03, -3.5328723988e-01
-1.6782434987e+03, -3.5326089749e-01
-1.6814455911e+03, -3.5323471325e-01
-1.6846474469e+03, -3.5320868586e-01
-1.6878490674e+03, -3.5318281406e-01
-1.6910504542e+03, -3.5315709657e-01
-1.6942516085e+03, -3.5313153215e-01
-1.6974525317e+03, -3.5310611956e-01
-1.7006532253e+03, -3.5308085757e-01
-1.7038536906e+03, -3.5305574497e-01
-1.7070539289e+03, -3.5303078057e-01
-1.7102539416e+03, -3.5300596317e-01
-1.7134537300e+03, -3.5298129160e-01
-1.7166532954e+03, -3.5295676469e-01
-1.7198526391e+03, -3.5293238130e-01
-1.7230517624e+03, -3.5290814028e-01
-1.7262506667e+03, -3.5288404051e-01
-1.7294493531e+03, -3.5286008087e-01
-1.7326478229e+03, -3.5283626025e-01
-1.7358460775e+03, -3.5281257755e-01
-1.7390441180e+03, -3.5278903170e-01
-1.7422419457e+03, -3.5276562162e-01
-1.7454395618e+03, -3.5274234625e-01
-1.7486369675e+03, -3.5271920454e-01
-1.7518341640e+03, -3.5269619544e-01
-1.7550311526e+03, -3.5267331792e-01
-1.7582279344e+03, -3.5265057097e-01
-1.7614245105e+03, -3.5262795357e-01
-1.7646208823e+03, -3.5260546472e-01
-1.7678170507e+03, -3.5258310343e-01
-1.7710130171e+03, -3.5256086872e-01
-1.7742087824e+03, -3.5253875962e-01
-1.7774043479e+03, -3.5251677517e-01
-1.7805997147e+03, -3.5249491440e-01
-1.7837948839e+03, -3.5247317639e-01
-1.7869898566e+03, -3.5245156019e-01
-1.7901846338e+03, -3.5243006488e-01
-1.7933792168e+03, -3.5240868954e-01
-1.7965736066e+03, -3.5238743326e-01
-1.7997678042e+03, -3.5236629515e-01
-1.8029618107e+03, -3.5234527431e-01
-1.8061556273e+03, -3.5232436987e-01
-1.8093492548e+03, -3.5230358095e-01
-1.8125426944e+03, -3.5228290668e-01
-1.8157359472e+03, -3.5226234621e-01
-1.8189290140e+03, -3.5224189869e-01
-1.8221218961e+03, -3.5222156328e-01
-1.8253145943e+03, -3.5220133914e-01
-1.8285071096e+03, -3.5218122545e-01
-1.8316994432e+03, -3.5216122140e-01
-1.8348915959e+03, -3.5214132617e-01
-1.8380835687e+03, -3.5212153896e-01
-1.8412753627e+03, -3.5210185898e-01
-1.8444669788e+03, -3.5208228543e-01
-1.8476584179e+03, -3.5206281755e-01
-1.8508496810e+03, -3.5204345456e-01
-1.8540407691e+03, -3.5202419569e-01
-1.8572316830e+03, -3.5200504018e-01
-1.8604224238e+03, -3.5198598729e-01
-1.8636129924e+03, -3.5196703627e-01
-1.8668033896e+03, -3.5194818638e-01
-1.8699936164e+03, -3.5192943688e-01
-1.8731836737e+03, -3.5191078707e-01
-1.8763735624e+03, -3.5189223622e-01
-1.8795632834e+03, -3.5187378361e-01
-1.8827528375e+03, -3.5185542855e-01
-1.8859422257e+03, -3.5183717034e-01
-1.8891314489e+03, -3.5181900828e-01
-1.8923205078e+03, -3.5180094169e-01
-1.8955094034e+03, -3.5178296989e-01
-1.8986981366e+03, -3.5176509221e-01
-1.9018867080e+03, -3.5174730798e-01
-1.9050751187e+03, -3.5172961654e-01
-1.9082633695e+03, -3.5171201723e-01
-1.9114514611e+03, -3.5169450941e-01
-1.9146393945e+03, -3.5167709243e-01
-1.9178271703e+03, -3.5165976566e-01
-1.9210147895e+03, -3.5164252845e-01
-1.9242022529e+03, -3.5162538020e-01
-1.9273895612e+03, -3.5160832026e-01
-1.9305767153e+03, -3.5159134804e-01
-1.9337637159e+03, -3.5157446292e-01
-1.9369505639e+03, -3.5155766429e-01
-1.9401372600e+03, -3.5154095156e-01
-1.9433238049e+03, -3.5152432414e-01
-1.9465101996e+03, -3.5150778142e-01
-1.9496964446e+03, -3.5149132284e-01
-1.9528825409e+03, -3.5147494780e-01
-1.9560684890e+03, -3.5145865575e-01
-1.9592542899e+03, -3.5144244610e-01
-1.9624399442e+03, -3.5142631830e-01
-1.9656254527e+03, -3.5141027179e-01
-1.9688108161e+03, -3.5139430601e-01
-1.9719960351e+03, -3.5137842041e-01
-1.9751811105e+03, -3.5136261446e-01
-1.9783660430e+03, -3.5134688761e-01
-1.9815508333e+03, -3.5133123932e-01
-1.9847354821e+03, -3.5131566906e-01
-1.9879199900e+03, -3.5130017632e-01
-1.9911043580e+03, -3.5128476056e-01
-1.9942885865e+03, -3.5126942127e-01
-1.9974726763e+03, -3.5125415794e-01
-2.0006566281e+03, -3.5123897006e-01
-2.0038404425e+03, -3.5122385713e-01
-2.0070241203e+03, -3.5120881864e-01
-2.0102076621e+03, -3.5119385410e-01
-2.0133910686e+03, -3.5117896302e-01
-2.0165743405e+03, -3.5116414492e-01
-2.0197574784e+03, -3.5114939930e-01
-2.0229404829e+03, -3.5113472570e-01
-2.0261233547e+03, -3.5112012362e-01
-2.0293060945e+03, -3.5110559262e-01
-2.0324887029e+03, -3.5109113221e-01
-2.0356711805e+03, -3.5107674193e-01
-2.0388535280e+03, -3.5106242133e-01
-2.0420357460e+03, -3.5104816995e-01
-2.0452178352e+03, -3.5103398733e-01
-2.0483997960e+03, -3.5101987304e-01
-2.0515816293e+03, -3.5100582662e-01
-2.0547633355e+03, -3.5099184763e-01
+3.1854537179e+02, -1.0919449390e+01
+3.1361619427e+02, -1.8921252686e+01
+3.0951777640e+02, -2.5363784904e+01
+3.0584842209e+02, -3.0976273814e+01
+3.0245541927e+02, -3.6039909094e+01
+2.9926042403e+02, -4.0700755404e+01
+2.9621664407e+02, -4.5047052699e+01
+2.9329337905e+02, -4.9137314229e+01
+2.9046914910e+02, -5.3012892869e+01
+2.8772820364e+02, -5.6704403019e+01
+2.8505857206e+02, -6.0235326239e+01
+2.8245089573e+02, -6.3624183175e+01
+2.7989768857e+02, -6.6885915476e+01
+2.7739284795e+02, -7.0032804502e+01
+2.7493131922e+02, -7.3075104488e+01
+2.7250885850e+02, -7.6021492267e+01
+2.7012186063e+02, -7.8879394965e+01
+2.6776723164e+02, -8.1655234081e+01
+2.6544229222e+02, -8.4354610816e+01
+2.6314470365e+02, -8.6982449155e+01
+2.6087240989e+02, -8.9543107991e+01
+2.5862359183e+02, -9.2040470166e+01
+2.5639663067e+02, -9.4478014009e+01
+2.5419007828e+02, -9.6858871451e+01
+2.5200263303e+02, -9.9185875676e+01
+2.4983311979e+02, -1.0146160055e+02
+2.4768047338e+02, -1.0368839351e+02
+2.4554372472e+02, -1.0586840321e+02
+2.4342198907e+02, -1.0800360290e+02
+2.4131445615e+02, -1.1009581030e+02
+2.3922038167e+02, -1.1214670472e+02
+2.3713908003e+02, -1.1415784171e+02
+2.3506991809e+02, -1.1613066573e+02
+2.3301230970e+02, -1.1806652129e+02
+2.3096571101e+02, -1.1996666253e+02
+2.2892961631e+02, -1.2183226172e+02
+2.2690355439e+02, -1.2366441671e+02
+2.2488708539e+02, -1.2546415753e+02
+2.2287979792e+02, -1.2723245225e+02
+2.2088130661e+02, -1.2897021213e+02
+2.1889124983e+02, -1.3067829634e+02
+2.1690928771e+02, -1.3235751605e+02
+2.1493510039e+02, -1.3400863821e+02
+2.1296838639e+02, -1.3563238889e+02
+2.1100886117e+02, -1.3722945633e+02
+2.0905625587e+02, -1.3880049364e+02
+2.0711031608e+02, -1.4034612136e+02
+2.0517080085e+02, -1.4186692967e+02
+2.0323748164e+02, -1.4336348045e+02
+2.0131014153e+02, -1.4483630919e+02
+1.9938857433e+02, -1.4628592668e+02
+1.9747258395e+02, -1.4771282061e+02
+1.9556198362e+02, -1.4911745699e+02
+1.9365659539e+02, -1.5050028149e+02
+1.9175624947e+02, -1.5186172067e+02
+1.8986078377e+02, -1.5320218308e+02
+1.8797004343e+02, -1.5452206033e+02
+1.8608388031e+02, -1.5582172806e+02
+1.8420215269e+02, -1.5710154678e+02
+1.8232472479e+02, -1.5836186276e+02
+1.8045146649e+02, -1.5960300876e+02
+1.7858225300e+02, -1.6082530476e+02
+1.7671696451e+02, -1.6202905861e+02
+1.7485548600e+02, -1.6321456666e+02
+1.7299770689e+02, -1.6438211436e+02
+1.7114352086e+02, -1.6553197674e+02
+1.6929282558e+02, -1.6666441899e+02
+1.6744552256e+02, -1.6777969688e+02
+1.6560151689e+02, -1.6887805722e+02
+1.6376071708e+02, -1.6995973827e+02
+1.6192303492e+02, -1.7102497015e+02
+1.6008838526e+02, -1.7207397518e+02
+1.5825668589e+02, -1.7310696824e+02
+1.5642785742e+02, -1.7412415709e+02
+1.5460182309e+02, -1.7512574269e+02
+1.5277850869e+02, -1.7611191946e+02
+1.5095784243e+02, -1.7708287557e+02
+1.4913975482e+02, -1.7803879320e+02
+1.4732417857e+02, -1.7897984878e+02
+1.4551104850e+02, -1.7990621320e+02
+1.4370030141e+02, -1.8081805207e+02
+1.4189187605e+02, -1.8171552589e+02
+1.4008571298e+02, -1.8259879024e+02
+1.3828175452e+02, -1.8346799598e+02
+1.3647994467e+02, -1.8432328946e+02
+1.3468022905e+02, -1.8516481261e+02
+1.3288255479e+02, -1.8599270316e+02
+1.3108687053e+02, -1.8680709475e+02
+1.2929312629e+02, -1.8760811712e+02
+1.2750127346e+02, -1.8839589620e+02
+1.2571126475e+02, -1.8917055426e+02
+1.2392305408e+02, -1.8993221002e+02
+1.2213659660e+02, -1.9068097880e+02
+1.2035184860e+02, -1.9141697258e+02
+1.1856876747e+02, -1.9214030017e+02
+1.1678731166e+02, -1.9285106724e+02
+1.1500744066e+02, -1.9354937649e+02
+1.1322911492e+02, -1.9423532768e+02
+1.1145229584e+02, -1.9490901776e+02
+1.0967694572e+02, -1.9557054093e+02
+1.0790302776e+02, -1.9621998873e+02
+1.0613050596e+02, -1.9685745014e+02
+1.0435934516e+02, -1.9748301161e+02
+1.0258951096e+02, -1.9809675716e+02
+1.0082096972e+02, -1.9869876843e+02
+9.9053688518e+01, -1.9928912477e+02
+9.7287635118e+01, -1.9986790329e+02
+9.5522777964e+01, -2.0043517889e+02
+9.3759086138e+01, -2.0099102438e+02
+9.1996529345e+01, -2.0153551046e+02
+9.0235077888e+01, -2.0206870584e+02
+8.8474702645e+01, -2.0259067725e+02
+8.6715375050e+01, -2.0310148950e+02
+8.4957067070e+01, -2.0360120552e+02
+8.3199751190e+01, -2.0408988640e+02
+8.1443400390e+01, -2.0456759147e+02
+7.9687988128e+01, -2.0503437828e+02
+7.7933488323e+01, -2.0549030268e+02
+7.6179875338e+01, -2.0593541886e+02
+7.4427123966e+01, -2.0636977937e+02
+7.2675209408e+01, -2.0679343513e+02
+7.0924107264e+01, -2.0720643553e+02
+6.9173793516e+01, -2.0760882840e+02
+6.7424244513e+01, -2.0800066007e+02
+6.5675436958e+01, -2.0838197539e+02
+6.3927347895e+01, -2.0875281776e+02
+6.2179954694e+01, -2.0911322915e+02
+6.0433235041e+01, -2.0946325014e+02
+5.8687166924e+01, -2.0980291995e+02
+5.6941728624e+01, -2.1013227641e+02
+5.5196898698e+01, -2.1045135607e+02
+5.3452655972e+01, -2.1076019414e+02
+5.1708979531e+01, -2.1105882456e+02
+4.9965848703e+01, -2.1134727999e+02
+4.8223243054e+01, -2.1162559187e+02
+4.6481142377e+01, -2.1189379039e+02
+4.4739526679e+01, -2.1215190453e+02
+4.2998376174e+01, -2.1239996208e+02
+4.1257671274e+01, -2.1263798965e+02
+3.9517392576e+01, -2.1286601268e+02
+3.7777520860e+01, -2.1308405547e+02
+3.6038037072e+01, -2.1329214117e+02
+3.4298922322e+01, -2.1349029182e+02
+3.2560157872e+01, -2.1367852832e+02
+3.0821725127e+01, -2.1385687050e+02
+2.9083605632e+01, -2.1402533708e+02
+2.7345781056e+01, -2.1418394571e+02
+2.5608233191e+01, -2.1433271296e+02
+2.3870943942e+01, -2.1447165434e+02
+2.2133895317e+01, -2.1460078432e+02
+2.0397069424e+01, -2.1472011630e+02
+1.8660448458e+01, -2.1482966265e+02
+1.6924014698e+01, -2.1492943471e+02
+1.5187750499e+01, -2.1501944280e+02
+1.3451638283e+01, -2.1509969620e+02
+1.1715660533e+01, -2.1517020318e+02
+9.9797997857e+00, -2.1523097102e+02
+8.2440386252e+00, -2.1528200595e+02
+6.5083596745e+00, -2.1532331322e+02
+4.7727455898e+00, -2.1535489709e+02
+3.0371790530e+00, -2.1537676078e+02
+1.3016427649e+00, -2.1538890655e+02
-4.3388056161e-01, -2.1539133564e+02
-2.1694082085e+00, -2.1538404830e+02
-3.9049574595e+00, -2.1536704379e+02
-5.6405456068e+00, -2.1534032035e+02
-7.3761899583e+00, -2.1530387525e+02
-9.1119078440e+00, -2.1525770474e+02
-1.0847716623e+01, -2.1520180408e+02
-1.2583633692e+01, -2.1513616752e+02
-1.4319676489e+01, -2.1506078829e+02
-1.6055862504e+01, -2.1497565865e+02
-1.7792209282e+01, -2.1488076980e+02
-1.9528734434e+01, -2.1477611194e+02
-2.1265455644e+01, -2.1466167426e+02
-2.3002390672e+01, -2.1453744490e+02
-2.4739557366e+01, -2.1440341096e+02
-2.6476973668e+01, -2.1425955851e+02
-2.8214657619e+01, -2.1410587258e+02
-2.9952627372e+01, -2.1394233711e+02
-3.1690901193e+01, -2.1376893500e+02
-3.3429497475e+01, -2.1358564807e+02
-3.5168434742e+01, -2.1339245704e+02
-3.6907731659e+01, -2.1318934156e+02
-3.8647407040e+01, -2.1297628014e+02
-4.0387479855e+01, -2.1275325019e+02
-4.2127969240e+01, -2.1252022800e+02
-4.3868894506e+01, -2.1227718869e+02
-4.5610275147e+01, -2.1202410624e+02
-4.7352130849e+01, -2.1176095346e+02
-4.9094481499e+01, -2.1148770196e+02
-5.0837347198e+01, -2.1120432215e+02
-5.2580748264e+01, -2.1091078323e+02
-5.4324705248e+01, -2.1060705315e+02
-5.6069238944e+01, -2.1029309861e+02
-5.7814370394e+01, -2.0996888503e+02
-5.9560120905e+01, -2.0963437655e+02
-6.1306512056e+01, -2.0928953596e+02
-6.3053565713e+01, -2.0893432476e+02
-6.4801304037e+01, -2.0856870303e+02
-6.6549749497e+01, -2.0819262953e+02
-6.8298924886e+01, -2.0780606155e+02
-7.0048853327e+01, -2.0740895498e+02
-7.1799558294e+01, -2.0700126422e+02
-7.3551063619e+01, -2.0658294222e+02
-7.5303393510e+01, -2.0615394035e+02
-7.7056572563e+01, -2.0571420848e+02
-7.8810625780e+01, -2.0526369486e+02
-8.0565578582e+01, -2.0480234613e+02
-8.2321456825e+01, -2.0433010728e+02
-8.4078286818e+01, -2.0384692161e+02
-8.5836095340e+01, -2.0335273068e+02
-8.7594909656e+01, -2.0284747430e+02
-8.9354757538e+01, -2.0233109045e+02
-9.1115667283e+01, -2.0180351527e+02
-9.2877667732e+01, -2.0126468300e+02
-9.4640788292e+01, -2.0071452593e+02
-9.6405058957e+01, -2.0015297435e+02
-9.8170510330e+01, -1.9957995653e+02
-9.9937173646e+01, -1.9899539860e+02
-1.0170508080e+02, -1.9839922457e+02
-1.0347426435e+02, -1.9779135622e+02
-1.0524475760e+02, -1.9717171306e+02
-1.0701659455e+02, -1.9654021228e+02
-1.0878980999e+02, -1.9589676863e+02
-1.1056443948e+02, -1.9524129442e+02
-1.1234051942e+02, -1.9457369941e+02
-1.1411808707e+02, -1.9389389072e+02
-1.1589718056e+02, -1.9320177279e+02
-1.1767783896e+02, -1.9249724728e+02
-1.1946010230e+02, -1.9178021297e+02
-1.2124401160e+02, -1.9105056569e+02
-1.2302960895e+02, -1.9030819821e+02
-1.2481693749e+02, -1.8955300014e+02
-1.2660604150e+02, -1.8878485785e+02
-1.2839696643e+02, -1.8800365435e+02
-1.3018975897e+02, -1.8720926913e+02
-1.3198446707e+02, -1.8640157812e+02
-1.3378114000e+02, -1.8558045351e+02
-1.3557982842e+02, -1.8474576362e+02
-1.3738058445e+02, -1.8389737278e+02
-1.3918346171e+02, -1.8303514118e+02
-1.4098851537e+02, -1.8215892471e+02
-1.4279580227e+02, -1.8126857478e+02
-1.4460538095e+02, -1.8036393818e+02
-1.4641731176e+02, -1.7944485691e+02
-1.4823165690e+02, -1.7851116794e+02
-1.5004848055e+02, -1.7756270303e+02
-1.5186784894e+02, -1.7659928857e+02
-1.5368983044e+02, -1.7562074527e+02
-1.5551449568e+02, -1.7462688800e+02
-1.5734191765e+02, -1.7361752548e+02
-1.5917217182e+02, -1.7259246006e+02
-1.6100533623e+02, -1.7155148742e+02
-1.6284149169e+02, -1.7049439629e+02
-1.6468072184e+02, -1.6942096809e+02
-1.6652311335e+02, -1.6833097666e+02
-1.6836875605e+02, -1.6722418785e+02
-1.7021774312e+02, -1.6610035918e+02
-1.7207017122e+02, -1.6495923941e+02
-1.7392614076e+02, -1.6380056813e+02
-1.7578575602e+02, -1.6262407527e+02
-1.7764912543e+02, -1.6142948067e+02
-1.7951636175e+02, -1.6021649349e+02
-1.8138758236e+02, -1.5898481172e+02
-1.8326290953e+02, -1.5773412151e+02
-1.8514247069e+02, -1.5646409658e+02
-1.8702639872e+02, -1.5517439751e+02
-1.8891483234e+02, -1.5386467101e+02
-1.9080791644e+02, -1.5253454911e+02
-1.9270580244e+02, -1.5118364830e+02
-1.9460864879e+02, -1.4981156863e+02
-1.9651662135e+02, -1.4841789268e+02
-1.9842989392e+02, -1.4700218447e+02
-2.0034864880e+02, -1.4556398833e+02
-2.0227307733e+02, -1.4410282759e+02
-2.0420338056e+02, -1.4261820318e+02
-2.0613976996e+02, -1.4110959218e+02
-2.0808246815e+02, -1.3957644613e+02
-2.1003170975e+02, -1.3801818923e+02
-2.1198774234e+02, -1.3643421640e+02
-2.1395082739e+02, -1.3482389112e+02
-2.1592124146e+02, -1.3318654302e+02
-2.1789927738e+02, -1.3152146533e+02
-2.1988524564e+02, -1.2982791192e+02
-2.2187947588e+02, -1.2810509418e+02
-2.2388231863e+02, -1.2635217743e+02
-2.2589414712e+02, -1.2456827700e+02
-2.2791535944e+02, -1.2275245384e+02
-2.2994638088e+02, -1.2090370960e+02
-2.3198766660e+02, -1.1902098111e+02
-2.3403970463e+02, -1.1710313417e+02
-2.3610301928e+02, -1.1514895658e+02
-2.3817817498e+02, -1.1315715015e+02
-2.4026578076e+02, -1.1112632167e+02
-2.4236649524e+02, -1.0905497261e+02
-2.4448103255e+02, -1.0694148727e+02
-2.4661016898e+02, -1.0478411908e+02
-2.4875475090e+02, -1.0258097486e+02
-2.5091570388e+02, -1.0032999636e+02
-2.5309404347e+02, -9.8028938685e+01
-2.5529088791e+02, -9.5675344952e+01
-2.5750747334e+02, -9.3266516118e+01
-2.5974517189e+02, -9.0799475023e+01
-2.6200551370e+02, -8.8270923088e+01
-2.6429021362e+02, -8.5677187750e+01
-2.6660120414e+02, -8.3014158068e+01
-2.6894067624e+02, -8.0277205021e+01
-2.7131113080e+02, -7.7461081750e+01
-2.7371544397e+02, -7.4559797115e+01
-2.7615695157e+02, -7.1566453176e+01
-2.7863955976e+02, -6.8473032983e+01
-2.8116789283e+02, -6.5270118478e+01
-3.2646270841e+02, +1.1285238351e+02
-2.8638510954e+02, -5.8488683221e+01
-4.0908562109e+02, +7.8861535659e+01
-4.0472937859e+02, +7.9953463256e+01
-2.9474145460e+02, -4.7121295192e+01
-3.4444072148e+02, +1.0287307964e+02
-3.4824616023e+02, +1.0093327841e+02
-3.5212155558e+02, +9.9025587973e+01
-3.5606556501e+02, +9.7156098696e+01
-3.6007638888e+02, +9.5330767348e+01
-3.6415308333e+02, +9.3555142604e+01
-3.6831678753e+02, +9.1838187426e+01
-3.6621809709e+02, +9.2687663220e+01
-3.6210623389e+02, +9.4436497405e+01
-3.5408492019e+02, +9.8085771040e+01
           NaN, -7.7119805557e+02
           NaN, -7.9769023436e+02
           NaN, -8.2320429658e+02
           NaN, -8.4776990204e+02
           NaN, -8.7141559439e+02
           NaN, -8.9416907913e+02
           NaN, -9.1605741787e+02
           NaN, -9.3710716186e+02
           NaN, -9.5734443502e+02
           NaN, -9.7679498371e+02
           NaN, -9.9548420544e+02
           NaN, -1.0134371496e+03
           NaN, -1.0306785161e+03
           NaN, -1.0472326366e+03
           NaN, -1.0631234558e+03
           NaN, -1.0783745070e+03
           NaN, -1.0930088866e+03
           NaN, -1.1070492301e+03
           NaN, -1.1205176885e+03
           NaN, -1.1334359056e+03
           NaN, -1.1458249990e+03
           NaN, -1.1577055443e+03
           NaN, -1.1690975608e+03
           NaN, -1.1800204988e+03
-2.4198209528e+02, +1.6702978466e+02
           NaN, -1.2005340600e+03
-2.3728401764e+02, +1.6992415253e+02
-2.3495724198e+02, +1.7134244777e+02
-2.3264455318e+02, +1.7274178819e+02
-2.3034542106e+02, +1.7412240092e+02
-2.2805934220e+02, +1.7548451153e+02
-2.2578583828e+02, +1.7682834346e+02
-2.2352445448e+02, +1.7815411769e+02
-2.2127475808e+02, +1.7946205234e+02
-2.1903633703e+02, +1.8075236240e+02
-2.1680879875e+02, +1.8202525955e+02
-2.1459176895e+02, +1.8328095193e+02
-2.1238489053e+02, +1.8451964404e+02
-2.1018782258e+02, +1.8574153663e+02
-2.0800023941e+02, +1.8694682660e+02
-2.0582182972e+02, +1.8813570700e+02
-2.0365229573e+02, +1.8930836695e+02
-2.0149135247e+02, +1.9046499164e+02
-1.9933872700e+02, +1.9160576237e+02
-1.9719415782e+02, +1.9273085651e+02
-1.9505739417e+02, +1.9384044759e+02
-1.9292819551e+02, +1.9493470527e+02
-1.9080633096e+02, +1.9601379544e+02
-1.8869157876e+02, +1.9707788022e+02
-1.8658372582e+02, +1.9812711806e+02
-1.8448256727e+02, +1.9916166376e+02
-1.8238790604e+02, +2.0018166856e+02
-1.8029955245e+02, +2.0118728019e+02
           NaN, -1.3633386057e+03
           NaN, -1.3664260077e+03
           NaN, -1.3693983841e+03
-1.7200565969e+02, +2.0506863053e+02
           NaN, -1.3750175900e+03
-1.6789211260e+02, +2.0692654099e+02
-1.6584315041e+02, +2.0783525619e+02
-1.6379920459e+02, +2.0873064181e+02
           NaN, -1.3850783352e+03
           NaN, -1.3873717824e+03
           NaN, -1.3895838904e+03
           NaN, -1.3917180449e+03
           NaN, -1.3937774718e+03
           NaN, -1.3957652501e+03
           NaN, -1.3976843159e+03
           NaN, -1.3995374700e+03
           NaN, -1.4013273837e+03
           NaN, -1.4030566067e+03
           NaN, -1.4047275703e+03
           NaN, -1.4063425959e+03
           NaN, -1.4079038982e+03
           NaN, -1.4094135904e+03
           NaN, -1.4108736876e+03
           NaN, -1.4122861170e+03
           NaN, -1.4136527155e+03
           NaN, -1.4149752402e+03
           NaN, -1.4162553635e+03
           NaN, -1.4174946895e+03
           NaN, -1.4186947442e+03
           NaN, -1.4198569898e+03
           NaN, -1.4209828216e+03
           NaN, -1.4220735727e+03
           NaN, -1.4231305187e+03
           NaN, -1.4241548780e+03
           NaN, -1.4251478152e+03
           NaN, -1.4261104469e+03
           NaN, -1.4270438373e+03
           NaN, -1.4279490080e+03
           NaN, -1.4288269346e+03
           NaN, -1.4296785524e+03
           NaN, -1.4305047545e+03
           NaN, -1.4313064003e+03
           NaN, -1.4320843113e+03
           NaN, -1.4328392719e+03
           NaN, -1.4335720386e+03
           NaN, -1.4342833340e+03
           NaN, -1.4349738527e+03
           NaN, -1.4356442572e+03
           NaN, -1.4362951900e+03
           NaN, -1.4369272632e+03
           NaN, -1.4375410646e+03
           NaN, -1.4381371621e+03
           NaN, -1.4387160978e+03
           NaN, -1.4392783960e+03
           NaN, -1.4398245583e+03
           NaN, -1.4403550698e+03
           NaN, -1.4408703963e+03
           NaN, -1.4413709869e+03
           NaN, -1.4418572742e+03
           NaN, -1.4423296724e+03
           NaN, -1.4427885861e+03
           NaN, -1.4432344021e+03
           NaN, -1.4436674950e+03
           NaN, -1.4440882254e+03
           NaN, -1.4444969438e+03
           NaN, -1.4448939854e+03
           NaN, -1.4452796793e+03
           NaN, -1.4456543401e+03
           NaN, -1.4460182729e+03
           NaN, -1.4463717747e+03
           NaN, -1.4467151329e+03
           NaN, -1.4470486248e+03
           NaN, -1.4473725210e+03
           NaN, -1.4476870823e+03
           NaN, -1.4479925655e+03
           NaN, -1.4482892153e+03
           NaN, -1.4485772718e+03
           NaN, -1.4488569708e+03
           NaN, -1.4491285375e+03
           NaN, -1.4493921931e+03
           NaN, -1.4496481534e+03
           NaN, -1.4498966287e+03
           NaN, -1.4501378210e+03
           NaN, -1.4503719302e+03
           NaN, -1.4505991507e+03
           NaN, -1.4508196718e+03
           NaN, -1.4510336764e+03
           NaN, -1.4512413461e+03
           NaN, -1.4514428544e+03
           NaN, -1.4516383735e+03
           NaN, -1.4518280696e+03
           NaN, -1.4520121060e+03
           NaN, -1.4521906407e+03
           NaN, -1.4523638279e+03
           NaN, -1.4525318182e+03
           NaN, -1.4526947583e+03
           NaN, -1.4528527911e+03
           NaN, -1.4530060530e+03
           NaN, -1.4531546814e+03
           NaN, -1.4532988049e+03
           NaN, -1.4534385501e+03
           NaN, -1.4535740392e+03
           NaN, -1.4537053898e+03
           NaN, -1.4538327157e+03
           NaN, -1.4539561250e+03
-3.2177864776e+02, -5.5140215202e+00
-3.1592772082e+02, -1.5204025006e+01
-3.1149829015e+02, -2.2273825570e+01
-3.0764162705e+02, -2.8251470916e+01
-3.0412329747e+02, -3.3565697710e+01
-3.0083659043e+02, -3.8414253829e+01
-2.9772182403e+02, -4.2909058801e+01
-2.9474145460e+02, -4.7121295192e+01
-2.9186997550e+02, -5.1099825318e+01
-2.8908908618e+02, -5.4880052141e+01
-2.8638510954e+02, -5.8488683221e+01
-2.8374749460e+02, -6.1946507744e+01
-2.8116789283e+02, -6.5270118478e+01
-2.7863955976e+02, -6.8473032983e+01
-2.7615695157e+02, -7.1566453176e+01
-2.7371544397e+02, -7.4559797115e+01
-2.7131113080e+02, -7.7461081750e+01
-2.6894067624e+02, -8.0277205021e+01
-2.6660120414e+02, -8.3014158068e+01
-2.6429021362e+02, -8.5677187750e+01
-2.6200551370e+02, -8.8270923088e+01
-2.5974517189e+02, -9.0799475023e+01
-2.5750747334e+02, -9.3266516118e+01
-2.5529088791e+02, -9.5675344952e+01
-2.5309404347e+02, -9.8028938685e+01
-2.5091570388e+02, -1.0032999636e+02
-2.4875475090e+02, -1.0258097486e+02
-2.4661016898e+02, -1.0478411908e+02
-2.4448103255e+02, -1.0694148727e+02
-2.4236649524e+02, -1.0905497261e+02
-2.4026578076e+02, -1.1112632167e+02
-2.3817817498e+02, -1.1315715015e+02
-2.3610301928e+02, -1.1514895658e+02
-2.3403970463e+02, -1.1710313417e+02
-2.3198766660e+02, -1.1902098111e+02
-2.2994638088e+02, -1.2090370960e+02
-2.2791535944e+02, -1.2275245384e+02
-2.2589414712e+02, -1.2456827700e+02
-2.2388231863e+02, -1.2635217743e+02
-2.2187947588e+02, -1.2810509418e+02
-2.1988524564e+02, -1.2982791192e+02
-2.1789927738e+02, -1.3152146533e+02
-2.1592124146e+02, -1.3318654302e+02
-2.1395082739e+02, -1.3482389112e+02
-2.1198774234e+02, -1.3643421640e+02
-2.1003170975e+02, -1.3801818923e+02
-2.0808246815e+02, -1.3957644613e+02
-2.0613976996e+02, -1.4110959218e+02
-2.0420338056e+02, -1.4261820318e+02
-2.0227307733e+02, -1.4410282759e+02
-2.0034864880e+02, -1.4556398833e+02
-1.9842989392e+02, -1.4700218447e+02
-1.9651662135e+02, -1.4841789268e+02
-1.9460864879e+02, -1.4981156863e+02
-1.9270580244e+02, -1.5118364830e+02
-1.9080791644e+02, -1.5253454911e+02
-1.8891483234e+02, -1.5386467101e+02
-1.8702639872e+02, -1.5517439751e+02
-1.8514247069e+02, -1.5646409658e+02
-1.8326290953e+02, -1.5773412151e+02
-1.8138758236e+02, -1.5898481172e+02
-1.7951636175e+02, -1.6021649349e+02
-1.7764912543e+02, -1.6142948067e+02
-1.7578575602e+02, -1.6262407527e+02
-1.7392614076e+02, -1.6380056813e+02
-1.7207017122e+02, -1.6495923941e+02
-1.7021774312e+02, -1.6610035918e+02
-1.6836875605e+02, -1.6722418785e+02
-1.6652311335e+02, -1.6833097666e+02
-1.6468072184e+02, -1.6942096809e+02
-1.6284149169e+02, -1.7049439629e+02
-1.6100533623e+02, -1.7155148742e+02
-1.5917217182e+02, -1.7259246006e+02
-1.5734191765e+02, -1.7361752548e+02
-1.5551449568e+02, -1.7462688800e+02
-1.5368983044e+02, -1.7562074527e+02
-1.5186784894e+02, -1.7659928857e+02
-1.5004848055e+02, -1.7756270303e+02
-1.4823165690e+02, -1.7851116794e+02
-1.4641731176e+02, -1.7944485691e+02
-1.4460538095e+02, -1.8036393818e+02
-1.4279580227e+02, -1.8126857478e+02
-1.4098851537e+02, -1.8215892471e+02
-1.3918346171e+02, -1.8303514118e+02
-1.3738058445e+02, -1.8389737278e+02
-1.3557982842e+02, -1.8474576362e+02
-1.3378114000e+02, -1.8558045351e+02
-1.3198446707e+02, -1.8640157812e+02
-1.3018975897e+02, -1.8720926913e+02
-1.2839696643e+02, -1.8800365435e+02
-1.2660604150e+02, -1.8878485785e+02
-1.2481693749e+02, -1.8955300014e+02
-1.2302960895e+02, -1.9030819821e+02
-1.2124401160e+02, -1.9105056569e+02
-1.1946010230e+02, -1.9178021297e+02
-1.1767783896e+02, -1.9249724728e+02
-1.1589718056e+02, -1.9320177279e+02
-1.1411808707e+02, -1.9389389072e+02
-1.1234051942e+02, -1.9457369941e+02
-1.1056443948e+02, -1.9524129442e+02
-1.0878980999e+02, -1.9589676863e+02
-1.0701659455e+02, -1.9654021228e+02
-1.0524475760e+02, -1.9717171306e+02
-1.0347426435e+02, -1.9779135622e+02
-1.0170508080e+02, -1.9839922457e+02
-9.9937173646e+01, -1.9899539860e+02
-9.8170510330e+01, -1.9957995653e+02
-9.6405058957e+01, -2.0015297435e+02
-9.4640788292e+01, -2.0071452593e+02
-9.2877667732e+01, -2.0126468300e+02
-9.1115667283e+01, -2.0180351527e+02
-8.9354757538e+01, -2.0233109045e+02
-8.7594909656e+01, -2.0284747430e+02
-8.5836095340e+01, -2.0335273068e+02
-8.4078286818e+01, -2.0384692161e+02
-8.2321456825e+01, -2.0433010728e+02
-8.0565578582e+01, -2.0480234613e+02
-7.8810625780e+01, -2.0526369486e+02
-7.7056572563e+01, -2.0571420848e+02
-7.5303393510e+01, -2.0615394035e+02
-7.3551063619e+01, -2.0658294222e+02
-7.1799558294e+01, -2.0700126422e+02
-7.0048853327e+01, -2.0740895498e+02
-6.8298924886e+01, -2.0780606155e+02
-6.6549749497e+01, -2.0819262953e+02
-6.4801304037e+01, -2.0856870303e+02
-6.3053565713e+01, -2.0893432476e+02
-6.1306512056e+01, -2.0928953596e+02
-5.9560120905e+01, -2.0963437655e+02
-5.7814370394e+01, -2.0996888503e+02
-5.6069238944e+01, -2.1029309861e+02
-5.4324705248e+01, -2.1060705315e+02
-5.2580748264e+01, -2.1091078323e+02
-5.0837347198e+01, -2.1120432215e+02
-4.9094481499e+01, -2.1148770196e+02
-4.7352130849e+01, -2.1176095346e+02
-4.5610275147e+01, -2.1202410624e+02
-4.3868894506e+01, -2.1227718869e+02
-4.2127969240e+01, -2.1252022800e+02
-4.0387479855e+01, -2.1275325019e+02
-3.8647407040e+01, -2.1297628014e+02
-3.6907731659e+01, -2.1318934156e+02
-3.5168434742e+01, -2.1339245704e+02
-3.3429497475e+01, -2.1358564807e+02
-3.1690901193e+01, -2.1376893500e+02
-2.9952627372e+01, -2.1394233711e+02
-2.8214657619e+01, -2.1410587258e+02
-2.6476973668e+01, -2.1425955851e+02
-2.4739557366e+01, -2.1440341096e+02
-2.3002390672e+01, -2.1453744490e+02
-2.1265455644e+01, -2.1466167426e+02
-1.9528734434e+01, -2.1477611194e+02
-1.7792209282e+01, -2.1488076980e+02
-1.6055862504e+01, -2.1497565865e+02
-1.4319676489e+01, -2.1506078829e+02
-1.2583633692e+01, -2.1513616752e+02
-1.0847716623e+01, -2.1520180408e+02
-9.1119078440e+00, -2.1525770474e+02
-7.3761899583e+00, -2.1530387525e+02
-5.6405456068e+00, -2.1534032035e+02
-3.9049574595e+00, -2.1536704379e+02
-2.1694082085e+00, -2.1538404830e+02
-4.3388056161e-01, -2.1539133564e+02
+1.3016427649e+00, -2.1538890655e+02
+3.0371790530e+00, -2.1537676078e+02
+4.7727455898e+00, -2.1535489709e+02
+6.5083596745e+00, -2.1532331322e+02
+8.2440386252e+00, -2.1528200595e+02
+9.9797997857e+00, -2.1523097102e+02
+1.1715660533e+01, -2.1517020318e+02
+1.3451638283e+01, -2.1509969620e+02
+1.5187750499e+01, -2.1501944280e+02
+1.6924014698e+01, -2.1492943471e+02
+1.8660448458e+01, -2.1482966265e+02
+2.0397069424e+01, -2.1472011630e+02
+2.2133895317e+01, -2.1460078432e+02
+2.3870943942e+01, -2.1447165434e+02
+2.5608233191e+01, -2.1433271296e+02
+2.7345781056e+01, -2.1418394571e+02
+2.9083605632e+01, -2.1402533708e+02
+3.0821725127e+01, -2.1385687050e+02
+3.2560157872e+01, -2.1367852832e+02
+3.4298922322e+01, -2.1349029182e+02
+3.6038037072e+01, -2.1329214117e+02
+3.7777520860e+01, -2.1308405547e+02
+3.9517392576e+01, -2.1286601268e+02
+4.1257671274e+01, -2.1263798965e+02
+4.2998376174e+01, -2.1239996208e+02
+4.4739526679e+01, -2.1215190453e+02
+4.6481142377e+01, -2.1189379039e+02
+4.8223243054e+01, -2.1162559187e+02
+4.9965848703e+01, -2.1134727999e+02
+5.1708979531e+01, -2.1105882456e+02
+5.3452655972e+01, -2.1076019414e+02
+5.5196898698e+01, -2.1045135607e+02
+5.6941728624e+01, -2.1013227641e+02
+5.8687166924e+01, -2.0980291995e+02
+6.0433235041e+01, -2.0946325014e+02
+6.2179954694e+01, -2.0911322915e+02
+6.3927347895e+01, -2.0875281776e+02
+6.5675436958e+01, -2.0838197539e+02
+6.7424244513e+01, -2.0800066007e+02
+6.9173793516e+01, -2.0760882840e+02
+7.0924107264e+01, -2.0720643553e+02
+7.2675209408e+01, -2.0679343513e+02
+7.4427123966e+01, -2.0636977937e+02
+7.6179875338e+01, -2.0593541886e+02
+7.7933488323e+01, -2.0549030268e+02
+7.9687988128e+01, -2.0503437828e+02
+8.1443400390e+01, -2.0456759147e+02
+8.3199751190e+01, -2.0408988640e+02
+8.4957067070e+01, -2.0360120552e+02
+8.6715375050e+01, -2.0310148950e+02
+8.8474702645e+01, -2.0259067725e+02
+9.0235077888e+01, -2.0206870584e+02
+9.1996529345e+01, -2.0153551046e+02
+9.3759086138e+01, -2.0099102438e+02
+9.5522777964e+01, -2.0043517889e+02
+9.7287635118e+01, -1.9986790329e+02
+9.9053688518e+01, -1.9928912477e+02
+1.0082096972e+02, -1.9869876843e+02
+1.0258951096e+02, -1.9809675716e+02
+1.0435934516e+02, -1.9748301161e+02
+1.0613050596e+02, -1.9685745014e+02
+1.0790302776e+02, -1.9621998873e+02
+1.0967694572e+02, -1.9557054093e+02
+1.1145229584e+02, -1.9490901776e+02
+1.1322911492e+02, -1.9423532768e+02
+1.1500744066e+02, -1.9354937649e+02
+1.1678731166e+02, -1.9285106724e+02
+1.1856876747e+02, -1.9214030017e+02
+1.2035184860e+02, -1.9141697258e+02
+1.2213659660e+02, -1.9068097880e+02
+1.2392305408e+02, -1.8993221002e+02
+1.2571126475e+02, -1.8917055426e+02
+1.2750127346e+02, -1.8839589620e+02
+1.2929312629e+02, -1.8760811712e+02
+1.3108687053e+02, -1.8680709475e+02
+1.3288255479e+02, -1.8599270316e+02
+1.3468022905e+02, -1.8516481261e+02
+1.3647994467e+02, -1.8432328946e+02
+1.3828175452e+02, -1.8346799598e+02
+1.4008571298e+02, -1.8259879024e+02
+1.4189187605e+02, -1.8171552589e+02
+1.4370030141e+02, -1.8081805207e+02
+1.4551104850e+02, -1.7990621320e+02
+1.4732417857e+02, -1.7897984878e+02
+1.4913975482e+02, -1.7803879320e+02
+1.5095784243e+02, -1.7708287557e+02
+1.5277850869e+02, -1.7611191946e+02
+1.5460182309e+02, -1.7512574269e+02
+1.5642785742e+02, -1.7412415709e+02
+1.5825668589e+02, -1.7310696824e+02
+1.6008838526e+02, -1.7207397518e+02
+1.6192303492e+02, -1.7102497015e+02
+1.6376071708e+02, -1.6995973827e+02
+1.6560151689e+02, -1.6887805722e+02
+1.6744552256e+02, -1.6777969688e+02
+1.6929282558e+02, -1.6666441899e+02
+1.7114352086e+02, -1.6553197674e+02
+1.7299770689e+02, -1.6438211436e+02
+1.7485548600e+02, -1.6321456666e+02
+1.7671696451e+02, -1.6202905861e+02
+1.7858225300e+02, -1.6082530476e+02
+1.8045146649e+02, -1.5960300876e+02
+1.8232472479e+02, -1.5836186276e+02
+1.8420215269e+02, -1.5710154678e+02
+1.8608388031e+02, -1.5582172806e+02
+1.8797004343e+02, -1.5452206033e+02
+1.8986078377e+02, -1.5320218308e+02
+1.9175624947e+02, -1.5186172067e+02
+1.9365659539e+02, -1.5050028149e+02
+1.9556198362e+02, -1.4911745699e+02
+1.9747258395e+02, -1.4771282061e+02
+1.9938857433e+02, -1.4628592668e+02
+2.0131014153e+02, -1.4483630919e+02
+2.0323748164e+02, -1.4336348045e+02
+2.0517080085e+02, -1.4186692967e+02
+2.0711031608e+02, -1.4034612136e+02
+2.0905625587e+02, -1.3880049364e+02
+2.1100886117e+02, -1.3722945633e+02
+2.1296838639e+02, -1.3563238889e+02
+2.1493510039e+02, -1.3400863821e+02
+2.1690928771e+02, -1.3235751605e+02
+2.1889124983e+02, -1.3067829634e+02
+2.2088130661e+02, -1.2897021213e+02
+2.2287979792e+02, -1.2723245225e+02
+2.2488708539e+02, -1.2546415753e+02
+2.2690355439e+02, -1.2366441671e+02
+2.2892961631e+02, -1.2183226172e+02
+2.3096571101e+02, -1.1996666253e+02
+2.3301230970e+02, -1.1806652129e+02
+2.3506991809e+02, -1.1613066573e+02
+2.3713908003e+02, -1.1415784171e+02
+2.3922038167e+02, -1.1214670472e+02
+2.4131445615e+02, -1.1009581030e+02
+2.4342198907e+02, -1.0800360290e+02
+2.4554372472e+02, -1.0586840321e+02
+2.4768047338e+02, -1.0368839351e+02
+2.4983311979e+02, -1.0146160055e+02
+2.5200263303e+02, -9.9185875676e+01
+2.5419007828e+02, -9.6858871451e+01
+2.5639663067e+02, -9.4478014009e+01
+2.5862359183e+02, -9.2040470166e+01
+2.6087240989e+02, -8.9543107991e+01
+2.6314470365e+02, -8.6982449155e+01
+2.6544229222e+02, -8.4354610816e+01
+2.6776723164e+02, -8.1655234081e+01
+2.7012186063e+02, -7.8879394965e+01
+2.7250885850e+02, -7.6021492267e+01
+2.7493131922e+02, -7.3075104488e+01
+2.7739284795e+02, -7.0032804502e+01
+2.7989768857e+02, -6.6885915476e+01
+3.2475782636e+02, +1.1386081506e+02
+3.2818383867e+02, +1.1184417125e+02
+4.1126307016e+02, +7.8338020262e+01
+4.0690756250e+02, +7.9399905556e+01
+3.3886496564e+02, +1.0582985833e+02
+3.4256446760e+02, +1.0385313125e+02
+3.4633463867e+02, +1.0189954535e+02
+3.5017518206e+02, +9.9975038121e+01
+3.5408509099e+02, +9.8085690070e+01
+3.5806273762e+02, +9.6237552894e+01
+3.6210641041e+02, +9.4436420510e+01
+3.6621827691e+02, +9.2687588715e+01
+2.9329337905e+02, -4.9137314229e+01
+3.6415290534e+02, +9.3555218340e+01
+3.6007621378e+02, +9.5330845350e+01
+3.5606539276e+02, +9.7156178738e+01
           NaN, -7.8456831685e+02
           NaN, -8.1056764625e+02
           NaN, -8.3560384992e+02
           NaN, -8.5970598891e+02
           NaN, -8.8290215800e+02
           NaN, -9.0521972154e+02
           NaN, -9.2668547246e+02
           NaN, -9.4732573971e+02
           NaN, -9.6716645453e+02
           NaN, -9.8623318678e+02
           NaN, -1.0045511600e+03
           NaN, -1.0221452505e+03
           NaN, -1.0390399763e+03
           NaN, -1.0552594782e+03
           NaN, -1.0708274984e+03
           NaN, -1.0857673548e+03
           NaN, -1.1001019167e+03
           NaN, -1.1138535804e+03
           NaN, -1.1270442445e+03
           NaN, -1.1396952937e+03
           NaN, -1.1518275757e+03
           NaN, -1.1634613894e+03
           NaN, -1.1746164711e+03
           NaN, -1.1853119843e+03
           NaN, -1.1955665149e+03
+2.3845286150e+02, +1.6920782557e+02
+2.3611883472e+02, +1.7063568375e+02
+2.3379917050e+02, +1.7204447311e+02
+2.3149332460e+02, +1.7343442137e+02
+2.2920078044e+02, +1.7480575497e+02
+2.2692104733e+02, +1.7615869846e+02
+2.2465365891e+02, +1.7749347409e+02
+2.2239817158e+02, +1.7881030145e+02
+2.2015416311e+02, +1.8010939713e+02
+2.1792123135e+02, +1.8139097450e+02
+2.1569899300e+02, +1.8265524346e+02
+2.1348708250e+02, +1.8390241038e+02
+2.1128515095e+02, +1.8513267788e+02
+2.0909286518e+02, +1.8634624479e+02
+2.0690990680e+02, +1.8754330609e+02
+2.0473597137e+02, +1.8872405286e+02
+2.0257076759e+02, +1.8988867228e+02
+2.0041401662e+02, +1.9103734757e+02
+1.9826545129e+02, +1.9217025808e+02
+1.9612481557e+02, +1.9328757924e+02
+1.9399186387e+02, +1.9438948265e+02
+1.9186636054e+02, +1.9547613608e+02
+1.8974807933e+02, +1.9654770351e+02
+1.8763680287e+02, +1.9760434524e+02
+1.8553232224e+02, +1.9864621789e+02
+1.8343443652e+02, +1.9967347446e+02
+1.8134295237e+02, +2.0068626442e+02
+1.7925768367e+02, +2.0168473379e+02
           NaN, -1.3648970022e+03
           NaN, -1.3679262592e+03
           NaN, -1.3708429903e+03
+1.7097527390e+02, +2.0553820735e+02
+1.6891851907e+02, +2.0646714676e+02
+1.6686699569e+02, +2.0738257235e+02
+1.6482055915e+02, +2.0828460768e+02
+1.6277906969e+02, +2.0917337338e+02
           NaN, -1.3862354436e+03
           NaN, -1.3884877880e+03
           NaN, -1.3906605072e+03
           NaN, -1.3927569032e+03
           NaN, -1.3947801302e+03
           NaN, -1.3967331941e+03
           NaN, -1.3986189614e+03
           NaN, -1.4004401691e+03
           NaN, -1.4021994260e+03
           NaN, -1.4038992234e+03
           NaN, -1.4055419346e+03
           NaN, -1.4071298280e+03
           NaN, -1.4086650673e+03
           NaN, -1.4101497148e+03
           NaN, -1.4115857443e+03
           NaN, -1.4129750336e+03
           NaN, -1.4143193806e+03
           NaN, -1.4156204997e+03
           NaN, -1.4168800290e+03
           NaN, -1.4180995324e+03
           NaN, -1.4192805048e+03
           NaN, -1.4204243725e+03
           NaN, -1.4215325017e+03
           NaN, -1.4226061949e+03
           NaN, -1.4236466982e+03
           NaN, -1.4246552036e+03
           NaN, -1.4256328512e+03
           NaN, -1.4265807322e+03
           NaN, -1.4274998885e+03
           NaN, -1.4283913169e+03
           NaN, -1.4292559745e+03
           NaN, -1.4300947754e+03
           NaN, -1.4309085952e+03
           NaN, -1.4316982724e+03
           NaN, -1.4324646125e+03
           NaN, -1.4332083839e+03
           NaN, -1.4339303266e+03
           NaN, -1.4346311477e+03
           NaN, -1.4353115279e+03
           NaN, -1.4359721189e+03
           NaN, -1.4366135469e+03
           NaN, -1.4372364116e+03
           NaN, -1.4378412924e+03
           NaN, -1.4384287423e+03
           NaN, -1.4389992942e+03
           NaN, -1.4395534628e+03
           NaN, -1.4400917416e+03
           NaN, -1.4406146033e+03
           NaN, -1.4411225064e+03
           NaN, -1.4416158916e+03
           NaN, -1.4420951838e+03
           NaN, -1.4425607906e+03
           NaN, -1.4430131080e+03
           NaN, -1.4434525167e+03
           NaN, -1.4438793841e+03
           NaN, -1.4442940650e+03
           NaN, -1.4446969029e+03
           NaN, -1.4450882312e+03
           NaN, -1.4454683694e+03
           NaN, -1.4458376283e+03
           NaN, -1.4461963096e+03
           NaN, -1.4465447040e+03
           NaN, -1.4468830949e+03
           NaN, -1.4472117558e+03
           NaN, -1.4475309521e+03
           NaN, -1.4478409442e+03
           NaN, -1.4481419793e+03
           NaN, -1.4484343026e+03
           NaN, -1.4487181526e+03
           NaN, -1.4489937568e+03
           NaN, -1.4492613413e+03
           NaN, -1.4495211218e+03
           NaN, -1.4497733137e+03
           NaN, -1.4500181221e+03
           NaN, -1.4502557489e+03
           NaN, -1.4504863903e+03
           NaN, -1.4507102367e+03
           NaN, -1.4509274774e+03
           NaN, -1.4511382913e+03
           NaN, -1.4513428591e+03
           NaN, -1.4515413521e+03
           NaN, -1.4517339393e+03
           NaN, -1.4519207857e+03
           NaN, -1.4521020514e+03
           NaN, -1.4522778932e+03
           NaN, -1.4524484635e+03
           NaN, -1.4526139102e+03
           NaN, -1.4527743795e+03
           NaN, -1.4529300103e+03
           NaN, -1.4530809384e+03
           NaN, -1.4532272986e+03
           NaN, -1.4533692165e+03
           NaN, -1.4535068191e+03
           NaN, -1.4536402242e+03
           NaN, -1.4537695492e+03
           NaN, -1.4538949036e+03
           NaN, -1.4540163956e+03
