-4.1448715579e+02, -5.8522578818e-01
-3.7946598166e+02, -7.2995867805e-01
-4.2019254661e+02, +7.6160874865e+01
-4.1973181374e+02, -5.7222231776e-01
-4.2486563891e+02, -5.6071881995e-01
-4.2990096219e+02, -5.5044884624e-01
-4.3484799830e+02, -5.4120818941e-01
-4.3971532447e+02, -5.3283727884e-01
-4.4451022773e+02, -5.2520931995e-01
-4.4923896250e+02, -5.1822208214e-01
-4.5390694536e+02, -5.1179207634e-01
-4.5851890475e+02, -5.0585033992e-01
-4.6307899786e+02, -5.0033932852e-01
-4.6759090304e+02, -4.9521058614e-01
-4.7205789378e+02, -4.9042297284e-01
-4.8562077544e+02, +6.6142087476e+01
-4.9381206441e+02, -4.7052461432e-01
-4.7468238639e+02, +6.5487557008e+01
-4.8399001125e+02, +6.7007090886e+01
-4.8953107559e+02, -4.7404838781e-01
-4.9381206441e+02, -4.7052461432e-01
-4.9806197988e+02, -4.6718960334e-01
-5.0228246080e+02, -4.6402773587e-01
-5.0647501252e+02, -4.6102513908e-01
-5.1064102159e+02, -4.5816944259e-01
-5.1478176850e+02, -4.5544957514e-01
-5.1889843861e+02, -4.5285559406e-01
-5.2299213170e+02, -4.5037854129e-01
-5.2706387037e+02, -4.4801032134e-01
-5.3111460733e+02, -4.4574359726e-01
-5.4043213933e+02, +6.6888816867e+01
-5.4712448889e+02, -4.3756681511e-01
-5.2706387037e+02, -4.4801032134e-01
-5.4087696748e+02, +6.1143393422e+01
-5.4712448889e+02, -4.3756681511e-01
-5.5108247588e+02, -4.3571847527e-01
-5.5502402501e+02, -4.3393932131e-01
-5.5894974531e+02, -4.3222540836e-01
-5.6286021144e+02, -4.3057309597e-01
-5.6675596632e+02, -4.2897901858e-01
-5.7063752352e+02, -4.2744005947e-01
-5.7450536942e+02, -4.2595332754e-01
-5.7835996509e+02, -4.2451613687e-01
-5.8220174815e+02, -4.2312598832e-01
-5.8603113435e+02, -4.2178055326e-01
-5.8984851902e+02, -4.2047765886e-01
-5.9744877125e+02, -4.1799150264e-01
-6.1999722940e+02, -4.1136737623e-01
-5.9255769559e+02, +5.8128843573e+01
-6.0089195845e+02, +6.4369264405e+01
-6.0500530845e+02, -4.1565278725e-01
-6.0876799070e+02, -4.1453460993e-01
-6.1252068373e+02, -4.1344855885e-01
-6.1626367240e+02, -4.1239324907e-01
-6.1999722940e+02, -4.1136737623e-01
-6.2372161594e+02, -4.1036971060e-01
-6.2743708241e+02, -4.0939909176e-01
-6.3114386894e+02, -4.0845442366e-01
-6.3484220605e+02, -4.0753467009e-01
-6.3853231508e+02, -4.0663885060e-01
-6.4221440874e+02, -4.0576603674e-01
-6.4588869155e+02, -4.0491534853e-01
-6.4955536025e+02, -4.0408595132e-01
-6.5381230737e+02, +6.3090684094e+01
-6.6051154078e+02, -4.0171777874e-01
-6.8943575392e+02, -3.9616663861e-01
-6.5321460421e+02, -4.0327705283e-01
-6.6085692200e+02, +5.5705087179e+01
-6.6778088236e+02, -4.0023193768e-01
-6.7140560999e+02, -3.9951495331e-01
-6.7502391359e+02, -3.9881446577e-01
-6.7863594012e+02, -3.9812991402e-01
-6.8224183160e+02, -3.9746076264e-01
-6.8584172529e+02, -3.9680650034e-01
-6.8943575392e+02, -3.9616663861e-01
-6.9302404589e+02, -3.9554071044e-01
-6.9660672548e+02, -3.9492826912e-01
-7.0018391297e+02, -3.9432888713e-01
-7.0375572489e+02, -3.9374215513e-01
-7.0732227411e+02, -3.9316768093e-01
-7.1088367002e+02, -3.9260508864e-01
-7.1444001869e+02, -3.9205401781e-01
-7.1799142298e+02, -3.9151412261e-01
-7.2153798268e+02, -3.9098507108e-01
-7.2507979462e+02, -3.9046654447e-01
-7.2545610338e+02, +5.7143055083e+01
-7.3567767049e+02, -3.8897111075e-01
-7.4272083521e+02, -3.8802147172e-01
-7.3214954855e+02, -3.8945985297e-01
-7.3920140480e+02, -3.8849173765e-01
-7.5013695824e+02, +6.2205870633e+01
-7.4974710768e+02, -3.8710726192e-01
-7.5325410591e+02, -3.8666284119e-01
-7.5675711272e+02, -3.8622657306e-01
-7.6025620101e+02, -3.8579824012e-01
-7.6375144176e+02, -3.8537763267e-01
-7.6724290407e+02, -3.8496454841e-01
-7.7073065526e+02, -3.8455879206e-01
-7.7421476088e+02, -3.8416017513e-01
-7.7769528483e+02, -3.8376851555e-01
-7.8117228937e+02, -3.8338363744e-01
-7.8464583519e+02, -3.8300537083e-01
-7.8811598148e+02, -3.8263355142e-01
-7.9158278596e+02, -3.8226802033e-01
-7.9504630492e+02, -3.8190862389e-01
-7.9850659330e+02, -3.8155521340e-01
-8.0196370471e+02, -3.8120764496e-01
-8.0541769146e+02, -3.8086577928e-01
-8.0886860463e+02, -3.8052948143e-01
-8.1231649410e+02, -3.8019862077e-01
-8.1576140859e+02, -3.7987307068e-01
-8.1920339566e+02, -3.7955270847e-01
-8.2264250180e+02, -3.7923741522e-01
-8.2607877244e+02, -3.7892707559e-01
-8.2951225197e+02, -3.7862157774e-01
-8.2772770932e+02, +5.6148412027e+01
-8.3979637303e+02, -3.7773306584e-01
-8.4321911253e+02, -3.7744588170e-01
-8.5005687971e+02, -3.7688441074e-01
-8.7391199807e+02, -3.7504539932e-01
-8.2264250180e+02, -3.7923741522e-01
-8.4321911253e+02, -3.7744588170e-01
-8.5005687971e+02, -3.7688441074e-01
-8.5347198423e+02, -3.7660993949e-01
-8.5939586809e+02, +6.8698052995e+01
-8.6370262528e+02, -3.7581053023e-01
-8.6710806690e+02, -3.7555178382e-01
-8.7051118001e+02, -3.7529676576e-01
-8.7391199807e+02, -3.7504539932e-01
-8.7731055383e+02, -3.7479760987e-01
-8.8070687939e+02, -3.7455332480e-01
-8.8410100620e+02, -3.7431247342e-01
-8.8749296505e+02, -3.7407498693e-01
-8.9088278616e+02, -3.7384079836e-01
-8.9427049912e+02, -3.7360984247e-01
-8.9765613294e+02, -3.7338205575e-01
-9.0103971607e+02, -3.7315737631e-01
-9.0442127640e+02, -3.7293574387e-01
-9.0780084128e+02, -3.7271709966e-01
-9.1117843755e+02, -3.7250138644e-01
-9.1455409150e+02, -3.7228854838e-01
-9.1792782897e+02, -3.7207853107e-01
-9.2129967528e+02, -3.7187128144e-01
-9.2466965527e+02, -3.7166674774e-01
-9.2803779335e+02, -3.7146487949e-01
-9.3140411344e+02, -3.7126562744e-01
-9.3476863905e+02, -3.7106894354e-01
-9.3813139323e+02, -3.7087478090e-01
-9.4149239864e+02, -3.7068309375e-01
-9.4485167752e+02, -3.7049383740e-01
-9.4820925169e+02, -3.7030696824e-01
-9.5156514260e+02, -3.7012244368e-01
-9.5491937132e+02, -3.6994022212e-01
-9.5827195854e+02, -3.6976026292e-01
-9.6162292459e+02, -3.6958252641e-01
-9.6497228943e+02, -3.6940697380e-01
-9.6832007269e+02, -3.6923356721e-01
-9.7166629366e+02, -3.6906226960e-01
-9.7501097128e+02, -3.6889304478e-01
-9.7835412419e+02, -3.6872585738e-01
-9.8169577070e+02, -3.6856067281e-01
-9.8503592881e+02, -3.6839745724e-01
-9.8837461622e+02, -3.6823617761e-01
-9.9171185032e+02, -3.6807680157e-01
-9.9504764823e+02, -3.6791929748e-01
-9.9838202678e+02, -3.6776363439e-01
-9.9962151519e+02, +5.0932172050e+01
-1.0202541562e+03, +6.7383194620e+01
-1.0117056743e+03, -3.6715879605e-01
-1.0150331990e+03, -3.6701189649e-01
-1.0183593996e+03, -3.6686666567e-01
-1.0202447181e+03, +5.2596646395e+01
-1.0283302063e+03, -3.6644072211e-01
-1.0349710594e+03, -3.6616462980e-01
-1.0515517717e+03, -3.6550054377e-01
-1.0050465917e+03, -3.6745771073e-01
-1.0216842912e+03, -3.6672307696e-01
-1.0319487209e+03, +5.0874516409e+01
-1.0342091840e+03, +5.1364826053e+01
-1.0416069625e+03, -3.6589460604e-01
-1.0449230917e+03, -3.6576181141e-01
-1.0482380238e+03, -3.6563046469e-01
-1.0515517717e+03, -3.6550054377e-01
-1.0403668182e+03, +6.6464769443e+01
-1.0647263039e+03, +5.0676116789e+01
-1.0647951756e+03, -3.6499469099e-01
-1.0681031914e+03, -3.6487158238e-01
-1.0714100971e+03, -3.6474977575e-01
-1.0747159045e+03, -3.6462925185e-01
-1.0780206252e+03, -3.6450999180e-01
-1.0813242704e+03, -3.6439197708e-01
-1.0846268515e+03, -3.6427518952e-01
-1.0879283794e+03, -3.6415961130e-01
-1.0912288650e+03, -3.6404522493e-01
-1.0945283191e+03, -3.6393201326e-01
-1.0978267523e+03, -3.6381995945e-01
-1.1011241748e+03, -3.6370904698e-01
-1.1044205971e+03, -3.6359925963e-01
-1.1077160293e+03, -3.6349058149e-01
-1.1110104812e+03, -3.6338299693e-01
-1.1143039629e+03, -3.6327649061e-01
-1.1175964839e+03, -3.6317104747e-01
-1.1208880539e+03, -3.6306665273e-01
-1.1241786823e+03, -3.6296329187e-01
-1.1274683783e+03, -3.6286095063e-01
-1.1307571513e+03, -3.6275961501e-01
-1.1340450101e+03, -3.6265927125e-01
-1.1373319639e+03, -3.6255990585e-01
-1.1406180213e+03, -3.6246150552e-01
-1.1439031910e+03, -3.6236405724e-01
-1.1471874817e+03, -3.6226754820e-01
-1.1504709017e+03, -3.6217196581e-01
-1.1537534595e+03, -3.6207729770e-01
-1.1570351632e+03, -3.6198353172e-01
-1.1603160210e+03, -3.6189065592e-01
-1.1635960410e+03, -3.6179865857e-01
-1.1668752309e+03, -3.6170752813e-01
-1.1701535986e+03, -3.6161725325e-01
-1.1734311519e+03, -3.6152782278e-01
-1.1767078982e+03, -3.6143922577e-01
-1.1799838452e+03, -3.6135145143e-01
-1.1832590003e+03, -3.6126448916e-01
-1.1865333707e+03, -3.6117832855e-01
-1.1898069637e+03, -3.6109295935e-01
-1.1930797863e+03, -3.6100837147e-01
-1.1963518458e+03, -3.6092455501e-01
-1.1996231489e+03, -3.6084150021e-01
-1.2028937025e+03, -3.6075919749e-01
-1.2061635135e+03, -3.6067763741e-01
-1.2094325885e+03, -3.6059681069e-01
-1.2127009341e+03, -3.6051670819e-01
-1.2159685568e+03, -3.6043732093e-01
-1.2192354631e+03, -3.6035864008e-01
-1.2225016594e+03, -3.6028065692e-01
-1.2257671519e+03, -3.6020336291e-01
-1.2290319469e+03, -3.6012674961e-01
-1.2322960504e+03, -3.6005080874e-01
-1.2355594686e+03, -3.5997553212e-01
-1.2388222074e+03, -3.5990091173e-01
-1.2420842727e+03, -3.5982693965e-01
-1.2453456704e+03, -3.5975360811e-01
-1.2486064062e+03, -3.5968090943e-01
-1.2518664859e+03, -3.5960883607e-01
-1.2551259150e+03, -3.5953738060e-01
-1.2583846993e+03, -3.5946653570e-01
-1.2616428440e+03, -3.5939629416e-01
-1.2649003548e+03, -3.5932664890e-01
-1.2681572369e+03, -3.5925759292e-01
-1.2714134957e+03, -3.5918911934e-01
-1.2746691364e+03, -3.5912122138e-01
-1.2779241642e+03, -3.5905389236e-01
-1.2811785842e+03, -3.5898712571e-01
-1.2844324016e+03, -3.5892091495e-01
-1.2876856212e+03, -3.5885525369e-01
-1.2909382482e+03, -3.5879013565e-01
-1.2941902873e+03, -3.5872555462e-01
-1.2974417434e+03, -3.5866150451e-01
-1.3006926212e+03, -3.5859797930e-01
-1.3039429256e+03, -3.5853497306e-01
-1.3071926612e+03, -3.5847247995e-01
-1.3104418327e+03, -3.5841049421e-01
-1.3136904445e+03, -3.5834901017e-01
-1.3169385012e+03, -3.5828802224e-01
-1.3201860073e+03, -3.5822752489e-01
-1.3234329673e+03, -3.5816751271e-01
-1.3266793854e+03, -3.5810798033e-01
-1.3299252660e+03, -3.5804892248e-01
-1.3331706134e+03, -3.5799033394e-01
-1.3364154319e+03, -3.5793220959e-01
-1.3396597255e+03, -3.5787454437e-01
-1.3429034985e+03, -3.5781733328e-01
-1.3461467549e+03, -3.5776057142e-01
-1.3493894988e+03, -3.5770425392e-01
-1.3526317342e+03, -3.5764837601e-01
-1.3558734651e+03, -3.5759293296e-01
-1.3591146953e+03, -3.5753792014e-01
-1.3623554288e+03, -3.5748333294e-01
-1.3655956694e+03, -3.5742916684e-01
-1.3688354209e+03, -3.5737541738e-01
-1.3720746870e+03, -3.5732208016e-01
-1.3753134715e+03, -3.5726915083e-01
-1.3785517780e+03, -3.5721662511e-01
-1.3817896102e+03, -3.5716449877e-01
-1.3850269717e+03, -3.5711276765e-01
-1.3882638661e+03, -3.5706142762e-01
-1.3915002968e+03, -3.5701047464e-01
-1.3947362674e+03, -3.5695990469e-01
-1.3979717813e+03, -3.5690971382e-01
-1.4012068419e+03, -3.5685989814e-01
-1.4044414527e+03, -3.5681045379e-01
-1.4076756169e+03, -3.5676137698e-01
-1.4109093380e+03, -3.5671266396e-01
-1.4141426190e+03, -3.5666431104e-01
-1.4206078744e+03, -3.5656867091e-01
-1.4173754634e+03, -3.5661631456e-01
-1.4206078744e+03, -3.5656867091e-01
-1.4207872384e+03, +4.9594766202e+01
-1.4082772849e+03, +5.4921938872e+01
-1.4534769537e+03, +5.2600707976e+01
-1.4450968231e+03, +4.9457666775e+01
-1.4464519320e+03, -3.5619980674e-01
-1.4443051185e+03, +4.7288715951e+01
-1.4496805811e+03, -3.5615518399e-01
-1.4529088272e+03, -3.5611088051e-01
-1.4561366731e+03, -3.5606689315e-01
-1.4593641217e+03, -3.5602321885e-01
-1.4625911758e+03, -3.5597985453e-01
-1.4658178382e+03, -3.5593679720e-01
-1.4690441117e+03, -3.5589404388e-01
-1.4722699990e+03, -3.5585159163e-01
-1.4754955028e+03, -3.5580943754e-01
-1.4787206259e+03, -3.5576757877e-01
-1.4819453709e+03, -3.5572601246e-01
-1.4810714450e+03, +5.0251543107e+01
-1.4945247312e+03, +4.9740202602e+01
-1.4948406220e+03, -3.5556261658e-01
-1.4980635155e+03, -3.5552247138e-01
-1.5012860463e+03, -3.5548260239e-01
-1.5045082170e+03, -3.5544300701e-01
-1.5133195429e+03, +5.0479648918e+01
-1.5141725927e+03, -3.5532583697e-01
-1.5173933472e+03, -3.5528731064e-01
-1.5238338144e+03, -3.5521103880e-01
-1.5268598770e+03, +5.1534075485e+01
-1.5334686998e+03, +4.9464424122e+01
-1.5425199099e+03, +5.0046445777e+01
-1.5512137041e+03, +4.9423296432e+01
-1.5656641798e+03, -3.5473944152e-01
-1.5913791869e+03, -3.5446865692e-01
-1.6748256079e+03, -3.5367777222e-01
-1.4496805811e+03, -3.5615518399e-01
-1.4916173634e+03, -3.5560304060e-01
-1.5109514878e+03, -3.5536462682e-01
-1.5210864782e+03, +4.9268531931e+01
-1.5302729082e+03, -3.5513579207e-01
-1.5367106469e+03, -3.5506155167e-01
-1.5437844214e+03, +4.9689360768e+01
-1.5463647538e+03, -3.5495203796e-01
-1.5535845100e+03, +4.9300935042e+01
-1.5560159121e+03, -3.5484468725e-01
-1.5592323197e+03, -3.5480937426e-01
-1.5695683578e+03, +5.1505543106e+01
-1.5688796365e+03, -3.5470481763e-01
-1.5720947804e+03, -3.5467041937e-01
-1.5753096135e+03, -3.5463624471e-01
-1.5785241378e+03, -3.5460229167e-01
-1.5817383553e+03, -3.5456855830e-01
-1.5796977184e+03, +5.0417699057e+01
-1.5961245949e+03, +4.9932015709e+01
-1.5945921970e+03, -3.5443578305e-01
-1.5978049100e+03, -3.5440311937e-01
-1.6010173279e+03, -3.5437066404e-01
-1.6042294525e+03, -3.5433841527e-01
-1.6074412857e+03, -3.5430637125e-01
-1.6106528294e+03, -3.5427453021e-01
-1.6138640854e+03, -3.5424289040e-01
-1.6170750554e+03, -3.5421145009e-01
-1.6202857414e+03, -3.5418020757e-01
-1.6234961450e+03, -3.5414916114e-01
-1.6267062681e+03, -3.5411830911e-01
-1.6299161124e+03, -3.5408764985e-01
-1.6331256797e+03, -3.5405718170e-01
-1.6363349716e+03, -3.5402690303e-01
-1.6395439900e+03, -3.5399681226e-01
-1.6427527364e+03, -3.5396690779e-01
-1.6459612125e+03, -3.5393718805e-01
-1.6523773608e+03, -3.5387829655e-01
-1.6472906447e+03, +4.7592517008e+01
-1.6523773608e+03, -3.5387829655e-01
-1.6555850362e+03, -3.5384912174e-01
-1.6549248352e+03, +4.9122401868e+01
-1.6501908639e+03, +5.0330533840e+01
-1.5832975079e+03, +1.2500410720e+02
-1.6956946214e+03, +5.1367573060e+01
-1.6873635427e+03, +4.9219615837e+01
-1.6876475511e+03, -3.5356695695e-01
-1.6876475511e+03, -3.5356695695e-01
-1.6908524128e+03, -3.5353966758e-01
-1.6940570279e+03, -3.5351254129e-01
-1.7001456763e+03, +4.8293641816e+01
-1.6887633137e+03, +2.0867143876e+01
-1.6972613979e+03, -3.5348557675e-01
-1.7036694082e+03, -3.5343212771e-01
-1.7068730514e+03, -3.5340564062e-01
-1.7100764552e+03, -3.5337931011e-01
-1.7132796210e+03, -3.5335313494e-01
-1.7164825503e+03, -3.5332711385e-01
-1.7196852444e+03, -3.5330124562e-01
-1.7228877047e+03, -3.5327552901e-01
-1.7260899326e+03, -3.5324996283e-01
-1.7292919293e+03, -3.5322454588e-01
-1.7324936964e+03, -3.5319927697e-01
-1.7356952351e+03, -3.5317415494e-01
-1.7388965467e+03, -3.5314917861e-01
-1.7420976325e+03, -3.5312434686e-01
-1.7452984940e+03, -3.5309965853e-01
-1.7484991322e+03, -3.5307511250e-01
-1.7516995486e+03, -3.5305070766e-01
-1.7548997445e+03, -3.5302644291e-01
-1.7580997210e+03, -3.5300231715e-01
-1.7612994794e+03, -3.5297832931e-01
-1.7644990210e+03, -3.5295447831e-01
-1.7676983470e+03, -3.5293076309e-01
-1.7708974587e+03, -3.5290718260e-01
-1.7740963572e+03, -3.5288373580e-01
-1.7772950438e+03, -3.5286042168e-01
-1.7804935197e+03, -3.5283723919e-01
-1.7836917860e+03, -3.5281418735e-01
-1.7868898439e+03, -3.5279126514e-01
-1.7900876946e+03, -3.5276847158e-01
-1.7932853393e+03, -3.5274580569e-01
-1.7964827791e+03, -3.5272326650e-01
-1.7996800152e+03, -3.5270085304e-01
-1.8028770486e+03, -3.5267856437e-01
-1.8060738806e+03, -3.5265639954e-01
-1.8092705122e+03, -3.5263435762e-01
-1.8124669446e+03, -3.5261243769e-01
-1.8156631788e+03, -3.5259063883e-01
-1.8188592160e+03, -3.5256896013e-01
-1.8220550572e+03, -3.5254740069e-01
-1.8252507035e+03, -3.5252595962e-01
-1.8284461560e+03, -3.5250463605e-01
-1.8316414157e+03, -3.5248342910e-01
-1.8348364837e+03, -3.5246233790e-01
-1.8380313610e+03, -3.5244136160e-01
-1.8412260487e+03, -3.5242049935e-01
-1.8444205478e+03, -3.5239975031e-01
-1.8476148594e+03, -3.5237911364e-01
-1.8508089844e+03, -3.5235858853e-01
-1.8540029238e+03, -3.5233817414e-01
-1.8571966787e+03, -3.5231786969e-01
-1.8603902500e+03, -3.5229767435e-01
-1.8635836388e+03, -3.5227758734e-01
-1.8667768459e+03, -3.5225760787e-01
-1.8699698724e+03, -3.5223773516e-01
-1.8731627193e+03, -3.5221796843e-01
-1.8763553875e+03, -3.5219830692e-01
-1.8795478779e+03, -3.5217874988e-01
-1.8827401915e+03, -3.5215929654e-01
-1.8859323292e+03, -3.5213994617e-01
-1.8891242920e+03, -3.5212069803e-01
-1.8923160808e+03, -3.5210155138e-01
-1.8955076965e+03, -3.5208250549e-01
-1.8986991399e+03, -3.5206355966e-01
-1.9018904121e+03, -3.5204471317e-01
-1.9050815139e+03, -3.5202596532e-01
-1.9082724462e+03, -3.5200731539e-01
-1.9114632099e+03, -3.5198876271e-01
-1.9146538059e+03, -3.5197030659e-01
-1.9178442350e+03, -3.5195194634e-01
-1.9210344981e+03, -3.5193368129e-01
-1.9242245960e+03, -3.5191551078e-01
-1.9274145297e+03, -3.5189743413e-01
-1.9306042999e+03, -3.5187945070e-01
-1.9337939075e+03, -3.5186155983e-01
-1.9369833534e+03, -3.5184376088e-01
-1.9401726384e+03, -3.5182605321e-01
-1.9433617632e+03, -3.5180843618e-01
-1.9465507288e+03, -3.5179090917e-01
-1.9497395358e+03, -3.5177347156e-01
-1.9529281853e+03, -3.5175612272e-01
-1.9561166778e+03, -3.5173886205e-01
-1.9593050143e+03, -3.5172168894e-01
-1.9624931955e+03, -3.5170460278e-01
-1.9656812223e+03, -3.5168760300e-01
-1.9688690953e+03, -3.5167068898e-01
-1.9720568154e+03, -3.5165386015e-01
-1.9752443833e+03, -3.5163711593e-01
-1.9784317998e+03, -3.5162045574e-01
-1.9816190657e+03, -3.5160387901e-01
-1.9848061817e+03, -3.5158738517e-01
-1.9879931485e+03, -3.5157097367e-01
-1.9911799670e+03, -3.5155464395e-01
-1.9943666378e+03, -3.5153839545e-01
-1.9975531617e+03, -3.5152222764e-01
-2.0007395394e+03, -3.5150613997e-01
-2.0039257716e+03, -3.5149013190e-01
-2.0071118591e+03, -3.5147420289e-01
-2.0102978025e+03, -3.5145835243e-01
-2.0134836026e+03, -3.5144257999e-01
-2.0166692601e+03, -3.5142688505e-01
-2.0198547757e+03, -3.5141126709e-01
-2.0230401500e+03, -3.5139572560e-01
-2.0262253838e+03, -3.5138026009e-01
-2.0294104778e+03, -3.5136487003e-01
-2.0325954326e+03, -3.5134955495e-01
-2.0357802489e+03, -3.5133431434e-01
-2.0389649273e+03, -3.5131914771e-01
-2.0421494687e+03, -3.5130405458e-01
-2.0453338735e+03, -3.5128903447e-01
-2.0485181426e+03, -3.5127408690e-01
-2.0517022764e+03, -3.5125921140e-01
-2.0548862758e+03, -3.5124440750e-01
-2.0580701412e+03, -3.5122967472e-01
-2.0612538735e+03, -3.5121501262e-01
-2.0644374732e+03, -3.5120042073e-01
-2.0676209409e+03, -3.5118589860e-01
+3.2748770082e+02, -1.1021698117e+01
+3.2251625877e+02, -1.9101569694e+01
+3.1838381115e+02, -2.5609004356e+01
+3.1468481097e+02, -3.1279596676e+01
+3.1126506104e+02, -3.6396957690e+01
+3.0804544582e+02, -4.1108394868e+01
+3.0497870675e+02, -4.5502890916e+01
+3.0203383415e+02, -4.9639446769e+01
+2.9918912949e+02, -5.3559756826e+01
+2.9642868022e+02, -5.7294686182e+01
+2.9374039145e+02, -6.0867907154e+01
+2.9111480646e+02, -6.4298089734e+01
+2.8854436001e+02, -6.7600295213e+01
+2.8602288436e+02, -7.0786902652e+01
+2.8354527047e+02, -7.3868247368e+01
+2.8110722838e+02, -7.6853074409e+01
+2.7870511352e+02, -7.9748868981e+01
+2.7633579776e+02, -8.2562102557e+01
+2.7399657202e+02, -8.5298419726e+01
+2.7168507137e+02, -8.7962782459e+01
+2.6939921657e+02, -9.0559583148e+01
+2.6713716780e+02, -9.3092734372e+01
+2.6489728773e+02, -9.5565741021e+01
+2.6267811153e+02, -9.7981758873e+01
+2.6047832241e+02, -1.0034364264e+02
+2.5829673151e+02, -1.0265398570e+02
+2.5613226112e+02, -1.0491515326e+02
+2.5398393063e+02, -1.0712931023e+02
+2.5185084477e+02, -1.0929844475e+02
+2.4973218352e+02, -1.1142438830e+02
+2.4762719358e+02, -1.1350883284e+02
+2.4553518103e+02, -1.1555334568e+02
+2.4345550497e+02, -1.1755938222e+02
+2.4138757204e+02, -1.1952829711e+02
+2.3933083167e+02, -1.2146135402e+02
+2.3728477183e+02, -1.2335973411e+02
+2.3524891545e+02, -1.2522454359e+02
+2.3322281712e+02, -1.2705682036e+02
+2.3120606025e+02, -1.2885753989e+02
+2.2919825456e+02, -1.3062762045e+02
+2.2719903381e+02, -1.3236792783e+02
+2.2520805379e+02, -1.3407927950e+02
+2.2322499049e+02, -1.3576244837e+02
+2.2124953853e+02, -1.3741816619e+02
+2.1928140970e+02, -1.3904712663e+02
+2.1732033160e+02, -1.4064998797e+02
+2.1536604651e+02, -1.4222737570e+02
+2.1341831030e+02, -1.4377988473e+02
+2.1147689142e+02, -1.4530808150e+02
+2.0954157006e+02, -1.4681250586e+02
+2.0761213732e+02, -1.4829367280e+02
+2.0568839447e+02, -1.4975207406e+02
+2.0377015228e+02, -1.5118817956e+02
+2.0185723038e+02, -1.5260243872e+02
+1.9994945673e+02, -1.5399528176e+02
+1.9804666707e+02, -1.5536712075e+02
+1.9614870441e+02, -1.5671835074e+02
+1.9425541865e+02, -1.5804935067e+02
+1.9236666614e+02, -1.5936048428e+02
+1.9048230927e+02, -1.6065210098e+02
+1.8860221615e+02, -1.6192453658e+02
+1.8672626031e+02, -1.6317811404e+02
+1.8485432033e+02, -1.6441314411e+02
+1.8298627959e+02, -1.6562992598e+02
+1.8112202606e+02, -1.6682874787e+02
+1.7926145194e+02, -1.6800988753e+02
+1.7740445356e+02, -1.6917361281e+02
+1.7555093108e+02, -1.7032018207e+02
+1.7370078830e+02, -1.7144984469e+02
+1.7185393252e+02, -1.7256284144e+02
+1.7001027434e+02, -1.7365940490e+02
+1.6816972746e+02, -1.7473975983e+02
+1.6633220860e+02, -1.7580412349e+02
+1.6449763728e+02, -1.7685270602e+02
+1.6266593576e+02, -1.7788571067e+02
+1.6083702884e+02, -1.7890333418e+02
+1.5901084380e+02, -1.7990576698e+02
+1.5718731023e+02, -1.8089319349e+02
+1.5536635997e+02, -1.8186579234e+02
+1.5354792701e+02, -1.8282373665e+02
+1.5173194736e+02, -1.8376719417e+02
+1.4991835897e+02, -1.8469632756e+02
+1.4810710167e+02, -1.8561129454e+02
+1.4629811706e+02, -1.8651224811e+02
+1.4449134847e+02, -1.8739933669e+02
+1.4268674083e+02, -1.8827270432e+02
+1.4088424065e+02, -1.8913249082e+02
+1.3908379596e+02, -1.8997883190e+02
+1.3728535620e+02, -1.9081185935e+02
+1.3548887221e+02, -1.9163170116e+02
+1.3369429615e+02, -1.9243848165e+02
+1.3190158144e+02, -1.9323232160e+02
+1.3011068272e+02, -1.9401333833e+02
+1.2832155583e+02, -1.9478164589e+02
+1.2653415771e+02, -1.9553735510e+02
+1.2474844640e+02, -1.9628057368e+02
+1.2296438095e+02, -1.9701140635e+02
+1.2118192145e+02, -1.9772995489e+02
+1.1940102893e+02, -1.9843631830e+02
+1.1762166536e+02, -1.9913059281e+02
+1.1584379358e+02, -1.9981287201e+02
+1.1406737732e+02, -2.0048324690e+02
+1.1229238111e+02, -2.0114180600e+02
+1.1051877028e+02, -2.0178863537e+02
+1.0874651094e+02, -2.0242381872e+02
+1.0697556994e+02, -2.0304743748e+02
+1.0520591481e+02, -2.0365957081e+02
+1.0343751381e+02, -2.0426029572e+02
+1.0167033583e+02, -2.0484968711e+02
+9.9904350408e+01, -2.0542781779e+02
+9.8139527701e+01, -2.0599475860e+02
+9.6375838452e+01, -2.0655057839e+02
+9.4613253978e+01, -2.0709534411e+02
+9.2851746146e+01, -2.0762912087e+02
+9.1091287356e+01, -2.0815197193e+02
+8.9331850518e+01, -2.0866395880e+02
+8.7573409041e+01, -2.0916514126e+02
+8.5815936806e+01, -2.0965557737e+02
+8.4059408156e+01, -2.1013532358e+02
+8.2303797878e+01, -2.1060443467e+02
+8.0549081186e+01, -2.1106296389e+02
+7.8795233708e+01, -2.1151096290e+02
+7.7042231467e+01, -2.1194848187e+02
+7.5290050871e+01, -2.1237556947e+02
+7.3538668700e+01, -2.1279227293e+02
+7.1788062086e+01, -2.1319863804e+02
+7.0038208508e+01, -2.1359470920e+02
+6.8289085775e+01, -2.1398052943e+02
+6.6540672012e+01, -2.1435614041e+02
+6.4792945656e+01, -2.1472158250e+02
+6.3045885435e+01, -2.1507689475e+02
+6.1299470364e+01, -2.1542211495e+02
+5.9553679731e+01, -2.1575727961e+02
+5.7808493085e+01, -2.1608242403e+02
+5.6063890232e+01, -2.1639758229e+02
+5.4319851216e+01, -2.1670278727e+02
+5.2576356318e+01, -2.1699807066e+02
+5.0833386041e+01, -2.1728346303e+02
+4.9090921103e+01, -2.1755899376e+02
+4.7348942426e+01, -2.1782469113e+02
+4.5607431132e+01, -2.1808058229e+02
+4.3866368528e+01, -2.1832669332e+02
+4.2125736101e+01, -2.1856304920e+02
+4.0385515512e+01, -2.1878967382e+02
+3.8645688583e+01, -2.1900659004e+02
+3.6906237292e+01, -2.1921381967e+02
+3.5167143765e+01, -2.1941138347e+02
+3.3428390270e+01, -2.1959930118e+02
+3.1689959204e+01, -2.1977759154e+02
+2.9951833094e+01, -2.1994627227e+02
+2.8213994581e+01, -2.2010536009e+02
+2.6476426421e+01, -2.2025487076e+02
+2.4739111471e+01, -2.2039481903e+02
+2.3002032688e+01, -2.2052521870e+02
+2.1265173117e+01, -2.2064608258e+02
+1.9528515890e+01, -2.2075742256e+02
+1.7792044212e+01, -2.2085924953e+02
+1.6055741363e+01, -2.2095157348e+02
+1.4319590684e+01, -2.2103440342e+02
+1.2583575576e+01, -2.2110774744e+02
+1.0847679489e+01, -2.2117161269e+02
+9.1118859198e+00, -2.2122600540e+02
+7.3761784034e+00, -2.2127093087e+02
+5.6405405073e+00, -2.2130639346e+02
+3.9049558251e+00, -2.2133239662e+02
+2.1694079706e+00, -2.2134894288e+02
+4.3388057145e-01, -2.2135603384e+02
-1.3016427370e+00, -2.2135367021e+02
-3.0371783179e+00, -2.2134185174e+02
-4.7727425390e+00, -2.2132057728e+02
-6.5083517788e+00, -2.2128984478e+02
-8.2440224327e+00, -2.2124965125e+02
-9.9797709196e+00, -2.2119999276e+02
-1.1715613687e+01, -2.2114086450e+02
-1.3451567219e+01, -2.2107226070e+02
-1.5187648041e+01, -2.2099417467e+02
-1.6923872727e+01, -2.2090659880e+02
-1.8660257904e+01, -2.2080952453e+02
-2.0396820262e+01, -2.2070294236e+02
-2.2133576557e+01, -2.2058684185e+02
-2.3870543620e+01, -2.2046121162e+02
-2.5607738362e+01, -2.2032603931e+02
-2.7345177781e+01, -2.2018131163e+02
-2.9082878968e+01, -2.2002701429e+02
-3.0820859117e+01, -2.1986313204e+02
-3.2559135528e+01, -2.1968964865e+02
-3.4297725617e+01, -2.1950654689e+02
-3.6036646919e+01, -2.1931380854e+02
-3.7775917103e+01, -2.1911141436e+02
-3.9515553970e+01, -2.1889934410e+02
-4.1255575467e+01, -2.1867757646e+02
-4.2995999693e+01, -2.1844608914e+02
-4.4736844905e+01, -2.1820485874e+02
-4.6478129529e+01, -2.1795386083e+02
-4.8219872166e+01, -2.1769306989e+02
-4.9962091602e+01, -2.1742245930e+02
-5.1704806812e+01, -2.1714200136e+02
-5.3448036976e+01, -2.1685166723e+02
-5.5191801482e+01, -2.1655142693e+02
-5.6936119937e+01, -2.1624124935e+02
-5.8681012178e+01, -2.1592110219e+02
-6.0426498277e+01, -2.1559095198e+02
-6.2172598557e+01, -2.1525076404e+02
-6.3919333597e+01, -2.1490050247e+02
-6.5666724245e+01, -2.1454013010e+02
-6.7414791627e+01, -2.1416960853e+02
-6.9163557160e+01, -2.1378889805e+02
-7.0913042562e+01, -2.1339795765e+02
-7.2663269864e+01, -2.1299674497e+02
-7.4414261420e+01, -2.1258521633e+02
-7.6166039923e+01, -2.1216332661e+02
-7.7918628416e+01, -2.1173102931e+02
-7.9672050303e+01, -2.1128827650e+02
-8.1426329367e+01, -2.1083501875e+02
-8.3181489779e+01, -2.1037120515e+02
-8.4937556118e+01, -2.0989678325e+02
-8.6694553382e+01, -2.0941169904e+02
-8.8452507003e+01, -2.0891589691e+02
-9.0211442866e+01, -2.0840931962e+02
-9.1971387325e+01, -2.0789190823e+02
-9.3732367219e+01, -2.0736360212e+02
-9.5494409889e+01, -2.0682433890e+02
-9.7257543200e+01, -2.0627405439e+02
-9.9021795557e+01, -2.0571268258e+02
-1.0078719593e+02, -2.0514015557e+02
-1.0255377386e+02, -2.0455640351e+02
-1.0432155950e+02, -2.0396135459e+02
-1.0609058364e+02, -2.0335493496e+02
-1.0786087769e+02, -2.0273706868e+02
-1.0963247377e+02, -2.0210767766e+02
-1.1140540466e+02, -2.0146668161e+02
-1.1317970389e+02, -2.0081399799e+02
-1.1495540575e+02, -2.0014954191e+02
-1.1673254529e+02, -1.9947322608e+02
-1.1851115837e+02, -1.9878496076e+02
-1.2029128172e+02, -1.9808465366e+02
-1.2207295292e+02, -1.9737220988e+02
-1.2385621046e+02, -1.9664753182e+02
-1.2564109379e+02, -1.9591051911e+02
-1.2742764333e+02, -1.9516106849e+02
-1.2921590052e+02, -1.9439907376e+02
-1.3100590787e+02, -1.9362442566e+02
-1.3279770899e+02, -1.9283701178e+02
-1.3459134863e+02, -1.9203671644e+02
-1.3638687276e+02, -1.9122342061e+02
-1.3818432857e+02, -1.9039700174e+02
-1.3998376456e+02, -1.8955733371e+02
-1.4178523059e+02, -1.8870428663e+02
-1.4358877791e+02, -1.8783772679e+02
-1.4539445924e+02, -1.8695751642e+02
-1.4720232886e+02, -1.8606351362e+02
-1.4901244262e+02, -1.8515557218e+02
-1.5082485806e+02, -1.8423354141e+02
-1.5263963445e+02, -1.8329726597e+02
-1.5445683288e+02, -1.8234658571e+02
-1.5627651636e+02, -1.8138133543e+02
-1.5809874989e+02, -1.8040134472e+02
-1.5992360054e+02, -1.7940643775e+02
-1.6175113758e+02, -1.7839643302e+02
-1.6358143256e+02, -1.7737114313e+02
-1.6541455942e+02, -1.7633037454e+02
-1.6725059462e+02, -1.7527392727e+02
-1.6908961726e+02, -1.7420159468e+02
-1.7093170919e+02, -1.7311316310e+02
-1.7277695520e+02, -1.7200841157e+02
-1.7462544310e+02, -1.7088711147e+02
-1.7647726393e+02, -1.6974902615e+02
-1.7833251212e+02, -1.6859391061e+02
-1.8019128565e+02, -1.6742151101e+02
-1.8205368626e+02, -1.6623156433e+02
-1.8391981966e+02, -1.6502379780e+02
-1.8578979573e+02, -1.6379792853e+02
-1.8766372878e+02, -1.6255366287e+02
-1.8954173777e+02, -1.6129069594e+02
-1.9142394662e+02, -1.6000871094e+02
-1.9331048448e+02, -1.5870737860e+02
-1.9520148604e+02, -1.5738635638e+02
-1.9709709190e+02, -1.5604528782e+02
-1.9899744888e+02, -1.5468380168e+02
-2.0090271047e+02, -1.5330151109e+02
-2.0281303723e+02, -1.5189801261e+02
-2.0472859726e+02, -1.5047288523e+02
-2.0664956670e+02, -1.4902568928e+02
-2.0857613026e+02, -1.4755596525e+02
-2.1050848185e+02, -1.4606323248e+02
-2.1244682519e+02, -1.4454698781e+02
-2.1439137455e+02, -1.4300670401e+02
-2.1634235550e+02, -1.4144182817e+02
-2.1830000575e+02, -1.3985177985e+02
-2.2026457611e+02, -1.3823594914e+02
-2.2223633149e+02, -1.3659369445e+02
-2.2421555205e+02, -1.3492434012e+02
-2.2620253441e+02, -1.3322717382e+02
-2.2819759308e+02, -1.3150144361e+02
-2.3020106194e+02, -1.2974635475e+02
-2.3221329598e+02, -1.2796106610e+02
-2.3423467321e+02, -1.2614468620e+02
-2.3626559676e+02, -1.2429626878e+02
-2.3830649728e+02, -1.2241480785e+02
-2.4035783565e+02, -1.2049923215e+02
-2.4242010597e+02, -1.1854839886e+02
-2.4449383907e+02, -1.1656108658e+02
-2.4657960636e+02, -1.1453598728e+02
-2.4867802432e+02, -1.1247169723e+02
-2.5078975962e+02, -1.1036670656e+02
-2.5291553503e+02, -1.0821938737e+02
-2.5505613621e+02, -1.0602797992e+02
-2.5721241967e+02, -1.0379057671e+02
-2.5938532197e+02, -1.0150510393e+02
-2.6157587067e+02, -9.9169299722e+01
-2.6378519716e+02, -9.6780688573e+01
-2.6601455197e+02, -9.4336550958e+01
-2.6826532313e+02, -9.1833887077e+01
-2.7053905837e+02, -8.9269373197e+01
-2.7283749212e+02, -8.6639308673e+01
-2.7516257876e+02, -8.3939551025e+01
-2.7751653392e+02, -8.1165435593e+01
-2.7990188639e+02, -7.8311674959e+01
-2.8232154417e+02, -7.5372231468e+01
-2.8477887972e+02, -7.2340153373e+01
-2.8727784177e+02, -6.9207360865e+01
-3.3226500597e+02, +1.1588281876e+02
-3.3567888418e+02, +1.1383829425e+02
-4.2319695930e+02, +7.8350070612e+01
-4.1881636542e+02, +7.9396489955e+01
-4.1443317535e+02, +8.0503036210e+01
-4.1005144030e+02, +8.1672328404e+01
-3.5376604389e+02, +1.0372433179e+02
-3.5759505356e+02, +1.0175891608e+02
-3.6149457064e+02, +9.9826171025e+01
-3.6546322392e+02, +9.7932238998e+01
-3.6949917604e+02, +9.6083125148e+01
-3.7360143904e+02, +9.4284417910e+01
-3.7779121646e+02, +9.2545104912e+01
-3.7567939919e+02, +9.3405664836e+01
-3.7154175663e+02, +9.5177223506e+01
-3.6347019761e+02, +9.8874051935e+01
           NaN, -7.7916222279e+02
           NaN, -8.0614711199e+02
           NaN, -8.3216508820e+02
           NaN, -8.5724492568e+02
           NaN, -8.8141419222e+02
           NaN, -9.0469955075e+02
           NaN, -9.2712697435e+02
           NaN, -9.4872189588e+02
           NaN, -9.6950930945e+02
           NaN, -9.8951383458e+02
           NaN, -1.0087597531e+03
           NaN, -1.0272710250e+03
           NaN, -1.0450712924e+03
           NaN, -1.0621838708e+03
           NaN, -1.0786317337e+03
           NaN, -1.0944374927e+03
           NaN, -1.1096233790e+03
           NaN, -1.1242112185e+03
           NaN, -1.1382224086e+03
           NaN, -1.1516778999e+03
           NaN, -1.1645981752e+03
           NaN, -1.1770032315e+03
           NaN, -1.1889125670e+03
           NaN, -1.2003451681e+03
           NaN, -1.2113194972e+03
-2.4840414614e+02, +1.7038842167e+02
           NaN, -1.2319645389e+03
-2.4371738675e+02, +1.7330275437e+02
-2.4139569118e+02, +1.7473137820e+02
-2.3908772897e+02, +1.7614127837e+02
-2.3679299227e+02, +1.7753268162e+02
-2.3451099856e+02, +1.7890581264e+02
-2.3224128902e+02, +1.8026089368e+02
-2.2998342710e+02, +1.8159814415e+02
-2.2773699713e+02, +1.8291778040e+02
-2.2550160308e+02, +1.8422001544e+02
-2.2327686734e+02, +1.8550505881e+02
-2.2106242967e+02, +1.8677311641e+02
-2.1885794615e+02, +1.8802439039e+02
-2.1666308823e+02, +1.8925907910e+02
-2.1447754188e+02, +1.9047737700e+02
-2.1230100671e+02, +1.9167947467e+02
-2.1013319522e+02, +1.9286555876e+02
-2.0797383213e+02, +1.9403581203e+02
-2.0582265362e+02, +1.9519041333e+02
-2.0367940679e+02, +1.9632953763e+02
-2.0154384900e+02, +1.9745335609e+02
-1.9941574737e+02, +1.9856203608e+02
-1.9729487824e+02, +1.9965574119e+02
-1.9518102672e+02, +2.0073463137e+02
-1.9307398619e+02, +2.0179886291e+02
-1.9097355790e+02, +2.0284858852e+02
-1.8887955060e+02, +2.0388395744e+02
-1.8679178011e+02, +2.0490511544e+02
-1.8471006901e+02, +2.0591220493e+02
           NaN, -1.4012205971e+03
           NaN, -1.4043049175e+03
           NaN, -1.4072773760e+03
-1.7644048820e+02, +2.0980261159e+02
           NaN, -1.4129052014e+03
-1.7233788460e+02, +2.1166686984e+02
-1.7029412330e+02, +2.1257919798e+02
-1.6825520896e+02, +2.1347848355e+02
-1.6622101208e+02, +2.1436484164e+02
           NaN, -1.4253199618e+03
           NaN, -1.4275493705e+03
           NaN, -1.4297021837e+03
           NaN, -1.4317814903e+03
           NaN, -1.4337902447e+03
           NaN, -1.4357312658e+03
           NaN, -1.4376072440e+03
           NaN, -1.4394207544e+03
           NaN, -1.4411742523e+03
           NaN, -1.4428700845e+03
           NaN, -1.4445104943e+03
           NaN, -1.4460976226e+03
           NaN, -1.4476335167e+03
           NaN, -1.4491201320e+03
           NaN, -1.4505593380e+03
           NaN, -1.4519529225e+03
           NaN, -1.4533025915e+03
           NaN, -1.4546099792e+03
           NaN, -1.4558766461e+03
           NaN, -1.4571040858e+03
           NaN, -1.4582937249e+03
           NaN, -1.4594469295e+03
           NaN, -1.4605650084e+03
           NaN, -1.4616492095e+03
           NaN, -1.4627007302e+03
           NaN, -1.4637207177e+03
           NaN, -1.4647102660e+03
           NaN, -1.4656704268e+03
           NaN, -1.4666022056e+03
           NaN, -1.4675065658e+03
           NaN, -1.4683844315e+03
           NaN, -1.4692366881e+03
           NaN, -1.4700641815e+03
           NaN, -1.4708677265e+03
           NaN, -1.4716481031e+03
           NaN, -1.4724060603e+03
           NaN, -1.4731423155e+03
           NaN, -1.4738575591e+03
           NaN, -1.4745524524e+03
           NaN, -1.4752276301e+03
           NaN, -1.4758837050e+03
           NaN, -1.4765212629e+03
           NaN, -1.4771408684e+03
           NaN, -1.4777430643e+03
           NaN, -1.4783283732e+03
           NaN, -1.4788972967e+03
           NaN, -1.4794503191e+03
           NaN, -1.4799879061e+03
           NaN, -1.4805105063e+03
           NaN, -1.4810185523e+03
           NaN, -1.4815124627e+03
           NaN, -1.4819926378e+03
           NaN, -1.4824594685e+03
           NaN, -1.4829133267e+03
           NaN, -1.4833545769e+03
           NaN, -1.4837835680e+03
           NaN, -1.4842006373e+03
           NaN, -1.4846061152e+03
           NaN, -1.4850003157e+03
           NaN, -1.4853835456e+03
           NaN, -1.4857561030e+03
           NaN, -1.4861182751e+03
           NaN, -1.4864703396e+03
           NaN, -1.4868125688e+03
           NaN, -1.4871452234e+03
           NaN, -1.4874685607e+03
           NaN, -1.4877828261e+03
           NaN, -1.4880882616e+03
           NaN, -1.4883851005e+03
           NaN, -1.4886735705e+03
           NaN, -1.4889538929e+03
           NaN, -1.4892262828e+03
           NaN, -1.4894909515e+03
           NaN, -1.4897481015e+03
           NaN, -1.4899979332e+03
           NaN, -1.4902406398e+03
           NaN, -1.4904764127e+03
           NaN, -1.4907054341e+03
           NaN, -1.4909278869e+03
           NaN, -1.4911439455e+03
           NaN, -1.4913537803e+03
           NaN, -1.4915575607e+03
           NaN, -1.4917554486e+03
           NaN, -1.4919476048e+03
           NaN, -1.4921341831e+03
-3.3074952599e+02, -5.5650546673e+00
-3.2484741952e+02, -1.5347733586e+01
-3.2038064628e+02, -2.2487682453e+01
-3.1649240872e+02, -2.8526399157e+01
-3.1294600856e+02, -3.3896336740e+01
-3.0963369028e+02, -3.8796935446e+01
-3.0649518067e+02, -4.3341061846e+01
-3.0349255984e+02, -4.7600494664e+01
-3.0060006281e+02, -5.1624501575e+01
-2.9779920179e+02, -5.5448776660e+01
-2.9507615835e+02, -5.9100245299e+01
-2.9242027142e+02, -6.2599864926e+01
-2.8982310460e+02, -6.5964361635e+01
-2.8727784177e+02, -6.9207360865e+01
-2.8477887972e+02, -7.2340153373e+01
-2.8232154417e+02, -7.5372231468e+01
-2.7990188639e+02, -7.8311674959e+01
-2.7751653392e+02, -8.1165435593e+01
-2.7516257876e+02, -8.3939551025e+01
-2.7283749212e+02, -8.6639308673e+01
-2.7053905837e+02, -8.9269373197e+01
-2.6826532313e+02, -9.1833887077e+01
-2.6601455197e+02, -9.4336550958e+01
-2.6378519716e+02, -9.6780688573e+01
-2.6157587067e+02, -9.9169299722e+01
-2.5938532197e+02, -1.0150510393e+02
-2.5721241967e+02, -1.0379057671e+02
-2.5505613621e+02, -1.0602797992e+02
-2.5291553503e+02, -1.0821938737e+02
-2.5078975962e+02, -1.1036670656e+02
-2.4867802432e+02, -1.1247169723e+02
-2.4657960636e+02, -1.1453598728e+02
-2.4449383907e+02, -1.1656108658e+02
-2.4242010597e+02, -1.1854839886e+02
-2.4035783565e+02, -1.2049923215e+02
-2.3830649728e+02, -1.2241480785e+02
-2.3626559676e+02, -1.2429626878e+02
-2.3423467321e+02, -1.2614468620e+02
-2.3221329598e+02, -1.2796106610e+02
-2.3020106194e+02, -1.2974635475e+02
-2.2819759308e+02, -1.3150144361e+02
-2.2620253441e+02, -1.3322717382e+02
-2.2421555205e+02, -1.3492434012e+02
-2.2223633149e+02, -1.3659369445e+02
-2.2026457611e+02, -1.3823594914e+02
-2.1830000575e+02, -1.3985177985e+02
-2.1634235550e+02, -1.4144182817e+02
-2.1439137455e+02, -1.4300670401e+02
-2.1244682519e+02, -1.4454698781e+02
-2.1050848185e+02, -1.4606323248e+02
-2.0857613026e+02, -1.4755596525e+02
-2.0664956670e+02, -1.4902568928e+02
-2.0472859726e+02, -1.5047288523e+02
-2.0281303723e+02, -1.5189801261e+02
-2.0090271047e+02, -1.5330151109e+02
-1.9899744888e+02, -1.5468380168e+02
-1.9709709190e+02, -1.5604528782e+02
-1.9520148604e+02, -1.5738635638e+02
-1.9331048448e+02, -1.5870737860e+02
-1.9142394662e+02, -1.6000871094e+02
-1.8954173777e+02, -1.6129069594e+02
-1.8766372878e+02, -1.6255366287e+02
-1.8578979573e+02, -1.6379792853e+02
-1.8391981966e+02, -1.6502379780e+02
-1.8205368626e+02, -1.6623156433e+02
-1.8019128565e+02, -1.6742151101e+02
-1.7833251212e+02, -1.6859391061e+02
-1.7647726393e+02, -1.6974902615e+02
-1.7462544310e+02, -1.7088711147e+02
-1.7277695520e+02, -1.7200841157e+02
-1.7093170919e+02, -1.7311316310e+02
-1.6908961726e+02, -1.7420159468e+02
-1.6725059462e+02, -1.7527392727e+02
-1.6541455942e+02, -1.7633037454e+02
-1.6358143256e+02, -1.7737114313e+02
-1.6175113758e+02, -1.7839643302e+02
-1.5992360054e+02, -1.7940643775e+02
-1.5809874989e+02, -1.8040134472e+02
-1.5627651636e+02, -1.8138133543e+02
-1.5445683288e+02, -1.8234658571e+02
-1.5263963445e+02, -1.8329726597e+02
-1.5082485806e+02, -1.8423354141e+02
-1.4901244262e+02, -1.8515557218e+02
-1.4720232886e+02, -1.8606351362e+02
-1.4539445924e+02, -1.8695751642e+02
-1.4358877791e+02, -1.8783772679e+02
-1.4178523059e+02, -1.8870428663e+02
-1.3998376456e+02, -1.8955733371e+02
-1.3818432857e+02, -1.9039700174e+02
-1.3638687276e+02, -1.9122342061e+02
-1.3459134863e+02, -1.9203671644e+02
-1.3279770899e+02, -1.9283701178e+02
-1.3100590787e+02, -1.9362442566e+02
-1.2921590052e+02, -1.9439907376e+02
-1.2742764333e+02, -1.9516106849e+02
-1.2564109379e+02, -1.9591051911e+02
-1.2385621046e+02, -1.9664753182e+02
-1.2207295292e+02, -1.9737220988e+02
-1.2029128172e+02, -1.9808465366e+02
-1.1851115837e+02, -1.9878496076e+02
-1.1673254529e+02, -1.9947322608e+02
-1.1495540575e+02, -2.0014954191e+02
-1.1317970389e+02, -2.0081399799e+02
-1.1140540466e+02, -2.0146668161e+02
-1.0963247377e+02, -2.0210767766e+02
-1.0786087769e+02, -2.0273706868e+02
-1.0609058364e+02, -2.0335493496e+02
-1.0432155950e+02, -2.0396135459e+02
-1.0255377386e+02, -2.0455640351e+02
-1.0078719593e+02, -2.0514015557e+02
-9.9021795557e+01, -2.0571268258e+02
-9.7257543200e+01, -2.0627405439e+02
-9.5494409889e+01, -2.0682433890e+02
-9.3732367219e+01, -2.0736360212e+02
-9.1971387325e+01, -2.0789190823e+02
-9.0211442866e+01, -2.0840931962e+02
-8.8452507003e+01, -2.0891589691e+02
-8.6694553382e+01, -2.0941169904e+02
-8.4937556118e+01, -2.0989678325e+02
-8.3181489779e+01, -2.1037120515e+02
-8.1426329367e+01, -2.1083501875e+02
-7.9672050303e+01, -2.1128827650e+02
-7.7918628416e+01, -2.1173102931e+02
-7.6166039923e+01, -2.1216332661e+02
-7.4414261420e+01, -2.1258521633e+02
-7.2663269864e+01, -2.1299674497e+02
-7.0913042562e+01, -2.1339795765e+02
-6.9163557160e+01, -2.1378889805e+02
-6.7414791627e+01, -2.1416960853e+02
-6.5666724245e+01, -2.1454013010e+02
-6.3919333597e+01, -2.1490050247e+02
-6.2172598557e+01, -2.1525076404e+02
-6.0426498277e+01, -2.1559095198e+02
-5.8681012178e+01, -2.1592110219e+02
-5.6936119937e+01, -2.1624124935e+02
-5.5191801482e+01, -2.1655142693e+02
-5.3448036976e+01, -2.1685166723e+02
-5.1704806812e+01, -2.1714200136e+02
-4.9962091602e+01, -2.1742245930e+02
-4.8219872166e+01, -2.1769306989e+02
-4.6478129529e+01, -2.1795386083e+02
-4.4736844905e+01, -2.1820485874e+02
-4.2995999693e+01, -2.1844608914e+02
-4.1255575467e+01, -2.1867757646e+02
-3.9515553970e+01, -2.1889934410e+02
-3.7775917103e+01, -2.1911141436e+02
-3.6036646919e+01, -2.1931380854e+02
-3.4297725617e+01, -2.1950654689e+02
-3.2559135528e+01, -2.1968964865e+02
-3.0820859117e+01, -2.1986313204e+02
-2.9082878968e+01, -2.2002701429e+02
-2.7345177781e+01, -2.2018131163e+02
-2.5607738362e+01, -2.2032603931e+02
-2.3870543620e+01, -2.2046121162e+02
-2.2133576557e+01, -2.2058684185e+02
-2.0396820262e+01, -2.2070294236e+02
-1.8660257904e+01, -2.2080952453e+02
-1.6923872727e+01, -2.2090659880e+02
-1.5187648041e+01, -2.2099417467e+02
-1.3451567219e+01, -2.2107226070e+02
-1.1715613687e+01, -2.2114086450e+02
-9.9797709196e+00, -2.2119999276e+02
-8.2440224327e+00, -2.2124965125e+02
-6.5083517788e+00, -2.2128984478e+02
-4.7727425390e+00, -2.2132057728e+02
-3.0371783179e+00, -2.2134185174e+02
-1.3016427370e+00, -2.2135367021e+02
+4.3388057145e-01, -2.2135603384e+02
+2.1694079706e+00, -2.2134894288e+02
+3.9049558251e+00, -2.2133239662e+02
+5.6405405073e+00, -2.2130639346e+02
+7.3761784034e+00, -2.2127093087e+02
+9.1118859198e+00, -2.2122600540e+02
+1.0847679489e+01, -2.2117161269e+02
+1.2583575576e+01, -2.2110774744e+02
+1.4319590684e+01, -2.2103440342e+02
+1.6055741363e+01, -2.2095157348e+02
+1.7792044212e+01, -2.2085924953e+02
+1.9528515890e+01, -2.2075742256e+02
+2.1265173117e+01, -2.2064608258e+02
+2.3002032688e+01, -2.2052521870e+02
+2.4739111471e+01, -2.2039481903e+02
+2.6476426421e+01, -2.2025487076e+02
+2.8213994581e+01, -2.2010536009e+02
+2.9951833094e+01, -2.1994627227e+02
+3.1689959204e+01, -2.1977759154e+02
+3.3428390270e+01, -2.1959930118e+02
+3.5167143765e+01, -2.1941138347e+02
+3.6906237292e+01, -2.1921381967e+02
+3.8645688583e+01, -2.1900659004e+02
+4.0385515512e+01, -2.1878967382e+02
+4.2125736101e+01, -2.1856304920e+02
+4.3866368528e+01, -2.1832669332e+02
+4.5607431132e+01, -2.1808058229e+02
+4.7348942426e+01, -2.1782469113e+02
+4.9090921103e+01, -2.1755899376e+02
+5.0833386041e+01, -2.1728346303e+02
+5.2576356318e+01, -2.1699807066e+02
+5.4319851216e+01, -2.1670278727e+02
+5.6063890232e+01, -2.1639758229e+02
+5.7808493085e+01, -2.1608242403e+02
+5.9553679731e+01, -2.1575727961e+02
+6.1299470364e+01, -2.1542211495e+02
+6.3045885435e+01, -2.1507689475e+02
+6.4792945656e+01, -2.1472158250e+02
+6.6540672012e+01, -2.1435614041e+02
+6.8289085775e+01, -2.1398052943e+02
+7.0038208508e+01, -2.1359470920e+02
+7.1788062086e+01, -2.1319863804e+02
+7.3538668700e+01, -2.1279227293e+02
+7.5290050871e+01, -2.1237556947e+02
+7.7042231467e+01, -2.1194848187e+02
+7.8795233708e+01, -2.1151096290e+02
+8.0549081186e+01, -2.1106296389e+02
+8.2303797878e+01, -2.1060443467e+02
+8.4059408156e+01, -2.1013532358e+02
+8.5815936806e+01, -2.0965557737e+02
+8.7573409041e+01, -2.0916514126e+02
+8.9331850518e+01, -2.0866395880e+02
+9.1091287356e+01, -2.0815197193e+02
+9.2851746146e+01, -2.0762912087e+02
+9.4613253978e+01, -2.0709534411e+02
+9.6375838452e+01, -2.0655057839e+02
+9.8139527701e+01, -2.0599475860e+02
+9.9904350408e+01, -2.0542781779e+02
+1.0167033583e+02, -2.0484968711e+02
+1.0343751381e+02, -2.0426029572e+02
+1.0520591481e+02, -2.0365957081e+02
+1.0697556994e+02, -2.0304743748e+02
+1.0874651094e+02, -2.0242381872e+02
+1.1051877028e+02, -2.0178863537e+02
+1.1229238111e+02, -2.0114180600e+02
+1.1406737732e+02, -2.0048324690e+02
+1.1584379358e+02, -1.9981287201e+02
+1.1762166536e+02, -1.9913059281e+02
+1.1940102893e+02, -1.9843631830e+02
+1.2118192145e+02, -1.9772995489e+02
+1.2296438095e+02, -1.9701140635e+02
+1.2474844640e+02, -1.9628057368e+02
+1.2653415771e+02, -1.9553735510e+02
+1.2832155583e+02, -1.9478164589e+02
+1.3011068272e+02, -1.9401333833e+02
+1.3190158144e+02, -1.9323232160e+02
+1.3369429615e+02, -1.9243848165e+02
+1.3548887221e+02, -1.9163170116e+02
+1.3728535620e+02, -1.9081185935e+02
+1.3908379596e+02, -1.8997883190e+02
+1.4088424065e+02, -1.8913249082e+02
+1.4268674083e+02, -1.8827270432e+02
+1.4449134847e+02, -1.8739933669e+02
+1.4629811706e+02, -1.8651224811e+02
+1.4810710167e+02, -1.8561129454e+02
+1.4991835897e+02, -1.8469632756e+02
+1.5173194736e+02, -1.8376719417e+02
+1.5354792701e+02, -1.8282373665e+02
+1.5536635997e+02, -1.8186579234e+02
+1.5718731023e+02, -1.8089319349e+02
+1.5901084380e+02, -1.7990576698e+02
+1.6083702884e+02, -1.7890333418e+02
+1.6266593576e+02, -1.7788571067e+02
+1.6449763728e+02, -1.7685270602e+02
+1.6633220860e+02, -1.7580412349e+02
+1.6816972746e+02, -1.7473975983e+02
+1.7001027434e+02, -1.7365940490e+02
+1.7185393252e+02, -1.7256284144e+02
+1.7370078830e+02, -1.7144984469e+02
+1.7555093108e+02, -1.7032018207e+02
+1.7740445356e+02, -1.6917361281e+02
+1.7926145194e+02, -1.6800988753e+02
+1.8112202606e+02, -1.6682874787e+02
+1.8298627959e+02, -1.6562992598e+02
+1.8485432033e+02, -1.6441314411e+02
+1.8672626031e+02, -1.6317811404e+02
+1.8860221615e+02, -1.6192453658e+02
+1.9048230927e+02, -1.6065210098e+02
+1.9236666614e+02, -1.5936048428e+02
+1.9425541865e+02, -1.5804935067e+02
+1.9614870441e+02, -1.5671835074e+02
+1.9804666707e+02, -1.5536712075e+02
+1.9994945673e+02, -1.5399528176e+02
+2.0185723038e+02, -1.5260243872e+02
+2.0377015228e+02, -1.5118817956e+02
+2.0568839447e+02, -1.4975207406e+02
+2.0761213732e+02, -1.4829367280e+02
+2.0954157006e+02, -1.4681250586e+02
+2.1147689142e+02, -1.4530808150e+02
+2.1341831030e+02, -1.4377988473e+02
+2.1536604651e+02, -1.4222737570e+02
+2.1732033160e+02, -1.4064998797e+02
+2.1928140970e+02, -1.3904712663e+02
+2.2124953853e+02, -1.3741816619e+02
+2.2322499049e+02, -1.3576244837e+02
+2.2520805379e+02, -1.3407927950e+02
+2.2719903381e+02, -1.3236792783e+02
+2.2919825456e+02, -1.3062762045e+02
+2.3120606025e+02, -1.2885753989e+02
+2.3322281712e+02, -1.2705682036e+02
+2.3524891545e+02, -1.2522454359e+02
+2.3728477183e+02, -1.2335973411e+02
+2.3933083167e+02, -1.2146135402e+02
+2.4138757204e+02, -1.1952829711e+02
+2.4345550497e+02, -1.1755938222e+02
+2.4553518103e+02, -1.1555334568e+02
+2.4762719358e+02, -1.1350883284e+02
+2.4973218352e+02, -1.1142438830e+02
+2.5185084477e+02, -1.0929844475e+02
+2.5398393063e+02, -1.0712931023e+02
+2.5613226112e+02, -1.0491515326e+02
+2.5829673151e+02, -1.0265398570e+02
+2.6047832241e+02, -1.0034364264e+02
+2.6267811153e+02, -9.7981758873e+01
+2.6489728773e+02, -9.5565741021e+01
+2.6713716780e+02, -9.3092734372e+01
+2.6939921657e+02, -9.0559583148e+01
+2.7168507137e+02, -8.7962782459e+01
+2.7399657202e+02, -8.5298419726e+01
+2.7633579776e+02, -8.2562102557e+01
+2.7870511352e+02, -7.9748868981e+01
+2.8110722838e+02, -7.6853074409e+01
+2.8354527047e+02, -7.3868247368e+01
+2.8602288436e+02, -7.0786902652e+01
+2.8854436001e+02, -6.7600295213e+01
+3.3396388773e+02, +1.1486065326e+02
+2.9374039145e+02, -6.0867907154e+01
+4.2100721829e+02, +7.8865938906e+01
+4.1662485481e+02, +7.9942076491e+01
+3.0203383415e+02, -4.9639446769e+01
+3.5187821770e+02, +1.0471738400e+02
+3.5567167624e+02, +1.0273792358e+02
+3.5953606898e+02, +1.0078807519e+02
+3.6347036484e+02, +9.8873972118e+01
+3.6747290280e+02, +9.7001716630e+01
+3.7154192946e+02, +9.5177147711e+01
+3.7567957525e+02, +9.3405591397e+01
+3.0203383415e+02, -4.9639446769e+01
+3.7360126476e+02, +9.4284492563e+01
+3.6949900459e+02, +9.6083202035e+01
+3.6546305526e+02, +9.7932317899e+01
           NaN, -7.9277738743e+02
           NaN, -8.1927513323e+02
           NaN, -8.4482052706e+02
           NaN, -8.6944169565e+02
           NaN, -8.9316572262e+02
           NaN, -9.1601890365e+02
           NaN, -9.3802692626e+02
           NaN, -9.5921499414e+02
           NaN, -9.7960790810e+02
           NaN, -9.9923011462e+02
           NaN, -1.0181057346e+03
           NaN, -1.0362585692e+03
           NaN, -1.0537120985e+03
           NaN, -1.0704894695e+03
           NaN, -1.0866134772e+03
           NaN, -1.1021065462e+03
           NaN, -1.1169907073e+03
           NaN, -1.1312875748e+03
           NaN, -1.1450183254e+03
           NaN, -1.1582036782e+03
           NaN, -1.1708638752e+03
           NaN, -1.1830186655e+03
           NaN, -1.1946872934e+03
           NaN, -1.2058884834e+03
           NaN, -1.2166404350e+03
+2.4722685793e+02, +1.7112421213e+02
           NaN, -1.2368667515e+03
+2.4255478952e+02, +1.7401942098e+02
+2.4024002576e+02, +1.7543865453e+02
+2.3793873816e+02, +1.7683927801e+02
+2.3565043175e+02, +1.7822151720e+02
+2.3337463605e+02, +1.7958559563e+02
+2.3111090356e+02, +1.8093173414e+02
+2.2885880832e+02, +1.8226015066e+02
+2.2661794463e+02, +1.8357105989e+02
+2.2438792583e+02, +1.8486467313e+02
+2.2216838311e+02, +1.8614119811e+02
+2.1995896452e+02, +1.8740083887e+02
+2.1775933395e+02, +1.8864379566e+02
+2.1556917020e+02, +1.8987026490e+02
+2.1338816616e+02, +1.9108043911e+02
+2.1121602799e+02, +1.9227450690e+02
+2.0905247438e+02, +1.9345265298e+02
+2.0689723586e+02, +1.9461505815e+02
+2.0475005414e+02, +1.9576189931e+02
+2.0261068154e+02, +1.9689334954e+02
+2.0047888035e+02, +1.9800957808e+02
+1.9835442237e+02, +1.9911075041e+02
+1.9623708838e+02, +2.0019702830e+02
+1.9412666768e+02, +2.0126856984e+02
+1.9202295764e+02, +2.0232552955e+02
+1.8992576330e+02, +2.0336805838e+02
+1.8783489700e+02, +2.0439630383e+02
+1.8575017797e+02, +2.0541040998e+02
           NaN, -1.3996349679e+03
           NaN, -1.4027770407e+03
           NaN, -1.4058048323e+03
           NaN, -1.4087231264e+03
+1.7541290872e+02, +2.1027366423e+02
+1.7336162453e+02, +2.1120577809e+02
+1.7131538982e+02, +2.1212467153e+02
+1.6927406845e+02, +2.1303046383e+02
+1.6723752877e+02, +2.1392327144e+02
           NaN, -1.4241755279e+03
           NaN, -1.4264444394e+03
           NaN, -1.4286351546e+03
           NaN, -1.4307508380e+03
           NaN, -1.4327945077e+03
           NaN, -1.4347690504e+03
           NaN, -1.4366772215e+03
           NaN, -1.4385216512e+03
           NaN, -1.4403048552e+03
           NaN, -1.4420292347e+03
           NaN, -1.4436970814e+03
           NaN, -1.4453105892e+03
           NaN, -1.4468718498e+03
           NaN, -1.4483828658e+03
           NaN, -1.4498455478e+03
           NaN, -1.4512617243e+03
           NaN, -1.4526331421e+03
           NaN, -1.4539614720e+03
           NaN, -1.4552483075e+03
           NaN, -1.4564951782e+03
           NaN, -1.4577035433e+03
           NaN, -1.4588747980e+03
           NaN, -1.4600102800e+03
           NaN, -1.4611112679e+03
           NaN, -1.4621789818e+03
           NaN, -1.4632145962e+03
           NaN, -1.4642192291e+03
           NaN, -1.4651939552e+03
           NaN, -1.4661398027e+03
           NaN, -1.4670577545e+03
           NaN, -1.4679487547e+03
           NaN, -1.4688137074e+03
           NaN, -1.4696534786e+03
           NaN, -1.4704688978e+03
           NaN, -1.4712607629e+03
           NaN, -1.4720298389e+03
           NaN, -1.4727768575e+03
           NaN, -1.4735025220e+03
           NaN, -1.4742075087e+03
           NaN, -1.4748924669e+03
           NaN, -1.4755580188e+03
           NaN, -1.4762047628e+03
           NaN, -1.4768332758e+03
           NaN, -1.4774441099e+03
           NaN, -1.4780377979e+03
           NaN, -1.4786148521e+03
           NaN, -1.4791757657e+03
           NaN, -1.4797210133e+03
           NaN, -1.4802510520e+03
           NaN, -1.4807663226e+03
           NaN, -1.4812672492e+03
           NaN, -1.4817542424e+03
           NaN, -1.4822276982e+03
           NaN, -1.4826879955e+03
           NaN, -1.4831355060e+03
           NaN, -1.4835705836e+03
           NaN, -1.4839935719e+03
           NaN, -1.4844048058e+03
           NaN, -1.4848046063e+03
           NaN, -1.4851932836e+03
           NaN, -1.4855711400e+03
           NaN, -1.4859384694e+03
           NaN, -1.4862955530e+03
           NaN, -1.4866426674e+03
           NaN, -1.4869800767e+03
           NaN, -1.4873080412e+03
           NaN, -1.4876268123e+03
           NaN, -1.4879366327e+03
           NaN, -1.4882377411e+03
           NaN, -1.4885303681e+03
           NaN, -1.4888147365e+03
           NaN, -1.4890910663e+03
           NaN, -1.4893595697e+03
           NaN, -1.4896204526e+03
           NaN, -1.4898739194e+03
           NaN, -1.4901201644e+03
           NaN, -1.4903593816e+03
           NaN, -1.4905917563e+03
           NaN, -1.4908174711e+03
           NaN, -1.4910367047e+03
           NaN, -1.4912496293e+03
           NaN, -1.4914564167e+03
           NaN, -1.4916572308e+03
           NaN, -1.4918522339e+03
           NaN, -1.4920415814e+03
           NaN, -1.4922254310e+03
