-4.1337989162e+02, -6.0194071696e-01
-4.3374020998e+02, +7.4464376270e+01
-4.5299644037e+02, +6.0789041857e+01
-4.2787181834e+02, +7.5820617528e+01
-4.4054385418e+02, +7.4824133159e+01
-4.3422656803e+02, -5.5204576699e-01
-4.3918784954e+02, -5.4275508656e-01
-4.4406898679e+02, -5.3433826377e-01
-4.4887730141e+02, -5.2666793340e-01
-4.5361907774e+02, -5.1964140217e-01
-4.5829975847e+02, -5.1317480110e-01
-4.6292409503e+02, -5.0719885205e-01
-4.6749626498e+02, -5.0165574598e-01
-4.7201996481e+02, -4.9649680288e-01
-4.7649848430e+02, -4.9168069157e-01
-4.8093476661e+02, -4.8717205744e-01
-4.8840352665e+02, +6.5824595633e+01
-4.9401539576e+02, -4.7520616385e-01
-5.2226334767e+02, +2.8834785359e+01
-4.8969094537e+02, -4.7895948694e-01
-5.0347684961e+02, +6.5065679297e+01
-5.0256689285e+02, -4.6830424293e-01
-5.0679738556e+02, -4.6512220721e-01
-5.1099977011e+02, -4.6210028335e-01
-5.1517544041e+02, -4.5922604088e-01
-5.1932568378e+02, -4.5648835450e-01
-5.2345169192e+02, -4.5387723276e-01
-5.2755457058e+02, -4.5138367348e-01
-5.3163534791e+02, -4.4899954109e-01
-5.3569498186e+02, -4.4671746215e-01
-5.3973436663e+02, -4.4453073586e-01
-5.4375433846e+02, -4.4243325713e-01
-5.5173912828e+02, -4.3848421078e-01
-5.7530002726e+02, -4.2828490258e-01
-5.4898821017e+02, +6.0814287151e+01
-5.5959632738e+02, +6.1404525601e+01
-5.5965506150e+02, -4.3483108256e-01
-5.6358880957e+02, -4.3310492394e-01
-5.6750719409e+02, -4.3144072138e-01
-5.7141076114e+02, -4.2983509191e-01
-5.7530002726e+02, -4.2828490258e-01
-5.7917548167e+02, -4.2678724722e-01
-5.8303758819e+02, -4.2533942580e-01
-5.8688678700e+02, -4.2393892601e-01
-5.9072349634e+02, -4.2258340691e-01
-5.9454811391e+02, -4.2127068412e-01
-5.9836101830e+02, -4.1999871673e-01
-6.0202341003e+02, +6.2948644231e+01
-6.1244476291e+02, +5.7909084733e+01
-5.7917548167e+02, -4.2678724722e-01
-6.0595311351e+02, -4.1756953165e-01
-6.1596883211e+02, +5.7611621494e+01
-6.1726190159e+02, -4.1418741891e-01
-6.2101155001e+02, -4.1312380034e-01
-6.2475169229e+02, -4.1208980348e-01
-6.2848259128e+02, -4.1108419184e-01
-6.3220449895e+02, -4.1010579856e-01
-6.3591765697e+02, -4.0915352148e-01
-6.3962229731e+02, -4.0822631861e-01
-6.4331864275e+02, -4.0732320401e-01
-6.4700690738e+02, -4.0644324398e-01
-6.5068729704e+02, -4.0558555358e-01
-6.5436000974e+02, -4.0474929342e-01
-6.5802523612e+02, -4.0393366671e-01
-6.6168315974e+02, -4.0313791653e-01
-6.7184446911e+02, +5.8327011307e+01
-6.7485909740e+02, +5.6248568599e+01
-6.6697075247e+02, +5.5783773904e+01
-6.7235518507e+02, +5.6197730749e+01
-6.7986921115e+02, -3.9943331145e-01
-6.8348682054e+02, -3.9874286419e-01
-6.8709824192e+02, -3.9806792246e-01
-6.9070361348e+02, -3.9740797197e-01
-6.9430306887e+02, -3.9676252131e-01
-6.9789673738e+02, -3.9613110068e-01
-7.0148474415e+02, -3.9551326072e-01
-7.0506721030e+02, -3.9490857134e-01
-7.0864425317e+02, -3.9431662073e-01
-7.1221598643e+02, -3.9373701434e-01
-7.1578252025e+02, -3.9316937400e-01
-7.1934396144e+02, -3.9261333706e-01
-7.2290041359e+02, -3.9206855557e-01
-7.2645197721e+02, -3.9153469555e-01
-7.2999874983e+02, -3.9101143628e-01
-7.3354082615e+02, -3.9049846964e-01
-7.3707829810e+02, -3.8999549947e-01
-7.3878652985e+02, +5.4802079061e+01
-7.4766396838e+02, -3.8854377382e-01
-7.5469963186e+02, -3.8762099761e-01
-7.8917733373e+02, +3.1163831823e+01
-7.4061125500e+02, -3.8950224101e-01
-7.5118389120e+02, -3.8807804772e-01
-7.5211643446e+02, +5.6631703035e+01
-7.6171887487e+02, -3.8673199203e-01
-7.6522252616e+02, -3.8629959081e-01
-7.6872229329e+02, -3.8587497333e-01
-7.7221824590e+02, -3.8545793597e-01
-7.7571045180e+02, -3.8504828222e-01
-7.7919897705e+02, -3.8464582235e-01
-7.8268388604e+02, -3.8425037311e-01
-7.8616524150e+02, -3.8386175748e-01
-7.8964310460e+02, -3.8347980438e-01
-7.9311753497e+02, -3.8310434842e-01
-7.9658859079e+02, -3.8273522968e-01
-8.0005632880e+02, -3.8237229348e-01
-8.0352080435e+02, -3.8201539012e-01
-8.0698207147e+02, -3.8166437477e-01
-8.1044018289e+02, -3.8131910717e-01
-8.1389519010e+02, -3.8097945152e-01
-8.1734714337e+02, -3.8064527628e-01
-8.2079609180e+02, -3.8031645400e-01
-8.2424208334e+02, -3.7999286114e-01
-8.2768516485e+02, -3.7967437797e-01
-8.3112538213e+02, -3.7936088838e-01
-8.3456277992e+02, -3.7905227976e-01
-8.3799740197e+02, -3.7874844287e-01
-8.4142929106e+02, -3.7844927169e-01
-8.4485848900e+02, -3.7815466334e-01
-8.5633842485e+02, +5.5003454810e+01
-8.5513034060e+02, -3.7729723078e-01
-8.5898188677e+02, +5.4288921024e+01
-8.6879084945e+02, -3.7621212551e-01
-9.2307130368e+02, -3.7244001749e-01
-8.4828503671e+02, -3.7786451794e-01
-8.5854917424e+02, -3.7701990331e-01
-8.6537939236e+02, -3.7647743589e-01
-8.6879084945e+02, -3.7621212551e-01
-8.8098097741e+02, +5.4163949333e+01
-8.7901103278e+02, -3.7543891402e-01
-8.8241314369e+02, -3.7518849245e-01
-8.8581300067e+02, -3.7494160509e-01
-8.8921063544e+02, -3.7469818073e-01
-8.9260607908e+02, -3.7445815010e-01
-8.9599936203e+02, -3.7422144571e-01
-8.9939051415e+02, -3.7398800188e-01
-9.0277956470e+02, -3.7375775461e-01
-9.0616654239e+02, -3.7353064158e-01
-9.0955147533e+02, -3.7330660204e-01
-9.1293439113e+02, -3.7308557683e-01
-9.1631531684e+02, -3.7286750825e-01
-9.1969427901e+02, -3.7265234008e-01
-9.2307130368e+02, -3.7244001750e-01
-9.2644641640e+02, -3.7223048704e-01
-9.2981964225e+02, -3.7202369657e-01
-9.3319100583e+02, -3.7181959523e-01
-9.3656053128e+02, -3.7161813341e-01
-9.3992824233e+02, -3.7141926269e-01
-9.4329416223e+02, -3.7122293583e-01
-9.4665831384e+02, -3.7102910670e-01
-9.5002071960e+02, -3.7083773030e-01
-9.5338140154e+02, -3.7064876266e-01
-9.5674038129e+02, -3.7046216088e-01
-9.6009768012e+02, -3.7027788304e-01
-9.6345331889e+02, -3.7009588819e-01
-9.6680731814e+02, -3.6991613634e-01
-9.7015969800e+02, -3.6973858842e-01
-9.7351047829e+02, -3.6956320624e-01
-9.7685967846e+02, -3.6938995249e-01
-9.8020731764e+02, -3.6921879070e-01
-9.8355341464e+02, -3.6904968520e-01
-9.8689798794e+02, -3.6888260114e-01
-9.9024105569e+02, -3.6871750444e-01
-9.9358263578e+02, -3.6855436177e-01
-9.9692274576e+02, -3.6839314051e-01
-1.0002614029e+03, -3.6823380880e-01
-1.0035986242e+03, -3.6807633541e-01
-1.0069344263e+03, -3.6792068985e-01
-1.0102688258e+03, -3.6776684223e-01
-1.0136018387e+03, -3.6761476333e-01
-1.0172322393e+03, +4.8474159220e+01
-1.0129225446e+03, +5.3511123492e+01
-1.0297012156e+03, +5.1138761677e+01
-1.0302466526e+03, -3.6687991920e-01
-1.0335716714e+03, -3.6673787248e-01
-1.0368954098e+03, -3.6659740638e-01
-1.0435391018e+03, -3.6632111780e-01
-1.0494235810e+03, +5.2528042405e+01
-1.0568117316e+03, -3.6578645475e-01
-1.0866069992e+03, -3.6466442346e-01
-9.8020731764e+02, -3.6921879070e-01
-1.0330330428e+03, +5.1404984868e+01
-1.0435391018e+03, -3.6632111780e-01
-1.0501778399e+03, -3.6605086190e-01
-1.0588802560e+03, +5.2508271524e+01
-1.0601268929e+03, -3.6565638899e-01
-1.0634408815e+03, -3.6552771973e-01
-1.0667537100e+03, -3.6540042597e-01
-1.0675040590e+03, +5.0847486548e+01
-1.0900443016e+03, +5.7885998754e+01
-1.0833008778e+03, -3.6478388288e-01
-1.0833008778e+03, -3.6478388288e-01
-1.0866069992e+03, -3.6466442346e-01
-1.0899120435e+03, -3.6454620351e-01
-1.0932160216e+03, -3.6442920507e-01
-1.0965189446e+03, -3.6431341049e-01
-1.0998208234e+03, -3.6419880247e-01
-1.1031216686e+03, -3.6408536404e-01
-1.1064214908e+03, -3.6397307853e-01
-1.1097203003e+03, -3.6386192958e-01
-1.1130181073e+03, -3.6375190114e-01
-1.1163149220e+03, -3.6364297746e-01
-1.1196107543e+03, -3.6353514305e-01
-1.1229056139e+03, -3.6342838274e-01
-1.1261995106e+03, -3.6332268160e-01
-1.1294924540e+03, -3.6321802499e-01
-1.1327844533e+03, -3.6311439853e-01
-1.1360755179e+03, -3.6301178809e-01
-1.1393656569e+03, -3.6291017980e-01
-1.1426548793e+03, -3.6280956002e-01
-1.1459431941e+03, -3.6270991538e-01
-1.1492306100e+03, -3.6261123272e-01
-1.1525171357e+03, -3.6251349912e-01
-1.1558027797e+03, -3.6241670187e-01
-1.1590875505e+03, -3.6232082850e-01
-1.1623714563e+03, -3.6222586676e-01
-1.1656545054e+03, -3.6213180458e-01
-1.1689367060e+03, -3.6203863012e-01
-1.1722180659e+03, -3.6194633175e-01
-1.1754985930e+03, -3.6185489802e-01
-1.1787782952e+03, -3.6176431767e-01
-1.1820571802e+03, -3.6167457965e-01
-1.1853352555e+03, -3.6158567308e-01
-1.1886125286e+03, -3.6149758727e-01
-1.1918890069e+03, -3.6141031169e-01
-1.1951646977e+03, -3.6132383602e-01
-1.1984396082e+03, -3.6123815007e-01
-1.2017137456e+03, -3.6115324385e-01
-1.2049871168e+03, -3.6106910751e-01
-1.2082597288e+03, -3.6098573139e-01
-1.2115315884e+03, -3.6090310595e-01
-1.2148027023e+03, -3.6082122182e-01
-1.2180730774e+03, -3.6074006980e-01
-1.2213427201e+03, -3.6065964082e-01
-1.2246116370e+03, -3.6057992594e-01
-1.2278798346e+03, -3.6050091640e-01
-1.2311473190e+03, -3.6042260355e-01
-1.2344140968e+03, -3.6034497889e-01
-1.2376801739e+03, -3.6026803404e-01
-1.2409455566e+03, -3.6019176077e-01
-1.2442102510e+03, -3.6011615097e-01
-1.2474742629e+03, -3.6004119665e-01
-1.2507375984e+03, -3.5996688996e-01
-1.2540002632e+03, -3.5989322315e-01
-1.2572622630e+03, -3.5982018862e-01
-1.2605236037e+03, -3.5974777885e-01
-1.2637842908e+03, -3.5967598647e-01
-1.2670443299e+03, -3.5960480420e-01
-1.2703037265e+03, -3.5953422487e-01
-1.2735624861e+03, -3.5946424143e-01
-1.2768206139e+03, -3.5939484693e-01
-1.2800781153e+03, -3.5932603453e-01
-1.2833349956e+03, -3.5925779749e-01
-1.2865912599e+03, -3.5919012917e-01
-1.2898469133e+03, -3.5912302302e-01
-1.2931019610e+03, -3.5905647260e-01
-1.2963564079e+03, -3.5899047156e-01
-1.2996102590e+03, -3.5892501364e-01
-1.3028635192e+03, -3.5886009269e-01
-1.3061161933e+03, -3.5879570262e-01
-1.3093682861e+03, -3.5873183745e-01
-1.3126198024e+03, -3.5866849128e-01
-1.3158707467e+03, -3.5860565829e-01
-1.3191211238e+03, -3.5854333277e-01
-1.3223709382e+03, -3.5848150905e-01
-1.3256201945e+03, -3.5842018158e-01
-1.3288688971e+03, -3.5835934487e-01
-1.3321170504e+03, -3.5829899350e-01
-1.3353646588e+03, -3.5823912215e-01
-1.3386117267e+03, -3.5817972556e-01
-1.3418582582e+03, -3.5812079855e-01
-1.3451042578e+03, -3.5806233600e-01
-1.3483497294e+03, -3.5800433288e-01
-1.3515946774e+03, -3.5794678421e-01
-1.3548391057e+03, -3.5788968511e-01
-1.3580830185e+03, -3.5783303074e-01
-1.3613264197e+03, -3.5777681633e-01
-1.3645693133e+03, -3.5772103719e-01
-1.3678117032e+03, -3.5766568868e-01
-1.3710535934e+03, -3.5761076623e-01
-1.3742949876e+03, -3.5755626533e-01
-1.3775358897e+03, -3.5750218153e-01
-1.3807763034e+03, -3.5744851046e-01
-1.3840162324e+03, -3.5739524777e-01
-1.3872556805e+03, -3.5734238920e-01
-1.3904946512e+03, -3.5728993054e-01
-1.3937331482e+03, -3.5723786763e-01
-1.3969711750e+03, -3.5718619638e-01
-1.4002087352e+03, -3.5713491272e-01
-1.4034458323e+03, -3.5708401269e-01
-1.4066824697e+03, -3.5703349232e-01
-1.4099186509e+03, -3.5698334775e-01
-1.4131543792e+03, -3.5693357512e-01
-1.4163896580e+03, -3.5688417065e-01
-1.4196244907e+03, -3.5683513062e-01
-1.4228588804e+03, -3.5678645132e-01
-1.4260928305e+03, -3.5673812912e-01
-1.4293263441e+03, -3.5669016043e-01
-1.4325594246e+03, -3.5664254169e-01
-1.4357920749e+03, -3.5659526942e-01
-1.4400252552e+03, +4.9748994693e+01
-1.4357920749e+03, -3.5659526942e-01
-1.4422560979e+03, -3.5650175046e-01
-1.4454874766e+03, -3.5645549699e-01
-1.4416521450e+03, +5.0364128778e+01
-1.4979093540e+03, +1.2702992498e+02
-1.4700971002e+03, +5.0029880266e+01
-1.4680955966e+03, -3.5614086280e-01
-1.4745514402e+03, -3.5605381064e-01
-1.4713237157e+03, -3.5609718284e-01
-1.4745514402e+03, -3.5605381064e-01
-1.4777787730e+03, -3.5601074322e-01
-1.4810057167e+03, -3.5596797765e-01
-1.4842322741e+03, -3.5592551104e-01
-1.4874584480e+03, -3.5588334052e-01
-1.4906842409e+03, -3.5584146328e-01
-1.4939096555e+03, -3.5579987652e-01
-1.4971346944e+03, -3.5575857748e-01
-1.5003593603e+03, -3.5571756344e-01
-1.5035836557e+03, -3.5567683171e-01
-1.5068075831e+03, -3.5563637963e-01
-1.5014989802e+03, +5.4324370473e+01
-1.5182153307e+03, +4.9292955362e+01
-1.5196996634e+03, -3.5547731577e-01
-1.5229217884e+03, -3.5543822318e-01
-1.5261435603e+03, -3.5539939495e-01
-1.5293649814e+03, -3.5536082864e-01
-1.5370948754e+03, +4.9507420521e+01
-1.5390271636e+03, -3.5524667719e-01
-1.5416451835e+03, +4.9373277831e+01
-1.5486862725e+03, -3.5513479774e-01
-1.5542977151e+03, +5.2421290052e+01
-1.5583993407e+03, +5.0222997960e+01
-1.5677654147e+03, +4.9442504559e+01
-1.5766703329e+03, +4.9281223950e+01
-1.5905083524e+03, -3.5467478363e-01
-1.6162189043e+03, -3.5441034975e-01
-1.6996537104e+03, -3.5363672534e-01
-1.4713237157e+03, -3.5609718284e-01
-1.5164771828e+03, -3.5551667519e-01
-1.5358067807e+03, -3.5528447213e-01
-1.5454669072e+03, -3.5517184229e-01
-1.5550988777e+03, +4.9239488507e+01
-1.5615604090e+03, -3.5498905344e-01
-1.5685072617e+03, +5.1917533374e+01
-1.5712125813e+03, -3.5488223992e-01
-1.5793434337e+03, +5.0384689957e+01
-1.5808618772e+03, -3.5477750157e-01
-1.5840776796e+03, -3.5474304041e-01
-1.5884845325e+03, +6.1504215766e+01
-1.5937232268e+03, -3.5464098410e-01
-1.5969377957e+03, -3.5460740124e-01
-1.6001520612e+03, -3.5457403317e-01
-1.6033660252e+03, -3.5454087802e-01
-1.6065796896e+03, -3.5450793392e-01
-1.6071212122e+03, +4.9336059327e+01
-1.6272959326e+03, +5.4812693874e+01
-1.6093037870e+03, +4.7555997936e+01
-1.6226435840e+03, -3.5434631589e-01
-1.6258554903e+03, -3.5431460036e-01
-1.6290671100e+03, -3.5428308350e-01
-1.6322784450e+03, -3.5425176358e-01
-1.6354894969e+03, -3.5422063895e-01
-1.6387002676e+03, -3.5418970793e-01
-1.6419107587e+03, -3.5415896889e-01
-1.6451209721e+03, -3.5412842021e-01
-1.6483309094e+03, -3.5409806027e-01
-1.6515405724e+03, -3.5406788750e-01
-1.6547499627e+03, -3.5403790031e-01
-1.6579590820e+03, -3.5400809717e-01
-1.6611679320e+03, -3.5397847651e-01
-1.6643765143e+03, -3.5394903684e-01
-1.6675848306e+03, -3.5391977663e-01
-1.6707928824e+03, -3.5389069440e-01
-1.6740006714e+03, -3.5386178868e-01
-1.6836224774e+03, -3.5377611605e-01
-1.6772081992e+03, -3.5383305801e-01
-1.6804154673e+03, -3.5380450094e-01
-1.6804154673e+03, -3.5380450094e-01
-1.6813905237e+03, +4.9283262114e+01
-1.6721961948e+03, +5.1695795230e+01
-1.7821631718e+03, +1.0578922450e+02
-1.7186884932e+03, +5.0200435155e+01
-1.7141782918e+03, +4.9068607522e+01
-1.7156787192e+03, -3.5350143331e-01
-1.7156787192e+03, -3.5350143331e-01
-1.7188829902e+03, -3.5347485230e-01
-1.7220870210e+03, -3.5344842744e-01
-1.7284943674e+03, -3.5339604123e-01
-1.7124742065e+03, -3.5352817175e-01
-1.7248721875e+03, +4.7392462130e+01
-1.7316976859e+03, -3.5337007743e-01
-1.7349007697e+03, -3.5334426486e-01
-1.7381036202e+03, -3.5331860235e-01
-1.7413062387e+03, -3.5329308869e-01
-1.7445086267e+03, -3.5326772273e-01
-1.7477107853e+03, -3.5324250329e-01
-1.7509127161e+03, -3.5321742923e-01
-1.7541144202e+03, -3.5319249941e-01
-1.7573158989e+03, -3.5316771270e-01
-1.7605171536e+03, -3.5314306799e-01
-1.7637181856e+03, -3.5311856416e-01
-1.7669189961e+03, -3.5309420013e-01
-1.7701195863e+03, -3.5306997482e-01
-1.7733199576e+03, -3.5304588714e-01
-1.7765201112e+03, -3.5302193604e-01
-1.7797200482e+03, -3.5299812047e-01
-1.7829197700e+03, -3.5297443938e-01
-1.7861192777e+03, -3.5295089175e-01
-1.7893185726e+03, -3.5292747654e-01
-1.7925176558e+03, -3.5290419276e-01
-1.7957165286e+03, -3.5288103940e-01
-1.7989151920e+03, -3.5285801547e-01
-1.8021136474e+03, -3.5283511998e-01
-1.8053118957e+03, -3.5281235197e-01
-1.8085099383e+03, -3.5278971046e-01
-1.8117077762e+03, -3.5276719451e-01
-1.8149054106e+03, -3.5274480318e-01
-1.8181028425e+03, -3.5272253551e-01
-1.8213000732e+03, -3.5270039060e-01
-1.8244971036e+03, -3.5267836752e-01
-1.8276939350e+03, -3.5265646536e-01
-1.8308905684e+03, -3.5263468321e-01
-1.8340870049e+03, -3.5261302020e-01
-1.8372832456e+03, -3.5259147543e-01
-1.8404792915e+03, -3.5257004803e-01
-1.8436751436e+03, -3.5254873713e-01
-1.8468708032e+03, -3.5252754187e-01
-1.8500662711e+03, -3.5250646141e-01
-1.8532615485e+03, -3.5248549489e-01
-1.8564566363e+03, -3.5246464149e-01
-1.8596515356e+03, -3.5244390037e-01
-1.8628462473e+03, -3.5242327072e-01
-1.8660407726e+03, -3.5240275172e-01
-1.8692351124e+03, -3.5238234257e-01
-1.8724292677e+03, -3.5236204247e-01
-1.8756232394e+03, -3.5234185064e-01
-1.8788170286e+03, -3.5232176628e-01
-1.8820106363e+03, -3.5230178863e-01
-1.8852040633e+03, -3.5228191691e-01
-1.8883973107e+03, -3.5226215037e-01
-1.8915903793e+03, -3.5224248825e-01
-1.8947832702e+03, -3.5222292980e-01
-1.8979759843e+03, -3.5220347428e-01
-1.9011685225e+03, -3.5218412096e-01
-1.9043608857e+03, -3.5216486912e-01
-1.9075530748e+03, -3.5214571802e-01
-1.9107450908e+03, -3.5212666695e-01
-1.9139369346e+03, -3.5210771522e-01
-1.9171286070e+03, -3.5208886211e-01
-1.9203201090e+03, -3.5207010693e-01
-1.9235114414e+03, -3.5205144899e-01
-1.9267026051e+03, -3.5203288761e-01
-1.9298936010e+03, -3.5201442212e-01
-1.9330844299e+03, -3.5199605183e-01
-1.9362750928e+03, -3.5197777610e-01
-1.9394655904e+03, -3.5195959425e-01
-1.9426559236e+03, -3.5194150563e-01
-1.9458460933e+03, -3.5192350961e-01
-1.9490361002e+03, -3.5190560552e-01
-1.9522259453e+03, -3.5188779275e-01
-1.9554156293e+03, -3.5187007066e-01
-1.9586051531e+03, -3.5185243863e-01
-1.9617945174e+03, -3.5183489602e-01
-1.9649837232e+03, -3.5181744224e-01
-1.9681727711e+03, -3.5180007667e-01
-1.9713616620e+03, -3.5178279872e-01
-1.9745503967e+03, -3.5176560777e-01
-1.9777389760e+03, -3.5174850324e-01
-1.9809274005e+03, -3.5173148454e-01
-1.9841156713e+03, -3.5171455109e-01
-1.9873037888e+03, -3.5169770230e-01
-1.9904917541e+03, -3.5168093762e-01
-1.9936795678e+03, -3.5166425646e-01
-1.9968672306e+03, -3.5164765827e-01
-2.0000547433e+03, -3.5163114248e-01
-2.0032421067e+03, -3.5161470855e-01
-2.0064293215e+03, -3.5159835593e-01
-2.0096163885e+03, -3.5158208407e-01
-2.0128033083e+03, -3.5156589243e-01
-2.0159900816e+03, -3.5154978047e-01
-2.0191767093e+03, -3.5153374767e-01
-2.0223631921e+03, -3.5151779351e-01
-2.0255495305e+03, -3.5150191745e-01
-2.0287357254e+03, -3.5148611898e-01
-2.0319217774e+03, -3.5147039760e-01
-2.0351076873e+03, -3.5145475278e-01
-2.0382934557e+03, -3.5143918403e-01
-2.0414790833e+03, -3.5142369085e-01
-2.0446645709e+03, -3.5140827273e-01
-2.0478499190e+03, -3.5139292920e-01
-2.0510351283e+03, -3.5137765976e-01
-2.0542201996e+03, -3.5136246392e-01
-2.0574051334e+03, -3.5134734122e-01
-2.0605899305e+03, -3.5133229116e-01
-2.0637745915e+03, -3.5131731329e-01
-2.0669591171e+03, -3.5130240713e-01
-2.0701435079e+03, -3.5128757221e-01
-2.0733277645e+03, -3.5127280809e-01
+3.3146239774e+02, -1.1066546029e+01
+3.2647240698e+02, -1.9180650867e+01
+3.2232502127e+02, -2.5716540025e+01
+3.1861300482e+02, -3.1412601920e+01
+3.1518150920e+02, -3.6553510203e+01
+3.1195108053e+02, -4.1287117793e+01
+3.0887425579e+02, -4.5702733392e+01
+3.0591988974e+02, -4.9859571998e+01
+3.0306618795e+02, -5.3799477919e+01
+3.0029716690e+02, -5.7553426293e+01
+2.9760067720e+02, -6.1145173177e+01
+2.9496721916e+02, -6.4593454118e+01
+2.9238919282e+02, -6.7913382929e+01
+2.8986040193e+02, -7.1117381560e+01
+2.8737571360e+02, -7.4215820918e+01
+2.8493081770e+02, -7.7217475994e+01
+2.8252205235e+02, -8.0129857490e+01
+2.8014627448e+02, -8.2959458810e+01
+2.7780076198e+02, -8.5711943588e+01
+2.7548313841e+02, -8.8392290465e+01
+2.7319131436e+02, -9.1004906534e+01
+2.7092344097e+02, -9.3553717421e+01
+2.6867787277e+02, -9.6042239669e+01
+2.6645313761e+02, -9.8473639519e+01
+2.6424791208e+02, -1.0085078112e+02
+2.6206100129e+02, -1.0317626642e+02
+2.5989132202e+02, -1.0545246841e+02
+2.5773788866e+02, -1.0768155913e+02
+2.5559980129e+02, -1.0986553325e+02
+2.5347623563e+02, -1.1200622825e+02
+2.5136643444e+02, -1.1410534169e+02
+2.4926970015e+02, -1.1616444598e+02
+2.4718538846e+02, -1.1818500133e+02
+2.4511290286e+02, -1.2016836685e+02
+2.4305168982e+02, -1.2211581034e+02
+2.4100123457e+02, -1.2402851689e+02
+2.3896105744e+02, -1.2590759635e+02
+2.3693071059e+02, -1.2775409006e+02
+2.3490977518e+02, -1.2956897672e+02
+2.3289785876e+02, -1.3135317769e+02
+2.3089459308e+02, -1.3310756162e+02
+2.2889963199e+02, -1.3483294874e+02
+2.2691264972e+02, -1.3653011458e+02
+2.2493333915e+02, -1.3819979336e+02
+2.2296141045e+02, -1.3984268110e+02
+2.2099658969e+02, -1.4145943836e+02
+2.1903861769e+02, -1.4305069277e+02
+2.1708724891e+02, -1.4461704130e+02
+2.1514225050e+02, -1.4615905238e+02
+2.1320340139e+02, -1.4767726776e+02
+2.1127049148e+02, -1.4917220426e+02
+2.0934332088e+02, -1.5064435537e+02
+2.0742169927e+02, -1.5209419269e+02
+2.0550544524e+02, -1.5352216732e+02
+2.0359438575e+02, -1.5492871102e+02
+2.0168835557e+02, -1.5631423742e+02
+1.9978719682e+02, -1.5767914303e+02
+1.9789075851e+02, -1.5902380824e+02
+1.9599889613e+02, -1.6034859818e+02
+1.9411147128e+02, -1.6165386362e+02
+1.9222835130e+02, -1.6293994169e+02
+1.9034940897e+02, -1.6420715663e+02
+1.8847452215e+02, -1.6545582045e+02
+1.8660357356e+02, -1.6668623356e+02
+1.8473645048e+02, -1.6789868538e+02
+1.8287304450e+02, -1.6909345482e+02
+1.8101325132e+02, -1.7027081087e+02
+1.7915697052e+02, -1.7143101303e+02
+1.7730410535e+02, -1.7257431175e+02
+1.7545456256e+02, -1.7370094891e+02
+1.7360825221e+02, -1.7481115812e+02
+1.7176508753e+02, -1.7590516520e+02
+1.6992498473e+02, -1.7698318843e+02
+1.6808786289e+02, -1.7804543895e+02
+1.6625364379e+02, -1.7909212102e+02
+1.6442225181e+02, -1.8012343233e+02
+1.6259361381e+02, -1.8113956431e+02
+1.6076765900e+02, -1.8214070231e+02
+1.5894431882e+02, -1.8312702593e+02
+1.5712352687e+02, -1.8409870920e+02
+1.5530521882e+02, -1.8505592080e+02
+1.5348933228e+02, -1.8599882431e+02
+1.5167580674e+02, -1.8692757836e+02
+1.4986458348e+02, -1.8784233684e+02
+1.4805560552e+02, -1.8874324907e+02
+1.4624881750e+02, -1.8963045997e+02
+1.4444416566e+02, -1.9050411024e+02
+1.4264159773e+02, -1.9136433648e+02
+1.4084106290e+02, -1.9221127134e+02
+1.3904251176e+02, -1.9304504367e+02
+1.3724589622e+02, -1.9386577867e+02
+1.3545116948e+02, -1.9467359795e+02
+1.3365828596e+02, -1.9546861973e+02
+1.3186720127e+02, -1.9625095889e+02
+1.3007787216e+02, -1.9702072710e+02
+1.2829025646e+02, -1.9777803294e+02
+1.2650431306e+02, -1.9852298198e+02
+1.2472000185e+02, -1.9925567686e+02
+1.2293728371e+02, -1.9997621741e+02
+1.2115612043e+02, -2.0068470074e+02
+1.1937647472e+02, -2.0138122127e+02
+1.1759831014e+02, -2.0206587086e+02
+1.1582159110e+02, -2.0273873888e+02
+1.1404628281e+02, -2.0339991225e+02
+1.1227235124e+02, -2.0404947554e+02
+1.1049976313e+02, -2.0468751103e+02
+1.0872848591e+02, -2.0531409876e+02
+1.0695848774e+02, -2.0592931660e+02
+1.0518973742e+02, -2.0653324032e+02
+1.0342220439e+02, -2.0712594360e+02
+1.0165585875e+02, -2.0770749816e+02
+9.9890671153e+01, -2.0827797373e+02
+9.8126612862e+01, -2.0883743817e+02
+9.6363655686e+01, -2.0938595745e+02
+9.4601771972e+01, -2.0992359575e+02
+9.2840934589e+01, -2.1045041547e+02
+9.1081116906e+01, -2.1096647731e+02
+8.9322292775e+01, -2.1147184025e+02
+8.7564436516e+01, -2.1196656164e+02
+8.5807522898e+01, -2.1245069723e+02
+8.4051527125e+01, -2.1292430117e+02
+8.2296424818e+01, -2.1338742608e+02
+8.0542192006e+01, -2.1384012309e+02
+7.8788805104e+01, -2.1428244183e+02
+7.7036240907e+01, -2.1471443050e+02
+7.5284476570e+01, -2.1513613586e+02
+7.3533489599e+01, -2.1554760330e+02
+7.1783257838e+01, -2.1594887686e+02
+7.0033759455e+01, -2.1633999920e+02
+6.8284972934e+01, -2.1672101172e+02
+6.6536877057e+01, -2.1709195449e+02
+6.4789450902e+01, -2.1745286634e+02
+6.3042673823e+01, -2.1780378485e+02
+6.1296525445e+01, -2.1814474637e+02
+5.9550985655e+01, -2.1847578605e+02
+5.7806034585e+01, -2.1879693788e+02
+5.6061652611e+01, -2.1910823464e+02
+5.4317820339e+01, -2.1940970801e+02
+5.2574518594e+01, -2.1970138851e+02
+5.0831728417e+01, -2.1998330557e+02
+4.9089431050e+01, -2.2025548749e+02
+4.7347607932e+01, -2.2051796152e+02
+4.5606240687e+01, -2.2077075382e+02
+4.3865311122e+01, -2.2101388951e+02
+4.2124801210e+01, -2.2124739266e+02
+4.0384693090e+01, -2.2147128632e+02
+3.8644969057e+01, -2.2168559249e+02
+3.6905611551e+01, -2.2189033221e+02
+3.5166603156e+01, -2.2208552549e+02
+3.3427926589e+01, -2.2227119137e+02
+3.1689564691e+01, -2.2244734791e+02
+2.9951500425e+01, -2.2261401219e+02
+2.8213716866e+01, -2.2277120036e+02
+2.6476197194e+01, -2.2291892758e+02
+2.4738924689e+01, -2.2305720811e+02
+2.3001882725e+01, -2.2318605524e+02
+2.1265054760e+01, -2.2330548134e+02
+1.9528424333e+01, -2.2341549786e+02
+1.7791975056e+01, -2.2351611533e+02
+1.6055690609e+01, -2.2360734336e+02
+1.4319554734e+01, -2.2368919067e+02
+1.2583551226e+01, -2.2376166504e+02
+1.0847663930e+01, -2.2382477340e+02
+9.1118767335e+00, -2.2387852173e+02
+7.3761735618e+00, -2.2392291514e+02
+5.6405383705e+00, -2.2395795787e+02
+3.9049551402e+00, -2.2398365322e+02
+2.1694078709e+00, -2.2400000365e+02
+4.3388057558e-01, -2.2400701069e+02
-1.3016427253e+00, -2.2400467503e+02
-3.0371780099e+00, -2.2399299643e+02
-4.7727412606e+00, -2.2397197379e+02
-6.5083484704e+00, -2.2394160511e+02
-8.2440156480e+00, -2.2390188751e+02
-9.9797588246e+00, -2.2385281722e+02
-1.1715594059e+01, -2.2379438958e+02
-1.3451537445e+01, -2.2372659902e+02
-1.5187605114e+01, -2.2364943910e+02
-1.6923813246e+01, -2.2356290246e+02
-1.8660178072e+01, -2.2346698086e+02
-2.0396715880e+01, -2.2336166512e+02
-2.2133443023e+01, -2.2324694518e+02
-2.3870375925e+01, -2.2312281006e+02
-2.5607531087e+01, -2.2298924783e+02
-2.7344925091e+01, -2.2284624568e+02
-2.9082574611e+01, -2.2269378982e+02
-3.0820496414e+01, -2.2253186555e+02
-3.2558707374e+01, -2.2236045722e+02
-3.4297224469e+01, -2.2217954820e+02
-3.6036064798e+01, -2.2198912094e+02
-3.7775245580e+01, -2.2178915688e+02
-3.9514784163e+01, -2.2157963650e+02
-4.1254698036e+01, -2.2136053928e+02
-4.2995004829e+01, -2.2113184369e+02
-4.4735722325e+01, -2.2089352721e+02
-4.6476868467e+01, -2.2064556629e+02
-4.8218461362e+01, -2.2038793633e+02
-4.9960519297e+01, -2.2012061169e+02
-5.1703060737e+01, -2.1984356567e+02
-5.3446104341e+01, -2.1955677051e+02
-5.5189668966e+01, -2.1926019732e+02
-5.6933773679e+01, -2.1895381614e+02
-5.8678437762e+01, -2.1863759587e+02
-6.0423680724e+01, -2.1831150429e+02
-6.2169522310e+01, -2.1797550801e+02
-6.3915982507e+01, -2.1762957246e+02
-6.5663081561e+01, -2.1727366190e+02
-6.7410839979e+01, -2.1690773937e+02
-6.9159278545e+01, -2.1653176665e+02
-7.0908418326e+01, -2.1614570431e+02
-7.2658280689e+01, -2.1574951162e+02
-7.4408887306e+01, -2.1534314654e+02
-7.6160260170e+01, -2.1492656572e+02
-7.7912421604e+01, -2.1449972447e+02
-7.9665394275e+01, -2.1406257670e+02
-8.1419201208e+01, -2.1361507494e+02
-8.3173865796e+01, -2.1315717027e+02
-8.4929411814e+01, -2.1268881233e+02
-8.6685863437e+01, -2.1220994924e+02
-8.8443245249e+01, -2.1172052762e+02
-9.0201582262e+01, -2.1122049252e+02
-9.1960899930e+01, -2.1070978740e+02
-9.3721224165e+01, -2.1018835410e+02
-9.5482581354e+01, -2.0965613278e+02
-9.7244998375e+01, -2.0911306190e+02
-9.9008502620e+01, -2.0855907818e+02
-1.0077312200e+02, -2.0799411654e+02
-1.0253888499e+02, -2.0741811007e+02
-1.0430582063e+02, -2.0683098998e+02
-1.0607395852e+02, -2.0623268557e+02
-1.0784332891e+02, -2.0562312413e+02
-1.0961396266e+02, -2.0500223095e+02
-1.1138589130e+02, -2.0436992921e+02
-1.1315914703e+02, -2.0372613996e+02
-1.1493376276e+02, -2.0307078205e+02
-1.1670977212e+02, -2.0240377208e+02
-1.1848720953e+02, -2.0172502429e+02
-1.2026611018e+02, -2.0103445055e+02
-1.2204651006e+02, -2.0033196027e+02
-1.2382844606e+02, -1.9961746030e+02
-1.2561195590e+02, -1.9889085488e+02
-1.2739707825e+02, -1.9815204558e+02
-1.2918385272e+02, -1.9740093115e+02
-1.3097231992e+02, -1.9663740750e+02
-1.3276252149e+02, -1.9586136758e+02
-1.3455450011e+02, -1.9507270127e+02
-1.3634829963e+02, -1.9427129531e+02
-1.3814396500e+02, -1.9345703315e+02
-1.3994154241e+02, -1.9262979491e+02
-1.4174107930e+02, -1.9178945719e+02
-1.4354262441e+02, -1.9093589298e+02
-1.4534622786e+02, -1.9006897155e+02
-1.4715194116e+02, -1.8918855829e+02
-1.4895981734e+02, -1.8829451457e+02
-1.5076991092e+02, -1.8738669761e+02
-1.5258227809e+02, -1.8646496029e+02
-1.5439697669e+02, -1.8552915104e+02
-1.5621406630e+02, -1.8457911362e+02
-1.5803360838e+02, -1.8361468694e+02
-1.5985566628e+02, -1.8263570492e+02
-1.6168030534e+02, -1.8164199620e+02
-1.6350759305e+02, -1.8063338401e+02
-1.6533759904e+02, -1.7960968591e+02
-1.6717039528e+02, -1.7857071353e+02
-1.6900605614e+02, -1.7751627236e+02
-1.7084465852e+02, -1.7644616144e+02
-1.7268628197e+02, -1.7536017312e+02
-1.7453100883e+02, -1.7425809272e+02
-1.7637892435e+02, -1.7313969824e+02
-1.7823011689e+02, -1.7200476001e+02
-1.8008467800e+02, -1.7085304033e+02
-1.8194270267e+02, -1.6968429309e+02
-1.8380428946e+02, -1.6849826336e+02
-1.8566954070e+02, -1.6729468696e+02
-1.8753856273e+02, -1.6607329001e+02
-1.8941146606e+02, -1.6483378839e+02
-1.9128836568e+02, -1.6357588727e+02
-1.9316938126e+02, -1.6229928052e+02
-1.9505463743e+02, -1.6100365008e+02
-1.9694426411e+02, -1.5968866537e+02
-1.9883839679e+02, -1.5835398252e+02
-2.0073717686e+02, -1.5699924368e+02
-2.0264075204e+02, -1.5562407621e+02
-2.0454927669e+02, -1.5422809177e+02
-2.0646291231e+02, -1.5281088542e+02
-2.0838182799e+02, -1.5137203459e+02
-2.1030620087e+02, -1.4991109801e+02
-2.1223621676e+02, -1.4842761450e+02
-2.1417207067e+02, -1.4692110167e+02
-2.1611396749e+02, -1.4539105456e+02
-2.1806212274e+02, -1.4383694409e+02
-2.2001676325e+02, -1.4225821542e+02
-2.2197812811e+02, -1.4065428607e+02
-2.2394646955e+02, -1.3902454403e+02
-2.2592205397e+02, -1.3736834549e+02
-2.2790516312e+02, -1.3568501250e+02
-2.2989609528e+02, -1.3397383031e+02
-2.3189516671e+02, -1.3223404443e+02
-2.3390271315e+02, -1.3046485744e+02
-2.3591909157e+02, -1.2866542540e+02
-2.3794468206e+02, -1.2683485385e+02
-2.3997988994e+02, -1.2497219339e+02
-2.4202514823e+02, -1.2307643469e+02
-2.4408092031e+02, -1.2114650293e+02
-2.4614770295e+02, -1.1918125155e+02
-2.4822602982e+02, -1.1717945508e+02
-2.5031647538e+02, -1.1513980122e+02
-2.5241965939e+02, -1.1306088162e+02
-2.5453625205e+02, -1.1094118145e+02
-2.5666697991e+02, -1.0877906745e+02
-2.5881263273e+02, -1.0657277411e+02
-2.6097407145e+02, -1.0432038766e+02
-2.6315223748e+02, -1.0201982748e+02
-2.6534816362e+02, -9.9668824253e+01
-2.6756298700e+02, -9.7264894308e+01
-2.6979796449e+02, -9.4805309135e+01
-2.7205449106e+02, -9.2287059000e+01
-2.7433412216e+02, -8.9706809138e+01
-2.7663860079e+02, -8.7060846579e+01
-2.7896989093e+02, -8.4345015007e+01
-2.8133021901e+02, -8.1554634120e+01
-2.8372212603e+02, -7.8684398699e+01
-2.8614853395e+02, -7.5728250676e+01
-2.8861283131e+02, -7.2679214683e+01
-2.9111898547e+02, -6.9529183321e+01
-3.3635040608e+02, +1.1632768845e+02
-2.9627658199e+02, -6.2886230032e+01
-4.2752942340e+02, +7.8579175708e+01
-4.2313705614e+02, +7.9631680540e+01
-4.1874200854e+02, +8.0744629235e+01
-3.5414038793e+02, +1.0610147178e+02
-3.5790834171e+02, +1.0409802966e+02
-3.6174772575e+02, +1.0212139867e+02
-3.6565785895e+02, +1.0017768307e+02
-3.6963735756e+02, +9.8273048033e+01
-3.7368436774e+02, +9.6413519991e+01
-3.7779788230e+02, +9.4604704885e+01
-3.8199913352e+02, +9.2855601429e+01
-3.7988153954e+02, +9.3721015020e+01
-3.7573255265e+02, +9.5502524829e+01
-3.6763888240e+02, +9.9220177149e+01
           NaN, -7.8262761544e+02
           NaN, -8.0982542684e+02
           NaN, -8.3606124100e+02
           NaN, -8.6136347710e+02
           NaN, -8.8575930736e+02
           NaN, -9.0927496887e+02
           NaN, -9.3193598557e+02
           NaN, -9.5376732609e+02
           NaN, -9.7479351318e+02
           NaN, -9.9503869263e+02
           NaN, -1.0145266748e+03
           NaN, -1.0332809576e+03
           NaN, -1.0513247315e+03
           NaN, -1.0686808768e+03
           NaN, -1.0853719471e+03
           NaN, -1.1014201572e+03
           NaN, -1.1168473591e+03
           NaN, -1.1316750236e+03
           NaN, -1.1459242173e+03
           NaN, -1.1596155835e+03
           NaN, -1.1727693205e+03
           NaN, -1.1854051662e+03
           NaN, -1.1975423836e+03
           NaN, -1.2091997448e+03
           NaN, -1.2203955227e+03
           NaN, -1.2311474829e+03
-2.4995033831e+02, +1.7270106444e+02
           NaN, -1.2513884345e+03
-2.4528461001e+02, +1.7560283585e+02
-2.4297273000e+02, +1.7702552267e+02
-2.4067415068e+02, +1.7842971372e+02
-2.3838838765e+02, +1.7981563424e+02
-2.3611498036e+02, +1.8118350701e+02
-2.3385349055e+02, +1.8253355200e+02
-2.3160350097e+02, +1.8386598613e+02
-2.2936461406e+02, +1.8518102301e+02
-2.2713645075e+02, +1.8647887276e+02
-2.2491864942e+02, +1.8775974187e+02
-2.2271086483e+02, +1.8902383311e+02
-2.2051276715e+02, +1.9027134542e+02
-2.1832404115e+02, +1.9150247390e+02
-2.1614438528e+02, +1.9271740973e+02
-2.1397351096e+02, +1.9391634020e+02
-2.1181114182e+02, +1.9509944867e+02
-2.0965701307e+02, +1.9626691463e+02
-2.0751087081e+02, +1.9741891369e+02
-2.0537247151e+02, +1.9855561762e+02
-2.0324158138e+02, +1.9967719443e+02
-2.0111797595e+02, +2.0078380835e+02
-1.9900143948e+02, +2.0187561994e+02
-1.9689176461e+02, +2.0295278613e+02
-1.9478875184e+02, +2.0401546029e+02
-1.9269220921e+02, +2.0506379226e+02
-1.9060195187e+02, +2.0609792846e+02
-1.8851780174e+02, +2.0711801193e+02
-1.8643958720e+02, +2.0812418240e+02
           NaN, -1.4184051403e+03
           NaN, -1.4214756343e+03
           NaN, -1.4244361334e+03
-1.7818286102e+02, +2.1201241712e+02
           NaN, -1.4300451222e+03
-1.7408607328e+02, +2.1387645808e+02
-1.7204508239e+02, +2.1478888676e+02
-1.7000885209e+02, +2.1568840948e+02
-1.6797725664e+02, +2.1657513924e+02
           NaN, -1.4424371419e+03
           NaN, -1.4446653924e+03
           NaN, -1.4468179821e+03
           NaN, -1.4488979274e+03
           NaN, -1.4509081130e+03
           NaN, -1.4528512939e+03
           NaN, -1.4547301030e+03
           NaN, -1.4565470585e+03
           NaN, -1.4583045638e+03
           NaN, -1.4600049176e+03
           NaN, -1.4616503194e+03
           NaN, -1.4632428669e+03
           NaN, -1.4647845712e+03
           NaN, -1.4662773498e+03
           NaN, -1.4677230395e+03
           NaN, -1.4691233946e+03
           NaN, -1.4704800958e+03
           NaN, -1.4717947494e+03
           NaN, -1.4730688905e+03
           NaN, -1.4743039891e+03
           NaN, -1.4755014529e+03
           NaN, -1.4766626284e+03
           NaN, -1.4777888016e+03
           NaN, -1.4788812084e+03
           NaN, -1.4799410299e+03
           NaN, -1.4809693957e+03
           NaN, -1.4819673920e+03
           NaN, -1.4829360534e+03
           NaN, -1.4838763775e+03
           NaN, -1.4847893154e+03
           NaN, -1.4856757821e+03
           NaN, -1.4865366539e+03
           NaN, -1.4873727707e+03
           NaN, -1.4881849396e+03
           NaN, -1.4889739309e+03
           NaN, -1.4897404908e+03
           NaN, -1.4904853302e+03
           NaN, -1.4912091318e+03
           NaN, -1.4919125552e+03
           NaN, -1.4925962309e+03
           NaN, -1.4932607656e+03
           NaN, -1.4939067444e+03
           NaN, -1.4945347258e+03
           NaN, -1.4951452507e+03
           NaN, -1.4957388386e+03
           NaN, -1.4963159902e+03
           NaN, -1.4968771852e+03
           NaN, -1.4974228904e+03
           NaN, -1.4979535487e+03
           NaN, -1.4984695952e+03
           NaN, -1.4989714434e+03
           NaN, -1.4994594932e+03
           NaN, -1.4999341351e+03
           NaN, -1.5003957400e+03
           NaN, -1.5008446689e+03
           NaN, -1.5012812717e+03
           NaN, -1.5017058873e+03
           NaN, -1.5021188387e+03
           NaN, -1.5025204443e+03
           NaN, -1.5029110080e+03
           NaN, -1.5032908281e+03
           NaN, -1.5036601898e+03
           NaN, -1.5040193732e+03
           NaN, -1.5043686464e+03
           NaN, -1.5047082718e+03
           NaN, -1.5050385054e+03
           NaN, -1.5053595911e+03
           NaN, -1.5056717720e+03
           NaN, -1.5059752795e+03
           NaN, -1.5062703422e+03
           NaN, -1.5065571793e+03
           NaN, -1.5068360072e+03
           NaN, -1.5071070335e+03
           NaN, -1.5073704654e+03
           NaN, -1.5076264982e+03
           NaN, -1.5078753277e+03
           NaN, -1.5081171429e+03
           NaN, -1.5083521273e+03
           NaN, -1.5085804602e+03
           NaN, -1.5088023172e+03
-3.3473674984e+02, -5.5874402763e+00
-3.2881218519e+02, -1.5410762727e+01
-3.2432902142e+02, -2.2581468771e+01
-3.2042692217e+02, -2.8646958123e+01
-3.1686819622e+02, -3.4041314693e+01
-3.1354463007e+02, -3.8964721453e+01
-3.1039569122e+02, -4.3530460625e+01
-3.0738329484e+02, -4.7810572600e+01
-3.0448156270e+02, -5.1854502979e+01
-3.0167192492e+02, -5.5698073632e+01
-2.9894050112e+02, -5.9368305552e+01
-2.9627658199e+02, -6.2886230032e+01
-2.9367169261e+02, -6.6268631689e+01
-2.9111898547e+02, -6.9529183321e+01
-2.8861283131e+02, -7.2679214683e+01
-2.8614853395e+02, -7.5728250676e+01
-2.8372212603e+02, -7.8684398699e+01
-2.8133021901e+02, -8.1554634120e+01
-2.7896989093e+02, -8.4345015007e+01
-2.7663860079e+02, -8.7060846579e+01
-2.7433412216e+02, -8.9706809138e+01
-2.7205449106e+02, -9.2287059000e+01
-2.6979796449e+02, -9.4805309135e+01
-2.6756298700e+02, -9.7264894308e+01
-2.6534816362e+02, -9.9668824253e+01
-2.6315223748e+02, -1.0201982748e+02
-2.6097407145e+02, -1.0432038766e+02
-2.5881263273e+02, -1.0657277411e+02
-2.5666697991e+02, -1.0877906745e+02
-2.5453625205e+02, -1.1094118145e+02
-2.5241965939e+02, -1.1306088162e+02
-2.5031647538e+02, -1.1513980122e+02
-2.4822602982e+02, -1.1717945508e+02
-2.4614770295e+02, -1.1918125155e+02
-2.4408092031e+02, -1.2114650293e+02
-2.4202514823e+02, -1.2307643469e+02
-2.3997988994e+02, -1.2497219339e+02
-2.3794468206e+02, -1.2683485385e+02
-2.3591909157e+02, -1.2866542540e+02
-2.3390271315e+02, -1.3046485744e+02
-2.3189516671e+02, -1.3223404443e+02
-2.2989609528e+02, -1.3397383031e+02
-2.2790516312e+02, -1.3568501250e+02
-2.2592205397e+02, -1.3736834549e+02
-2.2394646955e+02, -1.3902454403e+02
-2.2197812811e+02, -1.4065428607e+02
-2.2001676325e+02, -1.4225821542e+02
-2.1806212274e+02, -1.4383694409e+02
-2.1611396749e+02, -1.4539105456e+02
-2.1417207067e+02, -1.4692110167e+02
-2.1223621676e+02, -1.4842761450e+02
-2.1030620087e+02, -1.4991109801e+02
-2.0838182799e+02, -1.5137203459e+02
-2.0646291231e+02, -1.5281088542e+02
-2.0454927669e+02, -1.5422809177e+02
-2.0264075204e+02, -1.5562407621e+02
-2.0073717686e+02, -1.5699924368e+02
-1.9883839679e+02, -1.5835398252e+02
-1.9694426411e+02, -1.5968866537e+02
-1.9505463743e+02, -1.6100365008e+02
-1.9316938126e+02, -1.6229928052e+02
-1.9128836568e+02, -1.6357588727e+02
-1.8941146606e+02, -1.6483378839e+02
-1.8753856273e+02, -1.6607329001e+02
-1.8566954070e+02, -1.6729468696e+02
-1.8380428946e+02, -1.6849826336e+02
-1.8194270267e+02, -1.6968429309e+02
-1.8008467800e+02, -1.7085304033e+02
-1.7823011689e+02, -1.7200476001e+02
-1.7637892435e+02, -1.7313969824e+02
-1.7453100883e+02, -1.7425809272e+02
-1.7268628197e+02, -1.7536017312e+02
-1.7084465852e+02, -1.7644616144e+02
-1.6900605614e+02, -1.7751627236e+02
-1.6717039528e+02, -1.7857071353e+02
-1.6533759904e+02, -1.7960968591e+02
-1.6350759305e+02, -1.8063338401e+02
-1.6168030534e+02, -1.8164199620e+02
-1.5985566628e+02, -1.8263570492e+02
-1.5803360838e+02, -1.8361468694e+02
-1.5621406630e+02, -1.8457911362e+02
-1.5439697669e+02, -1.8552915104e+02
-1.5258227809e+02, -1.8646496029e+02
-1.5076991092e+02, -1.8738669761e+02
-1.4895981734e+02, -1.8829451457e+02
-1.4715194116e+02, -1.8918855829e+02
-1.4534622786e+02, -1.9006897155e+02
-1.4354262441e+02, -1.9093589298e+02
-1.4174107930e+02, -1.9178945719e+02
-1.3994154241e+02, -1.9262979491e+02
-1.3814396500e+02, -1.9345703315e+02
-1.3634829963e+02, -1.9427129531e+02
-1.3455450011e+02, -1.9507270127e+02
-1.3276252149e+02, -1.9586136758e+02
-1.3097231992e+02, -1.9663740750e+02
-1.2918385272e+02, -1.9740093115e+02
-1.2739707825e+02, -1.9815204558e+02
-1.2561195590e+02, -1.9889085488e+02
-1.2382844606e+02, -1.9961746030e+02
-1.2204651006e+02, -2.0033196027e+02
-1.2026611018e+02, -2.0103445055e+02
-1.1848720953e+02, -2.0172502429e+02
-1.1670977212e+02, -2.0240377208e+02
-1.1493376276e+02, -2.0307078205e+02
-1.1315914703e+02, -2.0372613996e+02
-1.1138589130e+02, -2.0436992921e+02
-1.0961396266e+02, -2.0500223095e+02
-1.0784332891e+02, -2.0562312413e+02
-1.0607395852e+02, -2.0623268557e+02
-1.0430582063e+02, -2.0683098998e+02
-1.0253888499e+02, -2.0741811007e+02
-1.0077312200e+02, -2.0799411654e+02
-9.9008502620e+01, -2.0855907818e+02
-9.7244998375e+01, -2.0911306190e+02
-9.5482581354e+01, -2.0965613278e+02
-9.3721224165e+01, -2.1018835410e+02
-9.1960899930e+01, -2.1070978740e+02
-9.0201582262e+01, -2.1122049252e+02
-8.8443245249e+01, -2.1172052762e+02
-8.6685863437e+01, -2.1220994924e+02
-8.4929411814e+01, -2.1268881233e+02
-8.3173865796e+01, -2.1315717027e+02
-8.1419201208e+01, -2.1361507494e+02
-7.9665394275e+01, -2.1406257670e+02
-7.7912421604e+01, -2.1449972447e+02
-7.6160260170e+01, -2.1492656572e+02
-7.4408887306e+01, -2.1534314654e+02
-7.2658280689e+01, -2.1574951162e+02
-7.0908418326e+01, -2.1614570431e+02
-6.9159278545e+01, -2.1653176665e+02
-6.7410839979e+01, -2.1690773937e+02
-6.5663081561e+01, -2.1727366190e+02
-6.3915982507e+01, -2.1762957246e+02
-6.2169522310e+01, -2.1797550801e+02
-6.0423680724e+01, -2.1831150429e+02
-5.8678437762e+01, -2.1863759587e+02
-5.6933773679e+01, -2.1895381614e+02
-5.5189668966e+01, -2.1926019732e+02
-5.3446104341e+01, -2.1955677051e+02
-5.1703060737e+01, -2.1984356567e+02
-4.9960519297e+01, -2.2012061169e+02
-4.8218461362e+01, -2.2038793633e+02
-4.6476868467e+01, -2.2064556629e+02
-4.4735722325e+01, -2.2089352721e+02
-4.2995004829e+01, -2.2113184369e+02
-4.1254698036e+01, -2.2136053928e+02
-3.9514784163e+01, -2.2157963650e+02
-3.7775245580e+01, -2.2178915688e+02
-3.6036064798e+01, -2.2198912094e+02
-3.4297224469e+01, -2.2217954820e+02
-3.2558707374e+01, -2.2236045722e+02
-3.0820496414e+01, -2.2253186555e+02
-2.9082574611e+01, -2.2269378982e+02
-2.7344925091e+01, -2.2284624568e+02
-2.5607531087e+01, -2.2298924783e+02
-2.3870375925e+01, -2.2312281006e+02
-2.2133443023e+01, -2.2324694518e+02
-2.0396715880e+01, -2.2336166512e+02
-1.8660178072e+01, -2.2346698086e+02
-1.6923813246e+01, -2.2356290246e+02
-1.5187605114e+01, -2.2364943910e+02
-1.3451537445e+01, -2.2372659902e+02
-1.1715594059e+01, -2.2379438958e+02
-9.9797588246e+00, -2.2385281722e+02
-8.2440156480e+00, -2.2390188751e+02
-6.5083484704e+00, -2.2394160511e+02
-4.7727412606e+00, -2.2397197379e+02
-3.0371780099e+00, -2.2399299643e+02
-1.3016427253e+00, -2.2400467503e+02
+4.3388057558e-01, -2.2400701069e+02
+2.1694078709e+00, -2.2400000365e+02
+3.9049551402e+00, -2.2398365322e+02
+5.6405383705e+00, -2.2395795787e+02
+7.3761735618e+00, -2.2392291514e+02
+9.1118767335e+00, -2.2387852173e+02
+1.0847663930e+01, -2.2382477340e+02
+1.2583551226e+01, -2.2376166504e+02
+1.4319554734e+01, -2.2368919067e+02
+1.6055690609e+01, -2.2360734336e+02
+1.7791975056e+01, -2.2351611533e+02
+1.9528424333e+01, -2.2341549786e+02
+2.1265054760e+01, -2.2330548134e+02
+2.3001882725e+01, -2.2318605524e+02
+2.4738924689e+01, -2.2305720811e+02
+2.6476197194e+01, -2.2291892758e+02
+2.8213716866e+01, -2.2277120036e+02
+2.9951500425e+01, -2.2261401219e+02
+3.1689564691e+01, -2.2244734791e+02
+3.3427926589e+01, -2.2227119137e+02
+3.5166603156e+01, -2.2208552549e+02
+3.6905611551e+01, -2.2189033221e+02
+3.8644969057e+01, -2.2168559249e+02
+4.0384693090e+01, -2.2147128632e+02
+4.2124801210e+01, -2.2124739266e+02
+4.3865311122e+01, -2.2101388951e+02
+4.5606240687e+01, -2.2077075382e+02
+4.7347607932e+01, -2.2051796152e+02
+4.9089431050e+01, -2.2025548749e+02
+5.0831728417e+01, -2.1998330557e+02
+5.2574518594e+01, -2.1970138851e+02
+5.4317820339e+01, -2.1940970801e+02
+5.6061652611e+01, -2.1910823464e+02
+5.7806034585e+01, -2.1879693788e+02
+5.9550985655e+01, -2.1847578605e+02
+6.1296525445e+01, -2.1814474637e+02
+6.3042673823e+01, -2.1780378485e+02
+6.4789450902e+01, -2.1745286634e+02
+6.6536877057e+01, -2.1709195449e+02
+6.8284972934e+01, -2.1672101172e+02
+7.0033759455e+01, -2.1633999920e+02
+7.1783257838e+01, -2.1594887686e+02
+7.3533489599e+01, -2.1554760330e+02
+7.5284476570e+01, -2.1513613586e+02
+7.7036240907e+01, -2.1471443050e+02
+7.8788805104e+01, -2.1428244183e+02
+8.0542192006e+01, -2.1384012309e+02
+8.2296424818e+01, -2.1338742608e+02
+8.4051527125e+01, -2.1292430117e+02
+8.5807522898e+01, -2.1245069723e+02
+8.7564436516e+01, -2.1196656164e+02
+8.9322292775e+01, -2.1147184025e+02
+9.1081116906e+01, -2.1096647731e+02
+9.2840934589e+01, -2.1045041547e+02
+9.4601771972e+01, -2.0992359575e+02
+9.6363655686e+01, -2.0938595745e+02
+9.8126612862e+01, -2.0883743817e+02
+9.9890671153e+01, -2.0827797373e+02
+1.0165585875e+02, -2.0770749816e+02
+1.0342220439e+02, -2.0712594360e+02
+1.0518973742e+02, -2.0653324032e+02
+1.0695848774e+02, -2.0592931660e+02
+1.0872848591e+02, -2.0531409876e+02
+1.1049976313e+02, -2.0468751103e+02
+1.1227235124e+02, -2.0404947554e+02
+1.1404628281e+02, -2.0339991225e+02
+1.1582159110e+02, -2.0273873888e+02
+1.1759831014e+02, -2.0206587086e+02
+1.1937647472e+02, -2.0138122127e+02
+1.2115612043e+02, -2.0068470074e+02
+1.2293728371e+02, -1.9997621741e+02
+1.2472000185e+02, -1.9925567686e+02
+1.2650431306e+02, -1.9852298198e+02
+1.2829025646e+02, -1.9777803294e+02
+1.3007787216e+02, -1.9702072710e+02
+1.3186720127e+02, -1.9625095889e+02
+1.3365828596e+02, -1.9546861973e+02
+1.3545116948e+02, -1.9467359795e+02
+1.3724589622e+02, -1.9386577867e+02
+1.3904251176e+02, -1.9304504367e+02
+1.4084106290e+02, -1.9221127134e+02
+1.4264159773e+02, -1.9136433648e+02
+1.4444416566e+02, -1.9050411024e+02
+1.4624881750e+02, -1.8963045997e+02
+1.4805560552e+02, -1.8874324907e+02
+1.4986458348e+02, -1.8784233684e+02
+1.5167580674e+02, -1.8692757836e+02
+1.5348933228e+02, -1.8599882431e+02
+1.5530521882e+02, -1.8505592080e+02
+1.5712352687e+02, -1.8409870920e+02
+1.5894431882e+02, -1.8312702593e+02
+1.6076765900e+02, -1.8214070231e+02
+1.6259361381e+02, -1.8113956431e+02
+1.6442225181e+02, -1.8012343233e+02
+1.6625364379e+02, -1.7909212102e+02
+1.6808786289e+02, -1.7804543895e+02
+1.6992498473e+02, -1.7698318843e+02
+1.7176508753e+02, -1.7590516520e+02
+1.7360825221e+02, -1.7481115812e+02
+1.7545456256e+02, -1.7370094891e+02
+1.7730410535e+02, -1.7257431175e+02
+1.7915697052e+02, -1.7143101303e+02
+1.8101325132e+02, -1.7027081087e+02
+1.8287304450e+02, -1.6909345482e+02
+1.8473645048e+02, -1.6789868538e+02
+1.8660357356e+02, -1.6668623356e+02
+1.8847452215e+02, -1.6545582045e+02
+1.9034940897e+02, -1.6420715663e+02
+1.9222835130e+02, -1.6293994169e+02
+1.9411147128e+02, -1.6165386362e+02
+1.9599889613e+02, -1.6034859818e+02
+1.9789075851e+02, -1.5902380824e+02
+1.9978719682e+02, -1.5767914303e+02
+2.0168835557e+02, -1.5631423742e+02
+2.0359438575e+02, -1.5492871102e+02
+2.0550544524e+02, -1.5352216732e+02
+2.0742169927e+02, -1.5209419269e+02
+2.0934332088e+02, -1.5064435537e+02
+2.1127049148e+02, -1.4917220426e+02
+2.1320340139e+02, -1.4767726776e+02
+2.1514225050e+02, -1.4615905238e+02
+2.1708724891e+02, -1.4461704130e+02
+2.1903861769e+02, -1.4305069277e+02
+2.2099658969e+02, -1.4145943836e+02
+2.2296141045e+02, -1.3984268110e+02
+2.2493333915e+02, -1.3819979336e+02
+2.2691264972e+02, -1.3653011458e+02
+2.2889963199e+02, -1.3483294874e+02
+2.3089459308e+02, -1.3310756162e+02
+2.3289785876e+02, -1.3135317769e+02
+2.3490977518e+02, -1.2956897672e+02
+2.3693071059e+02, -1.2775409006e+02
+2.3896105744e+02, -1.2590759635e+02
+2.4100123457e+02, -1.2402851689e+02
+2.4305168982e+02, -1.2211581034e+02
+2.4511290286e+02, -1.2016836685e+02
+2.4718538846e+02, -1.1818500133e+02
+2.4926970015e+02, -1.1616444598e+02
+2.5136643444e+02, -1.1410534169e+02
+2.5347623563e+02, -1.1200622825e+02
+2.5559980129e+02, -1.0986553325e+02
+2.5773788866e+02, -1.0768155913e+02
+2.5989132202e+02, -1.0545246841e+02
+2.6206100129e+02, -1.0317626642e+02
+2.6424791208e+02, -1.0085078112e+02
+2.6645313761e+02, -9.8473639519e+01
+2.6867787277e+02, -9.6042239669e+01
+2.7092344097e+02, -9.3553717421e+01
+2.7319131436e+02, -9.1004906534e+01
+2.7548313841e+02, -8.8392290465e+01
+2.7780076198e+02, -8.5711943588e+01
+2.8014627448e+02, -8.2959458810e+01
+2.8252205235e+02, -8.0129857490e+01
+2.8493081770e+02, -7.7217475994e+01
+2.8737571360e+02, -7.4215820918e+01
+2.8986040193e+02, -7.1117381560e+01
+2.9238919282e+02, -6.7913382929e+01
+3.3805367988e+02, +1.1529939921e+02
+2.9760067720e+02, -6.1145173177e+01
+4.2533380719e+02, +7.9098048106e+01
+4.2093962627e+02, +8.0180427709e+01
+3.0591988974e+02, -4.9859571998e+01
+3.5601542186e+02, +1.0509677399e+02
+3.5981913039e+02, +1.0310598468e+02
+3.6369401971e+02, +1.0114504048e+02
+3.6763904811e+02, +9.9220097830e+01
+3.7165254006e+02, +9.7337281242e+01
+3.7573272391e+02, +9.5502449510e+01
+3.7988171399e+02, +9.3720942042e+01
+3.0591988974e+02, -4.9859571998e+01
+3.7779770961e+02, +9.4604779068e+01
+3.7368419786e+02, +9.6413596395e+01
+3.6963719044e+02, +9.8273126440e+01
           NaN, -7.9634860653e+02
           NaN, -8.2306177377e+02
           NaN, -8.4882733278e+02
           NaN, -8.7367303422e+02
           NaN, -8.9762554976e+02
           NaN, -9.2071073572e+02
           NaN, -9.4295382306e+02
           NaN, -9.6437954650e+02
           NaN, -9.8501223298e+02
           NaN, -1.0048758573e+03
           NaN, -1.0239940717e+03
           NaN, -1.0423902208e+03
           NaN, -1.0600873406e+03
           NaN, -1.0771081499e+03
           NaN, -1.0934750354e+03
           NaN, -1.1092100331e+03
           NaN, -1.1243348075e+03
           NaN, -1.1388706289e+03
           NaN, -1.1528383563e+03
           NaN, -1.1662584113e+03
           NaN, -1.1791507647e+03
           NaN, -1.1915349186e+03
           NaN, -1.2034298919e+03
           NaN, -1.2148542093e+03
           NaN, -1.2258258903e+03
+2.5112591311e+02, +1.7196370497e+02
+2.4877849131e+02, +1.7343362855e+02
+2.4644569604e+02, +1.7488448559e+02
+2.4412697617e+02, +1.7631650539e+02
+2.4182180861e+02, +1.7772991603e+02
+2.3952969646e+02, +1.7912494381e+02
+2.3725016744e+02, +1.8050181278e+02
+2.3498277232e+02, +1.8186074434e+02
+2.3272708353e+02, +1.8320195699e+02
+2.3048269379e+02, +1.8452566601e+02
+2.2824921495e+02, +1.8583208329e+02
+2.2602627679e+02, +1.8712141713e+02
+2.2381352600e+02, +1.8839387220e+02
+2.2161062516e+02, +1.8964964935e+02
+2.1941725185e+02, +1.9088894560e+02
+2.1723309778e+02, +1.9211195410e+02
+2.1505786798e+02, +1.9331886408e+02
+2.1289128006e+02, +1.9450986087e+02
+2.1073306352e+02, +1.9568512590e+02
+2.0858295909e+02, +1.9684483670e+02
+2.0644071812e+02, +1.9798916696e+02
+2.0430610204e+02, +1.9911828657e+02
+2.0217888176e+02, +2.0023236163e+02
+2.0005883725e+02, +2.0133155454e+02
+1.9794575700e+02, +2.0241602404e+02
+1.9583943763e+02, +2.0348592527e+02
+1.9373968348e+02, +2.0454140982e+02
+1.9164630616e+02, +2.0558262582e+02
+1.8955912427e+02, +2.0660971798e+02
+1.8747796301e+02, +2.0762282769e+02
+6.7529557434e+02, +5.7674929380e+01
           NaN, -1.4199544276e+03
           NaN, -1.4229693439e+03
           NaN, -1.4258765627e+03
+1.7715677119e+02, +2.1248336245e+02
+1.7510839439e+02, +2.1341536794e+02
+1.7306497474e+02, +2.1433429284e+02
+1.7102638012e+02, +2.1524025424e+02
+1.6899248271e+02, +2.1613336652e+02
           NaN, -1.4412936606e+03
           NaN, -1.4435609185e+03
           NaN, -1.4457509529e+03
           NaN, -1.4478668525e+03
           NaN, -1.4499115653e+03
           NaN, -1.4518879113e+03
           NaN, -1.4537985856e+03
           NaN, -1.4556461600e+03
           NaN, -1.4574330966e+03
           NaN, -1.4591617455e+03
           NaN, -1.4608343536e+03
           NaN, -1.4624530722e+03
           NaN, -1.4640199533e+03
           NaN, -1.4655369589e+03
           NaN, -1.4670059680e+03
           NaN, -1.4684287772e+03
           NaN, -1.4698071000e+03
           NaN, -1.4711425809e+03
           NaN, -1.4724367909e+03
           NaN, -1.4736912308e+03
           NaN, -1.4749073407e+03
           NaN, -1.4760864945e+03
           NaN, -1.4772300107e+03
           NaN, -1.4783391510e+03
           NaN, -1.4794151202e+03
           NaN, -1.4804590758e+03
           NaN, -1.4814721244e+03
           NaN, -1.4824553264e+03
           NaN, -1.4834096972e+03
           NaN, -1.4843362118e+03
           NaN, -1.4852358023e+03
           NaN, -1.4861093649e+03
           NaN, -1.4869577563e+03
           NaN, -1.4877817994e+03
           NaN, -1.4885822849e+03
           NaN, -1.4893599700e+03
           NaN, -1.4901155820e+03
           NaN, -1.4908498193e+03
           NaN, -1.4915633516e+03
           NaN, -1.4922568236e+03
           NaN, -1.4929308538e+03
           NaN, -1.4935860393e+03
           NaN, -1.4942229503e+03
           NaN, -1.4948421370e+03
           NaN, -1.4954441303e+03
           NaN, -1.4960294382e+03
           NaN, -1.4965985527e+03
           NaN, -1.4971519461e+03
           NaN, -1.4976900729e+03
           NaN, -1.4982133733e+03
           NaN, -1.4987222685e+03
           NaN, -1.4992171687e+03
           NaN, -1.4996984673e+03
           NaN, -1.5001665441e+03
           NaN, -1.5006217670e+03
           NaN, -1.5010644899e+03
           NaN, -1.5014950571e+03
           NaN, -1.5019138005e+03
           NaN, -1.5023210409e+03
           NaN, -1.5027170881e+03
           NaN, -1.5031022436e+03
           NaN, -1.5034767993e+03
           NaN, -1.5038410371e+03
           NaN, -1.5041952315e+03
           NaN, -1.5045396495e+03
           NaN, -1.5048745472e+03
           NaN, -1.5052001764e+03
           NaN, -1.5055167802e+03
           NaN, -1.5058245953e+03
           NaN, -1.5061238527e+03
           NaN, -1.5064147754e+03
           NaN, -1.5066975809e+03
           NaN, -1.5069724830e+03
           NaN, -1.5072396863e+03
           NaN, -1.5074993945e+03
           NaN, -1.5077518014e+03
           NaN, -1.5079971002e+03
           NaN, -1.5082354765e+03
           NaN, -1.5084671133e+03
           NaN, -1.5086921874e+03
           NaN, -1.5089108734e+03
