-3.8782055123e+02, -6.5964072437e-01
-4.1863455364e+02, +7.8059417093e+01
-4.1020524983e+02, -5.8343379161e-01
-4.1543397852e+02, -5.7049841090e-01
-4.2055245896e+02, -5.5905603050e-01
-4.2557296450e+02, -5.4884139047e-01
-4.3050566176e+02, -5.3965119990e-01
-4.3535908722e+02, -5.3132660835e-01
-4.4014049305e+02, -5.2374139676e-01
-4.4485610348e+02, -5.1679380114e-01
-4.4951130873e+02, -5.1040071561e-01
-4.5411081406e+02, -5.0449349573e-01
-4.5865875611e+02, -4.9901486410e-01
-4.6567332308e+02, +7.0174889418e+01
-4.7715973101e+02, +6.6036409918e+01
-4.3942257868e+02, +4.6832734691e+01
-4.6761418755e+02, -4.8915772844e-01
-4.7640239436e+02, -4.8052300114e-01
-4.8074019190e+02, -4.7659083458e-01
-4.8504338347e+02, -4.7288397208e-01
-4.8931391887e+02, -4.6938245359e-01
-4.9355357810e+02, -4.6606870526e-01
-4.9776399131e+02, -4.6292718391e-01
-5.0194665584e+02, -4.5994408439e-01
-5.0610295086e+02, -4.5710709693e-01
-5.1023414994e+02, -4.5440520481e-01
-5.1434143201e+02, -4.5182851455e-01
-5.1842589087e+02, -4.4936811262e-01
-5.2248854349e+02, -4.4701594396e-01
-5.3055215677e+02, -4.4260777217e-01
-5.5769537642e+02, +2.4655430976e+01
-5.2653033734e+02, -4.4476470844e-01
-5.3782690585e+02, +6.0805289961e+01
-5.3853912790e+02, -4.3855314622e-01
-5.4250578093e+02, -4.3664488445e-01
-5.4645547069e+02, -4.3480967107e-01
-5.5038883977e+02, -4.3304324537e-01
-5.5430649366e+02, -4.3134168291e-01
-5.5820900369e+02, -4.2970136218e-01
-5.6209690961e+02, -4.2811893521e-01
-5.6597072199e+02, -4.2659130163e-01
-5.6983092430e+02, -4.2511558559e-01
-5.7367797489e+02, -4.2368911537e-01
-5.7751230876e+02, -4.2230940514e-01
-5.8730601761e+02, +5.8667510327e+01
-5.9523494536e+02, +5.6661550677e+01
-5.7367797489e+02, -4.2368911537e-01
-5.8623777535e+02, +5.8012023486e+01
-5.9273044558e+02, -4.1721408864e-01
-5.9650700832e+02, -4.1603634817e-01
-6.0027305484e+02, -4.1489355397e-01
-6.0402889477e+02, -4.1378414847e-01
-6.0777482407e+02, -4.1270666780e-01
-6.1151112582e+02, -4.1165973466e-01
-6.1523807099e+02, -4.1064205193e-01
-6.1895591912e+02, -4.0965239675e-01
-6.2266491899e+02, -4.0868961518e-01
-6.2636530921e+02, -4.0775261731e-01
-6.3005731879e+02, -4.0684037278e-01
-6.3374116766e+02, -4.0595190671e-01
-6.3741706713e+02, -4.0508629590e-01
-6.3974087010e+02, +5.7381225020e+01
-6.4839906268e+02, -4.0261806806e-01
-6.6656093785e+02, -3.9888798001e-01
-6.4210789172e+02, +5.5170139155e+01
-6.4839906268e+02, -4.0261806806e-01
-6.5568417240e+02, -4.0107196554e-01
-6.5931638511e+02, -4.0032659241e-01
-6.6294192140e+02, -3.9959880174e-01
-6.6656093785e+02, -3.9888798001e-01
-6.7017358562e+02, -3.9819354245e-01
-6.7378001067e+02, -3.9751493134e-01
-6.7738035403e+02, -3.9685161443e-01
-6.8097475202e+02, -3.9620308350e-01
-6.8456333644e+02, -3.9556885295e-01
-6.8814623481e+02, -3.9494845858e-01
-6.9172357053e+02, -3.9434145637e-01
-6.9529546304e+02, -3.9374742140e-01
-6.9886202803e+02, -3.9316594678e-01
-7.0242337758e+02, -3.9259664276e-01
-7.0597962031e+02, -3.9203913573e-01
-7.0953086151e+02, -3.9149306745e-01
-7.1307720331e+02, -3.9095809422e-01
-7.1608020959e+02, +6.3290857836e+01
-7.2368780844e+02, -3.8941651083e-01
-7.3524998591e+02, +5.2694780552e+01
-6.8654434969e+02, +3.1779093120e+01
-7.2015558205e+02, -3.8992012646e-01
-7.2721551458e+02, -3.8892274677e-01
-7.3767088961e+02, +5.4858420417e+01
-7.3777237922e+02, -3.8749780485e-01
-7.4128285999e+02, -3.8704073946e-01
-7.4478923651e+02, -3.8659222169e-01
-7.4829158520e+02, -3.8615201906e-01
-7.5178998044e+02, -3.8571990750e-01
-7.5528449456e+02, -3.8529567099e-01
-7.5877519801e+02, -3.8487910120e-01
-7.6226215936e+02, -3.8446999712e-01
-7.6574544540e+02, -3.8406816478e-01
-7.6922512121e+02, -3.8367341688e-01
-7.7270125016e+02, -3.8328557257e-01
-7.7617389405e+02, -3.8290445712e-01
-7.7964311310e+02, -3.8252990169e-01
-7.8310896603e+02, -3.8216174305e-01
-7.8657151010e+02, -3.8179982340e-01
-7.9003080118e+02, -3.8144399007e-01
-7.9348689376e+02, -3.8109409538e-01
-7.9693984102e+02, -3.8074999640e-01
-8.0038969486e+02, -3.8041155474e-01
-8.0383650597e+02, -3.8007863643e-01
-8.0728032381e+02, -3.7975111168e-01
-8.1072119671e+02, -3.7942885475e-01
-8.1415917186e+02, -3.7911174379e-01
-8.1628819567e+02, +5.2536549850e+01
-8.2673747844e+02, +5.2941271658e+01
-8.2788300148e+02, -3.7789245032e-01
-8.3501998995e+02, +5.2316408001e+01
-8.4497782358e+02, -3.7647094869e-01
-7.7617389405e+02, -3.8290445712e-01
-8.2445616664e+02, -3.7819012336e-01
-8.3548417867e+02, +5.3408089905e+01
-8.3814760505e+02, -3.7702656793e-01
-8.3822921319e+02, +5.3999630391e+01
-8.4838919322e+02, -3.7619935097e-01
-8.5179811921e+02, -3.7593177676e-01
-8.5520463764e+02, -3.7566814086e-01
-8.5860878381e+02, -3.7540836045e-01
-8.6201059232e+02, -3.7515235498e-01
-8.6541009703e+02, -3.7490004616e-01
-8.6880733110e+02, -3.7465135782e-01
-8.7220232701e+02, -3.7440621587e-01
-8.7559511658e+02, -3.7416454821e-01
-8.7898573099e+02, -3.7392628467e-01
-8.8237420077e+02, -3.7369135696e-01
-8.8576055587e+02, -3.7345969859e-01
-8.8914482563e+02, -3.7323124481e-01
-8.9252703880e+02, -3.7300593255e-01
-8.9590722359e+02, -3.7278370041e-01
-8.9928540765e+02, -3.7256448852e-01
-9.0266161808e+02, -3.7234823858e-01
-9.0603588147e+02, -3.7213489375e-01
-9.0940822392e+02, -3.7192439864e-01
-9.1277867100e+02, -3.7171669922e-01
-9.1614724781e+02, -3.7151174284e-01
-9.1951397899e+02, -3.7130947813e-01
-9.2287888871e+02, -3.7110985499e-01
-9.2624200070e+02, -3.7091282455e-01
-9.2960333822e+02, -3.7071833912e-01
-9.3296292416e+02, -3.7052635216e-01
-9.3632078094e+02, -3.7033681825e-01
-9.3967693059e+02, -3.7014969307e-01
-9.4303139477e+02, -3.6996493331e-01
-9.4638419471e+02, -3.6978249672e-01
-9.4973535129e+02, -3.6960234203e-01
-9.5308488502e+02, -3.6942442891e-01
-9.5643281601e+02, -3.6924871799e-01
-9.5977916408e+02, -3.6907517079e-01
-9.6312394866e+02, -3.6890374972e-01
-9.6646718885e+02, -3.6873441803e-01
-9.6980890343e+02, -3.6856713983e-01
-9.7314911085e+02, -3.6840188001e-01
-9.7648782926e+02, -3.6823860425e-01
-9.7982507649e+02, -3.6807727901e-01
-9.8316087007e+02, -3.6791787147e-01
-9.8226740647e+02, +5.1732051055e+01
-9.9745206174e+02, +5.1855546247e+01
-9.9648984835e+02, -3.6729878703e-01
-9.9981862657e+02, -3.6714850045e-01
-1.0031460504e+03, -3.6699994920e-01
-1.0104095661e+03, +5.0936737333e+01
-1.0150374288e+03, +5.2721509527e+01
-1.0230830068e+03, -3.6614354812e-01
-1.0536628055e+03, +4.3673589933e+01
-9.5643281601e+02, -3.6924871799e-01
-9.9981862657e+02, -3.6714850045e-01
-1.0097968969e+03, -3.6670794069e-01
-1.0164425097e+03, -3.6642254337e-01
-1.0240323247e+03, +5.0864308380e+01
-1.0264013728e+03, -3.6600638829e-01
-1.0297185024e+03, -3.6587075444e-01
-1.0330344093e+03, -3.6573662278e-01
-1.0309361690e+03, +5.2105320790e+01
-1.0484849294e+03, +5.1483777859e+01
-1.0444543726e+03, +4.7728676115e+01
-1.0495960698e+03, -3.6508769755e-01
-1.0529049173e+03, -3.6496210554e-01
-1.0562126326e+03, -3.6483786205e-01
-1.0595192276e+03, -3.6471494681e-01
-1.0628247144e+03, -3.6459333998e-01
-1.0661291047e+03, -3.6447302210e-01
-1.0694324101e+03, -3.6435397407e-01
-1.0727346421e+03, -3.6423617717e-01
-1.0760358119e+03, -3.6411961305e-01
-1.0793359305e+03, -3.6400426368e-01
-1.0826350091e+03, -3.6389011141e-01
-1.0859330582e+03, -3.6377713889e-01
-1.0892300885e+03, -3.6366532912e-01
-1.0925261105e+03, -3.6355466540e-01
-1.0958211345e+03, -3.6344513135e-01
-1.0991151707e+03, -3.6333671091e-01
-1.1024082291e+03, -3.6322938829e-01
-1.1057003195e+03, -3.6312314800e-01
-1.1089914518e+03, -3.6301797484e-01
-1.1122816354e+03, -3.6291385387e-01
-1.1155708800e+03, -3.6281077046e-01
-1.1188591947e+03, -3.6270871019e-01
-1.1221465889e+03, -3.6260765895e-01
-1.1254330717e+03, -3.6250760285e-01
-1.1287186519e+03, -3.6240852826e-01
-1.1320033384e+03, -3.6231042178e-01
-1.1352871399e+03, -3.6221327027e-01
-1.1385700651e+03, -3.6211706081e-01
-1.1418521224e+03, -3.6202178069e-01
-1.1451333202e+03, -3.6192741745e-01
-1.1484136667e+03, -3.6183395883e-01
-1.1516931701e+03, -3.6174139278e-01
-1.1549718384e+03, -3.6164970748e-01
-1.1582496795e+03, -3.6155889128e-01
-1.1615267013e+03, -3.6146893275e-01
-1.1648029115e+03, -3.6137982065e-01
-1.1680783178e+03, -3.6129154393e-01
-1.1713529275e+03, -3.6120409173e-01
-1.1746267483e+03, -3.6111745337e-01
-1.1778997873e+03, -3.6103161835e-01
-1.1811720519e+03, -3.6094657634e-01
-1.1844435491e+03, -3.6086231719e-01
-1.1877142861e+03, -3.6077883092e-01
-1.1909842698e+03, -3.6069610769e-01
-1.1942535070e+03, -3.6061413786e-01
-1.1975220045e+03, -3.6053291192e-01
-1.2007897691e+03, -3.6045242052e-01
-1.2040568074e+03, -3.6037265447e-01
-1.2073231259e+03, -3.6029360472e-01
-1.2105887310e+03, -3.6021526237e-01
-1.2138536291e+03, -3.6013761866e-01
-1.2171178266e+03, -3.6006066497e-01
-1.2203813295e+03, -3.5998439283e-01
-1.2236441442e+03, -3.5990879388e-01
-1.2269062766e+03, -3.5983385992e-01
-1.2301677327e+03, -3.5975958285e-01
-1.2334285185e+03, -3.5968595472e-01
-1.2366886397e+03, -3.5961296770e-01
-1.2399481023e+03, -3.5954061407e-01
-1.2432069118e+03, -3.5946888624e-01
-1.2464650739e+03, -3.5939777673e-01
-1.2497225942e+03, -3.5932727820e-01
-1.2529794782e+03, -3.5925738338e-01
-1.2562357314e+03, -3.5918808514e-01
-1.2594913590e+03, -3.5911937646e-01
-1.2627463665e+03, -3.5905125042e-01
-1.2660007590e+03, -3.5898370019e-01
-1.2692545418e+03, -3.5891671907e-01
-1.2725077200e+03, -3.5885030045e-01
-1.2757602986e+03, -3.5878443780e-01
-1.2790122828e+03, -3.5871912472e-01
-1.2822636773e+03, -3.5865435488e-01
-1.2855144871e+03, -3.5859012206e-01
-1.2887647172e+03, -3.5852642012e-01
-1.2920143721e+03, -3.5846324301e-01
-1.2952634568e+03, -3.5840058478e-01
-1.2985119757e+03, -3.5833843955e-01
-1.3017599337e+03, -3.5827680156e-01
-1.3050073352e+03, -3.5821566508e-01
-1.3082541848e+03, -3.5815502451e-01
-1.3115004869e+03, -3.5809487431e-01
-1.3147462459e+03, -3.5803520902e-01
-1.3179914663e+03, -3.5797602326e-01
-1.3212361524e+03, -3.5791731173e-01
-1.3244803083e+03, -3.5785906920e-01
-1.3277239385e+03, -3.5780129052e-01
-1.3309670469e+03, -3.5774397061e-01
-1.3342096379e+03, -3.5768710446e-01
-1.3374517153e+03, -3.5763068713e-01
-1.3406932835e+03, -3.5757471375e-01
-1.3439343462e+03, -3.5751917952e-01
-1.3471749074e+03, -3.5746407970e-01
-1.3504149712e+03, -3.5740940963e-01
-1.3536545414e+03, -3.5735516470e-01
-1.3568936217e+03, -3.5730134036e-01
-1.3601322160e+03, -3.5724793215e-01
-1.3633703280e+03, -3.5719493563e-01
-1.3666079616e+03, -3.5714234646e-01
-1.3698451202e+03, -3.5709016033e-01
-1.3730818076e+03, -3.5703837301e-01
-1.3763180273e+03, -3.5698698030e-01
-1.3795537830e+03, -3.5693597809e-01
-1.3827890780e+03, -3.5688536230e-01
-1.3860239161e+03, -3.5683512892e-01
-1.3892583004e+03, -3.5678527398e-01
-1.3920510630e+03, +4.7631227652e+01
-1.3860239161e+03, -3.5683512892e-01
-1.3957257219e+03, -3.5668668382e-01
-1.3989587657e+03, -3.5663794095e-01
-1.3957338525e+03, +5.0287489896e+01
-1.4388140004e+03, +1.3638527894e+02
-1.4234692999e+03, +5.0063488732e+01
-1.4215779280e+03, -3.5630670345e-01
-1.4280367374e+03, -3.5621515980e-01
-1.4248075402e+03, -3.5626076425e-01
-1.4280367374e+03, -3.5621515980e-01
-1.4312655227e+03, -3.5616988677e-01
-1.4344938991e+03, -3.5612494185e-01
-1.4377218696e+03, -3.5608032178e-01
-1.4409494371e+03, -3.5603602337e-01
-1.4441766045e+03, -3.5599204342e-01
-1.4474033746e+03, -3.5594837881e-01
-1.4506297504e+03, -3.5590502644e-01
-1.4538557346e+03, -3.5586198325e-01
-1.4570813300e+03, -3.5581924623e-01
-1.4581539623e+03, +4.9429996776e+01
-1.4728818237e+03, +5.1860412400e+01
-1.4699798786e+03, -3.5565130079e-01
-1.4732035709e+03, -3.5561005064e-01
-1.4764268907e+03, -3.5556908933e-01
-1.4796498404e+03, -3.5552841409e-01
-1.4890277942e+03, +5.6502743569e+01
-1.4893164954e+03, -3.5540807764e-01
-1.4925379907e+03, -3.5536851969e-01
-1.4989799117e+03, -3.5529021944e-01
-1.5018219422e+03, +4.9686269039e+01
-1.5086401559e+03, -3.5517477011e-01
-1.5160342693e+03, +5.0267118543e+01
-1.5247336883e+03, -3.5498752692e-01
-1.5402690431e+03, +4.9430633117e+01
-1.5642534490e+03, +4.6484467471e+01
-1.6467904378e+03, -3.5374892387e-01
-1.4250824576e+03, +4.2815987706e+01
-1.4665114211e+03, +4.7280792743e+01
-1.4860946402e+03, -3.5544791093e-01
-1.4966967435e+03, +4.9768974944e+01
-1.5054204229e+03, -3.5521298975e-01
-1.5118595436e+03, -3.5513681067e-01
-1.5186223903e+03, +4.9188912428e+01
-1.5215156584e+03, -3.5502446948e-01
-1.5279513844e+03, -3.5495083274e-01
-1.5311687490e+03, -3.5491438466e-01
-1.5343857844e+03, -3.5487818044e-01
-1.5428523470e+03, +4.9665072364e+01
-1.5440349366e+03, -3.5477100873e-01
-1.5472506766e+03, -3.5473575790e-01
-1.5504660981e+03, -3.5470074004e-01
-1.5536812033e+03, -3.5466595305e-01
-1.5568959941e+03, -3.5463139486e-01
-1.5481962137e+03, +5.7529104448e+01
-1.5692975209e+03, +4.9249511161e+01
-1.5697520556e+03, -3.5449540936e-01
-1.5729653055e+03, -3.5446196483e-01
-1.5761782533e+03, -3.5442873712e-01
-1.5793909009e+03, -3.5439572433e-01
-1.5826032502e+03, -3.5436292455e-01
-1.5858153031e+03, -3.5433033592e-01
-1.5890270616e+03, -3.5429795657e-01
-1.5922385275e+03, -3.5426578469e-01
-1.5954497027e+03, -3.5423381845e-01
-1.5986605890e+03, -3.5420205607e-01
-1.6018711884e+03, -3.5417049577e-01
-1.6050815026e+03, -3.5413913581e-01
-1.6082915334e+03, -3.5410797445e-01
-1.6115012826e+03, -3.5407700998e-01
-1.6147107521e+03, -3.5404624070e-01
-1.6179199435e+03, -3.5401566494e-01
-1.6207899581e+03, +4.7090935301e+01
-1.6147107521e+03, -3.5404624070e-01
-1.6243374991e+03, -3.5395508737e-01
-1.6275458669e+03, -3.5392508230e-01
-1.6275458669e+03, -3.5392508230e-01
-1.6261057425e+03, +4.9661261070e+01
-1.6022611603e+03, +5.8588580839e+01
-1.6791220489e+03, +5.5274341400e+01
-1.6612528368e+03, +4.9490436951e+01
-1.6596149053e+03, -3.5363506021e-01
-1.6596149053e+03, -3.5363506021e-01
-1.6628203810e+03, -3.5360702761e-01
-1.6660256033e+03, -3.5357916546e-01
-1.6687733837e+03, +4.7605074065e+01
-1.6852517029e+03, -3.5341549420e-01
-1.6692305739e+03, -3.5355147236e-01
-1.6756397658e+03, -3.5349658772e-01
-1.6788439901e+03, -3.5346939344e-01
-1.6820479686e+03, -3.5344236271e-01
-1.6852517029e+03, -3.5341549420e-01
-1.6884551943e+03, -3.5338878658e-01
-1.6916584444e+03, -3.5336223854e-01
-1.6948614545e+03, -3.5333584878e-01
-1.6980642261e+03, -3.5330961603e-01
-1.7012667606e+03, -3.5328353901e-01
-1.7044690595e+03, -3.5325761647e-01
-1.7076711240e+03, -3.5323184717e-01
-1.7108729557e+03, -3.5320622986e-01
-1.7140745558e+03, -3.5318076334e-01
-1.7172759258e+03, -3.5315544640e-01
-1.7204770670e+03, -3.5313027785e-01
-1.7236779806e+03, -3.5310525650e-01
-1.7268786682e+03, -3.5308038118e-01
-1.7300791308e+03, -3.5305565074e-01
-1.7332793700e+03, -3.5303106404e-01
-1.7364793870e+03, -3.5300661992e-01
-1.7396791830e+03, -3.5298231729e-01
-1.7428787593e+03, -3.5295815501e-01
-1.7460781173e+03, -3.5293413200e-01
-1.7492772581e+03, -3.5291024715e-01
-1.7524761830e+03, -3.5288649940e-01
-1.7556748933e+03, -3.5286288768e-01
-1.7588733902e+03, -3.5283941092e-01
-1.7620716748e+03, -3.5281606808e-01
-1.7652697485e+03, -3.5279285812e-01
-1.7684676124e+03, -3.5276978002e-01
-1.7716652676e+03, -3.5274683276e-01
-1.7748627155e+03, -3.5272401533e-01
-1.7780599571e+03, -3.5270132674e-01
-1.7812569936e+03, -3.5267876600e-01
-1.7844538262e+03, -3.5265633213e-01
-1.7876504560e+03, -3.5263402416e-01
-1.7908468842e+03, -3.5261184114e-01
-1.7940431118e+03, -3.5258978212e-01
-1.7972391400e+03, -3.5256784615e-01
-1.8004349700e+03, -3.5254603231e-01
-1.8036306027e+03, -3.5252433968e-01
-1.8068260394e+03, -3.5250276733e-01
-1.8100212810e+03, -3.5248131437e-01
-1.8132163288e+03, -3.5245997989e-01
-1.8164111836e+03, -3.5243876302e-01
-1.8196058467e+03, -3.5241766287e-01
-1.8228003191e+03, -3.5239667858e-01
-1.8259946017e+03, -3.5237580928e-01
-1.8291886957e+03, -3.5235505411e-01
-1.8323826020e+03, -3.5233441223e-01
-1.8355763218e+03, -3.5231388281e-01
-1.8387698560e+03, -3.5229346500e-01
-1.8419632056e+03, -3.5227315800e-01
-1.8451563716e+03, -3.5225296098e-01
-1.8483493550e+03, -3.5223287314e-01
-1.8515421568e+03, -3.5221289368e-01
-1.8547347780e+03, -3.5219302180e-01
-1.8579272196e+03, -3.5217325672e-01
-1.8611194825e+03, -3.5215359766e-01
-1.8643115676e+03, -3.5213404386e-01
-1.8675034760e+03, -3.5211459455e-01
-1.8706952086e+03, -3.5209524897e-01
-1.8738867662e+03, -3.5207600637e-01
-1.8770781499e+03, -3.5205686601e-01
-1.8802693605e+03, -3.5203782716e-01
-1.8834603991e+03, -3.5201888909e-01
-1.8866512664e+03, -3.5200005107e-01
-1.8898419634e+03, -3.5198131238e-01
-1.8930324909e+03, -3.5196267233e-01
-1.8962228500e+03, -3.5194413020e-01
-1.8994130414e+03, -3.5192568530e-01
-1.9026030661e+03, -3.5190733694e-01
-1.9057929248e+03, -3.5188908444e-01
-1.9089826186e+03, -3.5187092711e-01
-1.9121721482e+03, -3.5185286429e-01
-1.9153615145e+03, -3.5183489531e-01
-1.9185507183e+03, -3.5181701951e-01
-1.9217397605e+03, -3.5179923623e-01
-1.9249286419e+03, -3.5178154483e-01
-1.9281173634e+03, -3.5176394467e-01
-1.9313059257e+03, -3.5174643511e-01
-1.9344943297e+03, -3.5172901551e-01
-1.9376825762e+03, -3.5171168525e-01
-1.9408706661e+03, -3.5169444372e-01
-1.9440586000e+03, -3.5167729030e-01
-1.9472463789e+03, -3.5166022437e-01
-1.9504340034e+03, -3.5164324534e-01
-1.9536214744e+03, -3.5162635261e-01
-1.9568087927e+03, -3.5160954558e-01
-1.9599959590e+03, -3.5159282366e-01
-1.9631829742e+03, -3.5157618627e-01
-1.9663698389e+03, -3.5155963284e-01
-1.9695565539e+03, -3.5154316279e-01
-1.9727431200e+03, -3.5152677555e-01
-1.9759295379e+03, -3.5151047057e-01
-1.9791158084e+03, -3.5149424727e-01
-1.9823019322e+03, -3.5147810511e-01
-1.9854879101e+03, -3.5146204354e-01
-1.9886737427e+03, -3.5144606202e-01
-1.9918594308e+03, -3.5143016001e-01
-1.9950449751e+03, -3.5141433696e-01
-1.9982303764e+03, -3.5139859236e-01
-2.0014156352e+03, -3.5138292567e-01
-2.0046007525e+03, -3.5136733638e-01
-2.0077857287e+03, -3.5135182396e-01
-2.0109705647e+03, -3.5133638791e-01
-2.0141552611e+03, -3.5132102772e-01
-2.0173398186e+03, -3.5130574288e-01
-2.0205242379e+03, -3.5129053289e-01
-2.0237085197e+03, -3.5127539726e-01
-2.0268926646e+03, -3.5126033550e-01
-2.0300766733e+03, -3.5124534712e-01
-2.0332605464e+03, -3.5123043164e-01
-2.0364442847e+03, -3.5121558857e-01
-2.0396278888e+03, -3.5120081745e-01
-2.0428113593e+03, -3.5118611780e-01
-2.0459946968e+03, -3.5117148915e-01
-2.0491779021e+03, -3.5115693105e-01
-2.0523609758e+03, -3.5114244302e-01
-2.0555439184e+03, -3.5112802463e-01
-2.0587267306e+03, -3.5111367540e-01
-2.0619094131e+03, -3.5109939490e-01
+3.2351320434e+02, -1.0976486565e+01
+3.1856045476e+02, -1.9021841949e+01
+3.1444305892e+02, -2.5500583570e+01
+3.1075717249e+02, -3.1145490281e+01
+3.0734925491e+02, -3.6239102234e+01
+3.0414053177e+02, -4.0928177235e+01
+3.0108395065e+02, -4.5301369478e+01
+2.9814863865e+02, -4.9417464199e+01
+2.9531299387e+02, -5.3318004740e+01
+2.9256117538e+02, -5.7033745311e+01
+2.8988114324e+02, -6.0588273857e+01
+2.8726348406e+02, -6.4000194309e+01
+2.8470066762e+02, -6.7284515042e+01
+2.8218655494e+02, -7.0453571902e+01
+2.7971606104e+02, -7.3517664341e+01
+2.7728491632e+02, -7.6485507238e+01
+2.7488949362e+02, -7.9364560108e+01
+2.7252667992e+02, -8.2161272321e+01
+2.7019377929e+02, -8.4881269279e+01
+2.6788843840e+02, -8.7529496150e+01
+2.6560858824e+02, -9.0110330514e+01
+2.6335239817e+02, -9.2627671797e+01
+2.6111823903e+02, -9.5085013143e+01
+2.5890465337e+02, -9.7485499787e+01
+2.5671033111e+02, -9.9831976918e+01
+2.5453408945e+02, -1.0212702929e+02
+2.5237485623e+02, -1.0437301426e+02
+2.5023165593e+02, -1.0657208954e+02
+2.4810359792e+02, -1.0872623668e+02
+2.4598986651e+02, -1.1083728110e+02
+2.4388971236e+02, -1.1290690917e+02
+2.4180244524e+02, -1.1493668297e+02
+2.3972742767e+02, -1.1692805310e+02
+2.3766406948e+02, -1.1888236971e+02
+2.3561182308e+02, -1.2080089226e+02
+2.3357017922e+02, -1.2268479800e+02
+2.3153866342e+02, -1.2453518943e+02
+2.2951683273e+02, -1.2635310098e+02
+2.2750427286e+02, -1.2813950485e+02
+2.2550059570e+02, -1.2989531622e+02
+2.2350543704e+02, -1.3162139795e+02
+2.2151845458e+02, -1.3331856474e+02
+2.1953932617e+02, -1.3498758686e+02
+2.1756774814e+02, -1.3662919356e+02
+2.1560343390e+02, -1.3824407610e+02
+2.1364611262e+02, -1.3983289050e+02
+2.1169552805e+02, -1.4139626005e+02
+2.0975143744e+02, -1.4293477759e+02
+2.0781361060e+02, -1.4444900754e+02
+2.0588182899e+02, -1.4593948782e+02
+2.0395588490e+02, -1.4740673159e+02
+2.0203558077e+02, -1.4885122880e+02
+2.0012072846e+02, -1.5027344763e+02
+1.9821114868e+02, -1.5167383587e+02
+1.9630667037e+02, -1.5305282211e+02
+1.9440713023e+02, -1.5441081689e+02
+1.9251237222e+02, -1.5574821373e+02
+1.9062224712e+02, -1.5706539012e+02
+1.8873661210e+02, -1.5836270840e+02
+1.8685533039e+02, -1.5964051658e+02
+1.8497827087e+02, -1.6089914913e+02
+1.8310530782e+02, -1.6213892770e+02
+1.8123632052e+02, -1.6336016177e+02
+1.7937119308e+02, -1.6456314929e+02
+1.7750981409e+02, -1.6574817725e+02
+1.7565207642e+02, -1.6691552222e+02
+1.7379787699e+02, -1.6806545087e+02
+1.7194711655e+02, -1.6919822043e+02
+1.7009969948e+02, -1.7031407914e+02
+1.6825553363e+02, -1.7141326670e+02
+1.6641453009e+02, -1.7249601458e+02
+1.6457660311e+02, -1.7356254649e+02
+1.6274166986e+02, -1.7461307864e+02
+1.6090965035e+02, -1.7564782013e+02
+1.5908046727e+02, -1.7666697322e+02
+1.5725404588e+02, -1.7767073361e+02
+1.5543031385e+02, -1.7865929075e+02
+1.5360920118e+02, -1.7963282809e+02
+1.5179064012e+02, -1.8059152330e+02
+1.4997456500e+02, -1.8153554852e+02
+1.4816091220e+02, -1.8246507056e+02
+1.4634962001e+02, -1.8338025114e+02
+1.4454062860e+02, -1.8428124704e+02
+1.4273387989e+02, -1.8516821035e+02
+1.4092931750e+02, -1.8604128856e+02
+1.3912688667e+02, -1.8690062480e+02
+1.3732653419e+02, -1.8774635798e+02
+1.3552820836e+02, -1.8857862291e+02
+1.3373185888e+02, -1.8939755049e+02
+1.3193743684e+02, -1.9020326780e+02
+1.3014489463e+02, -1.9099589828e+02
+1.2835418591e+02, -1.9177556181e+02
+1.2656526555e+02, -1.9254237484e+02
+1.2477808958e+02, -1.9329645052e+02
+1.2299261515e+02, -1.9403789879e+02
+1.2120880048e+02, -1.9476682649e+02
+1.1942660483e+02, -1.9548333745e+02
+1.1764598843e+02, -1.9618753259e+02
+1.1586691250e+02, -1.9687951000e+02
+1.1408933915e+02, -1.9755936505e+02
+1.1231323137e+02, -1.9822719043e+02
+1.1053855304e+02, -1.9888307627e+02
+1.0876526881e+02, -1.9952711018e+02
+1.0699334415e+02, -2.0015937735e+02
+1.0522274527e+02, -2.0077996059e+02
+1.0345343912e+02, -2.0138894042e+02
+1.0168539336e+02, -2.0198639512e+02
+9.9918576321e+01, -2.0257240079e+02
+9.8152956986e+01, -2.0314703142e+02
+9.6388504974e+01, -2.0371035891e+02
+9.4625190507e+01, -2.0426245319e+02
+9.2862984395e+01, -2.0480338217e+02
+9.1101858011e+01, -2.0533321190e+02
+8.9341783273e+01, -2.0585200653e+02
+8.7582732623e+01, -2.0635982840e+02
+8.5824679008e+01, -2.0685673807e+02
+8.4067595863e+01, -2.0734279435e+02
+8.2311457095e+01, -2.0781805436e+02
+8.0556237059e+01, -2.0828257357e+02
+7.8801910552e+01, -2.0873640581e+02
+7.7048452789e+01, -2.0917960330e+02
+7.5295839391e+01, -2.0961221676e+02
+7.3544046371e+01, -2.1003429532e+02
+7.1793050118e+01, -2.1044588666e+02
+7.0042827383e+01, -2.1084703697e+02
+6.8293355269e+01, -2.1123779103e+02
+6.6544611213e+01, -2.1161819219e+02
+6.4796572978e+01, -2.1198828242e+02
+6.3049218636e+01, -2.1234810234e+02
+6.1302526563e+01, -2.1269769123e+02
+5.9556475420e+01, -2.1303708705e+02
+5.7811044148e+01, -2.1336632650e+02
+5.6066211952e+01, -2.1368544499e+02
+5.4321958295e+01, -2.1399447668e+02
+5.2578262885e+01, -2.1429345451e+02
+5.0835105665e+01, -2.1458241021e+02
+4.9092466804e+01, -2.1486137433e+02
+4.7350326687e+01, -2.1513037621e+02
+4.5608665909e+01, -2.1538944408e+02
+4.3867465259e+01, -2.1563860498e+02
+4.2126705717e+01, -2.1587788486e+02
+4.0386368443e+01, -2.1610730854e+02
+3.8646434769e+01, -2.1632689972e+02
+3.6906886192e+01, -2.1653668104e+02
+3.5167704361e+01, -2.1673667406e+02
+3.3428871076e+01, -2.1692689925e+02
+3.1690368274e+01, -2.1710737607e+02
+2.9952178026e+01, -2.1727812289e+02
+2.8214282526e+01, -2.1743915707e+02
+2.6476664084e+01, -2.1759049495e+02
+2.4739305122e+01, -2.1773215183e+02
+2.3002188162e+01, -2.1786414202e+02
+2.1265295822e+01, -2.1798647883e+02
+1.9528610807e+01, -2.1809917456e+02
+1.7792115906e+01, -2.1820224053e+02
+1.6055793978e+01, -2.1829568708e+02
+1.4319627952e+01, -2.1837952356e+02
+1.2583600818e+01, -2.1845375837e+02
+1.0847695618e+01, -2.1851839892e+02
+9.1118954424e+00, -2.1857345166e+02
+7.3761834222e+00, -2.1861892208e+02
+5.6405427222e+00, -2.1865481472e+02
+3.9049565350e+00, -2.1868113315e+02
+2.1694080739e+00, -2.1869787999e+02
+4.3388056718e-01, -2.1870505691e+02
-1.3016427491e+00, -2.1870266463e+02
-3.0371786372e+00, -2.1869070290e+02
-4.7727438641e+00, -2.1866917053e+02
-6.5083552082e+00, -2.1863806538e+02
-8.2440294658e+00, -2.1859738435e+02
-9.9797834573e+00, -2.1854712340e+02
-1.1715634034e+01, -2.1848727750e+02
-1.3451598085e+01, -2.1841784069e+02
-1.5187692542e+01, -2.1833880603e+02
-1.6923934388e+01, -2.1825016562e+02
-1.8660340665e+01, -2.1815191059e+02
-2.0396928476e+01, -2.1804403110e+02
-2.2133714997e+01, -2.1792651631e+02
-2.3870717480e+01, -2.1779935441e+02
-2.5607953263e+01, -2.1766253259e+02
-2.7345439774e+01, -2.1751603707e+02
-2.9083194540e+01, -2.1735985302e+02
-3.0821235196e+01, -2.1719396462e+02
-3.2559579488e+01, -2.1701835504e+02
-3.4298245282e+01, -2.1683300639e+02
-3.6037250574e+01, -2.1663789978e+02
-3.7776613494e+01, -2.1643301524e+02
-3.9516352316e+01, -2.1621833175e+02
-4.1256485467e+01, -2.1599382722e+02
-4.2997031531e+01, -2.1575947848e+02
-4.4738009261e+01, -2.1551526125e+02
-4.6479437586e+01, -2.1526115018e+02
-4.8221335620e+01, -2.1499711876e+02
-4.9963722670e+01, -2.1472313935e+02
-5.1706618246e+01, -2.1443918319e+02
-5.3450042068e+01, -2.1414522031e+02
-5.5194014080e+01, -2.1384121960e+02
-5.6938554455e+01, -2.1352714870e+02
-5.8683683606e+01, -2.1320297408e+02
-6.0429422198e+01, -2.1286866095e+02
-6.2175791156e+01, -2.1252417326e+02
-6.3922811679e+01, -2.1216947368e+02
-6.5670505245e+01, -2.1180452360e+02
-6.7418893631e+01, -2.1142928307e+02
-6.9167998917e+01, -2.1104371079e+02
-7.0917843500e+01, -2.1064776411e+02
-7.2668450110e+01, -2.1024139897e+02
-7.4419841818e+01, -2.0982456988e+02
-7.6172042053e+01, -2.0939722993e+02
-7.7925074610e+01, -2.0895933069e+02
-7.9678963673e+01, -2.0851082226e+02
-8.1433733821e+01, -2.0805165317e+02
-8.3189410045e+01, -2.0758177038e+02
-8.4946017769e+01, -2.0710111927e+02
-8.6703582857e+01, -2.0660964354e+02
-8.8462131639e+01, -2.0610728523e+02
-9.0221690921e+01, -2.0559398466e+02
-9.1982288005e+01, -2.0506968039e+02
-9.3743950709e+01, -2.0453430917e+02
-9.5506707385e+01, -2.0398780591e+02
-9.7270586940e+01, -2.0343010364e+02
-9.9035618854e+01, -2.0286113344e+02
-1.0080183320e+02, -2.0228082441e+02
-1.0256926069e+02, -2.0168910360e+02
-1.0433793264e+02, -2.0108589598e+02
-1.0610788107e+02, -2.0047112437e+02
-1.0787913866e+02, -1.9984470938e+02
-1.0965173884e+02, -1.9920656934e+02
-1.1142571575e+02, -1.9855662026e+02
-1.1320110434e+02, -1.9789477576e+02
-1.1497794033e+02, -1.9722094697e+02
-1.1675626030e+02, -1.9653504249e+02
-1.1853610167e+02, -1.9583696830e+02
-1.2031750278e+02, -1.9512662769e+02
-1.2210050292e+02, -1.9440392115e+02
-1.2388514231e+02, -1.9366874633e+02
-1.2567146222e+02, -1.9292099790e+02
-1.2745950496e+02, -1.9216056749e+02
-1.2924931393e+02, -1.9138734356e+02
-1.3104093368e+02, -1.9060121132e+02
-1.3283440994e+02, -1.8980205263e+02
-1.3462978966e+02, -1.8898974584e+02
-1.3642712112e+02, -1.8816416571e+02
-1.3822645390e+02, -1.8732518325e+02
-1.4002783900e+02, -1.8647266565e+02
-1.4183132886e+02, -1.8560647604e+02
-1.4363697747e+02, -1.8472647345e+02
-1.4544484038e+02, -1.8383251256e+02
-1.4725497481e+02, -1.8292444362e+02
-1.4906743971e+02, -1.8200211221e+02
-1.5088229584e+02, -1.8106535911e+02
-1.5269960585e+02, -1.8011402008e+02
-1.5451943438e+02, -1.7914792566e+02
-1.5634184812e+02, -1.7816690098e+02
-1.5816691594e+02, -1.7717076551e+02
-1.5999470899e+02, -1.7615933284e+02
-1.6182530078e+02, -1.7513241042e+02
-1.6365876733e+02, -1.7408979930e+02
-1.6549518727e+02, -1.7303129385e+02
-1.6733464200e+02, -1.7195668144e+02
-1.6917721578e+02, -1.7086574216e+02
-1.7102299593e+02, -1.6975824846e+02
-1.7287207295e+02, -1.6863396481e+02
-1.7472454071e+02, -1.6749264729e+02
-1.7658049662e+02, -1.6633404321e+02
-1.7844004182e+02, -1.6515789069e+02
-1.8030328139e+02, -1.6396391816e+02
-1.8217032455e+02, -1.6275184391e+02
-1.8404128495e+02, -1.6152137554e+02
-1.8591628084e+02, -1.6027220941e+02
-1.8779543540e+02, -1.5900403004e+02
-1.8967887704e+02, -1.5771650945e+02
-1.9156673963e+02, -1.5640930649e+02
-1.9345916294e+02, -1.5508206609e+02
-1.9535629295e+02, -1.5373441845e+02
-1.9725828222e+02, -1.5236597817e+02
-1.9916529038e+02, -1.5097634335e+02
-2.0107748455e+02, -1.4956509456e+02
-2.0299503981e+02, -1.4813179376e+02
-2.0491813983e+02, -1.4667598313e+02
-2.0684697737e+02, -1.4519718375e+02
-2.0878175498e+02, -1.4369489429e+02
-2.1072268567e+02, -1.4216858940e+02
-2.1266999373e+02, -1.4061771814e+02
-2.1462391549e+02, -1.3904170212e+02
-2.1658470033e+02, -1.3743993355e+02
-2.1855261165e+02, -1.3581177307e+02
-2.2052792802e+02, -1.3415654738e+02
-2.2251094437e+02, -1.3247354657e+02
-2.2450197344e+02, -1.3076202129e+02
-2.2650134724e+02, -1.2902117949e+02
-2.2850941878e+02, -1.2725018290e+02
-2.3052656397e+02, -1.2544814303e+02
-2.3255318370e+02, -1.2361411683e+02
-2.3458970626e+02, -1.2174710166e+02
-2.3663658999e+02, -1.1984602983e+02
-2.3869432632e+02, -1.1790976236e+02
-2.4076344319e+02, -1.1593708187e+02
-2.4284450893e+02, -1.1392668471e+02
-2.4493813672e+02, -1.1187717179e+02
-2.4704498969e+02, -1.0978703826e+02
-2.4916578677e+02, -1.0765466159e+02
-2.5130130949e+02, -1.0547828788e+02
-2.5345240988e+02, -1.0325601596e+02
-2.5562001963e+02, -1.0098577888e+02
-2.5780516101e+02, -9.8665322306e+01
-2.6000895959e+02, -9.6292178946e+01
-2.6223265954e+02, -9.3863638337e+01
-2.6447764186e+02, -9.1376710688e+01
-2.6674544651e+02, -8.8828083392e+01
-2.6903779927e+02, -8.6214068220e+01
-2.7135664483e+02, -8.3530536641e+01
-2.7370418795e+02, -8.0772839757e+01
-2.7608294507e+02, -7.7935708088e+01
-2.7849581010e+02, -7.5013124552e+01
-2.8094613932e+02, -7.1998161200e+01
-2.8343786264e+02, -6.8882766025e+01
-2.8597563225e+02, -6.5657479561e+01
-3.3158352258e+02, +1.1340226766e+02
-3.3505380171e+02, +1.1137113590e+02
-4.1449318165e+02, +7.9159730921e+01
-4.1012192197e+02, +8.0259816956e+01
-2.9960265195e+02, -4.7388647924e+01
-3.4962235045e+02, +1.0334780350e+02
-3.5344092360e+02, +1.0139370607e+02
-3.5732976054e+02, +9.9472032076e+01
-3.6128750275e+02, +9.7588900882e+01
-3.6531232950e+02, +9.5750296230e+01
-3.6940327230e+02, +9.3961788946e+01
-3.7358150602e+02, +9.2232355645e+01
-3.7147550058e+02, +9.3088017625e+01
-3.6734927156e+02, +9.4849534526e+01
-3.5929995834e+02, +9.8525349080e+01
           NaN, -7.7565170790e+02
           NaN, -8.0241998748e+02
           NaN, -8.2821639789e+02
           NaN, -8.5307009170e+02
           NaN, -8.7700905388e+02
           NaN, -9.0006039775e+02
           NaN, -9.2225056528e+02
           NaN, -9.4360547433e+02
           NaN, -9.6415060901e+02
           NaN, -9.8391107906e+02
           NaN, -1.0029116521e+03
           NaN, -1.0211767646e+03
           NaN, -1.0387305212e+03
           NaN, -1.0555966833e+03
           NaN, -1.0717986508e+03
           NaN, -1.0873594415e+03
           NaN, -1.1023016684e+03
           NaN, -1.1166475154e+03
           NaN, -1.1304187136e+03
           NaN, -1.1436365215e+03
           NaN, -1.1563217046e+03
           NaN, -1.1684945199e+03
           NaN, -1.1801746978e+03
           NaN, -1.1913814334e+03
           NaN, -1.2021333763e+03
           NaN, -1.2124486229e+03
           NaN, -1.2223447143e+03
-2.3982418677e+02, +1.7243641502e+02
-2.3750649131e+02, +1.7385211353e+02
-2.3520245122e+02, +1.7524908704e+02
-2.3291156064e+02, +1.7662756178e+02
-2.3063333890e+02, +1.7798776190e+02
-2.2836732895e+02, +1.7932990907e+02
-2.2611309594e+02, +1.8065422215e+02
-2.2387022580e+02, +1.8196091689e+02
-2.2163832402e+02, +1.8325020573e+02
-2.1941701448e+02, +1.8452229758e+02
-2.1720593832e+02, +1.8577739774e+02
-2.1500475295e+02, +1.8701570773e+02
-2.1281313111e+02, +1.8823742529e+02
-2.1063075994e+02, +1.8944274424e+02
-2.0845734024e+02, +1.9063185453e+02
-2.0629258563e+02, +1.9180494217e+02
-2.0413622185e+02, +1.9296218928e+02
-2.0198798612e+02, +1.9410377407e+02
-1.9984762649e+02, +1.9522987087e+02
-1.9771490125e+02, +1.9634065020e+02
-1.9558957841e+02, +1.9743627875e+02
-1.9347143516e+02, +1.9851691951e+02
-1.9136025740e+02, +1.9958273175e+02
-1.8925583928e+02, +2.0063387110e+02
-1.8715798282e+02, +2.0167048966e+02
-1.8506649745e+02, +2.0269273598e+02
           NaN, -1.3808167280e+03
           NaN, -1.3840341208e+03
           NaN, -1.3871326782e+03
           NaN, -1.3901174424e+03
-1.7469844297e+02, +2.0759334689e+02
           NaN, -1.3957646368e+03
-1.7058988333e+02, +2.0945781184e+02
-1.6854328596e+02, +2.1037003002e+02
-1.6650162466e+02, +2.1126906634e+02
-1.6446476599e+02, +2.1215503802e+02
           NaN, -1.4082027491e+03
           NaN, -1.4104333435e+03
           NaN, -1.4125863845e+03
           NaN, -1.4146650379e+03
           NaN, -1.4166723267e+03
           NaN, -1.4186111377e+03
           NaN, -1.4204842237e+03
           NaN, -1.4222942139e+03
           NaN, -1.4240436184e+03
           NaN, -1.4257348341e+03
           NaN, -1.4273701503e+03
           NaN, -1.4289517488e+03
           NaN, -1.4304817193e+03
           NaN, -1.4319620540e+03
           NaN, -1.4333946559e+03
           NaN, -1.4347813444e+03
           NaN, -1.4361238557e+03
           NaN, -1.4374238506e+03
           NaN, -1.4386829158e+03
           NaN, -1.4399025672e+03
           NaN, -1.4410842551e+03
           NaN, -1.4422293645e+03
           NaN, -1.4433392215e+03
           NaN, -1.4444150936e+03
           NaN, -1.4454581930e+03
           NaN, -1.4464696781e+03
           NaN, -1.4474506616e+03
           NaN, -1.4484022045e+03
           NaN, -1.4493253247e+03
           NaN, -1.4502209951e+03
           NaN, -1.4510901495e+03
           NaN, -1.4519336829e+03
           NaN, -1.4527524481e+03
           NaN, -1.4535472685e+03
           NaN, -1.4543189311e+03
           NaN, -1.4550681888e+03
           NaN, -1.4557957674e+03
           NaN, -1.4565023594e+03
           NaN, -1.4571886331e+03
           NaN, -1.4578552275e+03
           NaN, -1.4585027579e+03
           NaN, -1.4591318146e+03
           NaN, -1.4597429663e+03
           NaN, -1.4603367572e+03
           NaN, -1.4609137121e+03
           NaN, -1.4614743368e+03
           NaN, -1.4620191177e+03
           NaN, -1.4625485204e+03
           NaN, -1.4630629980e+03
           NaN, -1.4635629832e+03
           NaN, -1.4640488959e+03
           NaN, -1.4645211395e+03
           NaN, -1.4649801042e+03
           NaN, -1.4654261644e+03
           NaN, -1.4658596842e+03
           NaN, -1.4662810154e+03
           NaN, -1.4666904960e+03
           NaN, -1.4670884553e+03
           NaN, -1.4674752093e+03
           NaN, -1.4678510666e+03
           NaN, -1.4682163242e+03
           NaN, -1.4685712698e+03
           NaN, -1.4689161851e+03
           NaN, -1.4692513391e+03
           NaN, -1.4695769958e+03
           NaN, -1.4698934112e+03
           NaN, -1.4702008334e+03
           NaN, -1.4704995022e+03
           NaN, -1.4707896533e+03
           NaN, -1.4710715136e+03
           NaN, -1.4713453072e+03
           NaN, -1.4716112473e+03
           NaN, -1.4718695472e+03
           NaN, -1.4721204090e+03
           NaN, -1.4723640337e+03
           NaN, -1.4726006166e+03
           NaN, -1.4728303452e+03
           NaN, -1.4730534075e+03
           NaN, -1.4732699819e+03
           NaN, -1.4734802454e+03
           NaN, -1.4736843699e+03
           NaN, -1.4738825231e+03
           NaN, -1.4740748663e+03
           NaN, -1.4742615638e+03
           NaN, -1.4744427672e+03
           NaN, -1.4746186289e+03
           NaN, -1.4747892978e+03
           NaN, -1.4749549174e+03
           NaN, -1.4751156276e+03
           NaN, -1.4752715637e+03
-3.2676240397e+02, -5.5424885696e+00
-3.2088293161e+02, -1.5284191101e+01
-3.1643267475e+02, -2.2393126659e+01
-3.1255840352e+02, -2.8404844903e+01
-3.0902442074e+02, -3.3750155279e+01
-3.0572343271e+02, -3.8627749544e+01
-3.0259542763e+02, -4.3150075410e+01
-2.9960265195e+02, -4.7388647924e+01
-2.9671945490e+02, -5.1392555471e+01
-2.9392743145e+02, -5.5197363370e+01
-2.9121282565e+02, -5.8829900657e+01
-2.8856502511e+02, -6.2311050346e+01
-2.8597563225e+02, -6.5657479561e+01
-2.8343786264e+02, -6.8882766025e+01
-2.8094613932e+02, -7.1998161200e+01
-2.7849581010e+02, -7.5013124552e+01
-2.7608294507e+02, -7.7935708088e+01
-2.7370418795e+02, -8.0772839757e+01
-2.7135664483e+02, -8.3530536641e+01
-2.6903779927e+02, -8.6214068220e+01
-2.6674544651e+02, -8.8828083392e+01
-2.6447764186e+02, -9.1376710688e+01
-2.6223265954e+02, -9.3863638337e+01
-2.6000895959e+02, -9.6292178946e+01
-2.5780516101e+02, -9.8665322306e+01
-2.5562001963e+02, -1.0098577888e+02
-2.5345240988e+02, -1.0325601596e+02
-2.5130130949e+02, -1.0547828788e+02
-2.4916578677e+02, -1.0765466159e+02
-2.4704498969e+02, -1.0978703826e+02
-2.4493813672e+02, -1.1187717179e+02
-2.4284450893e+02, -1.1392668471e+02
-2.4076344319e+02, -1.1593708187e+02
-2.3869432632e+02, -1.1790976236e+02
-2.3663658999e+02, -1.1984602983e+02
-2.3458970626e+02, -1.2174710166e+02
-2.3255318370e+02, -1.2361411683e+02
-2.3052656397e+02, -1.2544814303e+02
-2.2850941878e+02, -1.2725018290e+02
-2.2650134724e+02, -1.2902117949e+02
-2.2450197344e+02, -1.3076202129e+02
-2.2251094437e+02, -1.3247354657e+02
-2.2052792802e+02, -1.3415654738e+02
-2.1855261165e+02, -1.3581177307e+02
-2.1658470033e+02, -1.3743993355e+02
-2.1462391549e+02, -1.3904170212e+02
-2.1266999373e+02, -1.4061771814e+02
-2.1072268567e+02, -1.4216858940e+02
-2.0878175498e+02, -1.4369489429e+02
-2.0684697737e+02, -1.4519718375e+02
-2.0491813983e+02, -1.4667598313e+02
-2.0299503981e+02, -1.4813179376e+02
-2.0107748455e+02, -1.4956509456e+02
-1.9916529038e+02, -1.5097634335e+02
-1.9725828222e+02, -1.5236597817e+02
-1.9535629295e+02, -1.5373441845e+02
-1.9345916294e+02, -1.5508206609e+02
-1.9156673963e+02, -1.5640930649e+02
-1.8967887704e+02, -1.5771650945e+02
-1.8779543540e+02, -1.5900403004e+02
-1.8591628084e+02, -1.6027220941e+02
-1.8404128495e+02, -1.6152137554e+02
-1.8217032455e+02, -1.6275184391e+02
-1.8030328139e+02, -1.6396391816e+02
-1.7844004182e+02, -1.6515789069e+02
-1.7658049662e+02, -1.6633404321e+02
-1.7472454071e+02, -1.6749264729e+02
-1.7287207295e+02, -1.6863396481e+02
-1.7102299593e+02, -1.6975824846e+02
-1.6917721578e+02, -1.7086574216e+02
-1.6733464200e+02, -1.7195668144e+02
-1.6549518727e+02, -1.7303129385e+02
-1.6365876733e+02, -1.7408979930e+02
-1.6182530078e+02, -1.7513241042e+02
-1.5999470899e+02, -1.7615933284e+02
-1.5816691594e+02, -1.7717076551e+02
-1.5634184812e+02, -1.7816690098e+02
-1.5451943438e+02, -1.7914792566e+02
-1.5269960585e+02, -1.8011402008e+02
-1.5088229584e+02, -1.8106535911e+02
-1.4906743971e+02, -1.8200211221e+02
-1.4725497481e+02, -1.8292444362e+02
-1.4544484038e+02, -1.8383251256e+02
-1.4363697747e+02, -1.8472647345e+02
-1.4183132886e+02, -1.8560647604e+02
-1.4002783900e+02, -1.8647266565e+02
-1.3822645390e+02, -1.8732518325e+02
-1.3642712112e+02, -1.8816416571e+02
-1.3462978966e+02, -1.8898974584e+02
-1.3283440994e+02, -1.8980205263e+02
-1.3104093368e+02, -1.9060121132e+02
-1.2924931393e+02, -1.9138734356e+02
-1.2745950496e+02, -1.9216056749e+02
-1.2567146222e+02, -1.9292099790e+02
-1.2388514231e+02, -1.9366874633e+02
-1.2210050292e+02, -1.9440392115e+02
-1.2031750278e+02, -1.9512662769e+02
-1.1853610167e+02, -1.9583696830e+02
-1.1675626030e+02, -1.9653504249e+02
-1.1497794033e+02, -1.9722094697e+02
-1.1320110434e+02, -1.9789477576e+02
-1.1142571575e+02, -1.9855662026e+02
-1.0965173884e+02, -1.9920656934e+02
-1.0787913866e+02, -1.9984470938e+02
-1.0610788107e+02, -2.0047112437e+02
-1.0433793264e+02, -2.0108589598e+02
-1.0256926069e+02, -2.0168910360e+02
-1.0080183320e+02, -2.0228082441e+02
-9.9035618854e+01, -2.0286113344e+02
-9.7270586940e+01, -2.0343010364e+02
-9.5506707385e+01, -2.0398780591e+02
-9.3743950709e+01, -2.0453430917e+02
-9.1982288005e+01, -2.0506968039e+02
-9.0221690921e+01, -2.0559398466e+02
-8.8462131639e+01, -2.0610728523e+02
-8.6703582857e+01, -2.0660964354e+02
-8.4946017769e+01, -2.0710111927e+02
-8.3189410045e+01, -2.0758177038e+02
-8.1433733821e+01, -2.0805165317e+02
-7.9678963673e+01, -2.0851082226e+02
-7.7925074610e+01, -2.0895933069e+02
-7.6172042053e+01, -2.0939722993e+02
-7.4419841818e+01, -2.0982456988e+02
-7.2668450110e+01, -2.1024139897e+02
-7.0917843500e+01, -2.1064776411e+02
-6.9167998917e+01, -2.1104371079e+02
-6.7418893631e+01, -2.1142928307e+02
-6.5670505245e+01, -2.1180452360e+02
-6.3922811679e+01, -2.1216947368e+02
-6.2175791156e+01, -2.1252417326e+02
-6.0429422198e+01, -2.1286866095e+02
-5.8683683606e+01, -2.1320297408e+02
-5.6938554455e+01, -2.1352714870e+02
-5.5194014080e+01, -2.1384121960e+02
-5.3450042068e+01, -2.1414522031e+02
-5.1706618246e+01, -2.1443918319e+02
-4.9963722670e+01, -2.1472313935e+02
-4.8221335620e+01, -2.1499711876e+02
-4.6479437586e+01, -2.1526115018e+02
-4.4738009261e+01, -2.1551526125e+02
-4.2997031531e+01, -2.1575947848e+02
-4.1256485467e+01, -2.1599382722e+02
-3.9516352316e+01, -2.1621833175e+02
-3.7776613494e+01, -2.1643301524e+02
-3.6037250574e+01, -2.1663789978e+02
-3.4298245282e+01, -2.1683300639e+02
-3.2559579488e+01, -2.1701835504e+02
-3.0821235196e+01, -2.1719396462e+02
-2.9083194540e+01, -2.1735985302e+02
-2.7345439774e+01, -2.1751603707e+02
-2.5607953263e+01, -2.1766253259e+02
-2.3870717480e+01, -2.1779935441e+02
-2.2133714997e+01, -2.1792651631e+02
-2.0396928476e+01, -2.1804403110e+02
-1.8660340665e+01, -2.1815191059e+02
-1.6923934388e+01, -2.1825016562e+02
-1.5187692542e+01, -2.1833880603e+02
-1.3451598085e+01, -2.1841784069e+02
-1.1715634034e+01, -2.1848727750e+02
-9.9797834573e+00, -2.1854712340e+02
-8.2440294658e+00, -2.1859738435e+02
-6.5083552082e+00, -2.1863806538e+02
-4.7727438641e+00, -2.1866917053e+02
-3.0371786372e+00, -2.1869070290e+02
-1.3016427491e+00, -2.1870266463e+02
+4.3388056718e-01, -2.1870505691e+02
+2.1694080739e+00, -2.1869787999e+02
+3.9049565350e+00, -2.1868113315e+02
+5.6405427222e+00, -2.1865481472e+02
+7.3761834222e+00, -2.1861892208e+02
+9.1118954424e+00, -2.1857345166e+02
+1.0847695618e+01, -2.1851839892e+02
+1.2583600818e+01, -2.1845375837e+02
+1.4319627952e+01, -2.1837952356e+02
+1.6055793978e+01, -2.1829568708e+02
+1.7792115906e+01, -2.1820224053e+02
+1.9528610807e+01, -2.1809917456e+02
+2.1265295822e+01, -2.1798647883e+02
+2.3002188162e+01, -2.1786414202e+02
+2.4739305122e+01, -2.1773215183e+02
+2.6476664084e+01, -2.1759049495e+02
+2.8214282526e+01, -2.1743915707e+02
+2.9952178026e+01, -2.1727812289e+02
+3.1690368274e+01, -2.1710737607e+02
+3.3428871076e+01, -2.1692689925e+02
+3.5167704361e+01, -2.1673667406e+02
+3.6906886192e+01, -2.1653668104e+02
+3.8646434769e+01, -2.1632689972e+02
+4.0386368443e+01, -2.1610730854e+02
+4.2126705717e+01, -2.1587788486e+02
+4.3867465259e+01, -2.1563860498e+02
+4.5608665909e+01, -2.1538944408e+02
+4.7350326687e+01, -2.1513037621e+02
+4.9092466804e+01, -2.1486137433e+02
+5.0835105665e+01, -2.1458241021e+02
+5.2578262885e+01, -2.1429345451e+02
+5.4321958295e+01, -2.1399447668e+02
+5.6066211952e+01, -2.1368544499e+02
+5.7811044148e+01, -2.1336632650e+02
+5.9556475420e+01, -2.1303708705e+02
+6.1302526563e+01, -2.1269769123e+02
+6.3049218636e+01, -2.1234810234e+02
+6.4796572978e+01, -2.1198828242e+02
+6.6544611213e+01, -2.1161819219e+02
+6.8293355269e+01, -2.1123779103e+02
+7.0042827383e+01, -2.1084703697e+02
+7.1793050118e+01, -2.1044588666e+02
+7.3544046371e+01, -2.1003429532e+02
+7.5295839391e+01, -2.0961221676e+02
+7.7048452789e+01, -2.0917960330e+02
+7.8801910552e+01, -2.0873640581e+02
+8.0556237059e+01, -2.0828257357e+02
+8.2311457095e+01, -2.0781805436e+02
+8.4067595863e+01, -2.0734279435e+02
+8.5824679008e+01, -2.0685673807e+02
+8.7582732623e+01, -2.0635982840e+02
+8.9341783273e+01, -2.0585200653e+02
+9.1101858011e+01, -2.0533321190e+02
+9.2862984395e+01, -2.0480338217e+02
+9.4625190507e+01, -2.0426245319e+02
+9.6388504974e+01, -2.0371035891e+02
+9.8152956986e+01, -2.0314703142e+02
+9.9918576321e+01, -2.0257240079e+02
+1.0168539336e+02, -2.0198639512e+02
+1.0345343912e+02, -2.0138894042e+02
+1.0522274527e+02, -2.0077996059e+02
+1.0699334415e+02, -2.0015937735e+02
+1.0876526881e+02, -1.9952711018e+02
+1.1053855304e+02, -1.9888307627e+02
+1.1231323137e+02, -1.9822719043e+02
+1.1408933915e+02, -1.9755936505e+02
+1.1586691250e+02, -1.9687951000e+02
+1.1764598843e+02, -1.9618753259e+02
+1.1942660483e+02, -1.9548333745e+02
+1.2120880048e+02, -1.9476682649e+02
+1.2299261515e+02, -1.9403789879e+02
+1.2477808958e+02, -1.9329645052e+02
+1.2656526555e+02, -1.9254237484e+02
+1.2835418591e+02, -1.9177556181e+02
+1.3014489463e+02, -1.9099589828e+02
+1.3193743684e+02, -1.9020326780e+02
+1.3373185888e+02, -1.8939755049e+02
+1.3552820836e+02, -1.8857862291e+02
+1.3732653419e+02, -1.8774635798e+02
+1.3912688667e+02, -1.8690062480e+02
+1.4092931750e+02, -1.8604128856e+02
+1.4273387989e+02, -1.8516821035e+02
+1.4454062860e+02, -1.8428124704e+02
+1.4634962001e+02, -1.8338025114e+02
+1.4816091220e+02, -1.8246507056e+02
+1.4997456500e+02, -1.8153554852e+02
+1.5179064012e+02, -1.8059152330e+02
+1.5360920118e+02, -1.7963282809e+02
+1.5543031385e+02, -1.7865929075e+02
+1.5725404588e+02, -1.7767073361e+02
+1.5908046727e+02, -1.7666697322e+02
+1.6090965035e+02, -1.7564782013e+02
+1.6274166986e+02, -1.7461307864e+02
+1.6457660311e+02, -1.7356254649e+02
+1.6641453009e+02, -1.7249601458e+02
+1.6825553363e+02, -1.7141326670e+02
+1.7009969948e+02, -1.7031407914e+02
+1.7194711655e+02, -1.6919822043e+02
+1.7379787699e+02, -1.6806545087e+02
+1.7565207642e+02, -1.6691552222e+02
+1.7750981409e+02, -1.6574817725e+02
+1.7937119308e+02, -1.6456314929e+02
+1.8123632052e+02, -1.6336016177e+02
+1.8310530782e+02, -1.6213892770e+02
+1.8497827087e+02, -1.6089914913e+02
+1.8685533039e+02, -1.5964051658e+02
+1.8873661210e+02, -1.5836270840e+02
+1.9062224712e+02, -1.5706539012e+02
+1.9251237222e+02, -1.5574821373e+02
+1.9440713023e+02, -1.5441081689e+02
+1.9630667037e+02, -1.5305282211e+02
+1.9821114868e+02, -1.5167383587e+02
+2.0012072846e+02, -1.5027344763e+02
+2.0203558077e+02, -1.4885122880e+02
+2.0395588490e+02, -1.4740673159e+02
+2.0588182899e+02, -1.4593948782e+02
+2.0781361060e+02, -1.4444900754e+02
+2.0975143744e+02, -1.4293477759e+02
+2.1169552805e+02, -1.4139626005e+02
+2.1364611262e+02, -1.3983289050e+02
+2.1560343390e+02, -1.3824407610e+02
+2.1756774814e+02, -1.3662919356e+02
+2.1953932617e+02, -1.3498758686e+02
+2.2151845458e+02, -1.3331856474e+02
+2.2350543704e+02, -1.3162139795e+02
+2.2550059570e+02, -1.2989531622e+02
+2.2750427286e+02, -1.2813950485e+02
+2.2951683273e+02, -1.2635310098e+02
+2.3153866342e+02, -1.2453518943e+02
+2.3357017922e+02, -1.2268479800e+02
+2.3561182308e+02, -1.2080089226e+02
+2.3766406948e+02, -1.1888236971e+02
+2.3972742767e+02, -1.1692805310e+02
+2.4180244524e+02, -1.1493668297e+02
+2.4388971236e+02, -1.1290690917e+02
+2.4598986651e+02, -1.1083728110e+02
+2.4810359792e+02, -1.0872623668e+02
+2.5023165593e+02, -1.0657208954e+02
+2.5237485623e+02, -1.0437301426e+02
+2.5453408945e+02, -1.0212702929e+02
+2.5671033111e+02, -9.9831976918e+01
+2.5890465337e+02, -9.7485499787e+01
+2.6111823903e+02, -9.5085013143e+01
+2.6335239817e+02, -9.2627671797e+01
+2.6560858824e+02, -9.0110330514e+01
+2.6788843840e+02, -8.7529496150e+01
+2.7019377929e+02, -8.4881269279e+01
+2.7252667992e+02, -8.2161272321e+01
+2.7488949362e+02, -7.9364560108e+01
+2.7728491632e+02, -7.6485507238e+01
+2.7971606104e+02, -7.3517664341e+01
+2.8218655494e+02, -7.0453571902e+01
+2.8470066762e+02, -6.7284515042e+01
+3.2987300546e+02, +1.1441847323e+02
+3.3331036774e+02, +1.1238631921e+02
+4.1667810022e+02, +7.8632289050e+01
+4.1230762663e+02, +7.9702128305e+01
+2.9814863865e+02, -4.9417464199e+01
+3.4773964825e+02, +1.0433511121e+02
+3.5152279563e+02, +1.0236708387e+02
+3.5537662871e+02, +1.0042843308e+02
+3.5930012714e+02, +9.8525268755e+01
+3.6329164454e+02, +9.6663670800e+01
+3.6734944600e+02, +9.4849458246e+01
+3.7147567829e+02, +9.3087943717e+01
+2.9814863865e+02, -4.9417464199e+01
+3.6940309639e+02, +9.3961864075e+01
+3.6531215645e+02, +9.5750373608e+01
+3.6128733252e+02, +9.7588980285e+01
           NaN, -7.8915920910e+02
           NaN, -8.1543782307e+02
           NaN, -8.4075931187e+02
           NaN, -8.6515220200e+02
           NaN, -8.8864401178e+02
           NaN, -9.1126149761e+02
           NaN, -9.3303082524e+02
           NaN, -9.5397768592e+02
           NaN, -9.7412737132e+02
           NaN, -9.9350481768e+02
           NaN, -1.0121346264e+03
           NaN, -1.0300410691e+03
           NaN, -1.0472480806e+03
           NaN, -1.0637792434e+03
           NaN, -1.0796577701e+03
           NaN, -1.0949064786e+03
           NaN, -1.1095477702e+03
           NaN, -1.1236036054e+03
           NaN, -1.1370954814e+03
           NaN, -1.1500444130e+03
           NaN, -1.1624709129e+03
           NaN, -1.1743949761e+03
           NaN, -1.1858360676e+03
           NaN, -1.1968131100e+03
+2.4568173532e+02, +1.6881374985e+02
           NaN, -1.2174479884e+03
+2.4098832067e+02, +1.7172147276e+02
+2.3866359947e+02, +1.7314661911e+02
+2.3635279657e+02, +1.7455292673e+02
+2.3405539286e+02, +1.7594062270e+02
+2.3177089527e+02, +1.7730993225e+02
+2.2949883513e+02, +1.7866107835e+02
+2.2723876668e+02, +1.7999428131e+02
+2.2499026561e+02, +1.8130975846e+02
+2.2275292779e+02, +1.8260772391e+02
+2.2052636804e+02, +1.8388838836e+02
+2.1831021901e+02, +1.8515195894e+02
+2.1610413009e+02, +1.8639863906e+02
+2.1390776647e+02, +1.8762862836e+02
+2.1172080820e+02, +1.8884212263e+02
+2.0954294935e+02, +1.9003931375e+02
+2.0737389722e+02, +1.9122038970e+02
+2.0521337157e+02, +1.9238553456e+02
+2.0306110397e+02, +1.9353492848e+02
+2.0091683713e+02, +1.9466874772e+02
+1.9878032429e+02, +1.9578716471e+02
+1.9665132867e+02, +1.9689034805e+02
+1.9452962292e+02, +1.9797846257e+02
+1.9241498864e+02, +1.9905166938e+02
+1.9030721594e+02, +2.0011012595e+02
+1.8820610292e+02, +2.0115398611e+02
+1.8611145538e+02, +2.0218340020e+02
+1.8402308631e+02, +2.0319851504e+02
+1.8194081563e+02, +2.0419947407e+02
           NaN, -1.3855979333e+03
           NaN, -1.3886389782e+03
           NaN, -1.3915686663e+03
           NaN, -1.3943917020e+03
+1.7161507597e+02, +2.0899672216e+02
+1.6956595912e+02, +2.0991557609e+02
+1.6752184675e+02, +2.1082118852e+02
+1.6548260316e+02, +2.1171367805e+02
           NaN, -1.4070573377e+03
           NaN, -1.4093279443e+03
           NaN, -1.4115193562e+03
           NaN, -1.4136348174e+03
           NaN, -1.4156774193e+03
           NaN, -1.4176501168e+03
           NaN, -1.4195557290e+03
           NaN, -1.4213969453e+03
           NaN, -1.4231763375e+03
           NaN, -1.4248963548e+03
           NaN, -1.4265593405e+03
           NaN, -1.4281675309e+03
           NaN, -1.4297230611e+03
           NaN, -1.4312279708e+03
           NaN, -1.4326842058e+03
           NaN, -1.4340936288e+03
           NaN, -1.4354580170e+03
           NaN, -1.4367790674e+03
           NaN, -1.4380584040e+03
           NaN, -1.4392975765e+03
           NaN, -1.4404980684e+03
           NaN, -1.4416612980e+03
           NaN, -1.4427886199e+03
           NaN, -1.4438813286e+03
           NaN, -1.4449406653e+03
           NaN, -1.4459678168e+03
           NaN, -1.4469639148e+03
           NaN, -1.4479300478e+03
           NaN, -1.4488672555e+03
           NaN, -1.4497765317e+03
           NaN, -1.4506588310e+03
           NaN, -1.4515150646e+03
           NaN, -1.4523461091e+03
           NaN, -1.4531528017e+03
           NaN, -1.4539359470e+03
           NaN, -1.4546963141e+03
           NaN, -1.4554346440e+03
           NaN, -1.4561516449e+03
           NaN, -1.4568479951e+03
           NaN, -1.4575243508e+03
           NaN, -1.4581813386e+03
           NaN, -1.4588195600e+03
           NaN, -1.4594395947e+03
           NaN, -1.4600419981e+03
           NaN, -1.4606273075e+03
           NaN, -1.4611960354e+03
           NaN, -1.4617486776e+03
           NaN, -1.4622857129e+03
           NaN, -1.4628075977e+03
           NaN, -1.4633147756e+03
           NaN, -1.4638076733e+03
           NaN, -1.4642867020e+03
           NaN, -1.4647522582e+03
           NaN, -1.4652047233e+03
           NaN, -1.4656444697e+03
           NaN, -1.4660718520e+03
           NaN, -1.4664872158e+03
           NaN, -1.4668908959e+03
           NaN, -1.4672832125e+03
           NaN, -1.4676644817e+03
           NaN, -1.4680350030e+03
           NaN, -1.4683950682e+03
           NaN, -1.4687449643e+03
           NaN, -1.4690849661e+03
           NaN, -1.4694153392e+03
           NaN, -1.4697363429e+03
           NaN, -1.4700482312e+03
           NaN, -1.4703512466e+03
           NaN, -1.4706456281e+03
           NaN, -1.4709316062e+03
           NaN, -1.4712094052e+03
           NaN, -1.4714792458e+03
           NaN, -1.4717413396e+03
           NaN, -1.4719958942e+03
           NaN, -1.4722431138e+03
           NaN, -1.4724831929e+03
           NaN, -1.4727163253e+03
           NaN, -1.4729426982e+03
           NaN, -1.4731624949e+03
           NaN, -1.4733758913e+03
           NaN, -1.4735830638e+03
           NaN, -1.4737841825e+03
           NaN, -1.4739794109e+03
           NaN, -1.4741689108e+03
           NaN, -1.4743528424e+03
           NaN, -1.4745313558e+03
           NaN, -1.4747046037e+03
           NaN, -1.4748727295e+03
           NaN, -1.4750358775e+03
           NaN, -1.4751941842e+03
           NaN, -1.4753477863e+03
