-4.1657613293e+02, -6.0332430708e-01
-4.2197549851e+02, -5.8833267703e-01
-4.4183096342e+02, +7.4110191463e+01
-4.5446478640e+02, +6.7079336589e+01
-4.2197549851e+02, -5.8833267703e-01
-4.4303665803e+02, +8.0185328378e+01
-4.4244113426e+02, -5.4390873554e-01
-4.4733257189e+02, -5.3545774049e-01
-4.5215088937e+02, -5.2775587345e-01
-4.5690239333e+02, -5.2070009671e-01
-4.6159254589e+02, -5.1420625843e-01
-4.6622611559e+02, -5.0820484559e-01
-4.7080729514e+02, -5.0263785211e-01
-4.7533979455e+02, -4.9745643118e-01
-4.7982691572e+02, -4.9261910932e-01
-4.8427161272e+02, -4.8809040954e-01
-4.8867654111e+02, -4.8383977713e-01
-4.9304409853e+02, -4.7984073236e-01
-5.0167559861e+02, -4.7250794247e-01
-5.1857389573e+02, -4.6001476378e-01
-4.9304409853e+02, -4.7984073236e-01
-5.1076441686e+02, +6.9794757989e+01
-5.1018128979e+02, -4.6593912018e-01
-5.1439101375e+02, -4.6290281068e-01
-5.1857389573e+02, -4.6001476378e-01
-5.2273122812e+02, -4.5726381396e-01
-5.2686420737e+02, -4.5463993350e-01
-5.3097394365e+02, -4.5213408735e-01
-5.3506146925e+02, -4.4973811012e-01
-5.3912774599e+02, -4.4744460121e-01
-5.4317367174e+02, -4.4524683504e-01
-5.4720008616e+02, -4.4313868384e-01
-5.5120777581e+02, -4.4111455096e-01
-5.6138267686e+02, +6.0356689199e+01
-5.7456812598e+02, +5.5863181206e+01
-5.5120777581e+02, -4.4111455096e-01
-5.6389605677e+02, +6.6386529312e+01
-5.6706540150e+02, -4.3376182587e-01
-5.7098970033e+02, -4.3208877115e-01
-5.7489910258e+02, -4.3047454105e-01
-5.7879412705e+02, -4.2891599055e-01
-5.8267526506e+02, -4.2741020225e-01
-5.8654298245e+02, -4.2595446563e-01
-5.9039772133e+02, -4.2454625861e-01
-5.9423990178e+02, -4.2318323104e-01
-5.9806992328e+02, -4.2186318999e-01
-6.0188816608e+02, -4.2058408646e-01
-6.0569499250e+02, -4.1934400354e-01
-6.0951802660e+02, +5.8129333251e+01
-6.1705035036e+02, -4.1584047231e-01
-6.4320426346e+02, -4.0874332782e-01
-6.1334533013e+02, +5.8114834821e+01
-6.2346471947e+02, +6.3089711189e+01
-6.2456943871e+02, -4.1366978357e-01
-6.2831450265e+02, -4.1262973640e-01
-6.3205026905e+02, -4.1161820686e-01
-6.3577699107e+02, -4.1063402332e-01
-6.3949491152e+02, -4.0967607907e-01
-6.4320426346e+02, -4.0874332782e-01
-6.4690527074e+02, -4.0783477955e-01
-6.5059814844e+02, -4.0694949666e-01
-6.5428310341e+02, -4.0608659051e-01
-6.5796033463e+02, -4.0524521818e-01
-6.6163003363e+02, -4.0442457953e-01
-6.6529238489e+02, -4.0362391443e-01
-6.6894756615e+02, -4.0284250026e-01
-6.7151120237e+02, +5.6484421665e+01
-6.7987177347e+02, -4.0060705213e-01
-6.9434673854e+02, -3.9785780335e-01
-6.6894756615e+02, -4.0284250026e-01
-6.7987177347e+02, -4.0060705213e-01
-6.8965389977e+02, +5.5724671175e+01
-6.9073727024e+02, -3.9852199205e-01
-6.9434673854e+02, -3.9785780335e-01
-6.9795025260e+02, -3.9720818832e-01
-7.0154794235e+02, -3.9657267511e-01
-7.0513993358e+02, -3.9595081235e-01
-7.0872634804e+02, -3.9534216807e-01
-7.1230730367e+02, -3.9474632860e-01
-7.1588291472e+02, -3.9416289765e-01
-7.1945329195e+02, -3.9359149535e-01
-7.2301854273e+02, -3.9303175741e-01
-7.2657877120e+02, -3.9248333432e-01
-7.3013407838e+02, -3.9194589058e-01
-7.3368456234e+02, -3.9141910401e-01
-7.3723031827e+02, -3.9090266509e-01
-7.4077143860e+02, -3.9039627629e-01
-7.4430801314e+02, -3.8989965154e-01
-7.4784012913e+02, -3.8941251566e-01
-7.5867469311e+02, +5.9703849953e+01
-7.5841056222e+02, -3.8800544184e-01
-7.6894378470e+02, -3.8667480210e-01
-7.1945329195e+02, -3.9359149535e-01
-7.5489132236e+02, -3.8846566106e-01
-7.6192566898e+02, -3.8755370959e-01
-7.7380355141e+02, +5.6990130862e+01
-7.7244693943e+02, -3.8624719500e-01
-7.7594625273e+02, -3.8582721039e-01
-7.7944179280e+02, -3.8541465083e-01
-7.8293362606e+02, -3.8500932567e-01
-7.8642181727e+02, -3.8461105081e-01
-7.8990642951e+02, -3.8421964834e-01
-7.9338752430e+02, -3.8383494638e-01
-7.9686516162e+02, -3.8345677873e-01
-8.0033939997e+02, -3.8308498469e-01
-8.0381029641e+02, -3.8271940882e-01
-8.0727790663e+02, -3.8235990070e-01
-8.1074228497e+02, -3.8200631477e-01
-8.1420348446e+02, -3.8165851010e-01
-8.1766155688e+02, -3.8131635020e-01
-8.2111655282e+02, -3.8097970289e-01
-8.2456852164e+02, -3.8064844007e-01
-8.2801751159e+02, -3.8032243760e-01
-8.3146356982e+02, -3.8000157514e-01
-8.3490674238e+02, -3.7968573599e-01
-8.3834707428e+02, -3.7937480699e-01
-8.4178460954e+02, -3.7906867832e-01
-8.4521939119e+02, -3.7876724344e-01
-8.4865146130e+02, -3.7847039895e-01
-8.5208086103e+02, -3.7817804444e-01
-8.5550763063e+02, -3.7789008243e-01
-8.6645638110e+02, +5.4281375587e+01
-8.6577254832e+02, -3.7705161789e-01
-8.6980782958e+02, +5.4482545586e+01
-8.7942457901e+02, -3.7598971295e-01
-8.5893180949e+02, -3.7760641822e-01
-8.6918918292e+02, -3.7678030551e-01
-8.7601516325e+02, -3.7624943402e-01
-8.7942457901e+02, -3.7598971295e-01
-8.9288154472e+02, +5.5731896472e+01
-8.8963893394e+02, -3.7523248248e-01
-8.9303919671e+02, -3.7498713807e-01
-8.9643725104e+02, -3.7474520884e-01
-8.9983312757e+02, -3.7450662696e-01
-9.0322685635e+02, -3.7427132638e-01
-9.0661846682e+02, -3.7403924277e-01
-9.1000798787e+02, -3.7381031345e-01
-9.1339544780e+02, -3.7358447737e-01
-9.1678087439e+02, -3.7336167503e-01
-9.2016429487e+02, -3.7314184843e-01
-9.2354573596e+02, -3.7292494103e-01
-9.2692522387e+02, -3.7271089772e-01
-9.3030278431e+02, -3.7249966473e-01
-9.3367844253e+02, -3.7229118965e-01
-9.3705222329e+02, -3.7208542134e-01
-9.4042415090e+02, -3.7188230990e-01
-9.4379424921e+02, -3.7168180666e-01
-9.4716254167e+02, -3.7148386410e-01
-9.5052905126e+02, -3.7128843585e-01
-9.5389380058e+02, -3.7109547664e-01
-9.5725681180e+02, -3.7090494227e-01
-9.6061810671e+02, -3.7071678959e-01
-9.6397770670e+02, -3.7053097644e-01
-9.6733563280e+02, -3.7034746164e-01
-9.7069190565e+02, -3.7016620499e-01
-9.7404654555e+02, -3.6998716717e-01
-9.7739957244e+02, -3.6981030979e-01
-9.8075100590e+02, -3.6963559532e-01
-9.8410086520e+02, -3.6946298708e-01
-9.8744916927e+02, -3.6929244920e-01
-9.9079593671e+02, -3.6912394663e-01
-9.9414118582e+02, -3.6895744508e-01
-9.9748493459e+02, -3.6879291103e-01
-1.0008272007e+03, -3.6863031169e-01
-1.0041680015e+03, -3.6846961498e-01
-1.0075073542e+03, -3.6831078953e-01
-1.0108452755e+03, -3.6815380462e-01
-1.0141817820e+03, -3.6799863023e-01
-1.0175168901e+03, -3.6784523695e-01
-1.0208506156e+03, -3.6769359599e-01
-1.0241829743e+03, -3.6754367920e-01
-1.0275139819e+03, -3.6739545900e-01
-1.0285911456e+03, +5.0911892593e+01
-1.0500536143e+03, +6.5112461394e+01
-1.0408248011e+03, -3.6681901236e-01
-1.0441492764e+03, -3.6667888109e-01
-1.0474724886e+03, -3.6654029253e-01
-1.0498324752e+03, +5.1358026605e+01
-1.0574346833e+03, -3.6613354718e-01
-1.0640700790e+03, -3.6586967272e-01
-1.0771239346e+03, +4.9658672978e+01
-1.1367677981e+03, -3.6330457776e-01
-1.0241829743e+03, -3.6754367920e-01
-1.0507944514e+03, -3.6640322286e-01
-1.0577072118e+03, +5.1697275072e+01
-1.0640700790e+03, -3.6586967272e-01
-1.0707007420e+03, -3.6561142528e-01
-1.0740143304e+03, -3.6548435912e-01
-1.0773267730e+03, -3.6535863746e-01
-1.0806380820e+03, -3.6523424037e-01
-1.0796697132e+03, +5.1426343822e+01
-1.0979778750e+03, +5.2274489846e+01
-1.0971780338e+03, -3.6463145278e-01
-1.0971780338e+03, -3.6463145278e-01
-1.1004827854e+03, -3.6451460574e-01
-1.1037864832e+03, -3.6439895411e-01
-1.1070891381e+03, -3.6428448080e-01
-1.1103907605e+03, -3.6417116904e-01
-1.1136913610e+03, -3.6405900238e-01
-1.1169909499e+03, -3.6394796465e-01
-1.1202895373e+03, -3.6383804000e-01
-1.1235871332e+03, -3.6372921286e-01
-1.1268837476e+03, -3.6362146794e-01
-1.1301793902e+03, -3.6351479023e-01
-1.1334740705e+03, -3.6340916500e-01
-1.1367677981e+03, -3.6330457776e-01
-1.1400605823e+03, -3.6320101430e-01
-1.1433524323e+03, -3.6309846065e-01
-1.1466433572e+03, -3.6299690310e-01
-1.1499333660e+03, -3.6289632818e-01
-1.1532224675e+03, -3.6279672264e-01
-1.1565106704e+03, -3.6269807348e-01
-1.1597979834e+03, -3.6260036792e-01
-1.1630844150e+03, -3.6250359340e-01
-1.1663699735e+03, -3.6240773757e-01
-1.1696546672e+03, -3.6231278831e-01
-1.1729385043e+03, -3.6221873369e-01
-1.1762214928e+03, -3.6212556200e-01
-1.1795036407e+03, -3.6203326171e-01
-1.1827849558e+03, -3.6194182150e-01
-1.1860654459e+03, -3.6185123023e-01
-1.1893451187e+03, -3.6176147696e-01
-1.1926239816e+03, -3.6167255092e-01
-1.1959020421e+03, -3.6158444152e-01
-1.1991793076e+03, -3.6149713836e-01
-1.2024557853e+03, -3.6141063119e-01
-1.2057314825e+03, -3.6132490994e-01
-1.2090064061e+03, -3.6123996471e-01
-1.2122805632e+03, -3.6115578575e-01
-1.2155539607e+03, -3.6107236348e-01
-1.2188266053e+03, -3.6098968847e-01
-1.2220985040e+03, -3.6090775144e-01
-1.2253696631e+03, -3.6082654325e-01
-1.2286400894e+03, -3.6074605493e-01
-1.2319097894e+03, -3.6066627763e-01
-1.2351787694e+03, -3.6058720265e-01
-1.2384470357e+03, -3.6050882144e-01
-1.2417145946e+03, -3.6043112556e-01
-1.2449814524e+03, -3.6035410671e-01
-1.2482476150e+03, -3.6027775673e-01
-1.2515130885e+03, -3.6020206759e-01
-1.2547778789e+03, -3.6012703137e-01
-1.2580419920e+03, -3.6005264027e-01
-1.2613054337e+03, -3.5997888663e-01
-1.2645682097e+03, -3.5990576289e-01
-1.2678303257e+03, -3.5983326162e-01
-1.2710917872e+03, -3.5976137549e-01
-1.2743525999e+03, -3.5969009728e-01
-1.2776127692e+03, -3.5961941989e-01
-1.2808723006e+03, -3.5954933632e-01
-1.2841311993e+03, -3.5947983969e-01
-1.2873894707e+03, -3.5941092320e-01
-1.2906471200e+03, -3.5934258017e-01
-1.2939041523e+03, -3.5927480400e-01
-1.2971605728e+03, -3.5920758821e-01
-1.3004163866e+03, -3.5914092639e-01
-1.3036715985e+03, -3.5907481226e-01
-1.3069262136e+03, -3.5900923960e-01
-1.3101802368e+03, -3.5894420229e-01
-1.3134336728e+03, -3.5887969431e-01
-1.3166865264e+03, -3.5881570971e-01
-1.3199388024e+03, -3.5875224264e-01
-1.3231905054e+03, -3.5868928732e-01
-1.3264416400e+03, -3.5862683807e-01
-1.3296922108e+03, -3.5856488929e-01
-1.3329422223e+03, -3.5850343544e-01
-1.3361916790e+03, -3.5844247107e-01
-1.3394405852e+03, -3.5838199082e-01
-1.3426889454e+03, -3.5832198939e-01
-1.3459367638e+03, -3.5826246156e-01
-1.3491840448e+03, -3.5820340218e-01
-1.3524307925e+03, -3.5814480617e-01
-1.3556770111e+03, -3.5808666854e-01
-1.3589227048e+03, -3.5802898434e-01
-1.3621678776e+03, -3.5797174872e-01
-1.3654125336e+03, -3.5791495686e-01
-1.3686566768e+03, -3.5785860403e-01
-1.3719003112e+03, -3.5780268558e-01
-1.3751434406e+03, -3.5774719688e-01
-1.3783860690e+03, -3.5769213341e-01
-1.3816282001e+03, -3.5763749067e-01
-1.3848698379e+03, -3.5758326425e-01
-1.3881109859e+03, -3.5752944979e-01
-1.3913516480e+03, -3.5747604299e-01
-1.3945918278e+03, -3.5742303961e-01
-1.3978315289e+03, -3.5737043544e-01
-1.4010707550e+03, -3.5731822638e-01
-1.4043095096e+03, -3.5726640833e-01
-1.4075477962e+03, -3.5721497727e-01
-1.4107856184e+03, -3.5716392925e-01
-1.4140229796e+03, -3.5711326033e-01
-1.4172598832e+03, -3.5706296666e-01
-1.4204963325e+03, -3.5701304442e-01
-1.4237323310e+03, -3.5696348984e-01
-1.4269678820e+03, -3.5691429920e-01
-1.4302029887e+03, -3.5686546885e-01
-1.4334376543e+03, -3.5681699516e-01
-1.4366718822e+03, -3.5676887455e-01
-1.4399056755e+03, -3.5672110350e-01
-1.4431390373e+03, -3.5667367852e-01
-1.4463719707e+03, -3.5662659617e-01
-1.4496044789e+03, -3.5657985307e-01
-1.4528365650e+03, -3.5653344586e-01
-1.4555444500e+03, +4.8542114553e+01
-1.4496044789e+03, -3.5657985307e-01
-1.4592994826e+03, -3.5644162591e-01
-1.4625303201e+03, -3.5639620667e-01
-1.4600986615e+03, +5.0026594490e+01
-1.4241912026e+03, +1.1008549739e+02
-1.4888920472e+03, +5.0407746467e+01
-1.4851348570e+03, -3.5608713986e-01
-1.4883624925e+03, -3.5604421792e-01
-1.4885536832e+03, +4.7272316608e+01
-1.4915897403e+03, -3.5600159479e-01
-1.4948166032e+03, -3.5595926761e-01
-1.4980430836e+03, -3.5591723357e-01
-1.5012691843e+03, -3.5587548989e-01
-1.5044949080e+03, -3.5583403384e-01
-1.5077202571e+03, -3.5579286269e-01
-1.5109452344e+03, -3.5575197377e-01
-1.5141698422e+03, -3.5571136442e-01
-1.5173940832e+03, -3.5567103205e-01
-1.5206179599e+03, -3.5563097405e-01
-1.5238414746e+03, -3.5559118788e-01
-1.5237336431e+03, +4.9820688979e+01
-1.5374050528e+03, +5.0160821546e+01
-1.5367319636e+03, -3.5543471150e-01
-1.5399537053e+03, -3.5539624723e-01
-1.5431750995e+03, -3.5535804009e-01
-1.5463961485e+03, -3.5532008774e-01
-1.5516216508e+03, +5.9600607009e+01
-1.5560572474e+03, -3.5520773630e-01
-1.5592769385e+03, -3.5517078014e-01
-1.5666663378e+03, +4.9770216944e+01
-1.5689340171e+03, -3.5506136356e-01
-1.5753704291e+03, -3.5498960751e-01
-1.5818055487e+03, -3.5491878244e-01
-1.5902990409e+03, +4.9829681893e+01
-1.6011033186e+03, -3.5471173042e-01
-1.6211923259e+03, +4.7284645620e+01
-1.6589319805e+03, -3.5413586113e-01
-1.4204963325e+03, -3.5701304442e-01
-1.5173940832e+03, -3.5567103205e-01
-1.5436247379e+03, +4.8263803174e+01
-1.5592769385e+03, -3.5517078014e-01
-1.5689340171e+03, -3.5506136356e-01
-1.5753704291e+03, -3.5498960751e-01
-1.5818055487e+03, -3.5491878244e-01
-1.5882393926e+03, -3.5484887189e-01
-1.5914558413e+03, -3.5481425453e-01
-1.5978878023e+03, -3.5474568573e-01
-1.6011033186e+03, -3.5471173042e-01
-1.6043185282e+03, -3.5467799194e-01
-1.6135130883e+03, +5.0126072532e+01
-1.6139623354e+03, -3.5457805871e-01
-1.6171763371e+03, -3.5454516889e-01
-1.6203900416e+03, -3.5451248665e-01
-1.6236034507e+03, -3.5448001023e-01
-1.6268165664e+03, -3.5444773785e-01
-1.6255348892e+03, +4.9991337892e+01
-1.6423017465e+03, +5.0392551921e+01
-1.6396661312e+03, -3.5432065409e-01
-1.6428778069e+03, -3.5428937609e-01
-1.6460892000e+03, -3.5425829192e-01
-1.6493003122e+03, -3.5422739995e-01
-1.6525111451e+03, -3.5419669856e-01
-1.6557217007e+03, -3.5416618615e-01
-1.6589319805e+03, -3.5413586113e-01
-1.6621419863e+03, -3.5410572194e-01
-1.6653517197e+03, -3.5407576703e-01
-1.6685611824e+03, -3.5404599486e-01
-1.6717703761e+03, -3.5401640391e-01
-1.6749793023e+03, -3.5398699267e-01
-1.6781879627e+03, -3.5395775968e-01
-1.6813963590e+03, -3.5392870345e-01
-1.6846044926e+03, -3.5389982252e-01
-1.6878123653e+03, -3.5387111546e-01
-1.6910199785e+03, -3.5384258085e-01
-1.6942273338e+03, -3.5381421727e-01
-1.7038478679e+03, -3.5373013885e-01
-1.6974344328e+03, -3.5378602333e-01
-1.7006412770e+03, -3.5375799765e-01
-1.7006412770e+03, -3.5375799765e-01
-1.7018126442e+03, +4.9245680247e+01
-1.6935980313e+03, +5.1347854531e+01
-1.8093101253e+03, +1.4482144684e+02
-1.7399757734e+03, +5.0383682614e+01
-1.7347546108e+03, +4.9094006478e+01
-1.7359001716e+03, -3.5346043919e-01
-1.7359001716e+03, -3.5346043919e-01
-1.7391040732e+03, -3.5343432993e-01
-1.7423077388e+03, -3.5340837221e-01
-1.7486011824e+03, +4.7705738002e+01
-1.7326960327e+03, -3.5348670120e-01
-1.7455111697e+03, -3.5338256485e-01
-1.7519173332e+03, -3.5333139646e-01
-1.7551200684e+03, -3.5330603309e-01
-1.7583225743e+03, -3.5328081541e-01
-1.7615248524e+03, -3.5325574228e-01
-1.7647269037e+03, -3.5323081258e-01
-1.7679287298e+03, -3.5320602518e-01
-1.7711303318e+03, -3.5318137899e-01
-1.7743317110e+03, -3.5315687290e-01
-1.7775328688e+03, -3.5313250585e-01
-1.7807338062e+03, -3.5310827676e-01
-1.7839345247e+03, -3.5308418456e-01
-1.7871350254e+03, -3.5306022821e-01
-1.7903353095e+03, -3.5303640666e-01
-1.7935353783e+03, -3.5301271889e-01
-1.7967352330e+03, -3.5298916388e-01
-1.7999348748e+03, -3.5296574061e-01
-1.8031343048e+03, -3.5294244808e-01
-1.8063335243e+03, -3.5291928531e-01
-1.8095325344e+03, -3.5289625131e-01
-1.8127313363e+03, -3.5287334511e-01
-1.8159299311e+03, -3.5285056575e-01
-1.8191283200e+03, -3.5282791227e-01
-1.8223265041e+03, -3.5280538374e-01
-1.8255244846e+03, -3.5278297921e-01
-1.8287222625e+03, -3.5276069775e-01
-1.8319198391e+03, -3.5273853846e-01
-1.8351172153e+03, -3.5271650042e-01
-1.8383143923e+03, -3.5269458274e-01
-1.8415113711e+03, -3.5267278451e-01
-1.8447081529e+03, -3.5265110486e-01
-1.8479047387e+03, -3.5262954291e-01
-1.8511011296e+03, -3.5260809779e-01
-1.8542973266e+03, -3.5258676866e-01
-1.8574933308e+03, -3.5256555464e-01
-1.8606891432e+03, -3.5254445491e-01
-1.8638847649e+03, -3.5252346863e-01
-1.8670801968e+03, -3.5250259497e-01
-1.8702754400e+03, -3.5248183310e-01
-1.8734704956e+03, -3.5246118223e-01
-1.8766653644e+03, -3.5244064154e-01
-1.8798600476e+03, -3.5242021024e-01
-1.8830545460e+03, -3.5239988753e-01
-1.8862488607e+03, -3.5237967264e-01
-1.8894429926e+03, -3.5235956479e-01
-1.8926369428e+03, -3.5233956321e-01
-1.8958307121e+03, -3.5231966714e-01
-1.8990243016e+03, -3.5229987583e-01
-1.9022177121e+03, -3.5228018852e-01
-1.9054109446e+03, -3.5226060448e-01
-1.9086040001e+03, -3.5224112297e-01
-1.9117968794e+03, -3.5222174327e-01
-1.9149895835e+03, -3.5220246465e-01
-1.9181821134e+03, -3.5218328640e-01
-1.9213744698e+03, -3.5216420782e-01
-1.9245666537e+03, -3.5214522820e-01
-1.9277586661e+03, -3.5212634684e-01
-1.9309505077e+03, -3.5210756305e-01
-1.9341421795e+03, -3.5208887616e-01
-1.9373336823e+03, -3.5207028549e-01
-1.9405250171e+03, -3.5205179036e-01
-1.9437161846e+03, -3.5203339011e-01
-1.9469071858e+03, -3.5201508408e-01
-1.9500980214e+03, -3.5199687162e-01
-1.9532886924e+03, -3.5197875208e-01
-1.9564791996e+03, -3.5196072481e-01
-1.9596695437e+03, -3.5194278919e-01
-1.9628597257e+03, -3.5192494458e-01
-1.9660497464e+03, -3.5190719035e-01
-1.9692396065e+03, -3.5188952589e-01
-1.9724293069e+03, -3.5187195058e-01
-1.9756188484e+03, -3.5185446381e-01
-1.9788082317e+03, -3.5183706498e-01
-1.9819974578e+03, -3.5181975349e-01
-1.9851865273e+03, -3.5180252874e-01
-1.9883754411e+03, -3.5178539016e-01
-1.9915641999e+03, -3.5176833715e-01
-1.9947528045e+03, -3.5175136913e-01
-1.9979412557e+03, -3.5173448554e-01
-2.0011295542e+03, -3.5171768580e-01
-2.0043177008e+03, -3.5170096936e-01
-2.0075056963e+03, -3.5168433564e-01
-2.0106935413e+03, -3.5166778411e-01
-2.0138812367e+03, -3.5165131420e-01
-2.0170687831e+03, -3.5163492538e-01
-2.0202561814e+03, -3.5161861711e-01
-2.0234434322e+03, -3.5160238884e-01
-2.0266305362e+03, -3.5158624005e-01
-2.0298174943e+03, -3.5157017021e-01
-2.0330043070e+03, -3.5155417881e-01
-2.0361909751e+03, -3.5153826531e-01
-2.0393774993e+03, -3.5152242921e-01
-2.0425638803e+03, -3.5150667001e-01
-2.0457501188e+03, -3.5149098718e-01
-2.0489362155e+03, -3.5147538024e-01
-2.0521221710e+03, -3.5145984869e-01
-2.0553079862e+03, -3.5144439204e-01
-2.0584936615e+03, -3.5142900979e-01
-2.0616791977e+03, -3.5141370146e-01
-2.0648645955e+03, -3.5139846658e-01
-2.0680498555e+03, -3.5138330466e-01
-2.0712349785e+03, -3.5136821523e-01
-2.0744199649e+03, -3.5135319783e-01
-2.0776048156e+03, -3.5133825199e-01
+3.3444354963e+02, -1.1099947667e+01
+3.2943974002e+02, -1.9239545208e+01
+3.2528122407e+02, -2.5796621617e+01
+3.2155950829e+02, -3.1511646590e+01
+3.1811925931e+02, -3.6670085413e+01
+3.1488077128e+02, -4.1420197368e+01
+3.1179642898e+02, -4.5851534040e+01
+3.0883498618e+02, -5.0023469912e+01
+3.0597457708e+02, -5.3977960987e+01
+3.0319916529e+02, -5.7746064394e+01
+3.0049656088e+02, -6.1351598583e+01
+2.9785723214e+02, -6.4813347946e+01
+2.9527355329e+02, -6.8146465430e+01
+2.9273930683e+02, -7.1363404942e+01
+2.9024934212e+02, -7.4474563905e+01
+2.8779933401e+02, -7.7488739623e+01
+2.8538560777e+02, -8.0413461790e+01
+2.8300500919e+02, -8.3255240154e+01
+2.8065480642e+02, -8.6019752537e+01
+2.7833261451e+02, -8.8711989997e+01
+2.7603633646e+02, -9.1336370580e+01
+2.7376411668e+02, -9.3896829633e+01
+2.7151430363e+02, -9.6396892377e+01
+2.6928541972e+02, -9.8839732847e+01
+2.6707613661e+02, -1.0122822223e+02
+2.6488525494e+02, -1.0356496883e+02
+2.6271168739e+02, -1.0585235147e+02
+2.6055444459e+02, -1.0809254746e+02
+2.5841262318e+02, -1.1028755637e+02
+2.5628539572e+02, -1.1243922014e+02
+2.5417200204e+02, -1.1454924046e+02
+2.5207174184e+02, -1.1661919360e+02
+2.4998396829e+02, -1.1865054330e+02
+2.4790808254e+02, -1.2064465199e+02
+2.4584352886e+02, -1.2260279058e+02
+2.4378979043e+02, -1.2452614705e+02
+2.4174638565e+02, -1.2641583397e+02
+2.3971286489e+02, -1.2827289523e+02
+2.3768880759e+02, -1.3009831196e+02
+2.3567381973e+02, -1.3189300776e+02
+2.3366753153e+02, -1.3365785347e+02
+2.3166959545e+02, -1.3539367135e+02
+2.2967968433e+02, -1.3710123885e+02
+2.2769748981e+02, -1.3878129204e+02
+2.2572272085e+02, -1.4043452870e+02
+2.2375510236e+02, -1.4206161107e+02
+2.2179437408e+02, -1.4366316836e+02
+2.1984028945e+02, -1.4523979910e+02
+2.1789261461e+02, -1.4679207318e+02
+2.1595112757e+02, -1.4832053374e+02
+2.1401561731e+02, -1.4982569897e+02
+2.1208588312e+02, -1.5130806366e+02
+2.1016173386e+02, -1.5276810068e+02
+2.0824298732e+02, -1.5420626233e+02
+2.0632946973e+02, -1.5562298154e+02
+2.0442101514e+02, -1.5701867307e+02
+2.0251746499e+02, -1.5839373454e+02
+2.0061866763e+02, -1.5974854739e+02
+1.9872447794e+02, -1.6108347780e+02
+1.9683475691e+02, -1.6239887753e+02
+1.9494937130e+02, -1.6369508469e+02
+1.9306819333e+02, -1.6497242446e+02
+1.9119110034e+02, -1.6623120979e+02
+1.8931797453e+02, -1.6747174199e+02
+1.8744870269e+02, -1.6869431134e+02
+1.8558317594e+02, -1.6989919765e+02
+1.8372128952e+02, -1.7108667073e+02
+1.8186294258e+02, -1.7225699091e+02
+1.8000803795e+02, -1.7341040945e+02
+1.7815648196e+02, -1.7454716902e+02
+1.7630818430e+02, -1.7566750402e+02
+1.7446305781e+02, -1.7677164102e+02
+1.7262101834e+02, -1.7785979907e+02
+1.7078198463e+02, -1.7893219004e+02
+1.6894587811e+02, -1.7998901893e+02
+1.6711262285e+02, -1.8103048414e+02
+1.6528214539e+02, -1.8205677782e+02
+1.6345437464e+02, -1.8306808601e+02
+1.6162924175e+02, -1.8406458902e+02
+1.5980668006e+02, -1.8504646154e+02
+1.5798662494e+02, -1.8601387295e+02
+1.5616901376e+02, -1.8696698749e+02
+1.5435378576e+02, -1.8790596445e+02
+1.5254088198e+02, -1.8883095838e+02
+1.5073024521e+02, -1.8974211927e+02
+1.4892181986e+02, -1.9063959267e+02
+1.4711555196e+02, -1.9152351994e+02
+1.4531138904e+02, -1.9239403829e+02
+1.4350928008e+02, -1.9325128104e+02
+1.4170917550e+02, -1.9409537766e+02
+1.3991102700e+02, -1.9492645397e+02
+1.3811478763e+02, -1.9574463222e+02
+1.3632041162e+02, -1.9655003125e+02
+1.3452785445e+02, -1.9734276657e+02
+1.3273707268e+02, -1.9812295046e+02
+1.3094802402e+02, -1.9889069213e+02
+1.2916066720e+02, -1.9964609777e+02
+1.2737496199e+02, -2.0038927063e+02
+1.2559086913e+02, -2.0112031117e+02
+1.2380835029e+02, -2.0183931711e+02
+1.2202736806e+02, -2.0254638349e+02
+1.2024788590e+02, -2.0324160279e+02
+1.1846986811e+02, -2.0392506500e+02
+1.1669327979e+02, -2.0459685767e+02
+1.1491808683e+02, -2.0525706599e+02
+1.1314425587e+02, -2.0590577285e+02
+1.1137175427e+02, -2.0654305892e+02
+1.0960055011e+02, -2.0716900271e+02
+1.0783061210e+02, -2.0778368060e+02
+1.0606190964e+02, -2.0838716693e+02
+1.0429441274e+02, -2.0897953403e+02
+1.0252809202e+02, -2.0956085228e+02
+1.0076291867e+02, -2.1013119017e+02
+9.8998864467e+01, -2.1069061433e+02
+9.7235901709e+01, -2.1123918958e+02
+9.5474003227e+01, -2.1177697898e+02
+9.3713142360e+01, -2.1230404387e+02
+9.1953292931e+01, -2.1282044391e+02
+9.0194429236e+01, -2.1332623711e+02
+8.8436526025e+01, -2.1382147987e+02
+8.6679558490e+01, -2.1430622705e+02
+8.4923502243e+01, -2.1478053193e+02
+8.3168333308e+01, -2.1524444632e+02
+8.1414028101e+01, -2.1569802055e+02
+7.9660563421e+01, -2.1614130352e+02
+7.7907916434e+01, -2.1657434269e+02
+7.6156064660e+01, -2.1699718417e+02
+7.4404985962e+01, -2.1740987269e+02
+7.2654658534e+01, -2.1781245168e+02
+7.0905060885e+01, -2.1820496322e+02
+6.9156171833e+01, -2.1858744816e+02
+6.7407970492e+01, -2.1895994605e+02
+6.5660436260e+01, -2.1932249523e+02
+6.3913548811e+01, -2.1967513282e+02
+6.2167288081e+01, -2.2001789474e+02
+6.0421634263e+01, -2.2035081575e+02
+5.8676567793e+01, -2.2067392943e+02
+5.6932069344e+01, -2.2098726824e+02
+5.5188119814e+01, -2.2129086353e+02
+5.3444700319e+01, -2.2158474553e+02
+5.1701792186e+01, -2.2186894337e+02
+4.9959376940e+01, -2.2214348515e+02
+4.8217436297e+01, -2.2240839787e+02
+4.6475952161e+01, -2.2266370750e+02
+4.4734906609e+01, -2.2290943899e+02
+4.2994281889e+01, -2.2314561627e+02
+4.1254060406e+01, -2.2337226224e+02
+3.9514224724e+01, -2.2358939884e+02
+3.7774757548e+01, -2.2379704700e+02
+3.6035641726e+01, -2.2399522669e+02
+3.4296860235e+01, -2.2418395691e+02
+3.2558396182e+01, -2.2436325571e+02
+3.0820232786e+01, -2.2453314021e+02
+2.9082353385e+01, -2.2469362656e+02
+2.7344741416e+01, -2.2484473002e+02
+2.5607380419e+01, -2.2498646489e+02
+2.3870254026e+01, -2.2511884458e+02
+2.2133345953e+01, -2.2524188158e+02
+2.0396640000e+01, -2.2535558750e+02
+1.8660120038e+01, -2.2545997302e+02
+1.6923770006e+01, -2.2555504796e+02
+1.5187573907e+01, -2.2564082124e+02
+1.3451515799e+01, -2.2571730089e+02
+1.1715579790e+01, -2.2578449406e+02
+9.9797500316e+00, -2.2584240705e+02
+8.2440107155e+00, -2.2589104527e+02
+6.5083460651e+00, -2.2593041324e+02
+4.7727403313e+00, -2.2596051466e+02
+3.0371777860e+00, -2.2598135232e+02
+1.3016427168e+00, -2.2599292817e+02
-4.3388057858e-01, -2.2599524328e+02
-2.1694077984e+00, -2.2598829788e+02
-3.9049546424e+00, -2.2597209132e+02
-5.6405368170e+00, -2.2594662208e+02
-7.3761700420e+00, -2.2591188778e+02
-9.1118700550e+00, -2.2586788520e+02
-1.0847652618e+01, -2.2581461022e+02
-1.2583533524e+01, -2.2575205787e+02
-1.4319528599e+01, -2.2568022230e+02
-1.6055653713e+01, -2.2559909679e+02
-1.7791924782e+01, -2.2550867374e+02
-1.9528357775e+01, -2.2540894468e+02
-2.1264968721e+01, -2.2529990024e+02
-2.3001773714e+01, -2.2518153017e+02
-2.4738788916e+01, -2.2505382333e+02
-2.6476030571e+01, -2.2491676767e+02
-2.8213515002e+01, -2.2477035024e+02
-2.9951258624e+01, -2.2461455718e+02
-3.1689277946e+01, -2.2444937372e+02
-3.3427589580e+01, -2.2427478415e+02
-3.5166210248e+01, -2.2409077183e+02
-3.6905156784e+01, -2.2389731919e+02
-3.8644446148e+01, -2.2369440770e+02
-4.0384095424e+01, -2.2348201788e+02
-4.2124121836e+01, -2.2326012927e+02
-4.3864542748e+01, -2.2302872045e+02
-4.5605375676e+01, -2.2278776900e+02
-4.7346638290e+01, -2.2253725149e+02
-4.9088348428e+01, -2.2227714349e+02
-5.0830524099e+01, -2.2200741956e+02
-5.2573183492e+01, -2.2172805319e+02
-5.4316344984e+01, -2.2143901684e+02
-5.6060027149e+01, -2.2114028191e+02
-5.7804248765e+01, -2.2083181871e+02
-5.9549028823e+01, -2.2051359645e+02
-6.1294386536e+01, -2.2018558323e+02
-6.3040341350e+01, -2.1984774604e+02
-6.4786912948e+01, -2.1950005070e+02
-6.6534121264e+01, -2.1914246188e+02
-6.8281986493e+01, -2.1877494306e+02
-7.0030529096e+01, -2.1839745652e+02
-7.1779769818e+01, -2.1800996330e+02
-7.3529729690e+01, -2.1761242322e+02
-7.5280430047e+01, -2.1720479481e+02
-7.7031892537e+01, -2.1678703531e+02
-7.8784139129e+01, -2.1635910066e+02
-8.0537192131e+01, -2.1592094544e+02
-8.2291074197e+01, -2.1547252287e+02
-8.4045808345e+01, -2.1501378476e+02
-8.5801417964e+01, -2.1454468150e+02
-8.7557926832e+01, -2.1406516204e+02
-8.9315359131e+01, -2.1357517383e+02
-9.1073739455e+01, -2.1307466280e+02
-9.2833092833e+01, -2.1256357334e+02
-9.4593444739e+01, -2.1204184823e+02
-9.6354821111e+01, -2.1150942864e+02
-9.8117248367e+01, -2.1096625409e+02
-9.9880753420e+01, -2.1041226237e+02
-1.0164536370e+02, -2.0984738956e+02
-1.0341110717e+02, -2.0927156993e+02
-1.0517801234e+02, -2.0868473594e+02
-1.0694610831e+02, -2.0808681814e+02
-1.0871542476e+02, -2.0747774520e+02
-1.1048599198e+02, -2.0685744378e+02
-1.1225784091e+02, -2.0622583853e+02
-1.1403100315e+02, -2.0558285200e+02
-1.1580551099e+02, -2.0492840464e+02
-1.1758139741e+02, -2.0426241465e+02
-1.1935869616e+02, -2.0358479801e+02
-1.2113744172e+02, -2.0289546834e+02
-1.2291766940e+02, -2.0219433690e+02
-1.2469941531e+02, -2.0148131246e+02
-1.2648271643e+02, -2.0075630127e+02
-1.2826761062e+02, -2.0001920695e+02
-1.3005413667e+02, -1.9926993043e+02
-1.3184233431e+02, -1.9850836987e+02
-1.3363224431e+02, -1.9773442054e+02
-1.3542390842e+02, -1.9694797478e+02
-1.3721736952e+02, -1.9614892184e+02
-1.3901267156e+02, -1.9533714785e+02
-1.4080985970e+02, -1.9451253563e+02
-1.4260898029e+02, -1.9367496466e+02
-1.4441008095e+02, -1.9282431093e+02
-1.4621321060e+02, -1.9196044680e+02
-1.4801841954e+02, -1.9108324090e+02
-1.4982575952e+02, -1.9019255797e+02
-1.5163528373e+02, -1.8928825876e+02
-1.5344704696e+02, -1.8837019981e+02
-1.5526110559e+02, -1.8743823340e+02
-1.5707751770e+02, -1.8649220726e+02
-1.5889634314e+02, -1.8553196450e+02
-1.6071764359e+02, -1.8455734338e+02
-1.6254148268e+02, -1.8356817712e+02
-1.6436792603e+02, -1.8256429370e+02
-1.6619704139e+02, -1.8154551566e+02
-1.6802889872e+02, -1.8051165984e+02
-1.6986357027e+02, -1.7946253719e+02
-1.7170113074e+02, -1.7839795247e+02
-1.7354165735e+02, -1.7731770401e+02
-1.7538522999e+02, -1.7622158341e+02
-1.7723193136e+02, -1.7510937525e+02
-1.7908184710e+02, -1.7398085677e+02
-1.8093506591e+02, -1.7283579752e+02
-1.8279167977e+02, -1.7167395902e+02
-1.8465178408e+02, -1.7049509436e+02
-1.8651547781e+02, -1.6929894779e+02
-1.8838286376e+02, -1.6808525429e+02
-1.9025404872e+02, -1.6685373913e+02
-1.9212914369e+02, -1.6560411733e+02
-1.9400826415e+02, -1.6433609316e+02
-1.9589153029e+02, -1.6304935956e+02
-1.9777906730e+02, -1.6174359756e+02
-1.9967100566e+02, -1.6041847559e+02
-2.0156748143e+02, -1.5907364881e+02
-2.0346863665e+02, -1.5770875836e+02
-2.0537461964e+02, -1.5632343052e+02
-2.0728558546e+02, -1.5491727590e+02
-2.0920169630e+02, -1.5348988843e+02
-2.1112312196e+02, -1.5204084440e+02
-2.1305004037e+02, -1.5056970133e+02
-2.1498263812e+02, -1.4907599681e+02
-2.1692111105e+02, -1.4755924719e+02
-2.1886566495e+02, -1.4601894617e+02
-2.2081651621e+02, -1.4445456329e+02
-2.2277389267e+02, -1.4286554225e+02
-2.2473803439e+02, -1.4125129910e+02
-2.2670919469e+02, -1.3961122025e+02
-2.2868764108e+02, -1.3794466026e+02
-2.3067365646e+02, -1.3625093946e+02
-2.3266754038e+02, -1.3452934129e+02
-2.3466961039e+02, -1.3277910940e+02
-2.3668020363e+02, -1.3099944436e+02
-2.3869967853e+02, -1.2918950015e+02
-2.4072841670e+02, -1.2734838008e+02
-2.4276682515e+02, -1.2547513242e+02
-2.4481533862e+02, -1.2356874536e+02
-2.4687442236e+02, -1.2162814145e+02
-2.4894457513e+02, -1.1965217130e+02
-2.5102633272e+02, -1.1763960647e+02
-2.5312027186e+02, -1.1558913145e+02
-2.5522701475e+02, -1.1349933444e+02
-2.5734723421e+02, -1.1136869694e+02
-2.5948165960e+02, -1.0919558170e+02
-2.6163108374e+02, -1.0697821891e+02
-2.6379637088e+02, -1.0471469014e+02
-2.6597846600e+02, -1.0240290967e+02
-2.6817840583e+02, -1.0004060266e+02
-2.7039733179e+02, -9.7625279354e+01
-2.7263650542e+02, -9.5154204547e+01
-2.7489732691e+02, -9.2624361108e+01
-2.7718135741e+02, -9.0032406052e+01
-2.7949034632e+02, -8.7374617232e+01
-2.8182626476e+02, -8.4646828020e+01
-2.8419134718e+02, -8.1844346464e+01
-2.8658814372e+02, -7.8961854083e+01
-2.8901958670e+02, -7.5993277598e+01
-2.9148907661e+02, -7.2931624045e+01
-2.9400059471e+02, -6.9768765468e+01
-3.3941377323e+02, +1.1665908994e+02
-2.9916950156e+02, -6.3099426870e+01
-4.3077711749e+02, +7.8750026258e+01
-4.2637596682e+02, +7.9807059881e+01
-4.2197207322e+02, +8.0924773216e+01
-3.5723866040e+02, +1.0638842936e+02
-3.6101416810e+02, +1.0437647748e+02
-3.6486129266e+02, +1.0239150131e+02
-3.6877934649e+02, +1.0043962244e+02
-3.7276693651e+02, +9.8527023084e+01
-3.7682219666e+02, +9.6659745521e+01
-3.8094410544e+02, +9.4843408761e+01
-3.8515391673e+02, +9.3087019878e+01
-3.8303201297e+02, +9.3956045233e+01
-3.7887456266e+02, +9.5744960084e+01
-3.7076439612e+02, +9.9478108092e+01
           NaN, -7.8519782761e+02
           NaN, -8.1255297043e+02
           NaN, -8.3894977348e+02
           NaN, -8.6441640472e+02
           NaN, -8.8897975462e+02
           NaN, -9.1266575419e+02
           NaN, -9.3549960454e+02
           NaN, -9.5750593973e+02
           NaN, -9.7870893925e+02
           NaN, -9.9913240453e+02
           NaN, -1.0187998039e+03
           NaN, -1.0377342963e+03
           NaN, -1.0559587422e+03
           NaN, -1.0734956993e+03
           NaN, -1.0903674145e+03
           NaN, -1.1065958065e+03
           NaN, -1.1222024494e+03
           NaN, -1.1372085489e+03
           NaN, -1.1516349250e+03
           NaN, -1.1655019901e+03
           NaN, -1.1788297303e+03
           NaN, -1.1916376893e+03
           NaN, -1.2039449496e+03
           NaN, -1.2157701237e+03
           NaN, -1.2271313381e+03
           NaN, -1.2380462313e+03
-2.5287290284e+02, +1.7333063512e+02
           NaN, -1.2586050922e+03
-2.4820113074e+02, +1.7625140714e+02
-2.4588631552e+02, +1.7768359416e+02
-2.4358485682e+02, +1.7909728586e+02
-2.4129626888e+02, +1.8049270785e+02
-2.3902008980e+02, +1.8187008331e+02
-2.3675588010e+02, +1.8322963264e+02
-2.3450322132e+02, +1.8457157315e+02
-2.3226171476e+02, +1.8589611890e+02
-2.3003098028e+02, +1.8720348044e+02
-2.2781065521e+02, +1.8849386470e+02
-2.2560039331e+02, +1.8976747489e+02
-2.2339986384e+02, +1.9102451041e+02
-2.2120875063e+02, +1.9226516680e+02
-2.1902675130e+02, +1.9348963571e+02
-2.1685357642e+02, +1.9469810487e+02
-2.1468894885e+02, +1.9589075811e+02
-2.1253260303e+02, +1.9706777537e+02
-2.1038428435e+02, +1.9822933274e+02
-2.0824374858e+02, +1.9937560244e+02
-2.0611076129e+02, +2.0050675294e+02
-2.0398509736e+02, +2.0162294893e+02
-2.0186654046e+02, +2.0272435145e+02
-1.9975488263e+02, +2.0381111789e+02
-1.9764992384e+02, +2.0488340207e+02
-1.9555147158e+02, +2.0594135431e+02
-1.9345934049e+02, +2.0698512148e+02
-1.9137335203e+02, +2.0801484710e+02
           NaN, -1.4256611491e+03
           NaN, -1.4289229576e+03
           NaN, -1.4320678555e+03
           NaN, -1.4351006517e+03
           NaN, -1.4380259475e+03
           NaN, -1.4408481382e+03
-1.7692970983e+02, +2.1484114016e+02
-1.7488714866e+02, +2.1576331712e+02
-1.7284937996e+02, +2.1667260346e+02
-1.7081627767e+02, +2.1756911268e+02
-1.6878771975e+02, +2.1845295563e+02
           NaN, -1.4558390493e+03
           NaN, -1.4580474224e+03
           NaN, -1.4601815726e+03
           NaN, -1.4622444324e+03
           NaN, -1.4642388043e+03
           NaN, -1.4661673653e+03
           NaN, -1.4680326796e+03
           NaN, -1.4698371928e+03
           NaN, -1.4715832485e+03
           NaN, -1.4732730836e+03
           NaN, -1.4749088393e+03
           NaN, -1.4764925615e+03
           NaN, -1.4780262084e+03
           NaN, -1.4795116545e+03
           NaN, -1.4809506899e+03
           NaN, -1.4823450269e+03
           NaN, -1.4836963080e+03
           NaN, -1.4850061010e+03
           NaN, -1.4862759062e+03
           NaN, -1.4875071618e+03
           NaN, -1.4887012451e+03
           NaN, -1.4898594709e+03
           NaN, -1.4909831036e+03
           NaN, -1.4920733478e+03
           NaN, -1.4931313635e+03
           NaN, -1.4941582576e+03
           NaN, -1.4951550934e+03
           NaN, -1.4961228890e+03
           NaN, -1.4970626214e+03
           NaN, -1.4979752241e+03
           NaN, -1.4988615948e+03
           NaN, -1.4997225962e+03
           NaN, -1.5005590524e+03
           NaN, -1.5013717551e+03
           NaN, -1.5021614662e+03
           NaN, -1.5029289163e+03
           NaN, -1.5036748054e+03
           NaN, -1.5043998086e+03
           NaN, -1.5051045710e+03
           NaN, -1.5057897163e+03
           NaN, -1.5064558421e+03
           NaN, -1.5071035238e+03
           NaN, -1.5077333134e+03
           NaN, -1.5083457454e+03
           NaN, -1.5089413304e+03
           NaN, -1.5095205632e+03
           NaN, -1.5100839188e+03
           NaN, -1.5106318540e+03
           NaN, -1.5111648128e+03
           NaN, -1.5116832188e+03
           NaN, -1.5121874829e+03
           NaN, -1.5126780036e+03
           NaN, -1.5131551624e+03
           NaN, -1.5136193279e+03
           NaN, -1.5140708583e+03
           NaN, -1.5145100972e+03
           NaN, -1.5149373816e+03
           NaN, -1.5153530319e+03
           NaN, -1.5157573627e+03
           NaN, -1.5161506751e+03
           NaN, -1.5165332633e+03
           NaN, -1.5169054116e+03
           NaN, -1.5172673946e+03
           NaN, -1.5176194821e+03
           NaN, -1.5179619314e+03
           NaN, -1.5182949948e+03
           NaN, -1.5186189188e+03
           NaN, -1.5189339401e+03
           NaN, -1.5192402890e+03
           NaN, -1.5195381934e+03
           NaN, -1.5198278701e+03
           NaN, -1.5201095340e+03
           NaN, -1.5203833913e+03
           NaN, -1.5206496438e+03
           NaN, -1.5209084902e+03
           NaN, -1.5211601217e+03
-3.3772723335e+02, -5.6041131845e+00
-3.3178593848e+02, -1.5457703855e+01
-3.2729056296e+02, -2.2651312818e+01
-3.2337813492e+02, -2.8736736245e+01
-3.1981022374e+02, -3.4149272996e+01
-3.1647827484e+02, -3.9089659371e+01
-3.1332156265e+02, -4.3671487265e+01
-3.1030187954e+02, -4.7966992021e+01
-3.0739326295e+02, -5.2025751808e+01
-3.0457708187e+02, -5.5883683707e+01
-3.0183940981e+02, -5.9567879954e+01
-2.9916950156e+02, -6.3099426870e+01
-2.9655885348e+02, -6.6495152680e+01
-2.9400059471e+02, -6.9768765468e+01
-2.9148907661e+02, -7.2931624045e+01
-2.8901958670e+02, -7.5993277598e+01
-2.8658814372e+02, -7.8961854083e+01
-2.8419134718e+02, -8.1844346464e+01
-2.8182626476e+02, -8.4646828020e+01
-2.7949034632e+02, -8.7374617232e+01
-2.7718135741e+02, -9.0032406052e+01
-2.7489732691e+02, -9.2624361108e+01
-2.7263650542e+02, -9.5154204547e+01
-2.7039733179e+02, -9.7625279354e+01
-2.6817840583e+02, -1.0004060266e+02
-2.6597846600e+02, -1.0240290967e+02
-2.6379637088e+02, -1.0471469014e+02
-2.6163108374e+02, -1.0697821891e+02
-2.5948165960e+02, -1.0919558170e+02
-2.5734723421e+02, -1.1136869694e+02
-2.5522701475e+02, -1.1349933444e+02
-2.5312027186e+02, -1.1558913145e+02
-2.5102633272e+02, -1.1763960647e+02
-2.4894457513e+02, -1.1965217130e+02
-2.4687442236e+02, -1.2162814145e+02
-2.4481533862e+02, -1.2356874536e+02
-2.4276682515e+02, -1.2547513242e+02
-2.4072841670e+02, -1.2734838008e+02
-2.3869967853e+02, -1.2918950015e+02
-2.3668020363e+02, -1.3099944436e+02
-2.3466961039e+02, -1.3277910940e+02
-2.3266754038e+02, -1.3452934129e+02
-2.3067365646e+02, -1.3625093946e+02
-2.2868764108e+02, -1.3794466026e+02
-2.2670919469e+02, -1.3961122025e+02
-2.2473803439e+02, -1.4125129910e+02
-2.2277389267e+02, -1.4286554225e+02
-2.2081651621e+02, -1.4445456329e+02
-2.1886566495e+02, -1.4601894617e+02
-2.1692111105e+02, -1.4755924719e+02
-2.1498263812e+02, -1.4907599681e+02
-2.1305004037e+02, -1.5056970133e+02
-2.1112312196e+02, -1.5204084440e+02
-2.0920169630e+02, -1.5348988843e+02
-2.0728558546e+02, -1.5491727590e+02
-2.0537461964e+02, -1.5632343052e+02
-2.0346863665e+02, -1.5770875836e+02
-2.0156748143e+02, -1.5907364881e+02
-1.9967100566e+02, -1.6041847559e+02
-1.9777906730e+02, -1.6174359756e+02
-1.9589153029e+02, -1.6304935956e+02
-1.9400826415e+02, -1.6433609316e+02
-1.9212914369e+02, -1.6560411733e+02
-1.9025404872e+02, -1.6685373913e+02
-1.8838286376e+02, -1.6808525429e+02
-1.8651547781e+02, -1.6929894779e+02
-1.8465178408e+02, -1.7049509436e+02
-1.8279167977e+02, -1.7167395902e+02
-1.8093506591e+02, -1.7283579752e+02
-1.7908184710e+02, -1.7398085677e+02
-1.7723193136e+02, -1.7510937525e+02
-1.7538522999e+02, -1.7622158341e+02
-1.7354165735e+02, -1.7731770401e+02
-1.7170113074e+02, -1.7839795247e+02
-1.6986357027e+02, -1.7946253719e+02
-1.6802889872e+02, -1.8051165984e+02
-1.6619704139e+02, -1.8154551566e+02
-1.6436792603e+02, -1.8256429370e+02
-1.6254148268e+02, -1.8356817712e+02
-1.6071764359e+02, -1.8455734338e+02
-1.5889634314e+02, -1.8553196450e+02
-1.5707751770e+02, -1.8649220726e+02
-1.5526110559e+02, -1.8743823340e+02
-1.5344704696e+02, -1.8837019981e+02
-1.5163528373e+02, -1.8928825876e+02
-1.4982575952e+02, -1.9019255797e+02
-1.4801841954e+02, -1.9108324090e+02
-1.4621321060e+02, -1.9196044680e+02
-1.4441008095e+02, -1.9282431093e+02
-1.4260898029e+02, -1.9367496466e+02
-1.4080985970e+02, -1.9451253563e+02
-1.3901267156e+02, -1.9533714785e+02
-1.3721736952e+02, -1.9614892184e+02
-1.3542390842e+02, -1.9694797478e+02
-1.3363224431e+02, -1.9773442054e+02
-1.3184233431e+02, -1.9850836987e+02
-1.3005413667e+02, -1.9926993043e+02
-1.2826761062e+02, -2.0001920695e+02
-1.2648271643e+02, -2.0075630127e+02
-1.2469941531e+02, -2.0148131246e+02
-1.2291766940e+02, -2.0219433690e+02
-1.2113744172e+02, -2.0289546834e+02
-1.1935869616e+02, -2.0358479801e+02
-1.1758139741e+02, -2.0426241465e+02
-1.1580551099e+02, -2.0492840464e+02
-1.1403100315e+02, -2.0558285200e+02
-1.1225784091e+02, -2.0622583853e+02
-1.1048599198e+02, -2.0685744378e+02
-1.0871542476e+02, -2.0747774520e+02
-1.0694610831e+02, -2.0808681814e+02
-1.0517801234e+02, -2.0868473594e+02
-1.0341110717e+02, -2.0927156993e+02
-1.0164536370e+02, -2.0984738956e+02
-9.9880753420e+01, -2.1041226237e+02
-9.8117248367e+01, -2.1096625409e+02
-9.6354821111e+01, -2.1150942864e+02
-9.4593444739e+01, -2.1204184823e+02
-9.2833092833e+01, -2.1256357334e+02
-9.1073739455e+01, -2.1307466280e+02
-8.9315359131e+01, -2.1357517383e+02
-8.7557926832e+01, -2.1406516204e+02
-8.5801417964e+01, -2.1454468150e+02
-8.4045808345e+01, -2.1501378476e+02
-8.2291074197e+01, -2.1547252287e+02
-8.0537192131e+01, -2.1592094544e+02
-7.8784139129e+01, -2.1635910066e+02
-7.7031892537e+01, -2.1678703531e+02
-7.5280430047e+01, -2.1720479481e+02
-7.3529729690e+01, -2.1761242322e+02
-7.1779769818e+01, -2.1800996330e+02
-7.0030529096e+01, -2.1839745652e+02
-6.8281986493e+01, -2.1877494306e+02
-6.6534121264e+01, -2.1914246188e+02
-6.4786912948e+01, -2.1950005070e+02
-6.3040341350e+01, -2.1984774604e+02
-6.1294386536e+01, -2.2018558323e+02
-5.9549028823e+01, -2.2051359645e+02
-5.7804248765e+01, -2.2083181871e+02
-5.6060027149e+01, -2.2114028191e+02
-5.4316344984e+01, -2.2143901684e+02
-5.2573183492e+01, -2.2172805319e+02
-5.0830524099e+01, -2.2200741956e+02
-4.9088348428e+01, -2.2227714349e+02
-4.7346638290e+01, -2.2253725149e+02
-4.5605375676e+01, -2.2278776900e+02
-4.3864542748e+01, -2.2302872045e+02
-4.2124121836e+01, -2.2326012927e+02
-4.0384095424e+01, -2.2348201788e+02
-3.8644446148e+01, -2.2369440770e+02
-3.6905156784e+01, -2.2389731919e+02
-3.5166210248e+01, -2.2409077183e+02
-3.3427589580e+01, -2.2427478415e+02
-3.1689277946e+01, -2.2444937372e+02
-2.9951258624e+01, -2.2461455718e+02
-2.8213515002e+01, -2.2477035024e+02
-2.6476030571e+01, -2.2491676767e+02
-2.4738788916e+01, -2.2505382333e+02
-2.3001773714e+01, -2.2518153017e+02
-2.1264968721e+01, -2.2529990024e+02
-1.9528357775e+01, -2.2540894468e+02
-1.7791924782e+01, -2.2550867374e+02
-1.6055653713e+01, -2.2559909679e+02
-1.4319528599e+01, -2.2568022230e+02
-1.2583533524e+01, -2.2575205787e+02
-1.0847652618e+01, -2.2581461022e+02
-9.1118700550e+00, -2.2586788520e+02
-7.3761700420e+00, -2.2591188778e+02
-5.6405368170e+00, -2.2594662208e+02
-3.9049546424e+00, -2.2597209132e+02
-2.1694077984e+00, -2.2598829788e+02
-4.3388057858e-01, -2.2599524328e+02
+1.3016427168e+00, -2.2599292817e+02
+3.0371777860e+00, -2.2598135232e+02
+4.7727403313e+00, -2.2596051466e+02
+6.5083460651e+00, -2.2593041324e+02
+8.2440107155e+00, -2.2589104527e+02
+9.9797500316e+00, -2.2584240705e+02
+1.1715579790e+01, -2.2578449406e+02
+1.3451515799e+01, -2.2571730089e+02
+1.5187573907e+01, -2.2564082124e+02
+1.6923770006e+01, -2.2555504796e+02
+1.8660120038e+01, -2.2545997302e+02
+2.0396640000e+01, -2.2535558750e+02
+2.2133345953e+01, -2.2524188158e+02
+2.3870254026e+01, -2.2511884458e+02
+2.5607380419e+01, -2.2498646489e+02
+2.7344741416e+01, -2.2484473002e+02
+2.9082353385e+01, -2.2469362656e+02
+3.0820232786e+01, -2.2453314021e+02
+3.2558396182e+01, -2.2436325571e+02
+3.4296860235e+01, -2.2418395691e+02
+3.6035641726e+01, -2.2399522669e+02
+3.7774757548e+01, -2.2379704700e+02
+3.9514224724e+01, -2.2358939884e+02
+4.1254060406e+01, -2.2337226224e+02
+4.2994281889e+01, -2.2314561627e+02
+4.4734906609e+01, -2.2290943899e+02
+4.6475952161e+01, -2.2266370750e+02
+4.8217436297e+01, -2.2240839787e+02
+4.9959376940e+01, -2.2214348515e+02
+5.1701792186e+01, -2.2186894337e+02
+5.3444700319e+01, -2.2158474553e+02
+5.5188119814e+01, -2.2129086353e+02
+5.6932069344e+01, -2.2098726824e+02
+5.8676567793e+01, -2.2067392943e+02
+6.0421634263e+01, -2.2035081575e+02
+6.2167288081e+01, -2.2001789474e+02
+6.3913548811e+01, -2.1967513282e+02
+6.5660436260e+01, -2.1932249523e+02
+6.7407970492e+01, -2.1895994605e+02
+6.9156171833e+01, -2.1858744816e+02
+7.0905060885e+01, -2.1820496322e+02
+7.2654658534e+01, -2.1781245168e+02
+7.4404985962e+01, -2.1740987269e+02
+7.6156064660e+01, -2.1699718417e+02
+7.7907916434e+01, -2.1657434269e+02
+7.9660563421e+01, -2.1614130352e+02
+8.1414028101e+01, -2.1569802055e+02
+8.3168333308e+01, -2.1524444632e+02
+8.4923502243e+01, -2.1478053193e+02
+8.6679558490e+01, -2.1430622705e+02
+8.8436526025e+01, -2.1382147987e+02
+9.0194429236e+01, -2.1332623711e+02
+9.1953292931e+01, -2.1282044391e+02
+9.3713142360e+01, -2.1230404387e+02
+9.5474003227e+01, -2.1177697898e+02
+9.7235901709e+01, -2.1123918958e+02
+9.8998864467e+01, -2.1069061433e+02
+1.0076291867e+02, -2.1013119017e+02
+1.0252809202e+02, -2.0956085228e+02
+1.0429441274e+02, -2.0897953403e+02
+1.0606190964e+02, -2.0838716693e+02
+1.0783061210e+02, -2.0778368060e+02
+1.0960055011e+02, -2.0716900271e+02
+1.1137175427e+02, -2.0654305892e+02
+1.1314425587e+02, -2.0590577285e+02
+1.1491808683e+02, -2.0525706599e+02
+1.1669327979e+02, -2.0459685767e+02
+1.1846986811e+02, -2.0392506500e+02
+1.2024788590e+02, -2.0324160279e+02
+1.2202736806e+02, -2.0254638349e+02
+1.2380835029e+02, -2.0183931711e+02
+1.2559086913e+02, -2.0112031117e+02
+1.2737496199e+02, -2.0038927063e+02
+1.2916066720e+02, -1.9964609777e+02
+1.3094802402e+02, -1.9889069213e+02
+1.3273707268e+02, -1.9812295046e+02
+1.3452785445e+02, -1.9734276657e+02
+1.3632041162e+02, -1.9655003125e+02
+1.3811478763e+02, -1.9574463222e+02
+1.3991102700e+02, -1.9492645397e+02
+1.4170917550e+02, -1.9409537766e+02
+1.4350928008e+02, -1.9325128104e+02
+1.4531138904e+02, -1.9239403829e+02
+1.4711555196e+02, -1.9152351994e+02
+1.4892181986e+02, -1.9063959267e+02
+1.5073024521e+02, -1.8974211927e+02
+1.5254088198e+02, -1.8883095838e+02
+1.5435378576e+02, -1.8790596445e+02
+1.5616901376e+02, -1.8696698749e+02
+1.5798662494e+02, -1.8601387295e+02
+1.5980668006e+02, -1.8504646154e+02
+1.6162924175e+02, -1.8406458902e+02
+1.6345437464e+02, -1.8306808601e+02
+1.6528214539e+02, -1.8205677782e+02
+1.6711262285e+02, -1.8103048414e+02
+1.6894587811e+02, -1.7998901893e+02
+1.7078198463e+02, -1.7893219004e+02
+1.7262101834e+02, -1.7785979907e+02
+1.7446305781e+02, -1.7677164102e+02
+1.7630818430e+02, -1.7566750402e+02
+1.7815648196e+02, -1.7454716902e+02
+1.8000803795e+02, -1.7341040945e+02
+1.8186294258e+02, -1.7225699091e+02
+1.8372128952e+02, -1.7108667073e+02
+1.8558317594e+02, -1.6989919765e+02
+1.8744870269e+02, -1.6869431134e+02
+1.8931797453e+02, -1.6747174199e+02
+1.9119110034e+02, -1.6623120979e+02
+1.9306819333e+02, -1.6497242446e+02
+1.9494937130e+02, -1.6369508469e+02
+1.9683475691e+02, -1.6239887753e+02
+1.9872447794e+02, -1.6108347780e+02
+2.0061866763e+02, -1.5974854739e+02
+2.0251746499e+02, -1.5839373454e+02
+2.0442101514e+02, -1.5701867307e+02
+2.0632946973e+02, -1.5562298154e+02
+2.0824298732e+02, -1.5420626233e+02
+2.1016173386e+02, -1.5276810068e+02
+2.1208588312e+02, -1.5130806366e+02
+2.1401561731e+02, -1.4982569897e+02
+2.1595112757e+02, -1.4832053374e+02
+2.1789261461e+02, -1.4679207318e+02
+2.1984028945e+02, -1.4523979910e+02
+2.2179437408e+02, -1.4366316836e+02
+2.2375510236e+02, -1.4206161107e+02
+2.2572272085e+02, -1.4043452870e+02
+2.2769748981e+02, -1.3878129204e+02
+2.2967968433e+02, -1.3710123885e+02
+2.3166959545e+02, -1.3539367135e+02
+2.3366753153e+02, -1.3365785347e+02
+2.3567381973e+02, -1.3189300776e+02
+2.3768880759e+02, -1.3009831196e+02
+2.3971286489e+02, -1.2827289523e+02
+2.4174638565e+02, -1.2641583397e+02
+2.4378979043e+02, -1.2452614705e+02
+2.4584352886e+02, -1.2260279058e+02
+2.4790808254e+02, -1.2064465199e+02
+2.4998396829e+02, -1.1865054330e+02
+2.5207174184e+02, -1.1661919360e+02
+2.5417200204e+02, -1.1454924046e+02
+2.5628539572e+02, -1.1243922014e+02
+2.5841262318e+02, -1.1028755637e+02
+2.6055444459e+02, -1.0809254746e+02
+2.6271168739e+02, -1.0585235147e+02
+2.6488525494e+02, -1.0356496883e+02
+2.6707613661e+02, -1.0122822223e+02
+2.6928541972e+02, -9.8839732847e+01
+2.7151430363e+02, -9.6396892377e+01
+2.7376411668e+02, -9.3896829633e+01
+2.7603633646e+02, -9.1336370580e+01
+2.7833261451e+02, -8.8711989997e+01
+2.8065480642e+02, -8.6019752537e+01
+2.8300500919e+02, -8.3255240154e+01
+2.8538560777e+02, -8.0413461790e+01
+2.8779933401e+02, -7.7488739623e+01
+2.9024934212e+02, -7.4474563905e+01
+2.9273930683e+02, -7.1363404942e+01
+2.9527355329e+02, -6.8146465430e+01
+3.4112032506e+02, +1.1562624483e+02
+3.0049656088e+02, -6.1351598583e+01
+4.2857711812e+02, +7.9271134299e+01
+4.2417412102e+02, +8.0358159170e+01
+3.0883498618e+02, -5.0023469912e+01
+3.5911744766e+02, +1.0537945721e+02
+3.6292880406e+02, +1.0338023825e+02
+3.6681152494e+02, +1.0141103766e+02
+3.7076456070e+02, +9.9478029143e+01
+3.7478622505e+02, +9.7587353769e+01
+3.7887473276e+02, +9.5744885117e+01
+3.8303218625e+02, +9.3955972597e+01
+3.0883498618e+02, -5.0023469912e+01
+3.8094393391e+02, +9.4843482598e+01
+3.7682202793e+02, +9.6659821568e+01
+3.7276677053e+02, +9.8527101125e+01
+3.6877918332e+02, +1.0043970223e+02
           NaN, -7.7115162258e+02
           NaN, -7.9899701295e+02
           NaN, -8.2586936971e+02
           NaN, -8.5179765406e+02
           NaN, -8.7680934968e+02
           NaN, -9.0093083324e+02
           NaN, -9.2418764655e+02
           NaN, -9.4660469053e+02
           NaN, -9.6820636052e+02
           NaN, -9.8901663957e+02
           NaN, -1.0090591583e+03
           NaN, -1.0283572279e+03
           NaN, -1.0469338580e+03
           NaN, -1.0648117589e+03
           NaN, -1.0820133345e+03
           NaN, -1.0985606692e+03
           NaN, -1.1144755128e+03
           NaN, -1.1297792568e+03
           NaN, -1.1444929171e+03
           NaN, -1.1586371119e+03
           NaN, -1.1722320437e+03
           NaN, -1.1852974788e+03
           NaN, -1.1978527324e+03
           NaN, -1.2099166530e+03
           NaN, -1.2215076120e+03
           NaN, -1.2326434924e+03
           NaN, -1.2433416815e+03
           NaN, -1.2536190641e+03
           NaN, -1.2634920226e+03
+2.4704202223e+02, +1.7696982675e+02
+2.4473394754e+02, +1.7839273777e+02
+2.4243898341e+02, +1.7979726656e+02
+2.4015665620e+02, +1.8118363756e+02
+2.3788651541e+02, +1.8255207258e+02
+2.3562813221e+02, +1.8390279054e+02
+2.3338109819e+02, +1.8523600713e+02
+2.3114502407e+02, +1.8655193468e+02
+2.2891953858e+02, +1.8785078194e+02
+2.2670428739e+02, +1.8913275400e+02
+2.2449893211e+02, +1.9039805217e+02
+2.2230314942e+02, +1.9164687393e+02
+2.2011663012e+02, +1.9287941287e+02
+2.1793907840e+02, +1.9409585867e+02
+2.1577021108e+02, +1.9529639714e+02
+2.1360975688e+02, +1.9648121014e+02
+2.1145745580e+02, +1.9765047569e+02
+2.0931305848e+02, +1.9880436793e+02
+2.0717632566e+02, +1.9994305721e+02
+2.0504702763e+02, +2.0106671010e+02
+2.0292494372e+02, +2.0217548945e+02
+2.0080986185e+02, +2.0326955448e+02
+1.9870157806e+02, +2.0434906079e+02
+1.9659989614e+02, +2.0541416042e+02
+1.9450462720e+02, +2.0646500198e+02
+1.9241558933e+02, +2.0750173065e+02
+1.9033260726e+02, +2.0852448826e+02
+1.8825551199e+02, +2.0953341340e+02
           NaN, -1.4305097149e+03
           NaN, -1.4335979739e+03
           NaN, -1.4365764576e+03
+1.8000282363e+02, +2.1343344991e+02
           NaN, -1.4422218914e+03
+1.7590782215e+02, +2.1530384717e+02
+1.7386767322e+02, +2.1621956446e+02
+1.7183225323e+02, +2.1712244822e+02
+1.6980143814e+02, +2.1801261062e+02
           NaN, -1.4547060776e+03
           NaN, -1.4569527022e+03
           NaN, -1.4591235893e+03
           NaN, -1.4612217358e+03
           NaN, -1.4632500097e+03
           NaN, -1.4652111486e+03
           NaN, -1.4671077721e+03
           NaN, -1.4689423875e+03
           NaN, -1.4707173858e+03
           NaN, -1.4724350572e+03
           NaN, -1.4740975905e+03
           NaN, -1.4757070797e+03
           NaN, -1.4772655253e+03
           NaN, -1.4787748435e+03
           NaN, -1.4802368653e+03
           NaN, -1.4816533413e+03
           NaN, -1.4830259503e+03
           NaN, -1.4843562949e+03
           NaN, -1.4856459097e+03
           NaN, -1.4868962650e+03
           NaN, -1.4881087665e+03
           NaN, -1.4892847597e+03
           NaN, -1.4904255350e+03
           NaN, -1.4915323258e+03
           NaN, -1.4926063138e+03
           NaN, -1.4936486323e+03
           NaN, -1.4946603687e+03
           NaN, -1.4956425605e+03
           NaN, -1.4965962044e+03
           NaN, -1.4975222563e+03
           NaN, -1.4984216344e+03
           NaN, -1.4992952151e+03
           NaN, -1.5001438420e+03
           NaN, -1.5009683248e+03
           NaN, -1.5017694391e+03
           NaN, -1.5025479296e+03
           NaN, -1.5033045132e+03
           NaN, -1.5040398765e+03
           NaN, -1.5047546802e+03
           NaN, -1.5054495581e+03
           NaN, -1.5061251203e+03
           NaN, -1.5067819534e+03
           NaN, -1.5074206213e+03
           NaN, -1.5080416674e+03
           NaN, -1.5086456123e+03
           NaN, -1.5092329619e+03
           NaN, -1.5098041966e+03
           NaN, -1.5103597866e+03
           NaN, -1.5109001791e+03
           NaN, -1.5114258093e+03
           NaN, -1.5119370940e+03
           NaN, -1.5124344376e+03
           NaN, -1.5129182298e+03
           NaN, -1.5133888458e+03
           NaN, -1.5138466500e+03
           NaN, -1.5142919930e+03
           NaN, -1.5147252135e+03
           NaN, -1.5151466410e+03
           NaN, -1.5155565933e+03
           NaN, -1.5159553772e+03
           NaN, -1.5163432919e+03
           NaN, -1.5167206251e+03
           NaN, -1.5170876567e+03
           NaN, -1.5174446596e+03
           NaN, -1.5177918953e+03
           NaN, -1.5181296205e+03
           NaN, -1.5184580840e+03
           NaN, -1.5187775280e+03
           NaN, -1.5190881848e+03
           NaN, -1.5193902833e+03
           NaN, -1.5196840473e+03
           NaN, -1.5199696907e+03
           NaN, -1.5202474248e+03
           NaN, -1.5205174545e+03
           NaN, -1.5207799810e+03
           NaN, -1.5210351960e+03
           NaN, -1.5212832923e+03
