-4.2296541041e+02, -6.0607059927e-01
-4.2838915163e+02, -5.9096694745e-01
-4.3368484751e+02, -5.7774622298e-01
-4.3886784554e+02, -5.6604772606e-01
-4.5260064293e+02, +7.9582755814e+01
-4.5869373478e+02, -5.2991653811e-01
-4.2296541041e+02, -6.0607059927e-01
-4.4894366019e+02, -5.4619955103e-01
-4.5869373478e+02, -5.2991653811e-01
-4.6346455865e+02, -5.2280283503e-01
-4.6817352448e+02, -5.1625504855e-01
-4.7282543468e+02, -5.1020320026e-01
-4.7742451198e+02, -5.0458889369e-01
-4.8197449316e+02, -4.9936295160e-01
-4.8647870411e+02, -4.9448361851e-01
-4.9094012052e+02, -4.8991517500e-01
-4.9536141754e+02, -4.8562685652e-01
-4.9974501061e+02, -4.8159200058e-01
-5.0409308948e+02, -4.7778736709e-01
-5.0840764669e+02, -4.7419259193e-01
-5.1912029663e+02, +7.0747154002e+01
-5.2536485229e+02, -4.6158276542e-01
-4.9974501061e+02, -4.8159200058e-01
-5.1987867745e+02, +6.4079503853e+01
-5.2536485229e+02, -4.6158276542e-01
-5.2953627827e+02, -4.5880554241e-01
-5.3368311755e+02, -4.5615638808e-01
-5.3780648903e+02, -4.5362620235e-01
-5.4190743322e+02, -4.5120676074e-01
-5.4598691961e+02, -4.4889060889e-01
-5.5004585330e+02, -4.4667097212e-01
-5.5408508073e+02, -4.4454167771e-01
-5.5810539488e+02, -4.4249708780e-01
-5.6210753983e+02, -4.4053204123e-01
-5.6609221484e+02, -4.3864180290e-01
-5.7138208540e+02, +6.5673587245e+01
-5.8186882666e+02, -4.3174681567e-01
-5.5810539488e+02, -4.4249708780e-01
-5.7401174953e+02, -4.3506868131e-01
-5.8186882666e+02, -4.3174681567e-01
-5.8577530849e+02, -4.3017169780e-01
-5.8966775574e+02, -4.2864979394e-01
-5.9354663826e+02, -4.2717837281e-01
-5.9741240198e+02, -4.2575489294e-01
-6.0126547062e+02, -4.2437698604e-01
-6.0510624715e+02, -4.2304244215e-01
-6.0893511517e+02, -4.2174919632e-01
-6.1275244017e+02, -4.2049531665e-01
-6.1655857072e+02, -4.1927899346e-01
-6.2035383947e+02, -4.1809852956e-01
-6.2413856417e+02, -4.1695233148e-01
-6.3387903523e+02, +5.8360787931e+01
-6.3917790450e+02, -4.1268152972e-01
-6.1655857072e+02, -4.1927899346e-01
-6.3167758326e+02, -4.1475683008e-01
-6.3917790450e+02, -4.1268152972e-01
-6.4291421302e+02, -4.1168586806e-01
-6.4664161704e+02, -4.1071668937e-01
-6.5036035179e+02, -4.0977293882e-01
-6.5407064320e+02, -4.0885361830e-01
-6.5777270839e+02, -4.0795778251e-01
-6.6146675616e+02, -4.0708453548e-01
-6.6515298736e+02, -4.0623302732e-01
-6.6883159538e+02, -4.0540245123e-01
-6.7250276645e+02, -4.0459204075e-01
-6.7616668004e+02, -4.0380106721e-01
-6.7982350916e+02, -4.0302883740e-01
-6.8347342070e+02, -4.0227469137e-01
-6.8711657572e+02, -4.0153800045e-01
-6.8953830871e+02, +6.1779700399e+01
-6.9800703022e+02, -3.9942680232e-01
-7.1962493811e+02, -3.9560281741e-01
-6.9195573539e+02, +5.5573855477e+01
-6.9800703022e+02, -3.9942680232e-01
-7.0716841328e+02, +5.5152543228e+01
-7.0884196797e+02, -3.9745270244e-01
-7.1244190012e+02, -3.9682286032e-01
-7.1603618379e+02, -3.9620637107e-01
-7.1962493811e+02, -3.9560281741e-01
-7.2320827851e+02, -3.9501179954e-01
-7.2678631688e+02, -3.9443293424e-01
-7.3035916169e+02, -3.9386585401e-01
-7.3392691817e+02, -3.9331020620e-01
-7.3748968840e+02, -3.9276565234e-01
-7.4104757147e+02, -3.9223186735e-01
-7.4460066356e+02, -3.9170853892e-01
-7.4814905808e+02, -3.9119536685e-01
-7.5169284580e+02, -3.9069206248e-01
-7.5523211488e+02, -3.9019834810e-01
-7.5876695104e+02, -3.8971395649e-01
-7.6229743762e+02, -3.8923863034e-01
-7.6582365565e+02, -3.8877212187e-01
-7.6605045033e+02, +5.6682758547e+01
-7.7637747637e+02, -3.8742315766e-01
-7.8339340434e+02, -3.8656378213e-01
-8.2172105103e+02, -3.8233577841e-01
-7.6934568399e+02, -3.8831419230e-01
-7.7988738777e+02, -3.8698961670e-01
-7.8137298361e+02, +5.5236920994e+01
-7.9039402697e+02, -3.8573444186e-01
-7.9388876567e+02, -3.8533055786e-01
-7.9737987491e+02, -3.8493362309e-01
-8.0086741689e+02, -3.8454346401e-01
-8.0435145226e+02, -3.8415991285e-01
-8.0783204020e+02, -3.8378280737e-01
-8.1130923840e+02, -3.8341199062e-01
-8.1478310319e+02, -3.8304731075e-01
-8.1825368951e+02, -3.8268862078e-01
-8.2172105103e+02, -3.8233577841e-01
-8.2518524012e+02, -3.8198864583e-01
-8.2864630792e+02, -3.8164708954e-01
-8.3210430440e+02, -3.8131098022e-01
-8.3555927836e+02, -3.8098019249e-01
-8.3901127749e+02, -3.8065460482e-01
-8.4246034838e+02, -3.8033409936e-01
-8.4590653658e+02, -3.8001856182e-01
-8.4934988663e+02, -3.7970788129e-01
-8.5279044205e+02, -3.7940195017e-01
-8.5622824543e+02, -3.7910066401e-01
-8.5966333840e+02, -3.7880392140e-01
-8.6309576171e+02, -3.7851162386e-01
-8.6652555521e+02, -3.7822367574e-01
-8.6995275791e+02, -3.7793998414e-01
-8.7337740798e+02, -3.7766045875e-01
-8.7679954277e+02, -3.7738501181e-01
-8.8724271534e+02, +5.3675009628e+01
-8.8705121760e+02, -3.7658230033e-01
-8.9085564683e+02, +5.4311821737e+01
-9.0068703827e+02, -3.7556420110e-01
-9.4723637812e+02, +2.3692206461e+01
-8.7679954277e+02, -3.7738501181e-01
-8.9046364963e+02, -3.7632233728e-01
-8.9728152733e+02, -3.7581336097e-01
-9.0068703827e+02, -3.7556420110e-01
-9.1152476598e+02, +6.7915190360e+01
-9.1089023760e+02, -3.7483719528e-01
-9.1428696094e+02, -3.7460146205e-01
-9.1768156196e+02, -3.7436892288e-01
-9.2107406931e+02, -3.7413951607e-01
-9.2446451113e+02, -3.7391318147e-01
-9.2785291500e+02, -3.7368986046e-01
-9.3123930796e+02, -3.7346949590e-01
-9.3462371658e+02, -3.7325203208e-01
-9.3800616689e+02, -3.7303741467e-01
-9.4138668445e+02, -3.7282559067e-01
-9.4476529436e+02, -3.7261650839e-01
-9.4814202123e+02, -3.7241011739e-01
-9.5151688924e+02, -3.7220636846e-01
-9.5488992211e+02, -3.7200521357e-01
-9.5826114316e+02, -3.7180660583e-01
-9.6163057525e+02, -3.7161049949e-01
-9.6499824086e+02, -3.7141684984e-01
-9.6836416207e+02, -3.7122561326e-01
-9.7172836054e+02, -3.7103674712e-01
-9.7509085759e+02, -3.7085020980e-01
-9.7845167413e+02, -3.7066596061e-01
-9.8181083072e+02, -3.7048395983e-01
-9.8516834757e+02, -3.7030416861e-01
-9.8852424454e+02, -3.7012654902e-01
-9.9187854114e+02, -3.6995106394e-01
-9.9523125655e+02, -3.6977767712e-01
-9.9858240964e+02, -3.6960635309e-01
-1.0019320189e+03, -3.6943705719e-01
-1.0052801027e+03, -3.6926975550e-01
-1.0086266788e+03, -3.6910441486e-01
-1.0119717649e+03, -3.6894100282e-01
-1.0153153784e+03, -3.6877948765e-01
-1.0186575362e+03, -3.6861983829e-01
-1.0219982552e+03, -3.6846202435e-01
-1.0253375519e+03, -3.6830601608e-01
-1.0286754425e+03, -3.6815178438e-01
-1.0320119430e+03, -3.6799930074e-01
-1.0353470690e+03, -3.6784853727e-01
-1.0386808362e+03, -3.6769946665e-01
-1.0420132596e+03, -3.6755206213e-01
-1.0453443543e+03, -3.6740629751e-01
-1.0486741350e+03, -3.6726214714e-01
-1.0520026162e+03, -3.6711958587e-01
-1.0520026162e+03, -3.6711958587e-01
-1.0467418650e+03, +7.1032334364e+01
-1.0670860770e+03, +5.0761018494e+01
-1.0686260231e+03, -3.6642977154e-01
-1.0719470002e+03, -3.6629624485e-01
-1.0752667734e+03, -3.6616414495e-01
-1.0819027591e+03, -3.6590414037e-01
-1.0884822443e+03, +5.1765345177e+01
-1.0951608360e+03, -3.6540033915e-01
-1.1216240427e+03, -3.6445330185e-01
-1.0086266788e+03, -3.6910441486e-01
-1.0686260231e+03, -3.6642977154e-01
-1.0819027591e+03, -3.6590414037e-01
-1.0885340809e+03, -3.6564959169e-01
-1.0915684992e+03, +5.6335704634e+01
-1.0984725308e+03, -3.6527765067e-01
-1.1017831192e+03, -3.6515622906e-01
-1.1050926126e+03, -3.6503605600e-01
-1.1084010223e+03, -3.6491711353e-01
-1.0976254722e+03, +6.1149118383e+01
-1.1219933926e+03, +5.0692448436e+01
-1.1216152897e+03, +4.8433167471e+01
-1.1249271967e+03, -3.6434025437e-01
-1.1282293311e+03, -3.6422833648e-01
-1.1315304560e+03, -3.6411753243e-01
-1.1348305815e+03, -3.6400782675e-01
-1.1381297174e+03, -3.6389920422e-01
-1.1414278736e+03, -3.6379164992e-01
-1.1447250596e+03, -3.6368514919e-01
-1.1480212850e+03, -3.6357968765e-01
-1.1513165590e+03, -3.6347525113e-01
-1.1546108909e+03, -3.6337182576e-01
-1.1579042899e+03, -3.6326939789e-01
-1.1611967648e+03, -3.6316795410e-01
-1.1644883246e+03, -3.6306748123e-01
-1.1677789779e+03, -3.6296796632e-01
-1.1710687335e+03, -3.6286939666e-01
-1.1743575998e+03, -3.6277175975e-01
-1.1776455853e+03, -3.6267504329e-01
-1.1809326982e+03, -3.6257923521e-01
-1.1842189466e+03, -3.6248432364e-01
-1.1875043388e+03, -3.6239029691e-01
-1.1907888825e+03, -3.6229714354e-01
-1.1940725858e+03, -3.6220485226e-01
-1.1973554564e+03, -3.6211341197e-01
-1.2006375019e+03, -3.6202281176e-01
-1.2039187299e+03, -3.6193304091e-01
-1.2071991479e+03, -3.6184408887e-01
-1.2104787632e+03, -3.6175594527e-01
-1.2137575831e+03, -3.6166859990e-01
-1.2170356149e+03, -3.6158204272e-01
-1.2203128656e+03, -3.6149626386e-01
-1.2235893422e+03, -3.6141125361e-01
-1.2268650517e+03, -3.6132700240e-01
-1.2301400008e+03, -3.6124350084e-01
-1.2334141964e+03, -3.6116073968e-01
-1.2366876451e+03, -3.6107870980e-01
-1.2399603536e+03, -3.6099740225e-01
-1.2432323282e+03, -3.6091680821e-01
-1.2465035755e+03, -3.6083691901e-01
-1.2497741017e+03, -3.6075772609e-01
-1.2530439132e+03, -3.6067922105e-01
-1.2563130162e+03, -3.6060139562e-01
-1.2595814168e+03, -3.6052424165e-01
-1.2628491210e+03, -3.6044775110e-01
-1.2661161348e+03, -3.6037191610e-01
-1.2693824641e+03, -3.6029672885e-01
-1.2726481148e+03, -3.6022218170e-01
-1.2759130926e+03, -3.6014826711e-01
-1.2791774033e+03, -3.6007497766e-01
-1.2824410524e+03, -3.6000230602e-01
-1.2857040455e+03, -3.5993024501e-01
-1.2889663881e+03, -3.5985878752e-01
-1.2922280857e+03, -3.5978792656e-01
-1.2954891437e+03, -3.5971765525e-01
-1.2987495673e+03, -3.5964796682e-01
-1.3020093618e+03, -3.5957885457e-01
-1.3052685325e+03, -3.5951031193e-01
-1.3085270843e+03, -3.5944233241e-01
-1.3117850225e+03, -3.5937490963e-01
-1.3150423520e+03, -3.5930803728e-01
-1.3182990778e+03, -3.5924170917e-01
-1.3215552048e+03, -3.5917591917e-01
-1.3248107379e+03, -3.5911066127e-01
-1.3280656818e+03, -3.5904592952e-01
-1.3313200412e+03, -3.5898171807e-01
-1.3345738210e+03, -3.5891802115e-01
-1.3378270257e+03, -3.5885483307e-01
-1.3410796599e+03, -3.5879214824e-01
-1.3443317281e+03, -3.5872996111e-01
-1.3475832348e+03, -3.5866826625e-01
-1.3508341845e+03, -3.5860705828e-01
-1.3540845816e+03, -3.5854633191e-01
-1.3573344303e+03, -3.5848608191e-01
-1.3605837351e+03, -3.5842630314e-01
-1.3638325001e+03, -3.5836699051e-01
-1.3670807295e+03, -3.5830813903e-01
-1.3703284275e+03, -3.5824974374e-01
-1.3735755983e+03, -3.5819179979e-01
-1.3768222458e+03, -3.5813430238e-01
-1.3800683741e+03, -3.5807724675e-01
-1.3833139872e+03, -3.5802062825e-01
-1.3865590891e+03, -3.5796444225e-01
-1.3898036836e+03, -3.5790868423e-01
-1.3930477746e+03, -3.5785334968e-01
-1.3962913659e+03, -3.5779843419e-01
-1.3995344612e+03, -3.5774393339e-01
-1.4027770644e+03, -3.5768984298e-01
-1.4060191792e+03, -3.5763615870e-01
-1.4092608091e+03, -3.5758287636e-01
-1.4125019579e+03, -3.5752999183e-01
-1.4157426290e+03, -3.5747750102e-01
-1.4189828261e+03, -3.5742539990e-01
-1.4222225527e+03, -3.5737368451e-01
-1.4254618122e+03, -3.5732235091e-01
-1.4287006081e+03, -3.5727139523e-01
-1.4319389438e+03, -3.5722081365e-01
-1.4351768227e+03, -3.5717060241e-01
-1.4384142481e+03, -3.5712075776e-01
-1.4416512234e+03, -3.5707127605e-01
-1.4448877517e+03, -3.5702215364e-01
-1.4481238363e+03, -3.5697338696e-01
-1.4513594805e+03, -3.5692497245e-01
-1.4545946874e+03, -3.5687690664e-01
-1.4578294602e+03, -3.5682918609e-01
-1.4610638020e+03, -3.5678180737e-01
-1.4642977158e+03, -3.5673476714e-01
-1.4675312047e+03, -3.5668806209e-01
-1.4707642718e+03, -3.5664168892e-01
-1.4739969200e+03, -3.5659564442e-01
-1.4772291523e+03, -3.5654992538e-01
-1.4804609716e+03, -3.5650452865e-01
-1.4836923809e+03, -3.5645945112e-01
-1.4869233830e+03, -3.5641468970e-01
-1.4901539807e+03, -3.5637024137e-01
-1.4998433762e+03, -3.5623874505e-01
-1.4933841770e+03, -3.5632610312e-01
-1.4966139746e+03, -3.5628227199e-01
-1.4963870581e+03, +4.9588564239e+01
-1.4829399501e+03, +5.5258196275e+01
-1.5303320690e+03, +5.2717092215e+01
-1.5214215582e+03, +4.9445426718e+01
-1.5224383286e+03, -3.5594233515e-01
-1.5192116231e+03, -3.5598381181e-01
-1.5256646593e+03, -3.5590114049e-01
-1.5288906180e+03, -3.5586022522e-01
-1.5321162070e+03, -3.5581958674e-01
-1.5353414288e+03, -3.5577922249e-01
-1.5385662860e+03, -3.5573912993e-01
-1.5417907810e+03, -3.5569930657e-01
-1.5450149163e+03, -3.5565974994e-01
-1.5482386941e+03, -3.5562045758e-01
-1.5514621170e+03, -3.5558142709e-01
-1.5546851872e+03, -3.5554265608e-01
-1.5579079072e+03, -3.5550414218e-01
-1.5611302792e+03, -3.5546588307e-01
-1.5572657241e+03, +5.2283259186e+01
-1.5729331051e+03, +4.9380972553e+01
-1.5740163333e+03, -3.5531534882e-01
-1.5772369995e+03, -3.5527832960e-01
-1.5804573313e+03, -3.5524155175e-01
-1.5836773308e+03, -3.5520501309e-01
-1.5938902410e+03, +5.2840345054e+01
-1.5933353571e+03, -3.5509681121e-01
-1.5965540488e+03, -3.5506120835e-01
-1.6036419129e+03, +4.9375005746e+01
-1.6062082021e+03, -3.5495576465e-01
-1.6126427231e+03, -3.5488658644e-01
-1.6190759979e+03, -3.5481828423e-01
-1.6271465304e+03, +4.9947189193e+01
-1.6383685012e+03, -3.5461848423e-01
-1.6544374237e+03, -3.5445762200e-01
-1.6897640882e+03, -3.5412068232e-01
-1.5482386941e+03, -3.5562045758e-01
-1.5781193320e+03, +4.8204831433e+01
-1.5933353571e+03, -3.5509681121e-01
-1.6044559750e+03, +5.0097846072e+01
-1.6126427231e+03, -3.5488658644e-01
-1.6190759979e+03, -3.5481828423e-01
-1.6263982795e+03, +5.0252899809e+01
-1.6287236078e+03, -3.5471744048e-01
-1.6368246572e+03, +5.0212532921e+01
-1.6383685012e+03, -3.5461848423e-01
-1.6415828708e+03, -3.5458590992e-01
-1.6399160331e+03, +5.5853657169e+01
-1.6512242206e+03, -3.5448939598e-01
-1.6544374237e+03, -3.5445762200e-01
-1.6576503396e+03, -3.5442604389e-01
-1.6608629701e+03, -3.5439466001e-01
-1.6640753171e+03, -3.5436346873e-01
-1.6636664487e+03, +4.9038896726e+01
-1.6561803229e+03, +6.4285676828e+01
-1.6796787871e+03, +4.9177318776e+01
-1.6801328580e+03, -3.5421034555e-01
-1.6833435392e+03, -3.5418027663e-01
-1.6865539488e+03, -3.5415038939e-01
-1.6897640882e+03, -3.5412068232e-01
-1.6929739592e+03, -3.5409115396e-01
-1.6961835633e+03, -3.5406180284e-01
-1.6993929021e+03, -3.5403262750e-01
-1.7026019772e+03, -3.5400362651e-01
-1.7058107903e+03, -3.5397479846e-01
-1.7090193428e+03, -3.5394614194e-01
-1.7122276364e+03, -3.5391765556e-01
-1.7154356724e+03, -3.5388933795e-01
-1.7186434526e+03, -3.5386118774e-01
-1.7218509783e+03, -3.5383320358e-01
-1.7250582511e+03, -3.5380538415e-01
-1.7282652725e+03, -3.5377772813e-01
-1.7314720439e+03, -3.5375023420e-01
-1.7346785668e+03, -3.5372290108e-01
-1.7442966590e+03, -3.5364185380e-01
-1.7378848426e+03, -3.5369572748e-01
-1.7410908729e+03, -3.5366871214e-01
-1.7442966590e+03, -3.5364185380e-01
-1.7429012051e+03, +4.9147258259e+01
-1.7370740965e+03, +5.0581558458e+01
-1.6759300972e+03, +1.8168692527e+02
-1.7841497333e+03, +5.1144800462e+01
-1.7762727111e+03, +4.9188391178e+01
-1.7763413968e+03, -3.5338163866e-01
-1.7763413968e+03, -3.5338163866e-01
-1.7795445881e+03, -3.5335642812e-01
-1.7827475516e+03, -3.5333136047e-01
-1.7855683405e+03, +4.7054395236e+01
-1.7987589955e+03, -3.5320812761e-01
-1.7859502884e+03, -3.5330643463e-01
-1.7941747960e+03, +4.8034002471e+01
-1.7955571523e+03, -3.5323249705e-01
-1.7987589955e+03, -3.5320812761e-01
-1.8019606184e+03, -3.5318389463e-01
-1.8051620223e+03, -3.5315979705e-01
-1.8083632084e+03, -3.5313583387e-01
-1.8115641778e+03, -3.5311200406e-01
-1.8147649318e+03, -3.5308830660e-01
-1.8179654717e+03, -3.5306474051e-01
-1.8211657985e+03, -3.5304130479e-01
-1.8243659134e+03, -3.5301799847e-01
-1.8275658177e+03, -3.5299482057e-01
-1.8307655124e+03, -3.5297177013e-01
-1.8339649988e+03, -3.5294884620e-01
-1.8371642779e+03, -3.5292604784e-01
-1.8403633509e+03, -3.5290337411e-01
-1.8435622190e+03, -3.5288082409e-01
-1.8467608832e+03, -3.5285839687e-01
-1.8499593447e+03, -3.5283609153e-01
-1.8531576045e+03, -3.5281390717e-01
-1.8563556638e+03, -3.5279184291e-01
-1.8595535236e+03, -3.5276989786e-01
-1.8627511851e+03, -3.5274807115e-01
-1.8659486492e+03, -3.5272636192e-01
-1.8691459170e+03, -3.5270476930e-01
-1.8723429897e+03, -3.5268329244e-01
-1.8755398681e+03, -3.5266193050e-01
-1.8787365535e+03, -3.5264068265e-01
-1.8819330468e+03, -3.5261954807e-01
-1.8851293490e+03, -3.5259852592e-01
-1.8883254611e+03, -3.5257761541e-01
-1.8915213842e+03, -3.5255681573e-01
-1.8947171193e+03, -3.5253612607e-01
-1.8979126673e+03, -3.5251554565e-01
-1.9011080292e+03, -3.5249507370e-01
-1.9043032061e+03, -3.5247470942e-01
-1.9074981989e+03, -3.5245445207e-01
-1.9106930085e+03, -3.5243430086e-01
-1.9138876359e+03, -3.5241425506e-01
-1.9170820821e+03, -3.5239431390e-01
-1.9202763480e+03, -3.5237447666e-01
-1.9234704345e+03, -3.5235474260e-01
-1.9266643426e+03, -3.5233511099e-01
-1.9298580732e+03, -3.5231558111e-01
-1.9330516273e+03, -3.5229615224e-01
-1.9362450057e+03, -3.5227682367e-01
-1.9394382093e+03, -3.5225759472e-01
-1.9426312391e+03, -3.5223846467e-01
-1.9458240959e+03, -3.5221943284e-01
-1.9490167807e+03, -3.5220049855e-01
-1.9522092942e+03, -3.5218166111e-01
-1.9554016375e+03, -3.5216291987e-01
-1.9585938112e+03, -3.5214427414e-01
-1.9617858164e+03, -3.5212572328e-01
-1.9649776539e+03, -3.5210726663e-01
-1.9681693245e+03, -3.5208890354e-01
-1.9713608290e+03, -3.5207063337e-01
-1.9745521684e+03, -3.5205245547e-01
-1.9777433433e+03, -3.5203436923e-01
-1.9809343548e+03, -3.5201637401e-01
-1.9841252035e+03, -3.5199846920e-01
-1.9873158904e+03, -3.5198065418e-01
-1.9905064162e+03, -3.5196292833e-01
-1.9936967816e+03, -3.5194529106e-01
-1.9968869877e+03, -3.5192774176e-01
-2.0000770350e+03, -3.5191027985e-01
-2.0032669244e+03, -3.5189290472e-01
-2.0064566567e+03, -3.5187561581e-01
-2.0096462327e+03, -3.5185841252e-01
-2.0128356532e+03, -3.5184129429e-01
-2.0160249188e+03, -3.5182426055e-01
-2.0192140304e+03, -3.5180731072e-01
-2.0224029888e+03, -3.5179044426e-01
-2.0255917946e+03, -3.5177366061e-01
-2.0287804487e+03, -3.5175695921e-01
-2.0319689518e+03, -3.5174033952e-01
-2.0351573045e+03, -3.5172380100e-01
-2.0383455077e+03, -3.5170734312e-01
-2.0415335621e+03, -3.5169096534e-01
-2.0447214684e+03, -3.5167466713e-01
-2.0479092273e+03, -3.5165844797e-01
-2.0510968396e+03, -3.5164230735e-01
-2.0542843059e+03, -3.5162624474e-01
-2.0574716269e+03, -3.5161025964e-01
-2.0606588034e+03, -3.5159435155e-01
-2.0638458361e+03, -3.5157851995e-01
-2.0670327255e+03, -3.5156276435e-01
-2.0702194725e+03, -3.5154708427e-01
-2.0734060777e+03, -3.5153147920e-01
-2.0765925418e+03, -3.5151594867e-01
-2.0797788654e+03, -3.5150049219e-01
-2.0829650493e+03, -3.5148510929e-01
-2.0861510941e+03, -3.5146979949e-01
+3.4040617871e+02, -1.1166161238e+01
+3.3537496486e+02, -1.9356285630e+01
+3.3119437316e+02, -2.5955350095e+01
+3.2745341723e+02, -3.1707951368e+01
+3.2399580245e+02, -3.6901124582e+01
+3.2074132367e+02, -4.1683934898e+01
+3.1764206396e+02, -4.6146415585e+01
+3.1466657701e+02, -5.0348257434e+01
+3.1179285557e+02, -5.4331637972e+01
+3.0900475851e+02, -5.8127776951e+01
+3.0629001553e+02, -6.1760616567e+01
+3.0363903150e+02, -6.5249038097e+01
+3.0104412947e+02, -6.8608272107e+01
+2.9849904985e+02, -7.1850835883e+01
+2.9599860684e+02, -7.4987179448e+01
+2.9353844553e+02, -7.8026144353e+01
+2.9111486570e+02, -8.0975297968e+01
+2.8872469108e+02, -8.3841182449e+01
+2.8636517060e+02, -8.6629503756e+01
+2.8403390235e+02, -8.9345277577e+01
+2.8172877437e+02, -9.1992943673e+01
+2.7944791767e+02, -9.4576456667e+01
+2.7718966876e+02, -9.7099358992e+01
+2.7495253925e+02, -9.9564840133e+01
+2.7273519103e+02, -1.0197578521e+02
+2.7053641586e+02, -1.0433481519e+02
+2.6835511831e+02, -1.0664432037e+02
+2.6619030160e+02, -1.0890648859e+02
+2.6404105555e+02, -1.1112332904e+02
+2.6190654643e+02, -1.1329669257e+02
+2.5978600826e+02, -1.1542828904e+02
+2.5767873535e+02, -1.1751970231e+02
+2.5558407589e+02, -1.1957240319e+02
+2.5350142635e+02, -1.2158776066e+02
+2.5143022666e+02, -1.2356705176e+02
+2.4936995593e+02, -1.2551147021e+02
+2.4732012876e+02, -1.2742213396e+02
+2.4528029195e+02, -1.2930009197e+02
+2.4325002157e+02, -1.3114633012e+02
+2.4122892043e+02, -1.3296177654e+02
+2.3921661578e+02, -1.3474730629e+02
+2.3721275725e+02, -1.3650374568e+02
+2.3521701503e+02, -1.3823187600e+02
+2.3322907824e+02, -1.3993243695e+02
+2.3124865341e+02, -1.4160612977e+02
+2.2927546323e+02, -1.4325362002e+02
+2.2730924526e+02, -1.4487554007e+02
+2.2534975089e+02, -1.4647249147e+02
+2.2339674431e+02, -1.4804504699e+02
+2.2145000167e+02, -1.4959375258e+02
+2.1950931019e+02, -1.5111912910e+02
+2.1757446746e+02, -1.5262167389e+02
+2.1564528070e+02, -1.5410186231e+02
+2.1372156620e+02, -1.5556014904e+02
+2.1180314867e+02, -1.5699696932e+02
+2.0988986077e+02, -1.5841274016e+02
+2.0798154258e+02, -1.5980786131e+02
+2.0607804116e+02, -1.6118271630e+02
+2.0417921014e+02, -1.6253767337e+02
+2.0228490930e+02, -1.6387308622e+02
+2.0039500429e+02, -1.6518929489e+02
+1.9850936619e+02, -1.6648662644e+02
+1.9662787131e+02, -1.6776539561e+02
+1.9475040083e+02, -1.6902590549e+02
+1.9287684055e+02, -1.7026844811e+02
+1.9100708067e+02, -1.7149330494e+02
+1.8914101552e+02, -1.7270074745e+02
+1.8727854337e+02, -1.7389103759e+02
+1.8541956621e+02, -1.7506442821e+02
+1.8356398960e+02, -1.7622116352e+02
+1.8171172241e+02, -1.7736147947e+02
+1.7986267676e+02, -1.7848560409e+02
+1.7801676776e+02, -1.7959375793e+02
+1.7617391346e+02, -1.8068615429e+02
+1.7433403464e+02, -1.8176299960e+02
+1.7249705471e+02, -1.8282449369e+02
+1.7066289959e+02, -1.8387083004e+02
+1.6883149758e+02, -1.8490219610e+02
+1.6700277928e+02, -1.8591877350e+02
+1.6517667744e+02, -1.8692073829e+02
+1.6335312692e+02, -1.8790826115e+02
+1.6153206456e+02, -1.8888150762e+02
+1.5971342910e+02, -1.8984063829e+02
+1.5789716111e+02, -1.9078580898e+02
+1.5608320290e+02, -1.9171717095e+02
+1.5427149846e+02, -1.9263487102e+02
+1.5246199337e+02, -1.9353905177e+02
+1.5065463475e+02, -1.9442985168e+02
+1.4884937119e+02, -1.9530740527e+02
+1.4704615271e+02, -1.9617184326e+02
+1.4524493068e+02, -1.9702329268e+02
+1.4344565775e+02, -1.9786187699e+02
+1.4164828784e+02, -1.9868771624e+02
+1.3985277609e+02, -1.9950092713e+02
+1.3805907877e+02, -2.0030162316e+02
+1.3626715326e+02, -2.0108991472e+02
+1.3447695802e+02, -2.0186590920e+02
+1.3268845254e+02, -2.0262971105e+02
+1.3090159730e+02, -2.0338142191e+02
+1.2911635372e+02, -2.0412114069e+02
+1.2733268416e+02, -2.0484896362e+02
+1.2555055183e+02, -2.0556498438e+02
+1.2376992082e+02, -2.0626929414e+02
+1.2199075604e+02, -2.0696198164e+02
+1.2021302317e+02, -2.0764313326e+02
+1.1843668867e+02, -2.0831283310e+02
+1.1666171974e+02, -2.0897116303e+02
+1.1488808425e+02, -2.0961820274e+02
+1.1311575081e+02, -2.1025402984e+02
+1.1134468865e+02, -2.1087871986e+02
+1.0957486766e+02, -2.1149234635e+02
+1.0780625831e+02, -2.1209498092e+02
+1.0603883171e+02, -2.1268669326e+02
+1.0427255950e+02, -2.1326755126e+02
+1.0250741390e+02, -2.1383762095e+02
+1.0074336765e+02, -2.1439696666e+02
+9.8980394018e+01, -2.1494565095e+02
+9.7218466754e+01, -2.1548373476e+02
+9.5457560096e+01, -2.1601127735e+02
+9.3697648747e+01, -2.1652833642e+02
+9.1938707855e+01, -2.1703496808e+02
+9.0180713002e+01, -2.1753122693e+02
+8.8423640190e+01, -2.1801716608e+02
+8.6667465822e+01, -2.1849283716e+02
+8.4912166692e+01, -2.1895829039e+02
+8.3157719969e+01, -2.1941357458e+02
+8.1404103188e+01, -2.1985873718e+02
+7.9651294234e+01, -2.2029382428e+02
+7.7899271330e+01, -2.2071888066e+02
+7.6148013026e+01, -2.2113394982e+02
+7.4397498190e+01, -2.2153907398e+02
+7.2647705992e+01, -2.2193429410e+02
+7.0898615899e+01, -2.2231964996e+02
+6.9150207657e+01, -2.2269518011e+02
+6.7402461291e+01, -2.2306092193e+02
+6.5655357084e+01, -2.2341691163e+02
+6.3908875578e+01, -2.2376318430e+02
+6.2162997557e+01, -2.2409977389e+02
+6.0417704041e+01, -2.2442671328e+02
+5.8672976277e+01, -2.2474403422e+02
+5.6928795731e+01, -2.2505176742e+02
+5.5185144079e+01, -2.2534994252e+02
+5.3442003197e+01, -2.2563858815e+02
+5.1699355157e+01, -2.2591773188e+02
+4.9957182215e+01, -2.2618740029e+02
+4.8215466808e+01, -2.2644761896e+02
+4.6474191541e+01, -2.2669841248e+02
+4.4733339186e+01, -2.2693980448e+02
+4.2992892667e+01, -2.2717181761e+02
+4.1252835062e+01, -2.2739447358e+02
+3.9513149591e+01, -2.2760779318e+02
+3.7773819607e+01, -2.2781179624e+02
+3.6034828595e+01, -2.2800650169e+02
+3.4296160164e+01, -2.2819192753e+02
+3.2557798036e+01, -2.2836809089e+02
+3.0819726047e+01, -2.2853500797e+02
+2.9081928135e+01, -2.2869269411e+02
+2.7344388337e+01, -2.2884116376e+02
+2.5607090782e+01, -2.2898043049e+02
+2.3870019684e+01, -2.2911050703e+02
+2.2133159341e+01, -2.2923140522e+02
+2.0396494121e+01, -2.2934313605e+02
+1.8660008464e+01, -2.2944570969e+02
+1.6923686873e+01, -2.2953913543e+02
+1.5187513909e+01, -2.2962342174e+02
+1.3451474183e+01, -2.2969857623e+02
+1.1715552355e+01, -2.2976460571e+02
+9.9797331254e+00, -2.2982151613e+02
+8.2440012316e+00, -2.2986931263e+02
+6.5083414405e+00, -2.2990799952e+02
+4.7727385443e+00, -2.2993758028e+02
+3.0371773554e+00, -2.2995805758e+02
+1.3016427005e+00, -2.2996943326e+02
-4.3388058434e-01, -2.2997170834e+02
-2.1694076591e+00, -2.2996488304e+02
-3.9049536851e+00, -2.2994895673e+02
-5.6405338302e+00, -2.2992392798e+02
-7.3761632742e+00, -2.2988979454e+02
-9.1118572143e+00, -2.2984655333e+02
-1.0847630870e+01, -2.2979420046e+02
-1.2583499488e+01, -2.2973273121e+02
-1.4319478351e+01, -2.2966214002e+02
-1.6055582776e+01, -2.2958242052e+02
-1.7791828127e+01, -2.2949356550e+02
-1.9528229817e+01, -2.2939556692e+02
-2.1264803314e+01, -2.2928841590e+02
-2.3001564147e+01, -2.2917210271e+02
-2.4738527909e+01, -2.2904661677e+02
-2.6475710267e+01, -2.2891194667e+02
-2.8213126966e+01, -2.2876808012e+02
-2.9950793831e+01, -2.2861500398e+02
-3.1688726780e+01, -2.2845270423e+02
-3.3426941825e+01, -2.2828116599e+02
-3.5165455077e+01, -2.2810037347e+02
-3.6904282757e+01, -2.2791031002e+02
-3.8643441198e+01, -2.2771095807e+02
-4.0382946853e+01, -2.2750229917e+02
-4.2122816303e+01, -2.2728431392e+02
-4.3863066258e+01, -2.2705698202e+02
-4.5603713570e+01, -2.2682028223e+02
-4.7344775238e+01, -2.2657419236e+02
-4.9086268411e+01, -2.2631868928e+02
-5.0828210401e+01, -2.2605374888e+02
-5.2570618685e+01, -2.2577934607e+02
-5.4313510917e+01, -2.2549545478e+02
-5.6056904931e+01, -2.2520204792e+02
-5.7800818752e+01, -2.2489909741e+02
-5.9545270603e+01, -2.2458657411e+02
-6.1290278913e+01, -2.2426444785e+02
-6.3035862324e+01, -2.2393268740e+02
-6.4782039700e+01, -2.2359126044e+02
-6.6528830139e+01, -2.2324013357e+02
-6.8276252978e+01, -2.2287927227e+02
-7.0024327801e+01, -2.2250864089e+02
-7.1773074455e+01, -2.2212820263e+02
-7.3522513052e+01, -2.2173791953e+02
-7.5272663983e+01, -2.2133775243e+02
-7.7023547931e+01, -2.2092766098e+02
-7.8775185874e+01, -2.2050760356e+02
-8.0527599102e+01, -2.2007753733e+02
-8.2280809226e+01, -2.1963741816e+02
-8.4034838192e+01, -2.1918720061e+02
-8.5789708288e+01, -2.1872683792e+02
-8.7545442160e+01, -2.1825628195e+02
-8.9302062825e+01, -2.1777548321e+02
-9.1059593683e+01, -2.1728439075e+02
-9.2818058529e+01, -2.1678295223e+02
-9.4577481571e+01, -2.1627111378e+02
-9.6337887441e+01, -2.1574882006e+02
-9.8099301211e+01, -2.1521601417e+02
-9.9861748411e+01, -2.1467263763e+02
-1.0162525504e+02, -2.1411863035e+02
-1.0338984759e+02, -2.1355393058e+02
-1.0515555305e+02, -2.1297847488e+02
-1.0692239895e+02, -2.1239219808e+02
-1.0869041335e+02, -2.1179503322e+02
-1.1045962487e+02, -2.1118691152e+02
-1.1223006272e+02, -2.1056776234e+02
-1.1400175672e+02, -2.0993751310e+02
-1.1577473729e+02, -2.0929608926e+02
-1.1754903553e+02, -2.0864341427e+02
-1.1932468319e+02, -2.0797940949e+02
-1.2110171273e+02, -2.0730399413e+02
-1.2288015732e+02, -2.0661708522e+02
-1.2466005087e+02, -2.0591859753e+02
-1.2644142810e+02, -2.0520844352e+02
-1.2822432451e+02, -2.0448653322e+02
-1.3000877643e+02, -2.0375277423e+02
-1.3179482108e+02, -2.0300707161e+02
-1.3358249655e+02, -2.0224932779e+02
-1.3537184191e+02, -2.0147944250e+02
-1.3716289716e+02, -2.0069731272e+02
-1.3895570331e+02, -1.9990283253e+02
-1.4075030246e+02, -1.9909589306e+02
-1.4254673775e+02, -1.9827638237e+02
-1.4434505348e+02, -1.9744418539e+02
-1.4614529513e+02, -1.9659918374e+02
-1.4794750939e+02, -1.9574125569e+02
-1.4975174424e+02, -1.9487027600e+02
-1.5155804899e+02, -1.9398611583e+02
-1.5336647434e+02, -1.9308864256e+02
-1.5517707240e+02, -1.9217771971e+02
-1.5698989683e+02, -1.9125320678e+02
-1.5880500282e+02, -1.9031495907e+02
-1.6062244723e+02, -1.8936282758e+02
-1.6244228860e+02, -1.8839665878e+02
-1.6426458726e+02, -1.8741629449e+02
-1.6608940542e+02, -1.8642157168e+02
-1.6791680722e+02, -1.8541232225e+02
-1.6974685884e+02, -1.8438837287e+02
-1.7157962859e+02, -1.8334954472e+02
-1.7341518700e+02, -1.8229565331e+02
-1.7525360697e+02, -1.8122650819e+02
-1.7709496379e+02, -1.8014191274e+02
-1.7893933537e+02, -1.7904166386e+02
-1.8078680227e+02, -1.7792555174e+02
-1.8263744789e+02, -1.7679335948e+02
-1.8449135861e+02, -1.7564486285e+02
-1.8634862390e+02, -1.7447982988e+02
-1.8820933653e+02, -1.7329802055e+02
-1.9007359270e+02, -1.7209918639e+02
-1.9194149226e+02, -1.7088307005e+02
-1.9381313887e+02, -1.6964940488e+02
-1.9568864026e+02, -1.6839791446e+02
-1.9756810839e+02, -1.6712831211e+02
-1.9945165972e+02, -1.6584030035e+02
-2.0133941550e+02, -1.6453357034e+02
-2.0323150198e+02, -1.6320780126e+02
-2.0512805075e+02, -1.6186265964e+02
-2.0702919908e+02, -1.6049779871e+02
-2.0893509018e+02, -1.5911285760e+02
-2.1084587368e+02, -1.5770746055e+02
-2.1276170595e+02, -1.5628121601e+02
-2.1468275056e+02, -1.5483371574e+02
-2.1660917877e+02, -1.5336453376e+02
-2.1854117000e+02, -1.5187322525e+02
-2.2047891242e+02, -1.5035932536e+02
-2.2242260355e+02, -1.4882234791e+02
-2.2437245089e+02, -1.4726178398e+02
-2.2632867265e+02, -1.4567710040e+02
-2.2829149857e+02, -1.4406773802e+02
-2.3026117073e+02, -1.4243310995e+02
-2.3223794452e+02, -1.4077259948e+02
-2.3422208969e+02, -1.3908555795e+02
-2.3621389146e+02, -1.3737130231e+02
-2.3821365183e+02, -1.3562911244e+02
-2.4022169095e+02, -1.3385822826e+02
-2.4223834869e+02, -1.3205784641e+02
-2.4426398637e+02, -1.3022711673e+02
-2.4629898871e+02, -1.2836513815e+02
-2.4834376595e+02, -1.2647095432e+02
-2.5039875631e+02, -1.2454354850e+02
-2.5246442870e+02, -1.2258183804e+02
-2.5454128585e+02, -1.2058466798e+02
-2.5662986773e+02, -1.1855080397e+02
-2.5873075558e+02, -1.1647892414e+02
-2.6084457642e+02, -1.1436760990e+02
-2.6297200825e+02, -1.1221533543e+02
-2.6511378604e+02, -1.1002045561e+02
-2.6727070864e+02, -1.0778119209e+02
-2.6944364684e+02, -1.0549561719e+02
-2.7163355274e+02, -1.0316163514e+02
-2.7384147083e+02, -1.0077696010e+02
-2.7606855098e+02, -9.8339090264e+01
-2.7831606406e+02, -9.5845277164e+01
-2.8058542051e+02, -9.3292488998e+01
-2.8287819285e+02, -9.0677366486e+01
-2.8519614314e+02, -8.7996169281e+01
-2.8754125661e+02, -8.5244710312e+01
-2.8991578366e+02, -8.2418274518e+01
-2.9232229244e+02, -7.9511517119e+01
-2.9476373586e+02, -7.6518334670e+01
-2.9724353809e+02, -7.3431699308e+01
-2.9976570790e+02, -7.0243442302e+01
-3.0233499005e+02, -6.6943966301e+01
-3.4898124821e+02, +1.1523239036e+02
-4.3726833896e+02, +7.9089256141e+01
-4.3284973935e+02, +8.0155258542e+01
-3.1321811337e+02, -5.2365099868e+01
-3.6343305290e+02, +1.0695757378e+02
-3.6722356966e+02, +1.0492877263e+02
-3.7108607331e+02, +1.0292727255e+02
-3.7501986341e+02, +1.0095922960e+02
-3.7902352847e+02, +9.9030859738e+01
-3.8309517820e+02, +9.7148236720e+01
-3.8723376292e+02, +9.5317005529e+01
-3.9146057977e+02, +9.3546190066e+01
-3.8933011405e+02, +9.4422367370e+01
-3.8515585032e+02, +9.6225945777e+01
-3.7701291179e+02, +9.9989778031e+01
           NaN, -7.9026638203e+02
           NaN, -8.1793029393e+02
           NaN, -8.4464309917e+02
           NaN, -8.7043250027e+02
           NaN, -8.9532486064e+02
           NaN, -9.1934553445e+02
           NaN, -9.4251910986e+02
           NaN, -9.6486958265e+02
           NaN, -9.8642047840e+02
           NaN, -1.0071949363e+03
           NaN, -1.0272157630e+03
           NaN, -1.0465054635e+03
           NaN, -1.0650862558e+03
           NaN, -1.0829800741e+03
           NaN, -1.1002085617e+03
           NaN, -1.1167930606e+03
           NaN, -1.1327545927e+03
           NaN, -1.1481138449e+03
           NaN, -1.1628911464e+03
           NaN, -1.1771064543e+03
           NaN, -1.1907793287e+03
           NaN, -1.2039289203e+03
           NaN, -1.2165739542e+03
           NaN, -1.2287327156e+03
           NaN, -1.2404230358e+03
           NaN, -1.2516622871e+03
           NaN, -1.2624673719e+03
-2.5636844274e+02, +1.7606624652e+02
           NaN, -1.2828402714e+03
-2.5171310824e+02, +1.7898689595e+02
-2.4940589832e+02, +1.8041936320e+02
-2.4711166674e+02, +1.8183356130e+02
-2.4482994900e+02, +1.8322971421e+02
-2.4256030313e+02, +1.8460804314e+02
-2.4030230829e+02, +1.8596876623e+02
-2.3805556351e+02, +1.8731209835e+02
-2.3581968651e+02, +1.8863825093e+02
-2.3359431255e+02, +1.8994743174e+02
-2.3137909343e+02, +1.9123984486e+02
-2.2917369652e+02, +1.9251569058e+02
-2.2697780387e+02, +1.9377516531e+02
-2.2479111136e+02, +1.9501846159e+02
-2.2261332794e+02, +1.9624576804e+02
-2.2044417490e+02, +1.9745726939e+02
-2.1828338516e+02, +1.9865314647e+02
-2.1613070270e+02, +1.9983357627e+02
-2.1398588189e+02, +2.0099873192e+02
-2.1184868701e+02, +2.0214878277e+02
-2.0971889164e+02, +2.0328389444e+02
-2.0759627828e+02, +2.0440422885e+02
-2.0548063780e+02, +2.0550994429e+02
-2.0337176906e+02, +2.0660119551e+02
-2.0126947850e+02, +2.0767813370e+02
-1.9917357974e+02, +2.0874090666e+02
-1.9708389325e+02, +2.0978965879e+02
-1.9500024602e+02, +2.1082453119e+02
-1.9292247121e+02, +2.1184566172e+02
           NaN, -1.4531068218e+03
-1.8878390071e+02, +2.1384723287e+02
           NaN, -1.4593543938e+03
           NaN, -1.4623152784e+03
-1.8261624173e+02, +2.1674979359e+02
           NaN, -1.4679328129e+03
-1.7852963200e+02, +2.1861973533e+02
-1.7649348301e+02, +2.1953552795e+02
-1.7446193974e+02, +2.2043868495e+02
-1.7243488342e+02, +2.2132931549e+02
           NaN, -1.4803823826e+03
           NaN, -1.4826270034e+03
           NaN, -1.4847972479e+03
           NaN, -1.4868960097e+03
           NaN, -1.4889260582e+03
           NaN, -1.4908900433e+03
           NaN, -1.4927904989e+03
           NaN, -1.4946298504e+03
           NaN, -1.4964104168e+03
           NaN, -1.4981344195e+03
           NaN, -1.4998039830e+03
           NaN, -1.5014211391e+03
           NaN, -1.5029878341e+03
           NaN, -1.5045059328e+03
           NaN, -1.5059772158e+03
           NaN, -1.5074033919e+03
           NaN, -1.5087860934e+03
           NaN, -1.5101268874e+03
           NaN, -1.5114272706e+03
           NaN, -1.5126886799e+03
           NaN, -1.5139124892e+03
           NaN, -1.5151000189e+03
           NaN, -1.5162525273e+03
           NaN, -1.5173712249e+03
           NaN, -1.5184572730e+03
           NaN, -1.5195117810e+03
           NaN, -1.5205358155e+03
           NaN, -1.5215303980e+03
           NaN, -1.5224965085e+03
           NaN, -1.5234350871e+03
           NaN, -1.5243470366e+03
           NaN, -1.5252332218e+03
           NaN, -1.5260944733e+03
           NaN, -1.5269315905e+03
           NaN, -1.5277453382e+03
           NaN, -1.5285364519e+03
           NaN, -1.5293056401e+03
           NaN, -1.5300535802e+03
           NaN, -1.5307809272e+03
           NaN, -1.5314883075e+03
           NaN, -1.5321763250e+03
           NaN, -1.5328455628e+03
           NaN, -1.5334965766e+03
           NaN, -1.5341299064e+03
           NaN, -1.5347460708e+03
           NaN, -1.5353455680e+03
           NaN, -1.5359288782e+03
           NaN, -1.5364964662e+03
           NaN, -1.5370487768e+03
           NaN, -1.5375862435e+03
           NaN, -1.5381092793e+03
           NaN, -1.5386182877e+03
           NaN, -1.5391136551e+03
           NaN, -1.5395957551e+03
           NaN, -1.5400649513e+03
           NaN, -1.5405215914e+03
           NaN, -1.5409660147e+03
           NaN, -1.5413985465e+03
           NaN, -1.5418195046e+03
           NaN, -1.5422291957e+03
           NaN, -1.5426279164e+03
           NaN, -1.5430159532e+03
           NaN, -1.5433935882e+03
           NaN, -1.5437610890e+03
           NaN, -1.5441187188e+03
           NaN, -1.5444667338e+03
           NaN, -1.5448053802e+03
           NaN, -1.5451348985e+03
           NaN, -1.5454555227e+03
-3.4370836558e+02, -5.6371662563e+00
-3.3773389592e+02, -1.5550753750e+01
-3.3321430129e+02, -2.2789753529e+01
-3.2928138576e+02, -2.8914679353e+01
-3.2569525309e+02, -3.4363239317e+01
-3.2234667270e+02, -3.9337267029e+01
-3.1917453641e+02, -4.3950968519e+01
-3.1614039318e+02, -4.8276965769e+01
-3.1321811337e+02, -5.2365099868e+01
-3.1038894484e+02, -5.6251476738e+01
-3.0763886971e+02, -5.9963329912e+01
-3.0495707159e+02, -6.3521854861e+01
-3.0233499005e+02, -6.6943966301e+01
-2.9976570790e+02, -7.0243442302e+01
-2.9724353809e+02, -7.3431699308e+01
-2.9476373586e+02, -7.6518334670e+01
-2.9232229244e+02, -7.9511517119e+01
-2.8991578366e+02, -8.2418274518e+01
-2.8754125661e+02, -8.5244710312e+01
-2.8519614314e+02, -8.7996169281e+01
-2.8287819285e+02, -9.0677366486e+01
-2.8058542051e+02, -9.3292488998e+01
-2.7831606406e+02, -9.5845277164e+01
-2.7606855098e+02, -9.8339090264e+01
-2.7384147083e+02, -1.0077696010e+02
-2.7163355274e+02, -1.0316163514e+02
-2.6944364684e+02, -1.0549561719e+02
-2.6727070864e+02, -1.0778119209e+02
-2.6511378604e+02, -1.1002045561e+02
-2.6297200825e+02, -1.1221533543e+02
-2.6084457642e+02, -1.1436760990e+02
-2.5873075558e+02, -1.1647892414e+02
-2.5662986773e+02, -1.1855080397e+02
-2.5454128585e+02, -1.2058466798e+02
-2.5246442870e+02, -1.2258183804e+02
-2.5039875631e+02, -1.2454354850e+02
-2.4834376595e+02, -1.2647095432e+02
-2.4629898871e+02, -1.2836513815e+02
-2.4426398637e+02, -1.3022711673e+02
-2.4223834869e+02, -1.3205784641e+02
-2.4022169095e+02, -1.3385822826e+02
-2.3821365183e+02, -1.3562911244e+02
-2.3621389146e+02, -1.3737130231e+02
-2.3422208969e+02, -1.3908555795e+02
-2.3223794452e+02, -1.4077259948e+02
-2.3026117073e+02, -1.4243310995e+02
-2.2829149857e+02, -1.4406773802e+02
-2.2632867265e+02, -1.4567710040e+02
-2.2437245089e+02, -1.4726178398e+02
-2.2242260355e+02, -1.4882234791e+02
-2.2047891242e+02, -1.5035932536e+02
-2.1854117000e+02, -1.5187322525e+02
-2.1660917877e+02, -1.5336453376e+02
-2.1468275056e+02, -1.5483371574e+02
-2.1276170595e+02, -1.5628121601e+02
-2.1084587368e+02, -1.5770746055e+02
-2.0893509018e+02, -1.5911285760e+02
-2.0702919908e+02, -1.6049779871e+02
-2.0512805075e+02, -1.6186265964e+02
-2.0323150198e+02, -1.6320780126e+02
-2.0133941550e+02, -1.6453357034e+02
-1.9945165972e+02, -1.6584030035e+02
-1.9756810839e+02, -1.6712831211e+02
-1.9568864026e+02, -1.6839791446e+02
-1.9381313887e+02, -1.6964940488e+02
-1.9194149226e+02, -1.7088307005e+02
-1.9007359270e+02, -1.7209918639e+02
-1.8820933653e+02, -1.7329802055e+02
-1.8634862390e+02, -1.7447982988e+02
-1.8449135861e+02, -1.7564486285e+02
-1.8263744789e+02, -1.7679335948e+02
-1.8078680227e+02, -1.7792555174e+02
-1.7893933537e+02, -1.7904166386e+02
-1.7709496379e+02, -1.8014191274e+02
-1.7525360697e+02, -1.8122650819e+02
-1.7341518700e+02, -1.8229565331e+02
-1.7157962859e+02, -1.8334954472e+02
-1.6974685884e+02, -1.8438837287e+02
-1.6791680722e+02, -1.8541232225e+02
-1.6608940542e+02, -1.8642157168e+02
-1.6426458726e+02, -1.8741629449e+02
-1.6244228860e+02, -1.8839665878e+02
-1.6062244723e+02, -1.8936282758e+02
-1.5880500282e+02, -1.9031495907e+02
-1.5698989683e+02, -1.9125320678e+02
-1.5517707240e+02, -1.9217771971e+02
-1.5336647434e+02, -1.9308864256e+02
-1.5155804899e+02, -1.9398611583e+02
-1.4975174424e+02, -1.9487027600e+02
-1.4794750939e+02, -1.9574125569e+02
-1.4614529513e+02, -1.9659918374e+02
-1.4434505348e+02, -1.9744418539e+02
-1.4254673775e+02, -1.9827638237e+02
-1.4075030246e+02, -1.9909589306e+02
-1.3895570331e+02, -1.9990283253e+02
-1.3716289716e+02, -2.0069731272e+02
-1.3537184191e+02, -2.0147944250e+02
-1.3358249655e+02, -2.0224932779e+02
-1.3179482108e+02, -2.0300707161e+02
-1.3000877643e+02, -2.0375277423e+02
-1.2822432451e+02, -2.0448653322e+02
-1.2644142810e+02, -2.0520844352e+02
-1.2466005087e+02, -2.0591859753e+02
-1.2288015732e+02, -2.0661708522e+02
-1.2110171273e+02, -2.0730399413e+02
-1.1932468319e+02, -2.0797940949e+02
-1.1754903553e+02, -2.0864341427e+02
-1.1577473729e+02, -2.0929608926e+02
-1.1400175672e+02, -2.0993751310e+02
-1.1223006272e+02, -2.1056776234e+02
-1.1045962487e+02, -2.1118691152e+02
-1.0869041335e+02, -2.1179503322e+02
-1.0692239895e+02, -2.1239219808e+02
-1.0515555305e+02, -2.1297847488e+02
-1.0338984759e+02, -2.1355393058e+02
-1.0162525504e+02, -2.1411863035e+02
-9.9861748411e+01, -2.1467263763e+02
-9.8099301211e+01, -2.1521601417e+02
-9.6337887441e+01, -2.1574882006e+02
-9.4577481571e+01, -2.1627111378e+02
-9.2818058529e+01, -2.1678295223e+02
-9.1059593683e+01, -2.1728439075e+02
-8.9302062825e+01, -2.1777548321e+02
-8.7545442160e+01, -2.1825628195e+02
-8.5789708288e+01, -2.1872683792e+02
-8.4034838192e+01, -2.1918720061e+02
-8.2280809226e+01, -2.1963741816e+02
-8.0527599102e+01, -2.2007753733e+02
-7.8775185874e+01, -2.2050760356e+02
-7.7023547931e+01, -2.2092766098e+02
-7.5272663983e+01, -2.2133775243e+02
-7.3522513052e+01, -2.2173791953e+02
-7.1773074455e+01, -2.2212820263e+02
-7.0024327801e+01, -2.2250864089e+02
-6.8276252978e+01, -2.2287927227e+02
-6.6528830139e+01, -2.2324013357e+02
-6.4782039700e+01, -2.2359126044e+02
-6.3035862324e+01, -2.2393268740e+02
-6.1290278913e+01, -2.2426444785e+02
-5.9545270603e+01, -2.2458657411e+02
-5.7800818752e+01, -2.2489909741e+02
-5.6056904931e+01, -2.2520204792e+02
-5.4313510917e+01, -2.2549545478e+02
-5.2570618685e+01, -2.2577934607e+02
-5.0828210401e+01, -2.2605374888e+02
-4.9086268411e+01, -2.2631868928e+02
-4.7344775238e+01, -2.2657419236e+02
-4.5603713570e+01, -2.2682028223e+02
-4.3863066258e+01, -2.2705698202e+02
-4.2122816303e+01, -2.2728431392e+02
-4.0382946853e+01, -2.2750229917e+02
-3.8643441198e+01, -2.2771095807e+02
-3.6904282757e+01, -2.2791031002e+02
-3.5165455077e+01, -2.2810037347e+02
-3.3426941825e+01, -2.2828116599e+02
-3.1688726780e+01, -2.2845270423e+02
-2.9950793831e+01, -2.2861500398e+02
-2.8213126966e+01, -2.2876808012e+02
-2.6475710267e+01, -2.2891194667e+02
-2.4738527909e+01, -2.2904661677e+02
-2.3001564147e+01, -2.2917210271e+02
-2.1264803314e+01, -2.2928841590e+02
-1.9528229817e+01, -2.2939556692e+02
-1.7791828127e+01, -2.2949356550e+02
-1.6055582776e+01, -2.2958242052e+02
-1.4319478351e+01, -2.2966214002e+02
-1.2583499488e+01, -2.2973273121e+02
-1.0847630870e+01, -2.2979420046e+02
-9.1118572143e+00, -2.2984655333e+02
-7.3761632742e+00, -2.2988979454e+02
-5.6405338302e+00, -2.2992392798e+02
-3.9049536851e+00, -2.2994895673e+02
-2.1694076591e+00, -2.2996488304e+02
-4.3388058434e-01, -2.2997170834e+02
+1.3016427005e+00, -2.2996943326e+02
+3.0371773554e+00, -2.2995805758e+02
+4.7727385443e+00, -2.2993758028e+02
+6.5083414405e+00, -2.2990799952e+02
+8.2440012316e+00, -2.2986931263e+02
+9.9797331254e+00, -2.2982151613e+02
+1.1715552355e+01, -2.2976460571e+02
+1.3451474183e+01, -2.2969857623e+02
+1.5187513909e+01, -2.2962342174e+02
+1.6923686873e+01, -2.2953913543e+02
+1.8660008464e+01, -2.2944570969e+02
+2.0396494121e+01, -2.2934313605e+02
+2.2133159341e+01, -2.2923140522e+02
+2.3870019684e+01, -2.2911050703e+02
+2.5607090782e+01, -2.2898043049e+02
+2.7344388337e+01, -2.2884116376e+02
+2.9081928135e+01, -2.2869269411e+02
+3.0819726047e+01, -2.2853500797e+02
+3.2557798036e+01, -2.2836809089e+02
+3.4296160164e+01, -2.2819192753e+02
+3.6034828595e+01, -2.2800650169e+02
+3.7773819607e+01, -2.2781179624e+02
+3.9513149591e+01, -2.2760779318e+02
+4.1252835062e+01, -2.2739447358e+02
+4.2992892667e+01, -2.2717181761e+02
+4.4733339186e+01, -2.2693980448e+02
+4.6474191541e+01, -2.2669841248e+02
+4.8215466808e+01, -2.2644761896e+02
+4.9957182215e+01, -2.2618740029e+02
+5.1699355157e+01, -2.2591773188e+02
+5.3442003197e+01, -2.2563858815e+02
+5.5185144079e+01, -2.2534994252e+02
+5.6928795731e+01, -2.2505176742e+02
+5.8672976277e+01, -2.2474403422e+02
+6.0417704041e+01, -2.2442671328e+02
+6.2162997557e+01, -2.2409977389e+02
+6.3908875578e+01, -2.2376318430e+02
+6.5655357084e+01, -2.2341691163e+02
+6.7402461291e+01, -2.2306092193e+02
+6.9150207657e+01, -2.2269518011e+02
+7.0898615899e+01, -2.2231964996e+02
+7.2647705992e+01, -2.2193429410e+02
+7.4397498190e+01, -2.2153907398e+02
+7.6148013026e+01, -2.2113394982e+02
+7.7899271330e+01, -2.2071888066e+02
+7.9651294234e+01, -2.2029382428e+02
+8.1404103188e+01, -2.1985873718e+02
+8.3157719969e+01, -2.1941357458e+02
+8.4912166692e+01, -2.1895829039e+02
+8.6667465822e+01, -2.1849283716e+02
+8.8423640190e+01, -2.1801716608e+02
+9.0180713002e+01, -2.1753122693e+02
+9.1938707855e+01, -2.1703496808e+02
+9.3697648747e+01, -2.1652833642e+02
+9.5457560096e+01, -2.1601127735e+02
+9.7218466754e+01, -2.1548373476e+02
+9.8980394018e+01, -2.1494565095e+02
+1.0074336765e+02, -2.1439696666e+02
+1.0250741390e+02, -2.1383762095e+02
+1.0427255950e+02, -2.1326755126e+02
+1.0603883171e+02, -2.1268669326e+02
+1.0780625831e+02, -2.1209498092e+02
+1.0957486766e+02, -2.1149234635e+02
+1.1134468865e+02, -2.1087871986e+02
+1.1311575081e+02, -2.1025402984e+02
+1.1488808425e+02, -2.0961820274e+02
+1.1666171974e+02, -2.0897116303e+02
+1.1843668867e+02, -2.0831283310e+02
+1.2021302317e+02, -2.0764313326e+02
+1.2199075604e+02, -2.0696198164e+02
+1.2376992082e+02, -2.0626929414e+02
+1.2555055183e+02, -2.0556498438e+02
+1.2733268416e+02, -2.0484896362e+02
+1.2911635372e+02, -2.0412114069e+02
+1.3090159730e+02, -2.0338142191e+02
+1.3268845254e+02, -2.0262971105e+02
+1.3447695802e+02, -2.0186590920e+02
+1.3626715326e+02, -2.0108991472e+02
+1.3805907877e+02, -2.0030162316e+02
+1.3985277609e+02, -1.9950092713e+02
+1.4164828784e+02, -1.9868771624e+02
+1.4344565775e+02, -1.9786187699e+02
+1.4524493068e+02, -1.9702329268e+02
+1.4704615271e+02, -1.9617184326e+02
+1.4884937119e+02, -1.9530740527e+02
+1.5065463475e+02, -1.9442985168e+02
+1.5246199337e+02, -1.9353905177e+02
+1.5427149846e+02, -1.9263487102e+02
+1.5608320290e+02, -1.9171717095e+02
+1.5789716111e+02, -1.9078580898e+02
+1.5971342910e+02, -1.8984063829e+02
+1.6153206456e+02, -1.8888150762e+02
+1.6335312692e+02, -1.8790826115e+02
+1.6517667744e+02, -1.8692073829e+02
+1.6700277928e+02, -1.8591877350e+02
+1.6883149758e+02, -1.8490219610e+02
+1.7066289959e+02, -1.8387083004e+02
+1.7249705471e+02, -1.8282449369e+02
+1.7433403464e+02, -1.8176299960e+02
+1.7617391346e+02, -1.8068615429e+02
+1.7801676776e+02, -1.7959375793e+02
+1.7986267676e+02, -1.7848560409e+02
+1.8171172241e+02, -1.7736147947e+02
+1.8356398960e+02, -1.7622116352e+02
+1.8541956621e+02, -1.7506442821e+02
+1.8727854337e+02, -1.7389103759e+02
+1.8914101552e+02, -1.7270074745e+02
+1.9100708067e+02, -1.7149330494e+02
+1.9287684055e+02, -1.7026844811e+02
+1.9475040083e+02, -1.6902590549e+02
+1.9662787131e+02, -1.6776539561e+02
+1.9850936619e+02, -1.6648662644e+02
+2.0039500429e+02, -1.6518929489e+02
+2.0228490930e+02, -1.6387308622e+02
+2.0417921014e+02, -1.6253767337e+02
+2.0607804116e+02, -1.6118271630e+02
+2.0798154258e+02, -1.5980786131e+02
+2.0988986077e+02, -1.5841274016e+02
+2.1180314867e+02, -1.5699696932e+02
+2.1372156620e+02, -1.5556014904e+02
+2.1564528070e+02, -1.5410186231e+02
+2.1757446746e+02, -1.5262167389e+02
+2.1950931019e+02, -1.5111912910e+02
+2.2145000167e+02, -1.4959375258e+02
+2.2339674431e+02, -1.4804504699e+02
+2.2534975089e+02, -1.4647249147e+02
+2.2730924526e+02, -1.4487554007e+02
+2.2927546323e+02, -1.4325362002e+02
+2.3124865341e+02, -1.4160612977e+02
+2.3322907824e+02, -1.3993243695e+02
+2.3521701503e+02, -1.3823187600e+02
+2.3721275725e+02, -1.3650374568e+02
+2.3921661578e+02, -1.3474730629e+02
+2.4122892043e+02, -1.3296177654e+02
+2.4325002157e+02, -1.3114633012e+02
+2.4528029195e+02, -1.2930009197e+02
+2.4732012876e+02, -1.2742213396e+02
+2.4936995593e+02, -1.2551147021e+02
+2.5143022666e+02, -1.2356705176e+02
+2.5350142635e+02, -1.2158776066e+02
+2.5558407589e+02, -1.1957240319e+02
+2.5767873535e+02, -1.1751970231e+02
+2.5978600826e+02, -1.1542828904e+02
+2.6190654643e+02, -1.1329669257e+02
+2.6404105555e+02, -1.1112332904e+02
+2.6619030160e+02, -1.0890648859e+02
+2.6835511831e+02, -1.0664432037e+02
+2.7053641586e+02, -1.0433481519e+02
+2.7273519103e+02, -1.0197578521e+02
+2.7495253925e+02, -9.9564840133e+01
+2.7718966876e+02, -9.7099358992e+01
+2.7944791767e+02, -9.4576456667e+01
+2.8172877437e+02, -9.1992943673e+01
+2.8403390235e+02, -8.9345277577e+01
+2.8636517060e+02, -8.6629503756e+01
+2.8872469108e+02, -8.3841182449e+01
+2.9111486570e+02, -8.0975297968e+01
+2.9353844553e+02, -7.8026144353e+01
+2.9599860684e+02, -7.4987179448e+01
+2.9849904985e+02, -7.1850835883e+01
+3.4384175478e+02, +1.1835752518e+02
+3.4725186622e+02, +1.1627436032e+02
+3.0629001553e+02, -6.1760616567e+01
+4.3505963201e+02, +7.9614791636e+01
+4.3063912119e+02, +8.0711015923e+01
+3.1466657701e+02, -5.0348257434e+01
+3.6531929784e+02, +1.0594013847e+02
+3.6914584959e+02, +1.0392422862e+02
+3.7304413009e+02, +1.0193867974e+02
+3.7701307418e+02, +9.9989699807e+01
+3.8105097420e+02, +9.8083462751e+01
+3.8515601815e+02, +9.6225871502e+01
+3.8933028502e+02, +9.4422295404e+01
+3.1466657701e+02, -5.0348257434e+01
+3.8723359368e+02, +9.5317078683e+01
+3.8309501172e+02, +9.7148312066e+01
+3.7501970243e+02, +1.0095930866e+02
           NaN, -7.7606863000e+02
           NaN, -8.0421902119e+02
           NaN, -8.3140381725e+02
           NaN, -8.5765155056e+02
           NaN, -8.8298920558e+02
           NaN, -9.0744260605e+02
           NaN, -9.3103669743e+02
           NaN, -9.5379575384e+02
           NaN, -9.7574352328e+02
           NaN, -9.9690332922e+02
           NaN, -1.0172981404e+03
           NaN, -1.0369506090e+03
           NaN, -1.0558830956e+03
           NaN, -1.0741176767e+03
           NaN, -1.0916761428e+03
           NaN, -1.1085799878e+03
           NaN, -1.1248503965e+03
           NaN, -1.1405082245e+03
           NaN, -1.1555739835e+03
           NaN, -1.1700678177e+03
           NaN, -1.1840094890e+03
           NaN, -1.1974183538e+03
           NaN, -1.2103133538e+03
           NaN, -1.2227129939e+03
           NaN, -1.2346353343e+03
           NaN, -1.2460979780e+03
           NaN, -1.2571180627e+03
           NaN, -1.2677122537e+03
+2.5519933307e+02, +1.7680344467e+02
+2.5287173175e+02, +1.7826374073e+02
+2.5055785103e+02, +1.7970542731e+02
+2.4825718981e+02, +1.8112873183e+02
+2.4596927177e+02, +1.8253387951e+02
+2.4369364386e+02, +1.8392109296e+02
+2.4142987484e+02, +1.8529059190e+02
+2.3917755396e+02, +1.8664259287e+02
+2.3693628974e+02, +1.8797730901e+02
+2.3470570879e+02, +1.8929494996e+02
+2.3248545478e+02, +1.9059572165e+02
+2.3027518741e+02, +1.9187982628e+02
+2.2807458149e+02, +1.9314746219e+02
+2.2588332609e+02, +1.9439882387e+02
+2.2370112371e+02, +1.9563410190e+02
+2.2152768958e+02, +1.9685348296e+02
+2.1936275087e+02, +1.9805714981e+02
+2.1720604611e+02, +1.9924528137e+02
+2.1505732455e+02, +2.0041805269e+02
+2.1291634557e+02, +2.0157563500e+02
+2.1078287818e+02, +2.0271819579e+02
+2.0865670048e+02, +2.0384589882e+02
+2.0653759919e+02, +2.0495890419e+02
+2.0442536924e+02, +2.0605736840e+02
+2.0231981332e+02, +2.0714144441e+02
+2.0022074152e+02, +2.0821128173e+02
+1.9812797092e+02, +2.0926702643e+02
+1.9604132530e+02, +2.1030882126e+02
+1.9396063475e+02, +2.1133680570e+02
+1.9188573544e+02, +2.1235111600e+02
+6.9341105499e+02, +5.7675330635e+01
           NaN, -1.4578340664e+03
           NaN, -1.4608479497e+03
           NaN, -1.4637569138e+03
+1.8159276057e+02, +2.1722210944e+02
+1.7954947181e+02, +2.1815706585e+02
+1.7751097422e+02, +2.1907921802e+02
+1.7547714317e+02, +2.1998867902e+02
+1.7344785798e+02, +2.2088555930e+02
           NaN, -1.4792312417e+03
           NaN, -1.4815141763e+03
           NaN, -1.4837212380e+03
           NaN, -1.4858553874e+03
           NaN, -1.4879194551e+03
           NaN, -1.4899161477e+03
           NaN, -1.4918480583e+03
           NaN, -1.4937176656e+03
           NaN, -1.4955273405e+03
           NaN, -1.4972793540e+03
           NaN, -1.4989758765e+03
           NaN, -1.5006189872e+03
           NaN, -1.5022106758e+03
           NaN, -1.5037528454e+03
           NaN, -1.5052473174e+03
           NaN, -1.5066958387e+03
           NaN, -1.5081000775e+03
           NaN, -1.5094616337e+03
           NaN, -1.5107820385e+03
           NaN, -1.5120627604e+03
           NaN, -1.5133052021e+03
           NaN, -1.5145107094e+03
           NaN, -1.5156805730e+03
           NaN, -1.5168160289e+03
           NaN, -1.5179182599e+03
           NaN, -1.5189884018e+03
           NaN, -1.5200275434e+03
           NaN, -1.5210367262e+03
           NaN, -1.5220169527e+03
           NaN, -1.5229691819e+03
           NaN, -1.5238943355e+03
           NaN, -1.5247932966e+03
           NaN, -1.5256669138e+03
           NaN, -1.5265160006e+03
           NaN, -1.5273413385e+03
           NaN, -1.5281436800e+03
           NaN, -1.5289237437e+03
           NaN, -1.5296822241e+03
           NaN, -1.5304197892e+03
           NaN, -1.5311370750e+03
           NaN, -1.5318347001e+03
           NaN, -1.5325132567e+03
           NaN, -1.5331733136e+03
           NaN, -1.5338154203e+03
           NaN, -1.5344401024e+03
           NaN, -1.5350478724e+03
           NaN, -1.5356392169e+03
           NaN, -1.5362146094e+03
           NaN, -1.5367745035e+03
           NaN, -1.5373193398e+03
           NaN, -1.5378495394e+03
           NaN, -1.5383655119e+03
           NaN, -1.5388676526e+03
           NaN, -1.5393563412e+03
           NaN, -1.5398319445e+03
           NaN, -1.5402948188e+03
           NaN, -1.5407453096e+03
           NaN, -1.5411837463e+03
           NaN, -1.5416104525e+03
           NaN, -1.5420257398e+03
           NaN, -1.5424299093e+03
           NaN, -1.5428232529e+03
           NaN, -1.5432060542e+03
           NaN, -1.5435785887e+03
           NaN, -1.5439411213e+03
           NaN, -1.5442939123e+03
           NaN, -1.5446372118e+03
           NaN, -1.5449712652e+03
           NaN, -1.5452963077e+03
           NaN, -1.5456125727e+03
