-4.5551650692e+02, +8.3636942624e+01
-4.4867046134e+02, -5.9914117458e-01
-4.5403883506e+02, -5.8561337541e-01
-4.5929187493e+02, -5.7363928202e-01
-4.6444235542e+02, -5.6294327940e-01
-4.6950086180e+02, -5.5331409414e-01
-4.7447628504e+02, -5.4458660250e-01
-4.7937618090e+02, -5.3662957275e-01
-4.8420703630e+02, -5.2933717707e-01
-4.8897447073e+02, -5.2262297276e-01
-4.9368339116e+02, -5.1641554450e-01
-4.9833811293e+02, -5.1065529058e-01
-5.1410807801e+02, +7.0919138349e+01
-5.1648546905e+02, -4.9118747320e-01
-4.8897447073e+02, -5.2262297276e-01
-5.0749981844e+02, -5.0028308768e-01
-5.1648546905e+02, -4.9118747320e-01
-5.2091896248e+02, -4.8704214591e-01
-5.2531596467e+02, -4.8313232898e-01
-5.2967851404e+02, -4.7943722337e-01
-5.3400847207e+02, -4.7593851293e-01
-5.3830754404e+02, -4.7261999483e-01
-5.4257729679e+02, -4.6946727519e-01
-5.4681917389e+02, -4.6646751684e-01
-5.5103450884e+02, -4.6360922880e-01
-5.5522453638e+02, -4.6088208972e-01
-5.5939040241e+02, -4.5827679878e-01
-5.6353317271e+02, -4.5578494933e-01
-5.7175333298e+02, -4.5111178805e-01
-5.9595060308e+02, -4.3914747910e-01
-5.6765384045e+02, -4.5339892112e-01
-5.7926017610e+02, +6.1960218804e+01
-5.7989220727e+02, -4.4680950853e-01
-5.8393316445e+02, -4.4478331906e-01
-5.8795610609e+02, -4.4283382765e-01
-5.9196170696e+02, -4.4095658166e-01
-5.9595060308e+02, -4.3914747910e-01
-5.9992339478e+02, -4.3740273389e-01
-6.0388064933e+02, -4.3571884526e-01
-6.0782290351e+02, -4.3409257068e-01
-6.1175066575e+02, -4.3252090193e-01
-6.1566441821e+02, -4.3100104375e-01
-6.1956461861e+02, -4.2953039488e-01
-6.2732608176e+02, -4.2672718997e-01
-6.4652059161e+02, -4.2042886687e-01
-6.2282510687e+02, +5.9396844248e+01
-6.3458838495e+02, +6.3260909972e+01
-6.3503828833e+02, -4.2409375538e-01
-6.3887684837e+02, -4.2283583066e-01
-6.4270417398e+02, -4.2161474517e-01
-6.4652059161e+02, -4.2042886687e-01
-6.5032641339e+02, -4.1927666156e-01
-6.5412193794e+02, -4.1815668555e-01
-6.5790745117e+02, -4.1706757889e-01
-6.6168322704e+02, -4.1600805926e-01
-6.6544952820e+02, -4.1497691638e-01
-6.6920660666e+02, -4.1397300691e-01
-6.7295470432e+02, -4.1299524980e-01
-6.7669405357e+02, -4.1204262196e-01
-6.8677297196e+02, +5.9203528885e+01
-6.9156830793e+02, -4.0846476076e-01
-6.6179046514e+02, +4.4698721355e+01
-6.8414739171e+02, -4.1020892858e-01
-6.9437662295e+02, +5.7278656870e+01
-6.9526710089e+02, -4.0762420551e-01
-6.9895836572e+02, -4.0680366005e-01
-7.0264228056e+02, -4.0600241338e-01
-7.0631901724e+02, -4.0521978856e-01
-7.0998874162e+02, -4.0445514065e-01
-7.1365161386e+02, -4.0370785480e-01
-7.1730778864e+02, -4.0297734452e-01
-7.2095741547e+02, -4.0226304998e-01
-7.2460063892e+02, -4.0156443650e-01
-7.2823759878e+02, -4.0088099314e-01
-7.3186843034e+02, -4.0021223137e-01
-7.3549326454e+02, -3.9955768380e-01
-7.3911222820e+02, -3.9891690307e-01
-7.4272544415e+02, -3.9828946072e-01
-7.4384038389e+02, +5.8667745354e+01
-7.5353177800e+02, -3.9648314282e-01
-7.6786657789e+02, -3.9423838739e-01
-7.3911222820e+02, -3.9891690307e-01
-7.5353177800e+02, -3.9648314282e-01
-7.6459914894e+02, +6.0634819599e+01
-7.6429045694e+02, -3.9478306391e-01
-7.6786657789e+02, -3.9423838739e-01
-7.7143780925e+02, -3.9370419452e-01
-7.7500424471e+02, -3.9318018866e-01
-7.7856597531e+02, -3.9266608443e-01
-7.8212308953e+02, -3.9216160714e-01
-7.8567567346e+02, -3.9166649232e-01
-7.8922381078e+02, -3.9118048521e-01
-7.9276758294e+02, -3.9070334036e-01
-7.9630706919e+02, -3.9023482115e-01
-7.9984234669e+02, -3.8977469940e-01
-8.0337349055e+02, -3.8932275503e-01
-8.0690057392e+02, -3.8887877565e-01
-8.1042366807e+02, -3.8844255626e-01
-8.1394284245e+02, -3.8801389890e-01
-8.1745816472e+02, -3.8759261234e-01
-8.2096970086e+02, -3.8717851184e-01
-8.2447751520e+02, -3.8677141881e-01
-8.2798167046e+02, -3.8637116060e-01
-8.3733773022e+02, +5.4347656345e+01
-8.3847278637e+02, -3.8520975208e-01
-8.4893308686e+02, -3.8410416038e-01
-7.9276758294e+02, -3.9070334036e-01
-8.3497924706e+02, -3.8559048617e-01
-8.4196290264e+02, -3.8483521666e-01
-8.4246294269e+02, +5.6101180932e+01
-8.5241326197e+02, -3.8374736016e-01
-8.5589022844e+02, -3.8339619952e-01
-8.5936403682e+02, -3.8305054933e-01
-8.6283473649e+02, -3.8271028442e-01
-8.6630237570e+02, -3.8237528337e-01
-8.6976700163e+02, -3.8204542843e-01
-8.7322866042e+02, -3.8172060532e-01
-8.7668739717e+02, -3.8140070317e-01
-8.8014325599e+02, -3.8108561433e-01
-8.8359628004e+02, -3.8077523427e-01
-8.8704651155e+02, -3.8046946151e-01
-8.9049399182e+02, -3.8016819743e-01
-8.9393876130e+02, -3.7987134625e-01
-8.9738085955e+02, -3.7957881487e-01
-9.0082032533e+02, -3.7929051278e-01
-9.0425719657e+02, -3.7900635202e-01
-9.0769151042e+02, -3.7872624704e-01
-9.1112330327e+02, -3.7845011461e-01
-9.1455261076e+02, -3.7817787380e-01
-9.1797946780e+02, -3.7790944583e-01
-9.2140390861e+02, -3.7764475406e-01
-9.2482596672e+02, -3.7738372388e-01
-9.2824567498e+02, -3.7712628264e-01
-9.3166306561e+02, -3.7687235960e-01
-9.3507817019e+02, -3.7662188589e-01
-9.3849101968e+02, -3.7637479438e-01
-9.4190164444e+02, -3.7613101971e-01
-9.4307364617e+02, +5.2449337679e+01
-9.5411049165e+02, +5.2323522151e+01
-9.5552248321e+02, -3.7518783911e-01
-9.6024746857e+02, +5.4941919544e+01
-9.6911000911e+02, -3.7429291017e-01
-1.0029438506e+03, -3.7224473284e-01
-9.4190164444e+02, -3.7613101971e-01
-9.5892241976e+02, -3.7495972453e-01
-9.6571615639e+02, -3.7451231414e-01
-9.6911000911e+02, -3.7429291017e-01
-9.7005523147e+02, +5.2618716941e+01
-9.8198642132e+02, +5.1976925506e+01
-9.8266590784e+02, -3.7344276766e-01
-9.8605012675e+02, -3.7323685509e-01
-9.8943249075e+02, -3.7303349767e-01
-9.9281302278e+02, -3.7283265029e-01
-9.9619174539e+02, -3.7263426889e-01
-9.9956868075e+02, -3.7243831042e-01
-1.0029438506e+03, -3.7224473284e-01
-1.0063172764e+03, -3.7205349504e-01
-1.0096889791e+03, -3.7186455686e-01
-1.0130589795e+03, -3.7167787906e-01
-1.0164272977e+03, -3.7149342326e-01
-1.0197939538e+03, -3.7131115194e-01
-1.0231589675e+03, -3.7113102841e-01
-1.0265223580e+03, -3.7095301680e-01
-1.0298841443e+03, -3.7077708203e-01
-1.0332443451e+03, -3.7060318977e-01
-1.0366029787e+03, -3.7043130644e-01
-1.0399600633e+03, -3.7026139920e-01
-1.0433156165e+03, -3.7009343588e-01
-1.0466696558e+03, -3.6992738504e-01
-1.0500221986e+03, -3.6976321588e-01
-1.0533732615e+03, -3.6960089825e-01
-1.0567228615e+03, -3.6944040265e-01
-1.0600710147e+03, -3.6928170019e-01
-1.0634177373e+03, -3.6912476256e-01
-1.0667630452e+03, -3.6896956207e-01
-1.0701069541e+03, -3.6881607157e-01
-1.0734494792e+03, -3.6866426448e-01
-1.0767906358e+03, -3.6851411477e-01
-1.0801304388e+03, -3.6836559691e-01
-1.0834689028e+03, -3.6821868592e-01
-1.0868060422e+03, -3.6807335728e-01
-1.0901418714e+03, -3.6792958699e-01
-1.0934764043e+03, -3.6778735153e-01
-1.0968096548e+03, -3.6764662781e-01
-1.1001416364e+03, -3.6750739323e-01
-1.1034723626e+03, -3.6736962561e-01
-1.1068018465e+03, -3.6723330322e-01
-1.1101301011e+03, -3.6709840472e-01
-1.1134571393e+03, -3.6696490923e-01
-1.1167829737e+03, -3.6683279622e-01
-1.1201076167e+03, -3.6670204558e-01
-1.1234310806e+03, -3.6657263757e-01
-1.1267533775e+03, -3.6644455285e-01
-1.1300745192e+03, -3.6631777240e-01
-1.1333945175e+03, -3.6619227760e-01
-1.1336347272e+03, +5.0930659444e+01
-1.1542896032e+03, +5.6789744455e+01
-1.1466633060e+03, -3.6570279398e-01
-1.1499777577e+03, -3.6558345967e-01
-1.1532911331e+03, -3.6546530618e-01
-1.1566034427e+03, -3.6534831715e-01
-1.1632249065e+03, -3.6511776847e-01
-1.1668921732e+03, +5.2352469913e+01
-1.1764554970e+03, -3.6466995640e-01
-1.1929714078e+03, -3.6413389392e-01
-1.1400311302e+03, -3.6594507208e-01
-1.1599146971e+03, -3.6523247651e-01
-1.1667151704e+03, +5.1898410587e+01
-1.1731493666e+03, -3.6478028631e-01
-1.1811130504e+03, +5.0923485330e+01
-1.1830647813e+03, -3.6445245579e-01
-1.1863679542e+03, -3.6434525698e-01
-1.1896701600e+03, -3.6423907418e-01
-1.1929714078e+03, -3.6413389392e-01
-1.1824245171e+03, +5.9014760439e+01
-1.2070419369e+03, +5.0690163620e+01
-1.2025474418e+03, +4.8933673359e+01
-1.2094635893e+03, -3.6362257595e-01
-1.2127592749e+03, -3.6352314111e-01
-1.2160540632e+03, -3.6342462086e-01
-1.2193479626e+03, -3.6332700348e-01
-1.2226409812e+03, -3.6323027743e-01
-1.2259331269e+03, -3.6313443137e-01
-1.2292244078e+03, -3.6303945414e-01
-1.2325148317e+03, -3.6294533476e-01
-1.2358044062e+03, -3.6285206245e-01
-1.2390931390e+03, -3.6275962659e-01
-1.2423810377e+03, -3.6266801673e-01
-1.2456681097e+03, -3.6257722260e-01
-1.2489543623e+03, -3.6248723408e-01
-1.2522398028e+03, -3.6239804124e-01
-1.2555244384e+03, -3.6230963429e-01
-1.2588082761e+03, -3.6222200359e-01
-1.2620913229e+03, -3.6213513967e-01
-1.2653735858e+03, -3.6204903319e-01
-1.2686550715e+03, -3.6196367499e-01
-1.2719357869e+03, -3.6187905601e-01
-1.2752157385e+03, -3.6179516737e-01
-1.2784949330e+03, -3.6171200030e-01
-1.2817733769e+03, -3.6162954619e-01
-1.2850510765e+03, -3.6154779655e-01
-1.2883280382e+03, -3.6146674303e-01
-1.2916042683e+03, -3.6138637739e-01
-1.2948797730e+03, -3.6130669153e-01
-1.2981545585e+03, -3.6122767748e-01
-1.3014286307e+03, -3.6114932738e-01
-1.3047019957e+03, -3.6107163348e-01
-1.3079746593e+03, -3.6099458816e-01
-1.3112466275e+03, -3.6091818393e-01
-1.3145179060e+03, -3.6084241338e-01
-1.3177885004e+03, -3.6076726923e-01
-1.3210584166e+03, -3.6069274430e-01
-1.3243276599e+03, -3.6061883153e-01
-1.3275962360e+03, -3.6054552394e-01
-1.3308641503e+03, -3.6047281467e-01
-1.3341314082e+03, -3.6040069697e-01
-1.3373980151e+03, -3.6032916416e-01
-1.3406639761e+03, -3.6025820968e-01
-1.3439292966e+03, -3.6018782706e-01
-1.3471939816e+03, -3.6011800992e-01
-1.3504580363e+03, -3.6004875197e-01
-1.3537214657e+03, -3.5998004703e-01
-1.3569842748e+03, -3.5991188897e-01
-1.3602464685e+03, -3.5984427178e-01
-1.3635080517e+03, -3.5977718953e-01
-1.3667690292e+03, -3.5971063636e-01
-1.3700294058e+03, -3.5964460652e-01
-1.3732891862e+03, -3.5957909430e-01
-1.3765483751e+03, -3.5951409410e-01
-1.3798069771e+03, -3.5944960040e-01
-1.3830649968e+03, -3.5938560773e-01
-1.3863224386e+03, -3.5932211074e-01
-1.3895793071e+03, -3.5925910411e-01
-1.3928356066e+03, -3.5919658261e-01
-1.3960913416e+03, -3.5913454109e-01
-1.3993465163e+03, -3.5907297447e-01
-1.4026011351e+03, -3.5901187772e-01
-1.4058552022e+03, -3.5895124590e-01
-1.4091087218e+03, -3.5889107413e-01
-1.4123616979e+03, -3.5883135758e-01
-1.4156141349e+03, -3.5877209152e-01
-1.4188660366e+03, -3.5871327125e-01
-1.4221174071e+03, -3.5865489215e-01
-1.4253682504e+03, -3.5859694967e-01
-1.4286185705e+03, -3.5853943929e-01
-1.4318683711e+03, -3.5848235657e-01
-1.4351176563e+03, -3.5842569714e-01
-1.4383664297e+03, -3.5836945667e-01
-1.4416146953e+03, -3.5831363090e-01
-1.4448624566e+03, -3.5825821560e-01
-1.4481097175e+03, -3.5820320662e-01
-1.4513564816e+03, -3.5814859987e-01
-1.4546027524e+03, -3.5809439128e-01
-1.4578485337e+03, -3.5804057687e-01
-1.4610938289e+03, -3.5798715269e-01
-1.4643386416e+03, -3.5793411484e-01
-1.4675829753e+03, -3.5788145948e-01
-1.4708268334e+03, -3.5782918281e-01
-1.4740702193e+03, -3.5777728109e-01
-1.4773131365e+03, -3.5772575062e-01
-1.4805555882e+03, -3.5767458774e-01
-1.4837975777e+03, -3.5762378886e-01
-1.4870391084e+03, -3.5757335040e-01
-1.4902801836e+03, -3.5752326885e-01
-1.4935208063e+03, -3.5747354074e-01
-1.4967609799e+03, -3.5742416265e-01
-1.5000007075e+03, -3.5737513118e-01
-1.5032399921e+03, -3.5732644299e-01
-1.5064788370e+03, -3.5727809478e-01
-1.5097172451e+03, -3.5723008329e-01
-1.5129552195e+03, -3.5718240530e-01
-1.5161927633e+03, -3.5713505762e-01
-1.5194298793e+03, -3.5708803712e-01
-1.5226665706e+03, -3.5704134068e-01
-1.5259028400e+03, -3.5699496525e-01
-1.5291386905e+03, -3.5694890779e-01
-1.5323741249e+03, -3.5690316531e-01
-1.5356091462e+03, -3.5685773485e-01
-1.5388437570e+03, -3.5681261349e-01
-1.5420779601e+03, -3.5676779835e-01
-1.5453117584e+03, -3.5672328658e-01
-1.5485451546e+03, -3.5667907535e-01
-1.5517781514e+03, -3.5663516189e-01
-1.5550107515e+03, -3.5659154344e-01
-1.5582429575e+03, -3.5654821729e-01
-1.5614747720e+03, -3.5650518074e-01
-1.5647061978e+03, -3.5646243116e-01
-1.5679372373e+03, -3.5641996590e-01
-1.5711678932e+03, -3.5637778239e-01
-1.5743981680e+03, -3.5633587805e-01
-1.5776280642e+03, -3.5629425036e-01
-1.5808575842e+03, -3.5625289681e-01
-1.5840867307e+03, -3.5621181494e-01
-1.5873155060e+03, -3.5617100229e-01
-1.5905439125e+03, -3.5613045644e-01
-1.5937719527e+03, -3.5609017501e-01
-1.5969996289e+03, -3.5605015565e-01
-1.6002269436e+03, -3.5601039600e-01
-1.6065147375e+03, +4.7363998273e+01
-1.6002269436e+03, -3.5601039600e-01
-1.6066804975e+03, -3.5593164666e-01
-1.6099067414e+03, -3.5589265244e-01
-1.6082082494e+03, +4.9728549014e+01
-1.5845635448e+03, +6.2518573159e+01
-1.6411142903e+03, +5.1533435691e+01
-1.6345867849e+03, +4.9349156374e+01
-1.6357041959e+03, -3.5558953975e-01
-1.6324807085e+03, -3.5562658918e-01
-1.6389273486e+03, -3.5555272400e-01
-1.6421501686e+03, -3.5551613991e-01
-1.6453726580e+03, -3.5547978549e-01
-1.6485948189e+03, -3.5544365878e-01
-1.6518166534e+03, -3.5540775781e-01
-1.6550381634e+03, -3.5537208067e-01
-1.6582593510e+03, -3.5533662544e-01
-1.6614802183e+03, -3.5530139024e-01
-1.6647007671e+03, -3.5526637320e-01
-1.6679209995e+03, -3.5523157248e-01
-1.6711409174e+03, -3.5519698624e-01
-1.6743605228e+03, -3.5516261269e-01
-1.6775798175e+03, -3.5512845004e-01
-1.6750242468e+03, +5.0933949802e+01
-1.6901780945e+03, +4.9574593528e+01
-1.6904539280e+03, -3.5499387332e-01
-1.6936716979e+03, -3.5496073900e-01
-1.6968891682e+03, -3.5492780526e-01
-1.7001063410e+03, -3.5489507043e-01
-1.7013873159e+03, +4.9738644286e+01
-1.7097560913e+03, -3.5479804310e-01
-1.7129720914e+03, -3.5476608769e-01
-1.7156733300e+03, +4.9160451963e+01
-1.7226183655e+03, -3.5467136053e-01
-1.7254308749e+03, +4.9374897062e+01
-1.7322620866e+03, -3.5457830983e-01
-1.7386898378e+03, -3.5451718744e-01
-1.7461330559e+03, +4.9927029744e+01
-1.7567832164e+03, +4.9119323587e+01
-1.7708123241e+03, -3.5422208376e-01
-1.7997002973e+03, -3.5397065992e-01
-1.8862481067e+03, -3.5328802051e-01
-1.6389273486e+03, -3.5555272400e-01
-1.6872358569e+03, -3.5502720987e-01
-1.7065398008e+03, -3.5483019097e-01
-1.7194032268e+03, -3.5470274795e-01
-1.7290477938e+03, -3.5460914297e-01
-1.7354761007e+03, -3.5454765848e-01
-1.7419032995e+03, -3.5448689529e-01
-1.7489775119e+03, +4.9434768683e+01
-1.7515420483e+03, -3.5439707782e-01
-1.7602132255e+03, +5.1049813579e+01
-1.7611783759e+03, -3.5430881956e-01
-1.7643899543e+03, -3.5427974025e-01
-1.7654903060e+03, +4.9695983916e+01
-1.7753409087e+03, +4.9110178014e+01
-1.7772336547e+03, -3.5416508805e-01
-1.7804439340e+03, -3.5413683476e-01
-1.7836539579e+03, -3.5410874283e-01
-1.7868637279e+03, -3.5408081099e-01
-1.7900732454e+03, -3.5405303801e-01
-1.7908464680e+03, +4.9148052708e+01
-1.8147395716e+03, +7.1668411914e+01
-1.8061170956e+03, -3.5391651321e-01
-1.8061170956e+03, -3.5391651321e-01
-1.8093251280e+03, -3.5388966792e-01
-1.8125329178e+03, -3.5386297312e-01
-1.8157404662e+03, -3.5383642765e-01
-1.8189477747e+03, -3.5381003039e-01
-1.8221548445e+03, -3.5378378020e-01
-1.8253616771e+03, -3.5375767598e-01
-1.8285682737e+03, -3.5373171661e-01
-1.8317746357e+03, -3.5370590101e-01
-1.8349807643e+03, -3.5368022808e-01
-1.8381866608e+03, -3.5365469676e-01
-1.8413923265e+03, -3.5362930599e-01
-1.8445977627e+03, -3.5360405470e-01
-1.8478029706e+03, -3.5357894187e-01
-1.8510079515e+03, -3.5355396645e-01
-1.8542127066e+03, -3.5352912742e-01
-1.8574172372e+03, -3.5350442377e-01
-1.8606215445e+03, -3.5347985450e-01
-1.8638256296e+03, -3.5345541861e-01
-1.8702331384e+03, -3.5340694304e-01
-1.8650573805e+03, +4.7769413467e+01
-1.8702331384e+03, -3.5340694304e-01
-1.8734365644e+03, -3.5338290143e-01
-1.8734365644e+03, -3.5338290143e-01
-1.8728616509e+03, +4.9342326438e+01
-1.8609425205e+03, +5.2448334130e+01
-1.9724386718e+03, +9.0000224288e+01
-1.9127240395e+03, +5.0173048741e+01
-1.9079228166e+03, +4.9043338934e+01
-1.9086601591e+03, -3.5312678622e-01
-1.9086601591e+03, -3.5312678622e-01
-1.9118610523e+03, -3.5310423789e-01
-1.9150617417e+03, -3.5308180825e-01
-1.9182622283e+03, -3.5305949643e-01
-1.9246625975e+03, -3.5301522294e-01
-1.9118610523e+03, -3.5310423789e-01
-1.9208084914e+03, +4.7495862243e+01
-1.9278624821e+03, -3.5299325961e-01
-1.9310621681e+03, -3.5297141079e-01
-1.9342616566e+03, -3.5294967567e-01
-1.9374609486e+03, -3.5292805345e-01
-1.9406600451e+03, -3.5290654334e-01
-1.9438589472e+03, -3.5288514454e-01
-1.9470576557e+03, -3.5286385627e-01
-1.9502561718e+03, -3.5284267776e-01
-1.9534544964e+03, -3.5282160824e-01
-1.9566526305e+03, -3.5280064694e-01
-1.9598505751e+03, -3.5277979312e-01
-1.9630483311e+03, -3.5275904602e-01
-1.9662458995e+03, -3.5273840491e-01
-1.9694432814e+03, -3.5271786904e-01
-1.9726404775e+03, -3.5269743770e-01
-1.9758374889e+03, -3.5267711015e-01
-1.9790343165e+03, -3.5265688568e-01
-1.9822309612e+03, -3.5263676359e-01
-1.9854274241e+03, -3.5261674317e-01
-1.9886237058e+03, -3.5259682372e-01
-1.9918198075e+03, -3.5257700456e-01
-1.9950157300e+03, -3.5255728499e-01
-1.9982114741e+03, -3.5253766434e-01
-2.0014070409e+03, -3.5251814194e-01
-2.0046024311e+03, -3.5249871712e-01
-2.0077976457e+03, -3.5247938921e-01
-2.0109926856e+03, -3.5246015756e-01
-2.0141875515e+03, -3.5244102153e-01
-2.0173822444e+03, -3.5242198046e-01
-2.0205767651e+03, -3.5240303372e-01
-2.0237711145e+03, -3.5238418067e-01
-2.0269652934e+03, -3.5236542069e-01
-2.0301593027e+03, -3.5234675315e-01
-2.0333531432e+03, -3.5232817744e-01
-2.0365468158e+03, -3.5230969294e-01
-2.0397403211e+03, -3.5229129905e-01
-2.0429336602e+03, -3.5227299516e-01
-2.0461268337e+03, -3.5225478067e-01
-2.0493198426e+03, -3.5223665500e-01
-2.0525126875e+03, -3.5221861756e-01
-2.0557053693e+03, -3.5220066777e-01
-2.0588978888e+03, -3.5218280504e-01
-2.0620902468e+03, -3.5216502881e-01
-2.0652824440e+03, -3.5214733851e-01
-2.0684744813e+03, -3.5212973358e-01
-2.0716663594e+03, -3.5211221346e-01
-2.0748580790e+03, -3.5209477759e-01
-2.0780496410e+03, -3.5207742542e-01
-2.0812410460e+03, -3.5206015642e-01
-2.0844322949e+03, -3.5204297004e-01
-2.0876233884e+03, -3.5202586574e-01
-2.0908143271e+03, -3.5200884300e-01
-2.0940051120e+03, -3.5199190129e-01
-2.0971957436e+03, -3.5197504008e-01
-2.1003862228e+03, -3.5195825887e-01
-2.1035765502e+03, -3.5194155712e-01
-2.1067667266e+03, -3.5192493434e-01
-2.1099567526e+03, -3.5190839002e-01
-2.1131466290e+03, -3.5189192366e-01
+3.5929057568e+02, -1.1370877683e+01
+3.5417454834e+02, -1.9717149490e+01
+3.4992560740e+02, -2.6445929483e+01
+3.4612506101e+02, -3.2314584269e+01
+3.4261364395e+02, -3.7615007130e+01
+3.3930960813e+02, -4.2498757459e+01
+3.3616410454e+02, -4.7057359520e+01
+3.3314506872e+02, -5.1351483271e+01
+3.3023005653e+02, -5.5423992057e+01
+3.2740260333e+02, -5.9306609109e+01
+3.2465019064e+02, -6.3023659772e+01
+3.2196302751e+02, -6.6594325296e+01
+3.1933327898e+02, -7.0034076578e+01
+3.1675455551e+02, -7.3355627154e+01
+3.1422156279e+02, -7.6569589897e+01
+3.1172985405e+02, -7.9684943364e+01
+3.0927565036e+02, -8.2709371562e+01
+3.0685570742e+02, -8.5649516978e+01
+3.0446721477e+02, -8.8511172675e+01
+3.0210771826e+02, -9.1299430575e+01
+2.9977505967e+02, -9.4018797650e+01
+2.9746732878e+02, -9.6673288168e+01
+2.9518282514e+02, -9.9266497810e+01
+2.9292002706e+02, -1.0180166386e+02
+2.9067756631e+02, -1.0428171456e+02
+2.8845420723e+02, -1.0670930993e+02
+2.8624882942e+02, -1.0908687586e+02
+2.8406041320e+02, -1.1141663267e+02
+2.8188802736e+02, -1.1370061934e+02
+2.7973081877e+02, -1.1594071413e+02
+2.7758800354e+02, -1.1813865222e+02
+2.7545885936e+02, -1.2029604090e+02
+2.7334271901e+02, -1.2241437271e+02
+2.7123896458e+02, -1.2449503691e+02
+2.6914702259e+02, -1.2653932943e+02
+2.6706635961e+02, -1.2854846167e+02
+2.6499647850e+02, -1.3052356816e+02
+2.6293691501e+02, -1.3246571344e+02
+2.6088723486e+02, -1.3437589806e+02
+2.5884703111e+02, -1.3625506398e+02
+2.5681592178e+02, -1.3810409938e+02
+2.5479354781e+02, -1.3992384292e+02
+2.5277957117e+02, -1.4171508766e+02
+2.5077367319e+02, -1.4347858448e+02
+2.4877555303e+02, -1.4521504525e+02
+2.4678492635e+02, -1.4692514564e+02
+2.4480152407e+02, -1.4860952773e+02
+2.4282509123e+02, -1.5026880230e+02
+2.4085538602e+02, -1.5190355099e+02
+2.3889217883e+02, -1.5351432823e+02
+2.3693525139e+02, -1.5510166303e+02
+2.3498439607e+02, -1.5666606059e+02
+2.3303941510e+02, -1.5820800380e+02
+2.3110011998e+02, -1.5972795460e+02
+2.2916633087e+02, -1.6122635527e+02
+2.2723787603e+02, -1.6270362955e+02
+2.2531459136e+02, -1.6416018379e+02
+2.2339631990e+02, -1.6559640784e+02
+2.2148291141e+02, -1.6701267608e+02
+2.1957422201e+02, -1.6840934819e+02
+2.1767011375e+02, -1.6978676999e+02
+2.1577045435e+02, -1.7114527415e+02
+2.1387511680e+02, -1.7248518093e+02
+2.1198397913e+02, -1.7380679873e+02
+2.1009692413e+02, -1.7511042477e+02
+2.0821383906e+02, -1.7639634562e+02
+2.0633461546e+02, -1.7766483769e+02
+2.0445914887e+02, -1.7891616778e+02
+2.0258733870e+02, -1.8015059349e+02
+2.0071908797e+02, -1.8136836366e+02
+1.9885430316e+02, -1.8256971878e+02
+1.9699289403e+02, -1.8375489138e+02
+1.9513477345e+02, -1.8492410634e+02
+1.9327985731e+02, -1.8607758130e+02
+1.9142806428e+02, -1.8721552691e+02
+1.8957931575e+02, -1.8833814715e+02
+1.8773353571e+02, -1.8944563961e+02
+1.8589065056e+02, -1.9053819578e+02
+1.8405058910e+02, -1.9161600126e+02
+1.8221328232e+02, -1.9267923603e+02
+1.8037866339e+02, -1.9372807464e+02
+1.7854666751e+02, -1.9476268648e+02
+1.7671723187e+02, -1.9578323592e+02
+1.7489029550e+02, -1.9678988253e+02
+1.7306579924e+02, -1.9778278126e+02
+1.7124368568e+02, -1.9876208261e+02
+1.6942389902e+02, -1.9972793282e+02
+1.6760638508e+02, -2.0068047396e+02
+1.6579109118e+02, -2.0161984415e+02
+1.6397796610e+02, -2.0254617764e+02
+1.6216696002e+02, -2.0345960501e+02
+1.6035802448e+02, -2.0436025324e+02
+1.5855111230e+02, -2.0524824585e+02
+1.5674617755e+02, -2.0612370303e+02
+1.5494317549e+02, -2.0698674174e+02
+1.5314206253e+02, -2.0783747581e+02
+1.5134279619e+02, -2.0867601604e+02
+1.4954533505e+02, -2.0950247033e+02
+1.4774963872e+02, -2.1031694372e+02
+1.4595566780e+02, -2.1111953852e+02
+1.4416338384e+02, -2.1191035438e+02
+1.4237274930e+02, -2.1268948835e+02
+1.4058372754e+02, -2.1345703500e+02
+1.3879628275e+02, -2.1421308646e+02
+1.3701037997e+02, -2.1495773251e+02
+1.3522598500e+02, -2.1569106063e+02
+1.3344306444e+02, -2.1641315608e+02
+1.3166158561e+02, -2.1712410197e+02
+1.2988151654e+02, -2.1782397928e+02
+1.2810282596e+02, -2.1851286698e+02
+1.2632548326e+02, -2.1919084202e+02
+1.2454945847e+02, -2.1985797945e+02
+1.2277472224e+02, -2.2051435239e+02
+1.2100124583e+02, -2.2116003217e+02
+1.1922900107e+02, -2.2179508830e+02
+1.1745796035e+02, -2.2241958857e+02
+1.1568809660e+02, -2.2303359904e+02
+1.1391938330e+02, -2.2363718415e+02
+1.1215179439e+02, -2.2423040669e+02
+1.1038530434e+02, -2.2481332789e+02
+1.0861988806e+02, -2.2538600744e+02
+1.0685552096e+02, -2.2594850351e+02
+1.0509217886e+02, -2.2650087281e+02
+1.0332983800e+02, -2.2704317062e+02
+1.0156847508e+02, -2.2757545079e+02
+9.9808067163e+01, -2.2809776582e+02
+9.8048591708e+01, -2.2861016686e+02
+9.6290026556e+01, -2.2911270374e+02
+9.4532349907e+01, -2.2960542499e+02
+9.2775540315e+01, -2.3008837790e+02
+9.1019576674e+01, -2.3056160851e+02
+8.9264438205e+01, -2.3102516166e+02
+8.7510104449e+01, -2.3147908099e+02
+8.5756555256e+01, -2.3192340898e+02
+8.4003770773e+01, -2.3235818696e+02
+8.2251731434e+01, -2.3278345516e+02
+8.0500417954e+01, -2.3319925269e+02
+7.8749811316e+01, -2.3360561758e+02
+7.6999892764e+01, -2.3400258681e+02
+7.5250643794e+01, -2.3439019630e+02
+7.3502046145e+01, -2.3476848096e+02
+7.1754081792e+01, -2.3513747467e+02
+7.0006732936e+01, -2.3549721036e+02
+6.8259981999e+01, -2.3584771992e+02
+6.6513811614e+01, -2.3618903434e+02
+6.4768204617e+01, -2.3652118363e+02
+6.3023144044e+01, -2.3684419687e+02
+6.1278613119e+01, -2.3715810223e+02
+5.9534595250e+01, -2.3746292695e+02
+5.7791074021e+01, -2.3775869742e+02
+5.6048033188e+01, -2.3804543911e+02
+5.4305456669e+01, -2.3832317664e+02
+5.2563328538e+01, -2.3859193376e+02
+5.0821633024e+01, -2.3885173337e+02
+4.9080354499e+01, -2.3910259755e+02
+4.7339477473e+01, -2.3934454753e+02
+4.5598986592e+01, -2.3957760374e+02
+4.3858866630e+01, -2.3980178577e+02
+4.2119102482e+01, -2.4001711246e+02
+4.0379679160e+01, -2.4022360180e+02
+3.8640581789e+01, -2.4042127102e+02
+3.6901795600e+01, -2.4061013659e+02
+3.5163305925e+01, -2.4079021418e+02
+3.3425098191e+01, -2.4096151870e+02
+3.1687157917e+01, -2.4112406431e+02
+2.9949470710e+01, -2.4127786443e+02
+2.8212022256e+01, -2.4142293170e+02
+2.6474798319e+01, -2.4155927804e+02
+2.4737784732e+01, -2.4168691464e+02
+2.3000967399e+01, -2.4180585194e+02
+2.1264332285e+01, -2.4191609967e+02
+1.9527865411e+01, -2.4201766682e+02
+1.7791552853e+01, -2.4211056167e+02
+1.6055380736e+01, -2.4219479179e+02
+1.4319335230e+01, -2.4227036403e+02
+1.2583402543e+01, -2.4233728452e+02
+1.0847568920e+01, -2.4239555870e+02
+9.1118206369e+00, -2.4244519130e+02
+7.3761439956e+00, -2.4248618633e+02
+5.6405253216e+00, -2.4251854711e+02
+3.9049509580e+00, -2.4254227627e+02
+2.1694072621e+00, -2.4255737573e+02
+4.3388060077e-01, -2.4256384671e+02
-1.3016426540e+00, -2.4256168973e+02
-3.0371761289e+00, -2.4255090462e+02
-4.7727334539e+00, -2.4253149051e+02
-6.5083282666e+00, -2.4250344582e+02
-8.2439742162e+00, -2.4246676828e+02
-9.9796849679e+00, -2.4242145493e+02
-1.1715474207e+01, -2.4236750209e+02
-1.3451355645e+01, -2.4230490539e+02
-1.5187343020e+01, -2.4223365975e+02
-1.6923450105e+01, -2.4215375938e+02
-1.8659690710e+01, -2.4206519779e+02
-2.0396078689e+01, -2.4196796778e+02
-2.2132627940e+01, -2.4186206142e+02
-2.3869352413e+01, -2.4174747008e+02
-2.5606266114e+01, -2.4162418439e+02
-2.7343383110e+01, -2.4149219427e+02
-2.9080717531e+01, -2.4135148891e+02
-3.0818283577e+01, -2.4120205675e+02
-3.2556095523e+01, -2.4104388552e+02
-3.4294167722e+01, -2.4087696217e+02
-3.6032514611e+01, -2.4070127293e+02
-3.7771150716e+01, -2.4051680327e+02
-3.9510090656e+01, -2.4032353788e+02
-4.1249349150e+01, -2.4012146070e+02
-4.2988941019e+01, -2.3991055489e+02
-4.4728881193e+01, -2.3969080283e+02
-4.6469184719e+01, -2.3946218611e+02
-4.8209866761e+01, -2.3922468552e+02
-4.9950942609e+01, -2.3897828104e+02
-5.1692427684e+01, -2.3872295185e+02
-5.3434337544e+01, -2.3845867630e+02
-5.5176687888e+01, -2.3818543189e+02
-5.6919494564e+01, -2.3790319531e+02
-5.8662773575e+01, -2.3761194236e+02
-6.0406541083e+01, -2.3731164800e+02
-6.2150813417e+01, -2.3700228631e+02
-6.3895607081e+01, -2.3668383048e+02
-6.5640938757e+01, -2.3635625279e+02
-6.7386825315e+01, -2.3601952463e+02
-6.9133283818e+01, -2.3567361645e+02
-7.0880331531e+01, -2.3531849775e+02
-7.2627985924e+01, -2.3495413710e+02
-7.4376264686e+01, -2.3458050209e+02
-7.6125185728e+01, -2.3419755931e+02
-7.7874767191e+01, -2.3380527438e+02
-7.9625027458e+01, -2.3340361188e+02
-8.1375985156e+01, -2.3299253536e+02
-8.3127659172e+01, -2.3257200731e+02
-8.4880068655e+01, -2.3214198918e+02
-8.6633233030e+01, -2.3170244129e+02
-8.8387172004e+01, -2.3125332287e+02
-9.0141905579e+01, -2.3079459201e+02
-9.1897454057e+01, -2.3032620566e+02
-9.3653838056e+01, -2.2984811958e+02
-9.5411078517e+01, -2.2936028833e+02
-9.7169196715e+01, -2.2886266526e+02
-9.8928214272e+01, -2.2835520245e+02
-1.0068815317e+02, -2.2783785072e+02
-1.0244903575e+02, -2.2731055960e+02
-1.0421088474e+02, -2.2677327725e+02
-1.0597372328e+02, -2.2622595052e+02
-1.0773757489e+02, -2.2566852483e+02
-1.0950246353e+02, -2.2510094420e+02
-1.1126841358e+02, -2.2452315119e+02
-1.1303544990e+02, -2.2393508688e+02
-1.1480359778e+02, -2.2333669081e+02
-1.1657288302e+02, -2.2272790097e+02
-1.1834333190e+02, -2.2210865375e+02
-1.2011497123e+02, -2.2147888392e+02
-1.2188782833e+02, -2.2083852454e+02
-1.2366193109e+02, -2.2018750698e+02
-1.2543730797e+02, -2.1952576082e+02
-1.2721398801e+02, -2.1885321385e+02
-1.2899200087e+02, -2.1816979197e+02
-1.3077137682e+02, -2.1747541921e+02
-1.3255214682e+02, -2.1677001761e+02
-1.3433434248e+02, -2.1605350719e+02
-1.3611799611e+02, -2.1532580593e+02
-1.3790314076e+02, -2.1458682964e+02
-1.3968981023e+02, -2.1383649196e+02
-1.4147803908e+02, -2.1307470428e+02
-1.4326786270e+02, -2.1230137563e+02
-1.4505931732e+02, -2.1151641269e+02
-1.4685244001e+02, -2.1071971966e+02
-1.4864726877e+02, -2.0991119818e+02
-1.5044384251e+02, -2.0909074730e+02
-1.5224220114e+02, -2.0825826334e+02
-1.5404238555e+02, -2.0741363986e+02
-1.5584443769e+02, -2.0655676751e+02
-1.5764840057e+02, -2.0568753399e+02
-1.5945431837e+02, -2.0480582391e+02
-1.6126223641e+02, -2.0391151872e+02
-1.6307220124e+02, -2.0300449658e+02
-1.6488426068e+02, -2.0208463223e+02
-1.6669846386e+02, -2.0115179694e+02
-1.6851486129e+02, -2.0020585830e+02
-1.7033350491e+02, -1.9924668014e+02
-1.7215444815e+02, -1.9827412237e+02
-1.7397774598e+02, -1.9728804087e+02
-1.7580345501e+02, -1.9628828728e+02
-1.7763163352e+02, -1.9527470892e+02
-1.7946234154e+02, -1.9424714852e+02
-1.8129564097e+02, -1.9320544415e+02
-1.8313159560e+02, -1.9214942895e+02
-1.8497027123e+02, -1.9107893098e+02
-1.8681173578e+02, -1.8999377300e+02
-1.8865605933e+02, -1.8889377224e+02
-1.9050331426e+02, -1.8777874020e+02
-1.9235357538e+02, -1.8664848237e+02
-1.9420691998e+02, -1.8550279800e+02
-1.9606342800e+02, -1.8434147979e+02
-1.9792318215e+02, -1.8316431366e+02
-1.9978626804e+02, -1.8197107838e+02
-2.0165277433e+02, -1.8076154529e+02
-2.0352279288e+02, -1.7953547793e+02
-2.0539641891e+02, -1.7829263167e+02
-2.0727375120e+02, -1.7703275335e+02
-2.0915489223e+02, -1.7575558083e+02
-2.1103994844e+02, -1.7446084257e+02
-2.1292903041e+02, -1.7314825712e+02
-2.1482225308e+02, -1.7181753267e+02
-2.1671973600e+02, -1.7046836648e+02
-2.1862160363e+02, -1.6910044428e+02
-2.2052798558e+02, -1.6771343972e+02
-2.2243901692e+02, -1.6630701362e+02
-2.2435483852e+02, -1.6488081334e+02
-2.2627559740e+02, -1.6343447194e+02
-2.2820144709e+02, -1.6196760742e+02
-2.3013254809e+02, -1.6047982179e+02
-2.3206906825e+02, -1.5897070016e+02
-2.3401118328e+02, -1.5743980964e+02
-2.3595907730e+02, -1.5588669828e+02
-2.3791294336e+02, -1.5431089382e+02
-2.3987298407e+02, -1.5271190240e+02
-2.4183941230e+02, -1.5108920711e+02
-2.4381245188e+02, -1.4944226644e+02
-2.4579233841e+02, -1.4777051259e+02
-2.4777932017e+02, -1.4607334960e+02
-2.4977365902e+02, -1.4435015132e+02
-2.5177563155e+02, -1.4260025919e+02
-2.5378553018e+02, -1.4082297976e+02
-2.5580366448e+02, -1.3901758204e+02
-2.5783036260e+02, -1.3718329446e+02
-2.5986597287e+02, -1.3531930164e+02
-2.6191086556e+02, -1.3342474064e+02
-2.6396543486e+02, -1.3149869698e+02
-2.6603010107e+02, -1.2954020003e+02
-2.6810531310e+02, -1.2754821796e+02
-2.7019155126e+02, -1.2552165203e+02
-2.7228933038e+02, -1.2345933019e+02
-2.7439920342e+02, -1.2135999979e+02
-2.7652176549e+02, -1.1922231941e+02
-2.7865765849e+02, -1.1704484948e+02
-2.8080757643e+02, -1.1482604161e+02
-2.8297227152e+02, -1.1256422633e+02
-2.8515256126e+02, -1.1025759897e+02
-2.8734933661e+02, -1.0790420329e+02
-2.8956357160e+02, -1.0550191241e+02
-2.9179633464e+02, -1.0304840652e+02
-2.9404880176e+02, -1.0054114654e+02
-2.9632227253e+02, -9.7977342993e+01
-2.9861818907e+02, -9.5353918703e+01
-3.0093815894e+02, -9.2667463972e+01
-3.0328398321e+02, -8.9914182136e+01
-3.0565769077e+02, -8.7089822859e+01
-3.0806158112e+02, -8.4189599561e+01
-3.1049827806e+02, -8.1208086055e+01
-3.1297079801e+02, -7.8139085513e+01
-3.1548263822e+02, -7.4975462024e+01
-3.6150241920e+02, +1.2148692275e+02
-3.2064140493e+02, -6.8329714821e+01
-4.6225475803e+02, +7.9108487769e+01
-4.5778876354e+02, +8.0142544577e+01
-4.5331591140e+02, +8.1236203001e+01
-3.3167569977e+02, -5.3413249182e+01
-3.8303064785e+02, +1.0871964801e+02
-3.8686785166e+02, +1.0663891699e+02
-3.9077818739e+02, +1.0458648613e+02
-3.9476091519e+02, +1.0256861816e+02
-3.9881456698e+02, +1.0059163366e+02
-4.0293717816e+02, +9.8661703997e+01
-4.0712761279e+02, +9.6784555011e+01
-4.1140730564e+02, +9.4969264707e+01
-4.0925021711e+02, +9.5867489869e+01
-4.0502367600e+02, +9.7716274635e+01
-3.9677883655e+02, +1.0157469945e+02
           NaN, -8.0572439442e+02
           NaN, -8.3431735100e+02
           NaN, -8.6198130511e+02
           NaN, -8.8874277304e+02
           NaN, -9.1462673421e+02
           NaN, -9.3965699951e+02
           NaN, -9.6385648952e+02
           NaN, -9.8724743843e+02
           NaN, -1.0098515443e+03
           NaN, -1.0316900795e+03
           NaN, -1.0527839663e+03
           NaN, -1.0731538266e+03
           NaN, -1.0928200169e+03
           NaN, -1.1118026431e+03
           NaN, -1.1301215695e+03
           NaN, -1.1477964168e+03
           NaN, -1.1648465544e+03
           NaN, -1.1812910906e+03
           NaN, -1.1971488575e+03
           NaN, -1.2124383983e+03
           NaN, -1.2271779481e+03
           NaN, -1.2413854250e+03
           NaN, -1.2550784057e+03
           NaN, -1.2682741208e+03
           NaN, -1.2809894372e+03
           NaN, -1.2932408472e+03
           NaN, -1.3050444600e+03
           NaN, -1.3164159942e+03
           NaN, -1.3273707674e+03
-2.7016207967e+02, +1.8300643704e+02
-2.6783673774e+02, +1.8449648365e+02
-2.6552470395e+02, +1.8596825432e+02
-2.6322550569e+02, +1.8742197534e+02
-2.6093869325e+02, +1.8885787031e+02
-2.5866383841e+02, +1.9027615984e+02
-2.5640053318e+02, +1.9167706129e+02
-2.5414838854e+02, +1.9306078859e+02
-2.5190703334e+02, +1.9442755210e+02
-2.4967611325e+02, +1.9577755847e+02
-2.4745528978e+02, +1.9711101060e+02
-2.4524423940e+02, +1.9842810751e+02
-2.4304265261e+02, +1.9972904437e+02
-2.4085023325e+02, +2.0101401246e+02
-2.3866669769e+02, +2.0228319915e+02
-2.3649177419e+02, +2.0353678793e+02
-2.3432520219e+02, +2.0477495844e+02
-2.3216673178e+02, +2.0599788648e+02
-2.3001612309e+02, +2.0720574405e+02
-2.2787314578e+02, +2.0839869944e+02
-2.2573757852e+02, +2.0957691722e+02
-2.2360920856e+02, +2.1074055836e+02
-2.2148783128e+02, +2.1188978022e+02
-2.1937324976e+02, +2.1302473669e+02
-2.1726527442e+02, +2.1414557818e+02
-2.1516372267e+02, +2.1525245175e+02
-2.1306841853e+02, +2.1634550115e+02
-2.1097919233e+02, +2.1742486687e+02
-2.0889588042e+02, +2.1849068625e+02
-2.0681832488e+02, +2.1954309350e+02
-2.0474637324e+02, +2.2058221982e+02
-2.0267987823e+02, +2.2160819343e+02
-2.0061869756e+02, +2.2262113965e+02
-1.9856269366e+02, +2.2362118097e+02
           NaN, -1.5386488685e+03
           NaN, -1.5416327106e+03
-1.9242443375e+02, +2.2654505919e+02
           NaN, -1.5473088575e+03
-1.8835581716e+02, +2.2843191071e+02
-1.8632822517e+02, +2.2935694417e+02
-1.8430496323e+02, +2.3026985609e+02
-1.8228592492e+02, +2.3117074855e+02
           NaN, -1.5599632603e+03
           NaN, -1.5622565285e+03
           NaN, -1.5644774043e+03
           NaN, -1.5666285710e+03
           NaN, -1.5687125996e+03
           NaN, -1.5707319571e+03
           NaN, -1.5726890066e+03
           NaN, -1.5745860166e+03
           NaN, -1.5764251601e+03
           NaN, -1.5782085229e+03
           NaN, -1.5799381041e+03
           NaN, -1.5816158235e+03
           NaN, -1.5832435191e+03
           NaN, -1.5848229576e+03
           NaN, -1.5863558295e+03
           NaN, -1.5878437634e+03
           NaN, -1.5892883136e+03
           NaN, -1.5906909763e+03
           NaN, -1.5920531899e+03
           NaN, -1.5933763286e+03
           NaN, -1.5946617154e+03
           NaN, -1.5959106208e+03
           NaN, -1.5971242638e+03
           NaN, -1.5983038114e+03
           NaN, -1.5994503902e+03
           NaN, -1.6005650788e+03
           NaN, -1.6016489142e+03
           NaN, -1.6027028914e+03
           NaN, -1.6037279691e+03
           NaN, -1.6047250656e+03
           NaN, -1.6056950649e+03
           NaN, -1.6066388195e+03
           NaN, -1.6075571433e+03
           NaN, -1.6084508250e+03
           NaN, -1.6093206183e+03
           NaN, -1.6101672509e+03
           NaN, -1.6109914249e+03
           NaN, -1.6117938106e+03
           NaN, -1.6125750571e+03
           NaN, -1.6133357908e+03
           NaN, -1.6140766115e+03
           NaN, -1.6147980971e+03
           NaN, -1.6155008075e+03
           NaN, -1.6161852795e+03
           NaN, -1.6168520305e+03
           NaN, -1.6175015618e+03
-3.6265000801e+02, -5.7393716506e+00
-3.5657289005e+02, -1.5838412048e+01
-3.5197832422e+02, -2.3217661900e+01
-3.4798196566e+02, -2.9464606461e+01
-3.4433938841e+02, -3.5024409072e+01
-3.4093927291e+02, -4.0102299353e+01
-3.3771932877e+02, -4.4814384210e+01
-3.3464035301e+02, -4.9234482477e+01
-3.3167569977e+02, -5.3413249182e+01
-3.2880624286e+02, -5.7387374885e+01
-3.2601768214e+02, -6.1184530599e+01
-3.2329898146e+02, -6.4826249738e+01
-3.2064140493e+02, -6.8329714821e+01
-3.1803789238e+02, -7.1708920622e+01
-3.1548263822e+02, -7.4975462024e+01
-3.1297079801e+02, -7.8139085513e+01
-3.1049827806e+02, -8.1208086055e+01
-3.0806158112e+02, -8.4189599561e+01
-3.0565769077e+02, -8.7089822859e+01
-3.0328398321e+02, -8.9914182136e+01
-3.0093815894e+02, -9.2667463972e+01
-2.9861818907e+02, -9.5353918703e+01
-2.9632227253e+02, -9.7977342993e+01
-2.9404880176e+02, -1.0054114654e+02
-2.9179633464e+02, -1.0304840652e+02
-2.8956357160e+02, -1.0550191241e+02
-2.8734933661e+02, -1.0790420329e+02
-2.8515256126e+02, -1.1025759897e+02
-2.8297227152e+02, -1.1256422633e+02
-2.8080757643e+02, -1.1482604161e+02
-2.7865765849e+02, -1.1704484948e+02
-2.7652176549e+02, -1.1922231941e+02
-2.7439920342e+02, -1.2135999979e+02
-2.7228933038e+02, -1.2345933019e+02
-2.7019155126e+02, -1.2552165203e+02
-2.6810531310e+02, -1.2754821796e+02
-2.6603010107e+02, -1.2954020003e+02
-2.6396543486e+02, -1.3149869698e+02
-2.6191086556e+02, -1.3342474064e+02
-2.5986597287e+02, -1.3531930164e+02
-2.5783036260e+02, -1.3718329446e+02
-2.5580366448e+02, -1.3901758204e+02
-2.5378553018e+02, -1.4082297976e+02
-2.5177563155e+02, -1.4260025919e+02
-2.4977365902e+02, -1.4435015132e+02
-2.4777932017e+02, -1.4607334960e+02
-2.4579233841e+02, -1.4777051259e+02
-2.4381245188e+02, -1.4944226644e+02
-2.4183941230e+02, -1.5108920711e+02
-2.3987298407e+02, -1.5271190240e+02
-2.3791294336e+02, -1.5431089382e+02
-2.3595907730e+02, -1.5588669828e+02
-2.3401118328e+02, -1.5743980964e+02
-2.3206906825e+02, -1.5897070016e+02
-2.3013254809e+02, -1.6047982179e+02
-2.2820144709e+02, -1.6196760742e+02
-2.2627559740e+02, -1.6343447194e+02
-2.2435483852e+02, -1.6488081334e+02
-2.2243901692e+02, -1.6630701362e+02
-2.2052798558e+02, -1.6771343972e+02
-2.1862160363e+02, -1.6910044428e+02
-2.1671973600e+02, -1.7046836648e+02
-2.1482225308e+02, -1.7181753267e+02
-2.1292903041e+02, -1.7314825712e+02
-2.1103994844e+02, -1.7446084257e+02
-2.0915489223e+02, -1.7575558083e+02
-2.0727375120e+02, -1.7703275335e+02
-2.0539641891e+02, -1.7829263167e+02
-2.0352279288e+02, -1.7953547793e+02
-2.0165277433e+02, -1.8076154529e+02
-1.9978626804e+02, -1.8197107838e+02
-1.9792318215e+02, -1.8316431366e+02
-1.9606342800e+02, -1.8434147979e+02
-1.9420691998e+02, -1.8550279800e+02
-1.9235357538e+02, -1.8664848237e+02
-1.9050331426e+02, -1.8777874020e+02
-1.8865605933e+02, -1.8889377224e+02
-1.8681173578e+02, -1.8999377300e+02
-1.8497027123e+02, -1.9107893098e+02
-1.8313159560e+02, -1.9214942895e+02
-1.8129564097e+02, -1.9320544415e+02
-1.7946234154e+02, -1.9424714852e+02
-1.7763163352e+02, -1.9527470892e+02
-1.7580345501e+02, -1.9628828728e+02
-1.7397774598e+02, -1.9728804087e+02
-1.7215444815e+02, -1.9827412237e+02
-1.7033350491e+02, -1.9924668014e+02
-1.6851486129e+02, -2.0020585830e+02
-1.6669846386e+02, -2.0115179694e+02
-1.6488426068e+02, -2.0208463223e+02
-1.6307220124e+02, -2.0300449658e+02
-1.6126223641e+02, -2.0391151872e+02
-1.5945431837e+02, -2.0480582391e+02
-1.5764840057e+02, -2.0568753399e+02
-1.5584443769e+02, -2.0655676751e+02
-1.5404238555e+02, -2.0741363986e+02
-1.5224220114e+02, -2.0825826334e+02
-1.5044384251e+02, -2.0909074730e+02
-1.4864726877e+02, -2.0991119818e+02
-1.4685244001e+02, -2.1071971966e+02
-1.4505931732e+02, -2.1151641269e+02
-1.4326786270e+02, -2.1230137563e+02
-1.4147803908e+02, -2.1307470428e+02
-1.3968981023e+02, -2.1383649196e+02
-1.3790314076e+02, -2.1458682964e+02
-1.3611799611e+02, -2.1532580593e+02
-1.3433434248e+02, -2.1605350719e+02
-1.3255214682e+02, -2.1677001761e+02
-1.3077137682e+02, -2.1747541921e+02
-1.2899200087e+02, -2.1816979197e+02
-1.2721398801e+02, -2.1885321385e+02
-1.2543730797e+02, -2.1952576082e+02
-1.2366193109e+02, -2.2018750698e+02
-1.2188782833e+02, -2.2083852454e+02
-1.2011497123e+02, -2.2147888392e+02
-1.1834333190e+02, -2.2210865375e+02
-1.1657288302e+02, -2.2272790097e+02
-1.1480359778e+02, -2.2333669081e+02
-1.1303544990e+02, -2.2393508688e+02
-1.1126841358e+02, -2.2452315119e+02
-1.0950246353e+02, -2.2510094420e+02
-1.0773757489e+02, -2.2566852483e+02
-1.0597372328e+02, -2.2622595052e+02
-1.0421088474e+02, -2.2677327725e+02
-1.0244903575e+02, -2.2731055960e+02
-1.0068815317e+02, -2.2783785072e+02
-9.8928214272e+01, -2.2835520245e+02
-9.7169196715e+01, -2.2886266526e+02
-9.5411078517e+01, -2.2936028833e+02
-9.3653838056e+01, -2.2984811958e+02
-9.1897454057e+01, -2.3032620566e+02
-9.0141905579e+01, -2.3079459201e+02
-8.8387172004e+01, -2.3125332287e+02
-8.6633233030e+01, -2.3170244129e+02
-8.4880068655e+01, -2.3214198918e+02
-8.3127659172e+01, -2.3257200731e+02
-8.1375985156e+01, -2.3299253536e+02
-7.9625027458e+01, -2.3340361188e+02
-7.7874767191e+01, -2.3380527438e+02
-7.6125185728e+01, -2.3419755931e+02
-7.4376264686e+01, -2.3458050209e+02
-7.2627985924e+01, -2.3495413710e+02
-7.0880331531e+01, -2.3531849775e+02
-6.9133283818e+01, -2.3567361645e+02
-6.7386825315e+01, -2.3601952463e+02
-6.5640938757e+01, -2.3635625279e+02
-6.3895607081e+01, -2.3668383048e+02
-6.2150813417e+01, -2.3700228631e+02
-6.0406541083e+01, -2.3731164800e+02
-5.8662773575e+01, -2.3761194236e+02
-5.6919494564e+01, -2.3790319531e+02
-5.5176687888e+01, -2.3818543189e+02
-5.3434337544e+01, -2.3845867630e+02
-5.1692427684e+01, -2.3872295185e+02
-4.9950942609e+01, -2.3897828104e+02
-4.8209866761e+01, -2.3922468552e+02
-4.6469184719e+01, -2.3946218611e+02
-4.4728881193e+01, -2.3969080283e+02
-4.2988941019e+01, -2.3991055489e+02
-4.1249349150e+01, -2.4012146070e+02
-3.9510090656e+01, -2.4032353788e+02
-3.7771150716e+01, -2.4051680327e+02
-3.6032514611e+01, -2.4070127293e+02
-3.4294167722e+01, -2.4087696217e+02
-3.2556095523e+01, -2.4104388552e+02
-3.0818283577e+01, -2.4120205675e+02
-2.9080717531e+01, -2.4135148891e+02
-2.7343383110e+01, -2.4149219427e+02
-2.5606266114e+01, -2.4162418439e+02
-2.3869352413e+01, -2.4174747008e+02
-2.2132627940e+01, -2.4186206142e+02
-2.0396078689e+01, -2.4196796778e+02
-1.8659690710e+01, -2.4206519779e+02
-1.6923450105e+01, -2.4215375938e+02
-1.5187343020e+01, -2.4223365975e+02
-1.3451355645e+01, -2.4230490539e+02
-1.1715474207e+01, -2.4236750209e+02
-9.9796849679e+00, -2.4242145493e+02
-8.2439742162e+00, -2.4246676828e+02
-6.5083282666e+00, -2.4250344582e+02
-4.7727334539e+00, -2.4253149051e+02
-3.0371761289e+00, -2.4255090462e+02
-1.3016426540e+00, -2.4256168973e+02
+4.3388060077e-01, -2.4256384671e+02
+2.1694072621e+00, -2.4255737573e+02
+3.9049509580e+00, -2.4254227627e+02
+5.6405253216e+00, -2.4251854711e+02
+7.3761439956e+00, -2.4248618633e+02
+9.1118206369e+00, -2.4244519130e+02
+1.0847568920e+01, -2.4239555870e+02
+1.2583402543e+01, -2.4233728452e+02
+1.4319335230e+01, -2.4227036403e+02
+1.6055380736e+01, -2.4219479179e+02
+1.7791552853e+01, -2.4211056167e+02
+1.9527865411e+01, -2.4201766682e+02
+2.1264332285e+01, -2.4191609967e+02
+2.3000967399e+01, -2.4180585194e+02
+2.4737784732e+01, -2.4168691464e+02
+2.6474798319e+01, -2.4155927804e+02
+2.8212022256e+01, -2.4142293170e+02
+2.9949470710e+01, -2.4127786443e+02
+3.1687157917e+01, -2.4112406431e+02
+3.3425098191e+01, -2.4096151870e+02
+3.5163305925e+01, -2.4079021418e+02
+3.6901795600e+01, -2.4061013659e+02
+3.8640581789e+01, -2.4042127102e+02
+4.0379679160e+01, -2.4022360180e+02
+4.2119102482e+01, -2.4001711246e+02
+4.3858866630e+01, -2.3980178577e+02
+4.5598986592e+01, -2.3957760374e+02
+4.7339477473e+01, -2.3934454753e+02
+4.9080354499e+01, -2.3910259755e+02
+5.0821633024e+01, -2.3885173337e+02
+5.2563328538e+01, -2.3859193376e+02
+5.4305456669e+01, -2.3832317664e+02
+5.6048033188e+01, -2.3804543911e+02
+5.7791074021e+01, -2.3775869742e+02
+5.9534595250e+01, -2.3746292695e+02
+6.1278613119e+01, -2.3715810223e+02
+6.3023144044e+01, -2.3684419687e+02
+6.4768204617e+01, -2.3652118363e+02
+6.6513811614e+01, -2.3618903434e+02
+6.8259981999e+01, -2.3584771992e+02
+7.0006732936e+01, -2.3549721036e+02
+7.1754081792e+01, -2.3513747467e+02
+7.3502046145e+01, -2.3476848096e+02
+7.5250643794e+01, -2.3439019630e+02
+7.6999892764e+01, -2.3400258681e+02
+7.8749811316e+01, -2.3360561758e+02
+8.0500417954e+01, -2.3319925269e+02
+8.2251731434e+01, -2.3278345516e+02
+8.4003770773e+01, -2.3235818696e+02
+8.5756555256e+01, -2.3192340898e+02
+8.7510104449e+01, -2.3147908099e+02
+8.9264438205e+01, -2.3102516166e+02
+9.1019576674e+01, -2.3056160851e+02
+9.2775540315e+01, -2.3008837790e+02
+9.4532349907e+01, -2.2960542499e+02
+9.6290026556e+01, -2.2911270374e+02
+9.8048591708e+01, -2.2861016686e+02
+9.9808067163e+01, -2.2809776582e+02
+1.0156847508e+02, -2.2757545079e+02
+1.0332983800e+02, -2.2704317062e+02
+1.0509217886e+02, -2.2650087281e+02
+1.0685552096e+02, -2.2594850351e+02
+1.0861988806e+02, -2.2538600744e+02
+1.1038530434e+02, -2.2481332789e+02
+1.1215179439e+02, -2.2423040669e+02
+1.1391938330e+02, -2.2363718415e+02
+1.1568809660e+02, -2.2303359904e+02
+1.1745796035e+02, -2.2241958857e+02
+1.1922900107e+02, -2.2179508830e+02
+1.2100124583e+02, -2.2116003217e+02
+1.2277472224e+02, -2.2051435239e+02
+1.2454945847e+02, -2.1985797945e+02
+1.2632548326e+02, -2.1919084202e+02
+1.2810282596e+02, -2.1851286698e+02
+1.2988151654e+02, -2.1782397928e+02
+1.3166158561e+02, -2.1712410197e+02
+1.3344306444e+02, -2.1641315608e+02
+1.3522598500e+02, -2.1569106063e+02
+1.3701037997e+02, -2.1495773251e+02
+1.3879628275e+02, -2.1421308646e+02
+1.4058372754e+02, -2.1345703500e+02
+1.4237274930e+02, -2.1268948835e+02
+1.4416338384e+02, -2.1191035438e+02
+1.4595566780e+02, -2.1111953852e+02
+1.4774963872e+02, -2.1031694372e+02
+1.4954533505e+02, -2.0950247033e+02
+1.5134279619e+02, -2.0867601604e+02
+1.5314206253e+02, -2.0783747581e+02
+1.5494317549e+02, -2.0698674174e+02
+1.5674617755e+02, -2.0612370303e+02
+1.5855111230e+02, -2.0524824585e+02
+1.6035802448e+02, -2.0436025324e+02
+1.6216696002e+02, -2.0345960501e+02
+1.6397796610e+02, -2.0254617764e+02
+1.6579109118e+02, -2.0161984415e+02
+1.6760638508e+02, -2.0068047396e+02
+1.6942389902e+02, -1.9972793282e+02
+1.7124368568e+02, -1.9876208261e+02
+1.7306579924e+02, -1.9778278126e+02
+1.7489029550e+02, -1.9678988253e+02
+1.7671723187e+02, -1.9578323592e+02
+1.7854666751e+02, -1.9476268648e+02
+1.8037866339e+02, -1.9372807464e+02
+1.8221328232e+02, -1.9267923603e+02
+1.8405058910e+02, -1.9161600126e+02
+1.8589065056e+02, -1.9053819578e+02
+1.8773353571e+02, -1.8944563961e+02
+1.8957931575e+02, -1.8833814715e+02
+1.9142806428e+02, -1.8721552691e+02
+1.9327985731e+02, -1.8607758130e+02
+1.9513477345e+02, -1.8492410634e+02
+1.9699289403e+02, -1.8375489138e+02
+1.9885430316e+02, -1.8256971878e+02
+2.0071908797e+02, -1.8136836366e+02
+2.0258733870e+02, -1.8015059349e+02
+2.0445914887e+02, -1.7891616778e+02
+2.0633461546e+02, -1.7766483769e+02
+2.0821383906e+02, -1.7639634562e+02
+2.1009692413e+02, -1.7511042477e+02
+2.1198397913e+02, -1.7380679873e+02
+2.1387511680e+02, -1.7248518093e+02
+2.1577045435e+02, -1.7114527415e+02
+2.1767011375e+02, -1.6978676999e+02
+2.1957422201e+02, -1.6840934819e+02
+2.2148291141e+02, -1.6701267608e+02
+2.2339631990e+02, -1.6559640784e+02
+2.2531459136e+02, -1.6416018379e+02
+2.2723787603e+02, -1.6270362955e+02
+2.2916633087e+02, -1.6122635527e+02
+2.3110011998e+02, -1.5972795460e+02
+2.3303941510e+02, -1.5820800380e+02
+2.3498439607e+02, -1.5666606059e+02
+2.3693525139e+02, -1.5510166303e+02
+2.3889217883e+02, -1.5351432823e+02
+2.4085538602e+02, -1.5190355099e+02
+2.4282509123e+02, -1.5026880230e+02
+2.4480152407e+02, -1.4860952773e+02
+2.4678492635e+02, -1.4692514564e+02
+2.4877555303e+02, -1.4521504525e+02
+2.5077367319e+02, -1.4347858448e+02
+2.5277957117e+02, -1.4171508766e+02
+2.5479354781e+02, -1.3992384292e+02
+2.5681592178e+02, -1.3810409938e+02
+2.5884703111e+02, -1.3625506398e+02
+2.6088723486e+02, -1.3437589806e+02
+2.6293691501e+02, -1.3246571344e+02
+2.6499647850e+02, -1.3052356816e+02
+2.6706635961e+02, -1.2854846167e+02
+2.6914702259e+02, -1.2653932943e+02
+2.7123896458e+02, -1.2449503691e+02
+2.7334271901e+02, -1.2241437271e+02
+2.7545885936e+02, -1.2029604090e+02
+2.7758800354e+02, -1.1813865222e+02
+2.7973081877e+02, -1.1594071413e+02
+2.8188802736e+02, -1.1370061934e+02
+2.8406041320e+02, -1.1141663267e+02
+2.8624882942e+02, -1.0908687586e+02
+2.8845420723e+02, -1.0670930993e+02
+2.9067756631e+02, -1.0428171456e+02
+2.9292002706e+02, -1.0180166386e+02
+2.9518282514e+02, -9.9266497810e+01
+2.9746732878e+02, -9.6673288168e+01
+2.9977505967e+02, -9.4018797650e+01
+3.0210771826e+02, -9.1299430575e+01
+3.0446721477e+02, -8.8511172675e+01
+3.0685570742e+02, -8.5649516978e+01
+3.0927565036e+02, -8.2709371562e+01
+3.1172985405e+02, -7.9684943364e+01
+3.1422156279e+02, -7.6569589897e+01
+3.1675455551e+02, -7.3355627154e+01
+3.6320347106e+02, +1.2041861294e+02
+3.2196302751e+02, -6.6594325296e+01
+4.6002282175e+02, +7.9618259153e+01
+4.5555298227e+02, +8.0681732569e+01
+4.5107801982e+02, +8.1806323869e+01
+3.8113949879e+02, +1.0976872465e+02
+3.8494009136e+02, +1.0767612952e+02
+3.8881390657e+02, +1.0560877604e+02
+3.9276057794e+02, +1.0357283596e+02
+3.9677899243e+02, +1.0157462342e+02
+4.0086737690e+02, +9.9620414216e+01
+4.0502383711e+02, +9.7716202450e+01
+4.0925038123e+02, +9.5867419928e+01
+3.3314506872e+02, -5.1351483271e+01
+4.0712745033e+02, +9.6784626105e+01
+4.0293701835e+02, +9.8661777224e+01
+3.9476076066e+02, +1.0256869501e+02
           NaN, -7.9107071592e+02
           NaN, -8.2013872768e+02
           NaN, -8.4826375488e+02
           NaN, -8.7547325755e+02
           NaN, -9.0179293019e+02
           NaN, -9.2724712835e+02
           NaN, -9.5185918796e+02
           NaN, -9.7565166454e+02
           NaN, -9.9864650823e+02
           NaN, -1.0208651931e+03
           NaN, -1.0423288089e+03
           NaN, -1.0630581215e+03
           NaN, -1.0830736185e+03
           NaN, -1.1023955282e+03
           NaN, -1.1210438364e+03
           NaN, -1.1390382864e+03
           NaN, -1.1563983737e+03
           NaN, -1.1731433391e+03
           NaN, -1.1892921538e+03
           NaN, -1.2048635091e+03
           NaN, -1.2198757946e+03
           NaN, -1.2343470892e+03
           NaN, -1.2482951418e+03
           NaN, -1.2617373591e+03
           NaN, -1.2746907893e+03
           NaN, -1.2871721145e+03
           NaN, -1.2991976370e+03
           NaN, -1.3107832695e+03
           NaN, -1.3219445341e+03
           NaN, -1.3326965459e+03
+2.6899771471e+02, +1.8375375908e+02
           NaN, -1.3530312620e+03
+2.6437352900e+02, +1.8669735699e+02
+2.6208057849e+02, +1.8814213722e+02
+2.5979979709e+02, +1.8956920210e+02
+2.5753076684e+02, +1.9097877062e+02
+2.5527308939e+02, +1.9237105848e+02
+2.5302638478e+02, +1.9374627781e+02
+2.5079029042e+02, +1.9510463716e+02
+2.4856446000e+02, +1.9644634128e+02
+2.4634856262e+02, +1.9777159116e+02
+2.4414228187e+02, +1.9908058390e+02
+2.4194531501e+02, +2.0037351271e+02
+2.3975737225e+02, +2.0165056692e+02
+2.3757817597e+02, +2.0291193196e+02
+2.3540746011e+02, +2.0415778939e+02
+2.3324496951e+02, +2.0538831693e+02
+2.3109045934e+02, +2.0660368847e+02
+2.2894369455e+02, +2.0780407415e+02
+2.2680444939e+02, +2.0898964039e+02
+2.2467250685e+02, +2.1016054995e+02
+2.2254765832e+02, +2.1131696200e+02
+2.2042970306e+02, +2.1245903215e+02
+2.1831844789e+02, +2.1358691253e+02
+2.1621370675e+02, +2.1470075190e+02
+2.1411530039e+02, +2.1580069562e+02
+2.1202305605e+02, +2.1688688582e+02
+2.0993680709e+02, +2.1795946139e+02
+2.0785639276e+02, +2.1901855812e+02
+2.0578165790e+02, +2.2006430870e+02
+2.0371245267e+02, +2.2109684282e+02
+2.0164863231e+02, +2.2211628724e+02
           NaN, -1.5339799412e+03
           NaN, -1.5371188189e+03
           NaN, -1.5401533342e+03
           NaN, -1.5430874823e+03
+1.9140556500e+02, +2.2702140363e+02
+7.4886008920e+02, +5.7251565382e+01
+1.8734147313e+02, +2.2889594910e+02
+1.8531605967e+02, +2.2981490889e+02
+1.8329492265e+02, +2.3072179847e+02
+1.8127795723e+02, +2.3161671875e+02
           NaN, -1.5611191158e+03
           NaN, -1.5633758449e+03
           NaN, -1.5655615384e+03
           NaN, -1.5676788217e+03
           NaN, -1.5697302128e+03
           NaN, -1.5717181264e+03
           NaN, -1.5736448789e+03
           NaN, -1.5755126890e+03
           NaN, -1.5773236868e+03
           NaN, -1.5790799144e+03
           NaN, -1.5807833298e+03
           NaN, -1.5824358127e+03
           NaN, -1.5840391634e+03
           NaN, -1.5855951107e+03
           NaN, -1.5871053158e+03
           NaN, -1.5885713657e+03
           NaN, -1.5899947896e+03
           NaN, -1.5913770524e+03
           NaN, -1.5927195599e+03
           NaN, -1.5940236617e+03
           NaN, -1.5952906516e+03
           NaN, -1.5965217764e+03
           NaN, -1.5977182275e+03
           NaN, -1.5988811536e+03
           NaN, -1.6000116550e+03
           NaN, -1.6011107902e+03
           NaN, -1.6021795747e+03
           NaN, -1.6032189840e+03
           NaN, -1.6042299584e+03
           NaN, -1.6052133988e+03
           NaN, -1.6061701712e+03
           NaN, -1.6071011102e+03
           NaN, -1.6080070168e+03
           NaN, -1.6088886614e+03
           NaN, -1.6097467852e+03
           NaN, -1.6105821025e+03
           NaN, -1.6113952997e+03
           NaN, -1.6121870370e+03
           NaN, -1.6129579504e+03
           NaN, -1.6137086540e+03
           NaN, -1.6144397350e+03
           NaN, -1.6151517656e+03
           NaN, -1.6158452899e+03
           NaN, -1.6165208389e+03
           NaN, -1.6171789189e+03
           NaN, -1.6178200227e+03
