-4.6145849674e+02, -6.0417897829e-01
-4.7532531291e+02, +7.8532980361e+01
-4.8245901484e+02, -5.5770320826e-01
-4.6529721480e+02, +7.4589436006e+01
-4.8099533358e+02, +7.5870380724e+01
-4.8245901484e+02, -5.5770320826e-01
-4.8747363652e+02, -5.4884791193e-01
-4.9241161815e+02, -5.4077294419e-01
-4.9727953003e+02, -5.3337118573e-01
-5.0208306443e+02, -5.2655513353e-01
-5.0682719231e+02, -5.2025249187e-01
-5.1151628571e+02, -5.1440292066e-01
-5.1615421451e+02, -5.0895559760e-01
-5.2074442391e+02, -5.0386736348e-01
-5.2528999713e+02, -4.9910129217e-01
-5.2979370665e+02, -4.9462557477e-01
-5.3425805641e+02, -4.9041263927e-01
-5.4815814376e+02, +6.7636870394e+01
-5.5176435345e+02, -4.7574989096e-01
-5.2979370665e+02, -4.9462557477e-01
-5.4625505463e+02, +6.6355023138e+01
-5.5176435345e+02, -4.7574989096e-01
-5.5606223216e+02, -4.7254336039e-01
-5.6033175741e+02, -4.6949196068e-01
-5.6457428164e+02, -4.6658405041e-01
-5.6879105729e+02, -4.6380917250e-01
-5.7298324678e+02, -4.6115790330e-01
-5.7715193130e+02, -4.5862172466e-01
-5.8129811853e+02, -4.5619291482e-01
-5.8542274940e+02, -4.5386445503e-01
-5.8952670411e+02, -4.5162994924e-01
-5.9361080743e+02, -4.4948355469e-01
-5.9792221338e+02, +6.5185666390e+01
-6.1016795671e+02, +6.0920734163e+01
-5.8542274940e+02, -4.5386445503e-01
-6.0172250978e+02, -4.4543414207e-01
-6.0976351403e+02, -4.4167844301e-01
-6.1375909710e+02, -4.3990052727e-01
-6.1773884663e+02, -4.3818440545e-01
-6.2170330769e+02, -4.3652679004e-01
-6.2565299659e+02, -4.3492463086e-01
-6.2958840304e+02, -4.3337509354e-01
-6.3350999193e+02, -4.3187554025e-01
-6.3741820507e+02, -4.3042351257e-01
-6.4131346275e+02, -4.2901671606e-01
-6.4519616514e+02, -4.2765300657e-01
-6.4906669361e+02, -4.2633037772e-01
-6.5320714087e+02, +5.8932936804e+01
-6.6060879172e+02, -4.2259075198e-01
-6.5677266738e+02, -4.2380095979e-01
-6.6761845305e+02, +5.9319677856e+01
-6.6824890232e+02, -4.2027154902e-01
-6.7205348276e+02, -4.1915970934e-01
-6.7584812203e+02, -4.1807794979e-01
-6.7963308716e+02, -4.1702504227e-01
-6.8340863438e+02, -4.1599982654e-01
-6.8717500968e+02, -4.1500120551e-01
-6.9093244940e+02, -4.1402814086e-01
-6.9468118069e+02, -4.1307964911e-01
-6.9842142204e+02, -4.1215479794e-01
-7.0215338369e+02, -4.1125270285e-01
-7.0587726808e+02, -4.1037252406e-01
-7.0959327023e+02, -4.0951346366e-01
-7.1182125877e+02, +6.0830026232e+01
-7.2069582963e+02, -4.0705558772e-01
-7.1578436092e+02, +5.7027153181e+01
-7.1985524407e+02, +6.0075501767e+01
-7.2806139791e+02, -4.0550962552e-01
-7.3173382995e+02, -4.0476255574e-01
-7.3539956527e+02, -4.0403199311e-01
-7.3905875102e+02, -4.0331739460e-01
-7.4271152954e+02, -4.0261824126e-01
-7.4635803856e+02, -4.0193403686e-01
-7.4999841144e+02, -4.0126430664e-01
-7.5363277729e+02, -4.0060859614e-01
-7.5726126122e+02, -3.9996647011e-01
-7.6088398446e+02, -3.9933751147e-01
-7.6450106454e+02, -3.9872132037e-01
-7.6811261544e+02, -3.9811751329e-01
-7.7171874775e+02, -3.9752572219e-01
-7.7531956878e+02, -3.9694559373e-01
-7.7891518268e+02, -3.9637678854e-01
-7.8466816302e+02, +6.3547458992e+01
-7.8967177885e+02, -3.9473511384e-01
-8.0394682606e+02, -3.9268632430e-01
-7.7632663139e+02, +5.3116173980e+01
-7.8967177885e+02, -3.9473511384e-01
-7.9775956383e+02, +6.3540842672e+01
-8.0038498447e+02, -3.9318433276e-01
-8.0394682606e+02, -3.9268632430e-01
-8.0750419448e+02, -3.9219735125e-01
-8.1105717055e+02, -3.9171717303e-01
-8.1460583293e+02, -3.9124555764e-01
-8.1815025822e+02, -3.9078228128e-01
-8.2169052102e+02, -3.9032712798e-01
-8.2522669402e+02, -3.8987988924e-01
-8.2875884804e+02, -3.8944036374e-01
-8.3228705212e+02, -3.8900835699e-01
-8.3581137354e+02, -3.8858368107e-01
-8.3933187794e+02, -3.8816615433e-01
-8.4284862932e+02, -3.8775560113e-01
-8.4636169012e+02, -3.8735185161e-01
-8.4987112127e+02, -3.8695474142e-01
-8.5337698222e+02, -3.8656411152e-01
-8.5687933100e+02, -3.8617980794e-01
-8.6037822430e+02, -3.8580168161e-01
-8.6387371745e+02, -3.8542958814e-01
-8.6643553283e+02, +5.3362246284e+01
-8.7566728125e+02, +5.3383929184e+01
-8.7782275096e+02, -3.8399880876e-01
-8.8825135266e+02, -3.8298262698e-01
-8.3228705212e+02, -3.8900835699e-01
-8.7434033024e+02, -3.8434812735e-01
-8.8130202967e+02, -3.8365486516e-01
-8.8277926055e+02, +5.4355291166e+01
-8.9172149012e+02, -3.8265410320e-01
-8.9518867197e+02, -3.8233049573e-01
-8.9865294230e+02, -3.8201169815e-01
-9.0211434422e+02, -3.8169760713e-01
-9.0557291996e+02, -3.8138812226e-01
-9.0902871081e+02, -3.8108314599e-01
-9.1248175722e+02, -3.8078258350e-01
-9.1593209877e+02, -3.8048634265e-01
-9.1937977423e+02, -3.8019433383e-01
-9.2282482157e+02, -3.7990646989e-01
-9.2626727797e+02, -3.7962266608e-01
-9.2970717986e+02, -3.7934283994e-01
-9.3314456293e+02, -3.7906691124e-01
-9.3657946215e+02, -3.7879480187e-01
-9.4001191181e+02, -3.7852643584e-01
-9.4344194549e+02, -3.7826173912e-01
-9.4686959613e+02, -3.7800063964e-01
-9.5029489602e+02, -3.7774306720e-01
-9.5371787681e+02, -3.7748895342e-01
-9.5713856957e+02, -3.7723823167e-01
-9.6055700472e+02, -3.7699083702e-01
-9.6397321216e+02, -3.7674670619e-01
-9.6738722118e+02, -3.7650577749e-01
-9.7079906054e+02, -3.7626799075e-01
-9.7420875845e+02, -3.7603328733e-01
-9.7761634259e+02, -3.7580161002e-01
-9.8102184016e+02, -3.7557290301e-01
-9.8442527781e+02, -3.7534711185e-01
-9.8782668175e+02, -3.7512418342e-01
-1.0000534240e+03, +5.5039727015e+01
-9.9801894610e+02, -3.7447206213e-01
-1.0014124677e+03, -3.7426007831e-01
-1.0081938054e+03, -3.7384391119e-01
-1.0217343023e+03, -3.7304152746e-01
-9.4344194549e+02, -3.7826173912e-01
-9.9198959765e+02, +4.8546931819e+01
-1.0048040797e+03, -3.7405071000e-01
-1.0115816681e+03, -3.7363963693e-01
-1.0149676903e+03, -3.7343784333e-01
-1.0109031928e+03, +5.9942696235e+01
-1.0251149356e+03, -3.7284692230e-01
-1.0284938153e+03, -3.7265463195e-01
-1.0318709623e+03, -3.7246461726e-01
-1.0352463970e+03, -3.7227683994e-01
-1.0386201396e+03, -3.7209126257e-01
-1.0419922098e+03, -3.7190784853e-01
-1.0453626271e+03, -3.7172656202e-01
-1.0487314106e+03, -3.7154736801e-01
-1.0520985791e+03, -3.7137023223e-01
-1.0554641511e+03, -3.7119512115e-01
-1.0588281449e+03, -3.7102200195e-01
-1.0621905783e+03, -3.7085084251e-01
-1.0655514689e+03, -3.7068161141e-01
-1.0689108341e+03, -3.7051427787e-01
-1.0722686910e+03, -3.7034881177e-01
-1.0756250563e+03, -3.7018518359e-01
-1.0789799466e+03, -3.7002336446e-01
-1.0823333781e+03, -3.6986332609e-01
-1.0856853669e+03, -3.6970504075e-01
-1.0890359288e+03, -3.6954848131e-01
-1.0923850792e+03, -3.6939362117e-01
-1.0957328334e+03, -3.6924043426e-01
-1.0990792065e+03, -3.6908889507e-01
-1.1024242134e+03, -3.6893897856e-01
-1.1057678685e+03, -3.6879066022e-01
-1.1091101864e+03, -3.6864391599e-01
-1.1124511811e+03, -3.6849872232e-01
-1.1157908666e+03, -3.6835505610e-01
-1.1191292566e+03, -3.6821289468e-01
-1.1224663647e+03, -3.6807221584e-01
-1.1258022043e+03, -3.6793299780e-01
-1.1291367884e+03, -3.6779521920e-01
-1.1324701300e+03, -3.6765885908e-01
-1.1358022419e+03, -3.6752389688e-01
-1.1391331367e+03, -3.6739031243e-01
-1.1424628268e+03, -3.6725808595e-01
-1.1457913243e+03, -3.6712719801e-01
-1.1491186414e+03, -3.6699762958e-01
-1.1524447899e+03, -3.6686936194e-01
-1.1557697815e+03, -3.6674237675e-01
-1.1590936277e+03, -3.6661665599e-01
-1.1624163400e+03, -3.6649218198e-01
-1.1657379296e+03, -3.6636893735e-01
-1.1690584075e+03, -3.6624690506e-01
-1.1723777846e+03, -3.6612606838e-01
-1.1756960717e+03, -3.6600641087e-01
-1.1790132795e+03, -3.6588791638e-01
-1.1823294184e+03, -3.6577056907e-01
-1.1856444986e+03, -3.6565435337e-01
-1.1842364578e+03, +5.1398190922e+01
-1.2018151189e+03, +5.2289376480e+01
-1.1988944356e+03, -3.6520050472e-01
-1.2022043731e+03, -3.6508972292e-01
-1.2055133112e+03, -3.6497998489e-01
-1.2088212591e+03, -3.6487127686e-01
-1.2154342218e+03, -3.6465689691e-01
-1.2185946890e+03, +5.1302939326e+01
-1.2283187934e+03, +5.0571421581e+01
-1.2418482671e+03, -3.6383798134e-01
-1.1863305918e+03, +4.5418388428e+01
-1.2088212591e+03, -3.6487127686e-01
-1.2187392547e+03, -3.6455119864e-01
-1.2253464683e+03, -3.6434272124e-01
-1.2266373234e+03, +5.4246997316e+01
-1.2352502884e+03, -3.6403711673e-01
-1.2385497290e+03, -3.6393709675e-01
-1.2418482671e+03, -3.6383798134e-01
-1.2451459107e+03, -3.6373975910e-01
-1.2454034844e+03, +5.0655103141e+01
-1.2724695136e+03, +6.2598374010e+01
-1.2616209911e+03, -3.6326165843e-01
-1.2616209911e+03, -3.6326165843e-01
-1.2649134338e+03, -3.6316856554e-01
-1.2682050364e+03, -3.6307629090e-01
-1.2714958062e+03, -3.6298482450e-01
-1.2747857506e+03, -3.6289415648e-01
-1.2780748766e+03, -3.6280427711e-01
-1.2813631915e+03, -3.6271517686e-01
-1.2846507021e+03, -3.6262684632e-01
-1.2879374156e+03, -3.6253927622e-01
-1.2912233386e+03, -3.6245245747e-01
-1.2945084780e+03, -3.6236638109e-01
-1.2977928405e+03, -3.6228103824e-01
-1.3010764327e+03, -3.6219642024e-01
-1.3043592611e+03, -3.6211251852e-01
-1.3076413322e+03, -3.6202932465e-01
-1.3109226523e+03, -3.6194683033e-01
-1.3142032278e+03, -3.6186502739e-01
-1.3174830648e+03, -3.6178390777e-01
-1.3207621696e+03, -3.6170346354e-01
-1.3240405482e+03, -3.6162368689e-01
-1.3273182067e+03, -3.6154457013e-01
-1.3305951510e+03, -3.6146610568e-01
-1.3338713869e+03, -3.6138828607e-01
-1.3371469203e+03, -3.6131110395e-01
-1.3404217569e+03, -3.6123455206e-01
-1.3436959025e+03, -3.6115862328e-01
-1.3469693625e+03, -3.6108331056e-01
-1.3502421427e+03, -3.6100860696e-01
-1.3535142484e+03, -3.6093450567e-01
-1.3567856851e+03, -3.6086099994e-01
-1.3600564582e+03, -3.6078808314e-01
-1.3633265729e+03, -3.6071574873e-01
-1.3665960346e+03, -3.6064399026e-01
-1.3698648484e+03, -3.6057280139e-01
-1.3731330194e+03, -3.6050217584e-01
-1.3764005528e+03, -3.6043210744e-01
-1.3796674535e+03, -3.6036259010e-01
-1.3829337266e+03, -3.6029361783e-01
-1.3861993769e+03, -3.6022518471e-01
-1.3894644092e+03, -3.6015728491e-01
-1.3927288285e+03, -3.6008991267e-01
-1.3959926394e+03, -3.6002306232e-01
-1.3992558467e+03, -3.5995672827e-01
-1.4025184551e+03, -3.5989090500e-01
-1.4057804690e+03, -3.5982558708e-01
-1.4090418931e+03, -3.5976076913e-01
-1.4123027319e+03, -3.5969644587e-01
-1.4155629899e+03, -3.5963261208e-01
-1.4188226714e+03, -3.5956926262e-01
-1.4220817809e+03, -3.5950639239e-01
-1.4253403226e+03, -3.5944399640e-01
-1.4285983009e+03, -3.5938206970e-01
-1.4318557199e+03, -3.5932060742e-01
-1.4351125838e+03, -3.5925960474e-01
-1.4383688968e+03, -3.5919905692e-01
-1.4416246631e+03, -3.5913895928e-01
-1.4448798866e+03, -3.5907930720e-01
-1.4481345713e+03, -3.5902009612e-01
-1.4513887214e+03, -3.5896132154e-01
-1.4546423406e+03, -3.5890297901e-01
-1.4578954328e+03, -3.5884506416e-01
-1.4611480021e+03, -3.5878757267e-01
-1.4644000521e+03, -3.5873050026e-01
-1.4676515866e+03, -3.5867384272e-01
-1.4709026094e+03, -3.5861759589e-01
-1.4741531242e+03, -3.5856175567e-01
-1.4774031346e+03, -3.5850631801e-01
-1.4806526443e+03, -3.5845127891e-01
-1.4839016569e+03, -3.5839663441e-01
-1.4871501760e+03, -3.5834238063e-01
-1.4903982050e+03, -3.5828851370e-01
-1.4936457474e+03, -3.5823502984e-01
-1.4968928068e+03, -3.5818192529e-01
-1.5001393864e+03, -3.5812919634e-01
-1.5033854898e+03, -3.5807683934e-01
-1.5066311203e+03, -3.5802485068e-01
-1.5098762812e+03, -3.5797322678e-01
-1.5131209757e+03, -3.5792196413e-01
-1.5163652072e+03, -3.5787105924e-01
-1.5196089789e+03, -3.5782050869e-01
-1.5228522939e+03, -3.5777030907e-01
-1.5260951554e+03, -3.5772045704e-01
-1.5293375667e+03, -3.5767094928e-01
-1.5325795307e+03, -3.5762178253e-01
-1.5358210505e+03, -3.5757295356e-01
-1.5390621293e+03, -3.5752445917e-01
-1.5423027699e+03, -3.5747629621e-01
-1.5455429755e+03, -3.5742846157e-01
-1.5487827489e+03, -3.5738095217e-01
-1.5520220932e+03, -3.5733376498e-01
-1.5552610111e+03, -3.5728689699e-01
-1.5584995057e+03, -3.5724034523e-01
-1.5617375797e+03, -3.5719410678e-01
-1.5649752359e+03, -3.5714817873e-01
-1.5682124772e+03, -3.5710255822e-01
-1.5714493064e+03, -3.5705724244e-01
-1.5746857262e+03, -3.5701222857e-01
-1.5779217393e+03, -3.5696751386e-01
-1.5811573484e+03, -3.5692309558e-01
-1.5843925562e+03, -3.5687897104e-01
-1.5876273653e+03, -3.5683513756e-01
-1.5908617785e+03, -3.5679159251e-01
-1.5940957982e+03, -3.5674833329e-01
-1.5973294270e+03, -3.5670535732e-01
-1.6005626676e+03, -3.5666266206e-01
-1.6037955224e+03, -3.5662024500e-01
-1.6070279939e+03, -3.5657810364e-01
-1.6102600847e+03, -3.5653623553e-01
-1.6134917972e+03, -3.5649463824e-01
-1.6167231338e+03, -3.5645330936e-01
-1.6199540971e+03, -3.5641224653e-01
-1.6231846893e+03, -3.5637144740e-01
-1.6264149128e+03, -3.5633090964e-01
-1.6296447701e+03, -3.5629063096e-01
-1.6328742634e+03, -3.5625060909e-01
-1.6361033951e+03, -3.5621084178e-01
-1.6393321674e+03, -3.5617132682e-01
-1.6425605827e+03, -3.5613206202e-01
-1.6457886432e+03, -3.5609304521e-01
-1.6490163511e+03, -3.5605427423e-01
-1.6522437087e+03, -3.5601574697e-01
-1.6554707182e+03, -3.5597746133e-01
-1.6586973817e+03, -3.5593941523e-01
-1.6619237013e+03, -3.5590160663e-01
-1.6651496794e+03, -3.5586403350e-01
-1.6683753179e+03, -3.5582669381e-01
-1.6716006190e+03, -3.5578958560e-01
-1.6779729032e+03, +4.7954359741e+01
-1.6720604188e+03, +4.5593154565e+01
-1.6780502172e+03, -3.5571605576e-01
-1.6812745185e+03, -3.5567963027e-01
-1.6809514246e+03, +4.9452094845e+01
-1.6713736807e+03, +5.2796579888e+01
-1.7246639576e+03, +5.6721416942e+01
-1.7077808182e+03, +4.9563635410e+01
-1.7070572460e+03, -3.5539612561e-01
-1.7111755714e+03, +4.7463470722e+01
-1.7104928994e+03, +4.7636546427e+01
-1.7134997545e+03, -3.5532737747e-01
-1.7167205432e+03, -3.5529331298e-01
-1.7199410241e+03, -3.5525945262e-01
-1.7231611990e+03, -3.5522579472e-01
-1.7263810696e+03, -3.5519233763e-01
-1.7296006379e+03, -3.5515907970e-01
-1.7328199056e+03, -3.5512601931e-01
-1.7360388746e+03, -3.5509315487e-01
-1.7392575465e+03, -3.5506048479e-01
-1.7424759231e+03, -3.5502800750e-01
-1.7456940062e+03, -3.5499572144e-01
-1.7489117975e+03, -3.5496362507e-01
-1.7521292987e+03, -3.5493171688e-01
-1.7505126668e+03, +5.0266549066e+01
-1.7656080183e+03, +4.9868302474e+01
-1.7649964364e+03, -3.5480593595e-01
-1.7682125123e+03, -3.5477494634e-01
-1.7714283082e+03, -3.5474413609e-01
-1.7746438256e+03, -3.5471350378e-01
-1.7778590661e+03, -3.5468304802e-01
-1.7869601367e+03, +5.0326366361e+01
-1.7875031423e+03, -3.5459272618e-01
-1.7907172912e+03, -3.5456296284e-01
-1.7991358905e+03, +5.2033692621e+01
-1.8003581297e+03, -3.5447468600e-01
-1.8073903527e+03, +4.9686274436e+01
-1.8098255604e+03, +5.0321366063e+01
-1.8174929328e+03, +5.0673889320e+01
-1.8260555041e+03, -3.5424648481e-01
-1.8356878087e+03, -3.5416351540e-01
-1.8517366956e+03, -3.5402826579e-01
-1.8838164935e+03, -3.5376863976e-01
-1.9959229961e+03, -3.5296122011e-01
-1.7199410241e+03, -3.5525945262e-01
-1.7649964364e+03, -3.5480593595e-01
-1.7842887229e+03, -3.5462266058e-01
-1.7971447833e+03, -3.5450394407e-01
-1.8067840305e+03, -3.5441666604e-01
-1.8132088853e+03, -3.5435929915e-01
-1.8196327060e+03, -3.5430257535e-01
-1.8243511331e+03, +5.3634539299e+01
-1.8292665232e+03, -3.5421867400e-01
-1.8304269016e+03, +5.0922252462e+01
-1.8388980778e+03, -3.5413616526e-01
-1.8421080997e+03, -3.5410896637e-01
-1.8453178757e+03, -3.5408191758e-01
-1.8577686731e+03, +5.5901810615e+01
-1.8549457421e+03, -3.5400166057e-01
-1.8581545481e+03, -3.5397520101e-01
-1.8613631149e+03, -3.5394888601e-01
-1.8645714438e+03, -3.5392271450e-01
-1.8677795361e+03, -3.5389668541e-01
-1.8709873931e+03, -3.5387079770e-01
-1.8706516952e+03, +4.9410469624e+01
-1.8924944367e+03, +5.4349123624e+01
-1.8870231930e+03, -3.5374344341e-01
-1.8870231930e+03, -3.5374344341e-01
-1.8902296647e+03, -3.5371838229e-01
-1.8934359098e+03, -3.5369345544e-01
-1.8966419295e+03, -3.5366866185e-01
-1.8998477252e+03, -3.5364400058e-01
-1.9030532978e+03, -3.5361947064e-01
-1.9062586487e+03, -3.5359507111e-01
-1.9094637790e+03, -3.5357080102e-01
-1.9126686899e+03, -3.5354665945e-01
-1.9158733826e+03, -3.5352264547e-01
-1.9190778581e+03, -3.5349875816e-01
-1.9222821176e+03, -3.5347499662e-01
-1.9254861624e+03, -3.5345135994e-01
-1.9286899934e+03, -3.5342784723e-01
-1.9318936119e+03, -3.5340445761e-01
-1.9350970189e+03, -3.5338119020e-01
-1.9383002155e+03, -3.5335804414e-01
-1.9415032029e+03, -3.5333501856e-01
-1.9447059821e+03, -3.5331211260e-01
-1.9479085542e+03, -3.5328932544e-01
-1.9575150386e+03, -3.5322166831e-01
-1.9512873722e+03, +4.6984850511e+01
-1.9543130814e+03, -3.5324410411e-01
-1.9575150386e+03, -3.5322166831e-01
-1.9575150386e+03, -3.5322166831e-01
-1.9567270267e+03, +4.9313622916e+01
-1.9453774025e+03, +5.2159350964e+01
-2.0709476188e+03, +1.1107128156e+02
-1.9983049526e+03, +5.0360981540e+01
-1.9926358689e+03, +4.9066854524e+01
-1.9927234058e+03, -3.5298232192e-01
-1.9935451430e+03, +4.6474995849e+01
-1.9959229961e+03, -3.5296122011e-01
-1.9991223956e+03, -3.5294022455e-01
-2.0023216053e+03, -3.5291933450e-01
-2.0087809803e+03, +4.7411676800e+01
-2.0215129294e+03, -3.5279617020e-01
-2.0055206260e+03, -3.5289854925e-01
-2.0136167913e+03, +4.7540342755e+01
-2.0151165644e+03, -3.5283681518e-01
-2.0183148390e+03, -3.5281644204e-01
-2.0215129294e+03, -3.5279617020e-01
-2.0247108365e+03, -3.5277599896e-01
-2.0279085612e+03, -3.5275592765e-01
-2.0311061044e+03, -3.5273595560e-01
-2.0343034671e+03, -3.5271608214e-01
-2.0375006500e+03, -3.5269630661e-01
-2.0406976541e+03, -3.5267662835e-01
-2.0438944802e+03, -3.5265704672e-01
-2.0470911293e+03, -3.5263756107e-01
-2.0502876022e+03, -3.5261817076e-01
-2.0534838998e+03, -3.5259887517e-01
-2.0566800228e+03, -3.5257967366e-01
-2.0598759723e+03, -3.5256056561e-01
-2.0630717489e+03, -3.5254155040e-01
-2.0662673536e+03, -3.5252262743e-01
-2.0694627872e+03, -3.5250379608e-01
-2.0726580505e+03, -3.5248505575e-01
-2.0758531444e+03, -3.5246640585e-01
-2.0790480696e+03, -3.5244784578e-01
-2.0822428269e+03, -3.5242937496e-01
-2.0854374172e+03, -3.5241099281e-01
-2.0886318413e+03, -3.5239269875e-01
-2.0918261000e+03, -3.5237449220e-01
-2.0950201940e+03, -3.5235637260e-01
-2.0982141241e+03, -3.5233833939e-01
-2.1014078912e+03, -3.5232039200e-01
-2.1046014960e+03, -3.5230252989e-01
-2.1077949393e+03, -3.5228475250e-01
-2.1109882217e+03, -3.5226705929e-01
-2.1141813442e+03, -3.5224944972e-01
-2.1173743074e+03, -3.5223192326e-01
-2.1205671122e+03, -3.5221447936e-01
-2.1237597592e+03, -3.5219711751e-01
-2.1269522491e+03, -3.5217983719e-01
-2.1301445828e+03, -3.5216263786e-01
+3.7121958927e+02, -1.1496506142e+01
+3.6605145206e+02, -1.9938550773e+01
+3.6176049750e+02, -2.6746859986e+01
+3.5792330658e+02, -3.2686644174e+01
+3.5437879202e+02, -3.8052781222e+01
+3.5104425952e+02, -4.2998363081e+01
+3.4787028852e+02, -4.7615830257e+01
+3.4482443562e+02, -5.1966454489e+01
+3.4188398884e+02, -5.6093520650e+01
+3.3903228529e+02, -6.0029061449e+01
+3.3625665436e+02, -6.3797637758e+01
+3.3354718514e+02, -6.7418615234e+01
+3.3089594584e+02, -7.0907612514e+01
+3.2829646733e+02, -7.4277463781e+01
+3.2574338881e+02, -7.7538882021e+01
+3.2323220725e+02, -8.0700930011e+01
+3.2075909554e+02, -8.3771363454e+01
+3.1832076771e+02, -8.6756886508e+01
+3.1591437691e+02, -8.9663345769e+01
+3.1353743704e+02, -9.2495880010e+01
+3.1118776154e+02, -9.5259037499e+01
+3.0886341495e+02, -9.7956869149e+01
+3.0656267420e+02, -1.0059300335e+02
+3.0428399721e+02, -1.0317070675e+02
+3.0202599732e+02, -1.0569293405e+02
+2.9978742210e+02, -1.0816236929e+02
+2.9756713586e+02, -1.1058146015e+02
+2.9536410489e+02, -1.1295244689e+02
+2.9317738512e+02, -1.1527738679e+02
+2.9100611156e+02, -1.1755817491e+02
+2.8884948935e+02, -1.1979656194e+02
+2.8670678602e+02, -1.2199416951e+02
+2.8457732489e+02, -1.2415250352e+02
+2.8246047929e+02, -1.2627296559e+02
+2.8035566750e+02, -1.2835686325e+02
+2.7826234844e+02, -1.3040541869e+02
+2.7618001776e+02, -1.3241977659e+02
+2.7410820448e+02, -1.3440101101e+02
+2.7204646797e+02, -1.3635013145e+02
+2.6999439530e+02, -1.3826808833e+02
+2.6795159887e+02, -1.4015577779e+02
+2.6591771428e+02, -1.4201404607e+02
+2.6389239848e+02, -1.4384369337e+02
+2.6187532802e+02, -1.4564547737e+02
+2.5986619755e+02, -1.4742011642e+02
+2.5786471844e+02, -1.4916829234e+02
+2.5587061751e+02, -1.5089065308e+02
+2.5388363595e+02, -1.5258781504e+02
+2.5190352823e+02, -1.5426036522e+02
+2.4993006123e+02, -1.5590886322e+02
+2.4796301333e+02, -1.5753384296e+02
+2.4600217367e+02, -1.5913581439e+02
+2.4404734143e+02, -1.6071526494e+02
+2.4209832517e+02, -1.6227266095e+02
+2.4015494226e+02, -1.6380844892e+02
+2.3821701826e+02, -1.6532305668e+02
+2.3628438650e+02, -1.6681689449e+02
+2.3435688756e+02, -1.6829035605e+02
+2.3243436882e+02, -1.6974381940e+02
+2.3051668412e+02, -1.7117764780e+02
+2.2860369335e+02, -1.7259219053e+02
+2.2669526210e+02, -1.7398778364e+02
+2.2479126136e+02, -1.7536475064e+02
+2.2289156722e+02, -1.7672340313e+02
+2.2099606059e+02, -1.7806404141e+02
+2.1910462694e+02, -1.7938695507e+02
+2.1721715606e+02, -1.8069242348e+02
+2.1533354185e+02, -1.8198071630e+02
+2.1345368207e+02, -1.8325209392e+02
+2.1157747822e+02, -1.8450680795e+02
+2.0970483526e+02, -1.8574510156e+02
+2.0783566152e+02, -1.8696720990e+02
+2.0596986848e+02, -1.8817336044e+02
+2.0410737066e+02, -1.8936377334e+02
+2.0224808545e+02, -1.9053866173e+02
+2.0039193299e+02, -1.9169823202e+02
+1.9853883603e+02, -1.9284268422e+02
+1.9668871983e+02, -1.9397221216e+02
+1.9484151203e+02, -1.9508700377e+02
+1.9299714255e+02, -1.9618724130e+02
+1.9115554349e+02, -1.9727310157e+02
+1.8931664905e+02, -1.9834475617e+02
+1.8748039539e+02, -1.9940237168e+02
+1.8564672062e+02, -2.0044610983e+02
+1.8381556466e+02, -2.0147612772e+02
+1.8198686919e+02, -2.0249257796e+02
+1.8016057756e+02, -2.0349560887e+02
+1.7833663475e+02, -2.0448536461e+02
+1.7651498727e+02, -2.0546198533e+02
+1.7469558313e+02, -2.0642560735e+02
+1.7287837178e+02, -2.0737636324e+02
+1.7106330400e+02, -2.0831438199e+02
+1.6925033192e+02, -2.0923978910e+02
+1.6743940893e+02, -2.1015270674e+02
+1.6563048964e+02, -2.1105325383e+02
+1.6382352984e+02, -2.1194154614e+02
+1.6201848642e+02, -2.1281769642e+02
+1.6021531739e+02, -2.1368181450e+02
+1.5841398179e+02, -2.1453400734e+02
+1.5661443968e+02, -2.1537437915e+02
+1.5481665206e+02, -2.1620303149e+02
+1.5302058091e+02, -2.1702006333e+02
+1.5122618910e+02, -2.1782557112e+02
+1.4943344034e+02, -2.1861964888e+02
+1.4764229923e+02, -2.1940238828e+02
+1.4585273114e+02, -2.2017387869e+02
+1.4406470225e+02, -2.2093420726e+02
+1.4227817949e+02, -2.2168345896e+02
+1.4049313050e+02, -2.2242171667e+02
+1.3870952366e+02, -2.2314906123e+02
+1.3692732800e+02, -2.2386557150e+02
+1.3514651323e+02, -2.2457132438e+02
+1.3336704969e+02, -2.2526639490e+02
+1.3158890833e+02, -2.2595085628e+02
+1.2981206070e+02, -2.2662477991e+02
+1.2803647892e+02, -2.2728823548e+02
+1.2626213568e+02, -2.2794129097e+02
+1.2448900419e+02, -2.2858401272e+02
+1.2271705820e+02, -2.2921646543e+02
+1.2094627194e+02, -2.2983871225e+02
+1.1917662016e+02, -2.3045081481e+02
+1.1740807806e+02, -2.3105283321e+02
+1.1564062129e+02, -2.3164482611e+02
+1.1387422597e+02, -2.3222685074e+02
+1.1210886862e+02, -2.3279896292e+02
+1.1034452620e+02, -2.3336121712e+02
+1.0858117605e+02, -2.3391366647e+02
+1.0681879591e+02, -2.3445636280e+02
+1.0505736389e+02, -2.3498935667e+02
+1.0329685848e+02, -2.3551269736e+02
+1.0153725852e+02, -2.3602643298e+02
+9.9778543164e+01, -2.3653061038e+02
+9.8020691935e+01, -2.3702527529e+02
+9.6263684658e+01, -2.3751047226e+02
+9.4507501473e+01, -2.3798624473e+02
+9.2752122821e+01, -2.3845263501e+02
+9.0997529433e+01, -2.3890968436e+02
+8.9243702327e+01, -2.3935743294e+02
+8.7490622790e+01, -2.3979591990e+02
+8.5738272376e+01, -2.4022518335e+02
+8.3986632895e+01, -2.4064526038e+02
+8.2235686406e+01, -2.4105618711e+02
+8.0485415208e+01, -2.4145799869e+02
+7.8735801831e+01, -2.4185072929e+02
+7.6986829033e+01, -2.4223441218e+02
+7.5238479787e+01, -2.4260907966e+02
+7.3490737278e+01, -2.4297476315e+02
+7.1743584894e+01, -2.4333149317e+02
+6.9997006220e+01, -2.4367929935e+02
+6.8250985031e+01, -2.4401821046e+02
+6.6505505286e+01, -2.4434825441e+02
+6.4760551121e+01, -2.4466945826e+02
+6.3016106844e+01, -2.4498184826e+02
+6.1272156928e+01, -2.4528544981e+02
+5.9528686004e+01, -2.4558028753e+02
+5.7785678859e+01, -2.4586638522e+02
+5.6043120426e+01, -2.4614376589e+02
+5.4300995782e+01, -2.4641245178e+02
+5.2559290140e+01, -2.4667246437e+02
+5.0817988847e+01, -2.4692382435e+02
+4.9077077374e+01, -2.4716655169e+02
+4.7336541316e+01, -2.4740066560e+02
+4.5596366382e+01, -2.4762618455e+02
+4.3856538396e+01, -2.4784312628e+02
+4.2117043287e+01, -2.4805150783e+02
+4.0377867086e+01, -2.4825134550e+02
+3.8638995924e+01, -2.4844265489e+02
+3.6900416022e+01, -2.4862545091e+02
+3.5162113693e+01, -2.4879974776e+02
+3.3424075330e+01, -2.4896555895e+02
+3.1686287411e+01, -2.4912289732e+02
+2.9948736485e+01, -2.4927177501e+02
+2.8211409175e+01, -2.4941220350e+02
+2.6474292169e+01, -2.4954419360e+02
+2.4737372221e+01, -2.4966775544e+02
+2.3000636141e+01, -2.4978289851e+02
+2.1264070794e+01, -2.4988963161e+02
+1.9527663098e+01, -2.4998796291e+02
+1.7791400017e+01, -2.5007789993e+02
+1.6055268555e+01, -2.5015944951e+02
+1.4319255760e+01, -2.5023261789e+02
+1.2583348710e+01, -2.5029741063e+02
+1.0847534519e+01, -2.5035383266e+02
+9.1118003243e+00, -2.5040188827e+02
+7.3761332893e+00, -2.5044158111e+02
+5.6405205962e+00, -2.5047291419e+02
+3.9049494435e+00, -2.5049588990e+02
+2.1694070417e+00, -2.5051050997e+02
+4.3388060990e-01, -2.5051677552e+02
-1.3016426281e+00, -2.5051468701e+02
-3.0371754477e+00, -2.5050424430e+02
-4.7727306269e+00, -2.5048544659e+02
-6.5083209504e+00, -2.5045829246e+02
-8.2439592134e+00, -2.5042277983e+02
-9.9796582248e+00, -2.5037890602e+02
-1.1715430812e+01, -2.5032666770e+02
-1.3451289823e+01, -2.5026606089e+02
-1.5187248132e+01, -2.5019708099e+02
-1.6923318644e+01, -2.5011972274e+02
-1.8659514294e+01, -2.5003398026e+02
-2.0395848056e+01, -2.4993984700e+02
-2.2132332944e+01, -2.4983731578e+02
-2.3868982019e+01, -2.4972637876e+02
-2.5605808389e+01, -2.4960702745e+02
-2.7342825213e+01, -2.4947925270e+02
-2.9080045712e+01, -2.4934304472e+02
-3.0817483162e+01, -2.4919839302e+02
-3.2555150908e+01, -2.4904528646e+02
-3.4293062363e+01, -2.4888371324e+02
-3.6031231013e+01, -2.4871366087e+02
-3.7769670423e+01, -2.4853511617e+02
-3.9508394238e+01, -2.4834806528e+02
-4.1247416192e+01, -2.4815249366e+02
-4.2986750107e+01, -2.4794838604e+02
-4.4726409902e+01, -2.4773572649e+02
-4.6466409597e+01, -2.4751449832e+02
-4.8206763314e+01, -2.4728468415e+02
-4.9947485286e+01, -2.4704626589e+02
-5.1688589861e+01, -2.4679922467e+02
-5.3430091505e+01, -2.4654354092e+02
-5.5172004807e+01, -2.4627919432e+02
-5.6914344489e+01, -2.4600616377e+02
-5.8657125404e+01, -2.4572442742e+02
-6.0400362546e+01, -2.4543396265e+02
-6.2144071055e+01, -2.4513474604e+02
-6.3888266221e+01, -2.4482675338e+02
-6.5632963491e+01, -2.4450995969e+02
-6.7378178474e+01, -2.4418433911e+02
-6.9123926947e+01, -2.4384986502e+02
-7.0870224862e+01, -2.4350650992e+02
-7.2617088351e+01, -2.4315424547e+02
-7.4364533733e+01, -2.4279304247e+02
-7.6112577522e+01, -2.4242287086e+02
-7.7861236429e+01, -2.4204369966e+02
-7.9610527375e+01, -2.4165549701e+02
-8.1360467493e+01, -2.4125823014e+02
-8.3111074138e+01, -2.4085186531e+02
-8.4862364896e+01, -2.4043636788e+02
-8.6614357585e+01, -2.4001170222e+02
-8.8367070271e+01, -2.3957783172e+02
-9.0120521271e+01, -2.3913471877e+02
-9.1874729162e+01, -2.3868232476e+02
-9.3629712791e+01, -2.3822061004e+02
-9.5385491283e+01, -2.3774953389e+02
-9.7142084051e+01, -2.3726905453e+02
-9.8899510802e+01, -2.3677912909e+02
-1.0065779155e+02, -2.3627971357e+02
-1.0241694663e+02, -2.3577076285e+02
-1.0417699669e+02, -2.3525223063e+02
-1.0593796274e+02, -2.3472406943e+02
-1.0769986610e+02, -2.3418623057e+02
-1.0946272849e+02, -2.3363866413e+02
-1.1122657197e+02, -2.3308131891e+02
-1.1299141900e+02, -2.3251414245e+02
-1.1475729243e+02, -2.3193708094e+02
-1.1652421551e+02, -2.3135007924e+02
-1.1829221193e+02, -2.3075308083e+02
-1.2006130581e+02, -2.3014602777e+02
-1.2183152169e+02, -2.2952886069e+02
-1.2360288463e+02, -2.2890151872e+02
-1.2537542012e+02, -2.2826393948e+02
-1.2714915417e+02, -2.2761605905e+02
-1.2892411330e+02, -2.2695781192e+02
-1.3070032455e+02, -2.2628913092e+02
-1.3247781553e+02, -2.2560994723e+02
-1.3425661439e+02, -2.2492019032e+02
-1.3603674988e+02, -2.2421978788e+02
-1.3781825134e+02, -2.2350866580e+02
-1.3960114876e+02, -2.2278674812e+02
-1.4138547277e+02, -2.2205395696e+02
-1.4317125464e+02, -2.2131021249e+02
-1.4495852638e+02, -2.2055543285e+02
-1.4674732069e+02, -2.1978953412e+02
-1.4853767101e+02, -2.1901243024e+02
-1.5032961157e+02, -2.1822403297e+02
-1.5212317738e+02, -2.1742425180e+02
-1.5391840427e+02, -2.1661299389e+02
-1.5571532895e+02, -2.1579016401e+02
-1.5751398901e+02, -2.1495566446e+02
-1.5931442293e+02, -2.1410939500e+02
-1.6111667019e+02, -2.1325125274e+02
-1.6292077123e+02, -2.1238113210e+02
-1.6472676753e+02, -2.1149892471e+02
-1.6653470162e+02, -2.1060451929e+02
-1.6834461715e+02, -2.0969780160e+02
-1.7015655894e+02, -2.0877865429e+02
-1.7197057296e+02, -2.0784695683e+02
-1.7378670646e+02, -2.0690258542e+02
-1.7560500798e+02, -2.0594541281e+02
-1.7742552737e+02, -2.0497530824e+02
-1.7924831593e+02, -2.0399213728e+02
-1.8107342637e+02, -2.0299576173e+02
-1.8290091294e+02, -2.0198603943e+02
-1.8473083148e+02, -2.0096282417e+02
-1.8656323944e+02, -1.9992596550e+02
-1.8839819603e+02, -1.9887530860e+02
-1.9023576223e+02, -1.9781069405e+02
-1.9207600088e+02, -1.9673195775e+02
-1.9391897679e+02, -1.9563893062e+02
-1.9576475681e+02, -1.9453143849e+02
-1.9761340991e+02, -1.9340930185e+02
-1.9946500730e+02, -1.9227233563e+02
-2.0131962251e+02, -1.9112034899e+02
-2.0317733153e+02, -1.8995314504e+02
-2.0503821289e+02, -1.8877052062e+02
-2.0690234782e+02, -1.8757226597e+02
-2.0876982034e+02, -1.8635816450e+02
-2.1064071743e+02, -1.8512799243e+02
-2.1251512918e+02, -1.8388151850e+02
-2.1439314890e+02, -1.8261850358e+02
-2.1627487335e+02, -1.8133870035e+02
-2.1816040288e+02, -1.8004185286e+02
-2.2004984163e+02, -1.7872769613e+02
-2.2194329773e+02, -1.7739595570e+02
-2.2384088352e+02, -1.7604634717e+02
-2.2574271578e+02, -1.7467857566e+02
-2.2764891597e+02, -1.7329233528e+02
-2.2955961053e+02, -1.7188730857e+02
-2.3147493111e+02, -1.7046316582e+02
-2.3339501494e+02, -1.6901956446e+02
-2.3532000512e+02, -1.6755614832e+02
-2.3725005098e+02, -1.6607254685e+02
-2.3918530849e+02, -1.6456837428e+02
-2.4112594064e+02, -1.6304322877e+02
-2.4307211792e+02, -1.6149669140e+02
-2.4502401880e+02, -1.5992832515e+02
-2.4698183024e+02, -1.5833767374e+02
-2.4894574831e+02, -1.5672426046e+02
-2.5091597875e+02, -1.5508758679e+02
-2.5289273771e+02, -1.5342713101e+02
-2.5487625246e+02, -1.5174234655e+02
-2.5686676220e+02, -1.5003266037e+02
-2.5886451900e+02, -1.4829747100e+02
-2.6086978871e+02, -1.4653614658e+02
-2.6288285208e+02, -1.4474802250e+02
-2.6490400594e+02, -1.4293239903e+02
-2.6693356451e+02, -1.4108853853e+02
-2.6897186085e+02, -1.3921566247e+02
-2.7101924845e+02, -1.3731294811e+02
-2.7307610306e+02, -1.3537952475e+02
-2.7514282466e+02, -1.3341446969e+02
-2.7721983973e+02, -1.3141680362e+02
-2.7930760372e+02, -1.2938548547e+02
-2.8140660389e+02, -1.2731940668e+02
-2.8351736251e+02, -1.2521738473e+02
-2.8564044046e+02, -1.2307815579e+02
-2.8777644135e+02, -1.2090036647e+02
-2.8992601619e+02, -1.1868256435e+02
-2.9208986879e+02, -1.1642318721e+02
-2.9426876191e+02, -1.1412055068e+02
-2.9646352444e+02, -1.1177283392e+02
-2.9867505970e+02, -1.0937806319e+02
-3.0090435516e+02, -1.0693409252e+02
-3.0315249383e+02, -1.0443858125e+02
-3.0542066778e+02, -1.0188896744e+02
-3.0771019414e+02, -9.9282436420e+01
-3.1002253440e+02, -9.6615883149e+01
-3.1235931760e+02, -9.3885866964e+01
-3.1472236867e+02, -9.1088556604e+01
-3.1711374323e+02, -8.8219662860e+01
-3.1953577084e+02, -8.5274355205e+01
-3.2199110939e+02, -8.2247157420e+01
-3.2448281418e+02, -7.9131815278e+01
-3.2701442721e+02, -7.5921126457e+01
-3.7370859489e+02, +1.2276985785e+02
-3.7715128284e+02, +1.2059819780e+02
-4.7522225496e+02, +7.9742017406e+01
-4.7072301899e+02, +8.0792155755e+01
-4.6621665310e+02, +8.1902732157e+01
-3.9160269560e+02, +1.1193800234e+02
-3.9539490010e+02, +1.0980272513e+02
-3.9926095819e+02, +1.0769024522e+02
-4.0320085162e+02, +1.0560667363e+02
-4.0721381659e+02, +1.0355833869e+02
-4.1129835056e+02, +1.0155162532e+02
-4.1545244373e+02, +9.9592765057e+01
-4.1967490787e+02, +9.7687533724e+01
-4.2398726494e+02, +9.5845044022e+01
-4.2181372955e+02, +9.6756752624e+01
-4.1755489486e+02, +9.8633184859e+01
-4.0924710479e+02, +1.0254945807e+02
           NaN, -7.8497236636e+02
           NaN, -8.1506080365e+02
           NaN, -8.4420536868e+02
           NaN, -8.7243419830e+02
           NaN, -8.9977325473e+02
           NaN, -9.2624684061e+02
           NaN, -9.5187798742e+02
           NaN, -9.7668875320e+02
           NaN, -1.0007004435e+03
           NaN, -1.0239337790e+03
           NaN, -1.0464090190e+03
           NaN, -1.0681460484e+03
           NaN, -1.0891644435e+03
           NaN, -1.1094835133e+03
           NaN, -1.1291223258e+03
           NaN, -1.1480997236e+03
           NaN, -1.1664343291e+03
           NaN, -1.1841445422e+03
           NaN, -1.2012485387e+03
           NaN, -1.2177642535e+03
           NaN, -1.2337093753e+03
           NaN, -1.2491013325e+03
           NaN, -1.2639572744e+03
           NaN, -1.2782940639e+03
           NaN, -1.2921282608e+03
           NaN, -1.3054761117e+03
           NaN, -1.3183535367e+03
           NaN, -1.3307761172e+03
           NaN, -1.3427590935e+03
           NaN, -1.3543173502e+03
           NaN, -1.3654654128e+03
           NaN, -1.3762174449e+03
-2.7715285356e+02, +1.8849777346e+02
           NaN, -1.3965882196e+03
-2.7254507130e+02, +1.9145734296e+02
-2.7025961217e+02, +1.9291059969e+02
-2.6798588442e+02, +1.9434646392e+02
-2.6572349490e+02, +1.9576515108e+02
-2.6347206848e+02, +1.9716687302e+02
-2.6123124706e+02, +1.9855183793e+02
-2.5900068851e+02, +1.9992025020e+02
-2.5678006582e+02, +2.0127231043e+02
-2.5456906620e+02, +2.0260821531e+02
-2.5236739030e+02, +2.0392815767e+02
-2.5017475145e+02, +2.0523232643e+02
-2.4799087497e+02, +2.0652090664e+02
-2.4581549755e+02, +2.0779407948e+02
-2.4364836656e+02, +2.0905202231e+02
-2.4148923959e+02, +2.1029490868e+02
-2.3933788381e+02, +2.1152290842e+02
-2.3719407555e+02, +2.1273618767e+02
-2.3505759977e+02, +2.1393490890e+02
-2.3292824967e+02, +2.1511923105e+02
-2.3080582625e+02, +2.1628930953e+02
-2.2869013792e+02, +2.1744529628e+02
-2.2658100015e+02, +2.1858733990e+02
-2.2447823511e+02, +2.1971558565e+02
-2.2238167134e+02, +2.2083017554e+02
-2.2029114350e+02, +2.2193124844e+02
-2.1820649201e+02, +2.2301894006e+02
-2.1612756281e+02, +2.2409338312e+02
-2.1405420712e+02, +2.2515470735e+02
-2.1198628119e+02, +2.2620303955e+02
-2.0992364606e+02, +2.2723850373e+02
           NaN, -1.5807034445e+03
           NaN, -1.5839596441e+03
           NaN, -1.5871103683e+03
           NaN, -1.5901595414e+03
           NaN, -1.5931109317e+03
-1.9765171270e+02, +2.3318766211e+02
           NaN, -1.5987346931e+03
-1.9359778109e+02, +2.3507296081e+02
-1.9157720344e+02, +2.3599775540e+02
-1.8956074869e+02, +2.3691077959e+02
-1.8754831869e+02, +2.3781213021e+02
-1.8553981810e+02, +2.3870190197e+02
           NaN, -1.6136072866e+03
           NaN, -1.6158253425e+03
           NaN, -1.6179759659e+03
           NaN, -1.6200615622e+03
           NaN, -1.6220844471e+03
           NaN, -1.6240468429e+03
           NaN, -1.6259508832e+03
           NaN, -1.6277986148e+03
           NaN, -1.6295920061e+03
           NaN, -1.6313329459e+03
           NaN, -1.6330232504e+03
           NaN, -1.6346646596e+03
           NaN, -1.6362588492e+03
           NaN, -1.6378074267e+03
           NaN, -1.6393119346e+03
           NaN, -1.6407738600e+03
           NaN, -1.6421946258e+03
           NaN, -1.6435756047e+03
           NaN, -1.6449181100e+03
           NaN, -1.6462234089e+03
           NaN, -1.6474927176e+03
           NaN, -1.6487272057e+03
           NaN, -1.6499279932e+03
           NaN, -1.6510961659e+03
           NaN, -1.6522327603e+03
           NaN, -1.6533387752e+03
           NaN, -1.6544151723e+03
           NaN, -1.6554628767e+03
           NaN, -1.6564827777e+03
           NaN, -1.6574757310e+03
-3.7461417908e+02, -5.8021016742e+00
-3.6847401115e+02, -1.6014918059e+01
-3.6383337143e+02, -2.3480172017e+01
-3.5979800696e+02, -2.9801914030e+01
-3.5612071312e+02, -3.5429887184e+01
-3.5268888917e+02, -4.0571407601e+01
-3.4943951976e+02, -4.5343750242e+01
-3.4633294089e+02, -4.9821469464e+01
-3.4334219025e+02, -5.4055720552e+01
-3.4044791236e+02, -5.8083553421e+01
-3.3763563409e+02, -6.1932908000e+01
-3.3489418463e+02, -6.5625525448e+01
-3.3221472058e+02, -6.9178752915e+01
-3.2959009417e+02, -7.2606718390e+01
-3.2701442721e+02, -7.5921126457e+01
-3.2448281418e+02, -7.9131815278e+01
-3.2199110939e+02, -8.2247157420e+01
-3.1953577084e+02, -8.5274355205e+01
-3.1711374323e+02, -8.8219662860e+01
-3.1472236867e+02, -9.1088556604e+01
-3.1235931760e+02, -9.3885866964e+01
-3.1002253440e+02, -9.6615883149e+01
-3.0771019414e+02, -9.9282436420e+01
-3.0542066778e+02, -1.0188896744e+02
-3.0315249383e+02, -1.0443858125e+02
-3.0090435516e+02, -1.0693409252e+02
-2.9867505970e+02, -1.0937806319e+02
-2.9646352444e+02, -1.1177283392e+02
-2.9426876191e+02, -1.1412055068e+02
-2.9208986879e+02, -1.1642318721e+02
-2.8992601619e+02, -1.1868256435e+02
-2.8777644135e+02, -1.2090036647e+02
-2.8564044046e+02, -1.2307815579e+02
-2.8351736251e+02, -1.2521738473e+02
-2.8140660389e+02, -1.2731940668e+02
-2.7930760372e+02, -1.2938548547e+02
-2.7721983973e+02, -1.3141680362e+02
-2.7514282466e+02, -1.3341446969e+02
-2.7307610306e+02, -1.3537952475e+02
-2.7101924845e+02, -1.3731294811e+02
-2.6897186085e+02, -1.3921566247e+02
-2.6693356451e+02, -1.4108853853e+02
-2.6490400594e+02, -1.4293239903e+02
-2.6288285208e+02, -1.4474802250e+02
-2.6086978871e+02, -1.4653614658e+02
-2.5886451900e+02, -1.4829747100e+02
-2.5686676220e+02, -1.5003266037e+02
-2.5487625246e+02, -1.5174234655e+02
-2.5289273771e+02, -1.5342713101e+02
-2.5091597875e+02, -1.5508758679e+02
-2.4894574831e+02, -1.5672426046e+02
-2.4698183024e+02, -1.5833767374e+02
-2.4502401880e+02, -1.5992832515e+02
-2.4307211792e+02, -1.6149669140e+02
-2.4112594064e+02, -1.6304322877e+02
-2.3918530849e+02, -1.6456837428e+02
-2.3725005098e+02, -1.6607254685e+02
-2.3532000512e+02, -1.6755614832e+02
-2.3339501494e+02, -1.6901956446e+02
-2.3147493111e+02, -1.7046316582e+02
-2.2955961053e+02, -1.7188730857e+02
-2.2764891597e+02, -1.7329233528e+02
-2.2574271578e+02, -1.7467857566e+02
-2.2384088352e+02, -1.7604634717e+02
-2.2194329773e+02, -1.7739595570e+02
-2.2004984163e+02, -1.7872769613e+02
-2.1816040288e+02, -1.8004185286e+02
-2.1627487335e+02, -1.8133870035e+02
-2.1439314890e+02, -1.8261850358e+02
-2.1251512918e+02, -1.8388151850e+02
-2.1064071743e+02, -1.8512799243e+02
-2.0876982034e+02, -1.8635816450e+02
-2.0690234782e+02, -1.8757226597e+02
-2.0503821289e+02, -1.8877052062e+02
-2.0317733153e+02, -1.8995314504e+02
-2.0131962251e+02, -1.9112034899e+02
-1.9946500730e+02, -1.9227233563e+02
-1.9761340991e+02, -1.9340930185e+02
-1.9576475681e+02, -1.9453143849e+02
-1.9391897679e+02, -1.9563893062e+02
-1.9207600088e+02, -1.9673195775e+02
-1.9023576223e+02, -1.9781069405e+02
-1.8839819603e+02, -1.9887530860e+02
-1.8656323944e+02, -1.9992596550e+02
-1.8473083148e+02, -2.0096282417e+02
-1.8290091294e+02, -2.0198603943e+02
-1.8107342637e+02, -2.0299576173e+02
-1.7924831593e+02, -2.0399213728e+02
-1.7742552737e+02, -2.0497530824e+02
-1.7560500798e+02, -2.0594541281e+02
-1.7378670646e+02, -2.0690258542e+02
-1.7197057296e+02, -2.0784695683e+02
-1.7015655894e+02, -2.0877865429e+02
-1.6834461715e+02, -2.0969780160e+02
-1.6653470162e+02, -2.1060451929e+02
-1.6472676753e+02, -2.1149892471e+02
-1.6292077123e+02, -2.1238113210e+02
-1.6111667019e+02, -2.1325125274e+02
-1.5931442293e+02, -2.1410939500e+02
-1.5751398901e+02, -2.1495566446e+02
-1.5571532895e+02, -2.1579016401e+02
-1.5391840427e+02, -2.1661299389e+02
-1.5212317738e+02, -2.1742425180e+02
-1.5032961157e+02, -2.1822403297e+02
-1.4853767101e+02, -2.1901243024e+02
-1.4674732069e+02, -2.1978953412e+02
-1.4495852638e+02, -2.2055543285e+02
-1.4317125464e+02, -2.2131021249e+02
-1.4138547277e+02, -2.2205395696e+02
-1.3960114876e+02, -2.2278674812e+02
-1.3781825134e+02, -2.2350866580e+02
-1.3603674988e+02, -2.2421978788e+02
-1.3425661439e+02, -2.2492019032e+02
-1.3247781553e+02, -2.2560994723e+02
-1.3070032455e+02, -2.2628913092e+02
-1.2892411330e+02, -2.2695781192e+02
-1.2714915417e+02, -2.2761605905e+02
-1.2537542012e+02, -2.2826393948e+02
-1.2360288463e+02, -2.2890151872e+02
-1.2183152169e+02, -2.2952886069e+02
-1.2006130581e+02, -2.3014602777e+02
-1.1829221193e+02, -2.3075308083e+02
-1.1652421551e+02, -2.3135007924e+02
-1.1475729243e+02, -2.3193708094e+02
-1.1299141900e+02, -2.3251414245e+02
-1.1122657197e+02, -2.3308131891e+02
-1.0946272849e+02, -2.3363866413e+02
-1.0769986610e+02, -2.3418623057e+02
-1.0593796274e+02, -2.3472406943e+02
-1.0417699669e+02, -2.3525223063e+02
-1.0241694663e+02, -2.3577076285e+02
-1.0065779155e+02, -2.3627971357e+02
-9.8899510802e+01, -2.3677912909e+02
-9.7142084051e+01, -2.3726905453e+02
-9.5385491283e+01, -2.3774953389e+02
-9.3629712791e+01, -2.3822061004e+02
-9.1874729162e+01, -2.3868232476e+02
-9.0120521271e+01, -2.3913471877e+02
-8.8367070271e+01, -2.3957783172e+02
-8.6614357585e+01, -2.4001170222e+02
-8.4862364896e+01, -2.4043636788e+02
-8.3111074138e+01, -2.4085186531e+02
-8.1360467493e+01, -2.4125823014e+02
-7.9610527375e+01, -2.4165549701e+02
-7.7861236429e+01, -2.4204369966e+02
-7.6112577522e+01, -2.4242287086e+02
-7.4364533733e+01, -2.4279304247e+02
-7.2617088351e+01, -2.4315424547e+02
-7.0870224862e+01, -2.4350650992e+02
-6.9123926947e+01, -2.4384986502e+02
-6.7378178474e+01, -2.4418433911e+02
-6.5632963491e+01, -2.4450995969e+02
-6.3888266221e+01, -2.4482675338e+02
-6.2144071055e+01, -2.4513474604e+02
-6.0400362546e+01, -2.4543396265e+02
-5.8657125404e+01, -2.4572442742e+02
-5.6914344489e+01, -2.4600616377e+02
-5.5172004807e+01, -2.4627919432e+02
-5.3430091505e+01, -2.4654354092e+02
-5.1688589861e+01, -2.4679922467e+02
-4.9947485286e+01, -2.4704626589e+02
-4.8206763314e+01, -2.4728468415e+02
-4.6466409597e+01, -2.4751449832e+02
-4.4726409902e+01, -2.4773572649e+02
-4.2986750107e+01, -2.4794838604e+02
-4.1247416192e+01, -2.4815249366e+02
-3.9508394238e+01, -2.4834806528e+02
-3.7769670423e+01, -2.4853511617e+02
-3.6031231013e+01, -2.4871366087e+02
-3.4293062363e+01, -2.4888371324e+02
-3.2555150908e+01, -2.4904528646e+02
-3.0817483162e+01, -2.4919839302e+02
-2.9080045712e+01, -2.4934304472e+02
-2.7342825213e+01, -2.4947925270e+02
-2.5605808389e+01, -2.4960702745e+02
-2.3868982019e+01, -2.4972637876e+02
-2.2132332944e+01, -2.4983731578e+02
-2.0395848056e+01, -2.4993984700e+02
-1.8659514294e+01, -2.5003398026e+02
-1.6923318644e+01, -2.5011972274e+02
-1.5187248132e+01, -2.5019708099e+02
-1.3451289823e+01, -2.5026606089e+02
-1.1715430812e+01, -2.5032666770e+02
-9.9796582248e+00, -2.5037890602e+02
-8.2439592134e+00, -2.5042277983e+02
-6.5083209504e+00, -2.5045829246e+02
-4.7727306269e+00, -2.5048544659e+02
-3.0371754477e+00, -2.5050424430e+02
-1.3016426281e+00, -2.5051468701e+02
+4.3388060990e-01, -2.5051677552e+02
+2.1694070417e+00, -2.5051050997e+02
+3.9049494435e+00, -2.5049588990e+02
+5.6405205962e+00, -2.5047291419e+02
+7.3761332893e+00, -2.5044158111e+02
+9.1118003243e+00, -2.5040188827e+02
+1.0847534519e+01, -2.5035383266e+02
+1.2583348710e+01, -2.5029741063e+02
+1.4319255760e+01, -2.5023261789e+02
+1.6055268555e+01, -2.5015944951e+02
+1.7791400017e+01, -2.5007789993e+02
+1.9527663098e+01, -2.4998796291e+02
+2.1264070794e+01, -2.4988963161e+02
+2.3000636141e+01, -2.4978289851e+02
+2.4737372221e+01, -2.4966775544e+02
+2.6474292169e+01, -2.4954419360e+02
+2.8211409175e+01, -2.4941220350e+02
+2.9948736485e+01, -2.4927177501e+02
+3.1686287411e+01, -2.4912289732e+02
+3.3424075330e+01, -2.4896555895e+02
+3.5162113693e+01, -2.4879974776e+02
+3.6900416022e+01, -2.4862545091e+02
+3.8638995924e+01, -2.4844265489e+02
+4.0377867086e+01, -2.4825134550e+02
+4.2117043287e+01, -2.4805150783e+02
+4.3856538396e+01, -2.4784312628e+02
+4.5596366382e+01, -2.4762618455e+02
+4.7336541316e+01, -2.4740066560e+02
+4.9077077374e+01, -2.4716655169e+02
+5.0817988847e+01, -2.4692382435e+02
+5.2559290140e+01, -2.4667246437e+02
+5.4300995782e+01, -2.4641245178e+02
+5.6043120426e+01, -2.4614376589e+02
+5.7785678859e+01, -2.4586638522e+02
+5.9528686004e+01, -2.4558028753e+02
+6.1272156928e+01, -2.4528544981e+02
+6.3016106844e+01, -2.4498184826e+02
+6.4760551121e+01, -2.4466945826e+02
+6.6505505286e+01, -2.4434825441e+02
+6.8250985031e+01, -2.4401821046e+02
+6.9997006220e+01, -2.4367929935e+02
+7.1743584894e+01, -2.4333149317e+02
+7.3490737278e+01, -2.4297476315e+02
+7.5238479787e+01, -2.4260907966e+02
+7.6986829033e+01, -2.4223441218e+02
+7.8735801831e+01, -2.4185072929e+02
+8.0485415208e+01, -2.4145799869e+02
+8.2235686406e+01, -2.4105618711e+02
+8.3986632895e+01, -2.4064526038e+02
+8.5738272376e+01, -2.4022518335e+02
+8.7490622790e+01, -2.3979591990e+02
+8.9243702327e+01, -2.3935743294e+02
+9.0997529433e+01, -2.3890968436e+02
+9.2752122821e+01, -2.3845263501e+02
+9.4507501473e+01, -2.3798624473e+02
+9.6263684658e+01, -2.3751047226e+02
+9.8020691935e+01, -2.3702527529e+02
+9.9778543164e+01, -2.3653061038e+02
+1.0153725852e+02, -2.3602643298e+02
+1.0329685848e+02, -2.3551269736e+02
+1.0505736389e+02, -2.3498935667e+02
+1.0681879591e+02, -2.3445636280e+02
+1.0858117605e+02, -2.3391366647e+02
+1.1034452620e+02, -2.3336121712e+02
+1.1210886862e+02, -2.3279896292e+02
+1.1387422597e+02, -2.3222685074e+02
+1.1564062129e+02, -2.3164482611e+02
+1.1740807806e+02, -2.3105283321e+02
+1.1917662016e+02, -2.3045081481e+02
+1.2094627194e+02, -2.2983871225e+02
+1.2271705820e+02, -2.2921646543e+02
+1.2448900419e+02, -2.2858401272e+02
+1.2626213568e+02, -2.2794129097e+02
+1.2803647892e+02, -2.2728823548e+02
+1.2981206070e+02, -2.2662477991e+02
+1.3158890833e+02, -2.2595085628e+02
+1.3336704969e+02, -2.2526639490e+02
+1.3514651323e+02, -2.2457132438e+02
+1.3692732800e+02, -2.2386557150e+02
+1.3870952366e+02, -2.2314906123e+02
+1.4049313050e+02, -2.2242171667e+02
+1.4227817949e+02, -2.2168345896e+02
+1.4406470225e+02, -2.2093420726e+02
+1.4585273114e+02, -2.2017387869e+02
+1.4764229923e+02, -2.1940238828e+02
+1.4943344034e+02, -2.1861964888e+02
+1.5122618910e+02, -2.1782557112e+02
+1.5302058091e+02, -2.1702006333e+02
+1.5481665206e+02, -2.1620303149e+02
+1.5661443968e+02, -2.1537437915e+02
+1.5841398179e+02, -2.1453400734e+02
+1.6021531739e+02, -2.1368181450e+02
+1.6201848642e+02, -2.1281769642e+02
+1.6382352984e+02, -2.1194154614e+02
+1.6563048964e+02, -2.1105325383e+02
+1.6743940893e+02, -2.1015270674e+02
+1.6925033192e+02, -2.0923978910e+02
+1.7106330400e+02, -2.0831438199e+02
+1.7287837178e+02, -2.0737636324e+02
+1.7469558313e+02, -2.0642560735e+02
+1.7651498727e+02, -2.0546198533e+02
+1.7833663475e+02, -2.0448536461e+02
+1.8016057756e+02, -2.0349560887e+02
+1.8198686919e+02, -2.0249257796e+02
+1.8381556466e+02, -2.0147612772e+02
+1.8564672062e+02, -2.0044610983e+02
+1.8748039539e+02, -1.9940237168e+02
+1.8931664905e+02, -1.9834475617e+02
+1.9115554349e+02, -1.9727310157e+02
+1.9299714255e+02, -1.9618724130e+02
+1.9484151203e+02, -1.9508700377e+02
+1.9668871983e+02, -1.9397221216e+02
+1.9853883603e+02, -1.9284268422e+02
+2.0039193299e+02, -1.9169823202e+02
+2.0224808545e+02, -1.9053866173e+02
+2.0410737066e+02, -1.8936377334e+02
+2.0596986848e+02, -1.8817336044e+02
+2.0783566152e+02, -1.8696720990e+02
+2.0970483526e+02, -1.8574510156e+02
+2.1157747822e+02, -1.8450680795e+02
+2.1345368207e+02, -1.8325209392e+02
+2.1533354185e+02, -1.8198071630e+02
+2.1721715606e+02, -1.8069242348e+02
+2.1910462694e+02, -1.7938695507e+02
+2.2099606059e+02, -1.7806404141e+02
+2.2289156722e+02, -1.7672340313e+02
+2.2479126136e+02, -1.7536475064e+02
+2.2669526210e+02, -1.7398778364e+02
+2.2860369335e+02, -1.7259219053e+02
+2.3051668412e+02, -1.7117764780e+02
+2.3243436882e+02, -1.6974381940e+02
+2.3435688756e+02, -1.6829035605e+02
+2.3628438650e+02, -1.6681689449e+02
+2.3821701826e+02, -1.6532305668e+02
+2.4015494226e+02, -1.6380844892e+02
+2.4209832517e+02, -1.6227266095e+02
+2.4404734143e+02, -1.6071526494e+02
+2.4600217367e+02, -1.5913581439e+02
+2.4796301333e+02, -1.5753384296e+02
+2.4993006123e+02, -1.5590886322e+02
+2.5190352823e+02, -1.5426036522e+02
+2.5388363595e+02, -1.5258781504e+02
+2.5587061751e+02, -1.5089065308e+02
+2.5786471844e+02, -1.4916829234e+02
+2.5986619755e+02, -1.4742011642e+02
+2.6187532802e+02, -1.4564547737e+02
+2.6389239848e+02, -1.4384369337e+02
+2.6591771428e+02, -1.4201404607e+02
+2.6795159887e+02, -1.4015577779e+02
+2.6999439530e+02, -1.3826808833e+02
+2.7204646797e+02, -1.3635013145e+02
+2.7410820448e+02, -1.3440101101e+02
+2.7618001776e+02, -1.3241977659e+02
+2.7826234844e+02, -1.3040541869e+02
+2.8035566750e+02, -1.2835686325e+02
+2.8246047929e+02, -1.2627296559e+02
+2.8457732489e+02, -1.2415250352e+02
+2.8670678602e+02, -1.2199416951e+02
+2.8884948935e+02, -1.1979656194e+02
+2.9100611156e+02, -1.1755817491e+02
+2.9317738512e+02, -1.1527738679e+02
+2.9536410489e+02, -1.1295244689e+02
+2.9756713586e+02, -1.1058146015e+02
+2.9978742210e+02, -1.0816236929e+02
+3.0202599732e+02, -1.0569293405e+02
+3.0428399721e+02, -1.0317070675e+02
+3.0656267420e+02, -1.0059300335e+02
+3.0886341495e+02, -9.7956869149e+01
+3.1118776154e+02, -9.5259037499e+01
+3.1353743704e+02, -9.2495880010e+01
+3.1591437691e+02, -8.9663345769e+01
+3.1832076771e+02, -8.6756886508e+01
+3.2075909554e+02, -8.3771363454e+01
+3.2323220725e+02, -8.0700930011e+01
+3.2574338881e+02, -7.7538882021e+01
+3.7201118507e+02, +1.2385403729e+02
+3.7542185540e+02, +1.2168444022e+02
+3.7889718504e+02, +1.1951157288e+02
+4.7297373425e+02, +8.0259727802e+01
+4.6847051250e+02, +8.1339695400e+01
+3.4188398884e+02, -5.6093520650e+01
+3.9348959250e+02, +1.1086788397e+02
+3.9731868171e+02, +1.0874326026e+02
+4.0122170528e+02, +1.0664445378e+02
+4.0519827772e+02, +1.0457770167e+02
+4.0924725687e+02, +1.0254938334e+02
+4.1336682973e+02, +1.0056583732e+02
+4.1755505206e+02, +9.8633113921e+01
+4.2181388968e+02, +9.6756683891e+01
+3.4482443562e+02, -5.1966454489e+01
+4.1967474936e+02, +9.7687603591e+01
+4.1545228780e+02, +9.9592837020e+01
+4.0721366583e+02, +1.0355841422e+02
           NaN, -8.0013642999e+02
           NaN, -8.2974925363e+02
           NaN, -8.5843258328e+02
           NaN, -8.8621339554e+02
           NaN, -9.1311676604e+02
           NaN, -9.3916632046e+02
           NaN, -9.6438457072e+02
           NaN, -9.8879317585e+02
           NaN, -1.0124131300e+03
           NaN, -1.0352649103e+03
           NaN, -1.0573685796e+03
           NaN, -1.0787438628e+03
           NaN, -1.0994101969e+03
           NaN, -1.1193867689e+03
           NaN, -1.1386925328e+03
           NaN, -1.1573462196e+03
           NaN, -1.1753663436e+03
           NaN, -1.1927711905e+03
           NaN, -1.2095788194e+03
           NaN, -1.2258070429e+03
           NaN, -1.2414734210e+03
           NaN, -1.2565952441e+03
           NaN, -1.2711895208e+03
           NaN, -1.2852729642e+03
           NaN, -1.2988619774e+03
           NaN, -1.3119726453e+03
           NaN, -1.3246207217e+03
           NaN, -1.3368216169e+03
           NaN, -1.3485903954e+03
           NaN, -1.3599417625e+03
           NaN, -1.3708900622e+03
+2.7831280058e+02, +1.8774666503e+02
+2.7599616392e+02, +1.8924436735e+02
+2.7369232822e+02, +1.9072412415e+02
+2.7140085000e+02, +1.9218615899e+02
+2.6912130688e+02, +1.9363069232e+02
+2.6685329623e+02, +1.9505794131e+02
+2.6459643407e+02, +1.9646811961e+02
+2.6235035389e+02, +1.9786143724e+02
+2.6011470571e+02, +1.9923810052e+02
+2.5788915506e+02, +2.0059831194e+02
+2.5567338214e+02, +2.0194227014e+02
+2.5346708099e+02, +2.0327016991e+02
+2.5126995868e+02, +2.0458220209e+02
+2.4908173463e+02, +2.0587855369e+02
+2.4690213991e+02, +2.0715940781e+02
+2.4473091663e+02, +2.0842494371e+02
+2.4256781735e+02, +2.0967533685e+02
+2.4041260449e+02, +2.1091075891e+02
+2.3826504988e+02, +2.1213137787e+02
+2.3612493421e+02, +2.1333735802e+02
+2.3399204663e+02, +2.1452886007e+02
+2.3186618427e+02, +2.1570604117e+02
+2.2974715190e+02, +2.1686905501e+02
+2.2763476149e+02, +2.1801805183e+02
+2.2552883190e+02, +2.1915317856e+02
+2.2342918854e+02, +2.2027457882e+02
+2.2133566304e+02, +2.2138239306e+02
+2.1924809296e+02, +2.2247675854e+02
+2.1716632154e+02, +2.2355780949e+02
+2.1509019738e+02, +2.2462567710e+02
+2.1301957423e+02, +2.2568048964e+02
+2.1095431078e+02, +2.2672237250e+02
+2.0889427037e+02, +2.2775144829e+02
+2.0683932085e+02, +2.2876783685e+02
           NaN, -1.5855479418e+03
           NaN, -1.5886474098e+03
           NaN, -1.5916472295e+03
           NaN, -1.5945510942e+03
           NaN, -1.5973625492e+03
+1.9460964749e+02, +2.3460611876e+02
+1.9258697065e+02, +2.3553683554e+02
+1.9056846691e+02, +2.3645573270e+02
+1.8855403662e+02, +2.3736290813e+02
+1.8654358307e+02, +2.3825845761e+02
           NaN, -1.6124721890e+03
           NaN, -1.6147248990e+03
           NaN, -1.6169089317e+03
           NaN, -1.6190267456e+03
           NaN, -1.6210807033e+03
           NaN, -1.6230730705e+03
           NaN, -1.6250060280e+03
           NaN, -1.6268816631e+03
           NaN, -1.6287019833e+03
           NaN, -1.6304689173e+03
           NaN, -1.6321843172e+03
           NaN, -1.6338499604e+03
           NaN, -1.6354675548e+03
           NaN, -1.6370387416e+03
           NaN, -1.6385650954e+03
           NaN, -1.6400481299e+03
           NaN, -1.6414893010e+03
           NaN, -1.6428900055e+03
           NaN, -1.6442515862e+03
           NaN, -1.6455753333e+03
           NaN, -1.6468624877e+03
           NaN, -1.6481142434e+03
           NaN, -1.6493317432e+03
           NaN, -1.6505160910e+03
           NaN, -1.6516683475e+03
           NaN, -1.6527895287e+03
           NaN, -1.6538806168e+03
           NaN, -1.6549425543e+03
           NaN, -1.6559762486e+03
           NaN, -1.6569825710e+03
           NaN, -1.6579623631e+03
