-4.8698896553e+02, -6.1398466980e-01
-4.9248934326e+02, -5.9990555314e-01
-4.9786965479e+02, -5.8743672526e-01
-5.0314314163e+02, -5.7629290646e-01
-5.0832077912e+02, -5.6625537443e-01
-5.1341178840e+02, -5.5715315261e-01
-5.1842400797e+02, -5.4885033335e-01
-5.2336416928e+02, -5.4123729878e-01
-5.2823810526e+02, -5.3422449471e-01
-5.3305091056e+02, -5.2773792249e-01
-5.3780706678e+02, -5.2171581382e-01
-5.4716486724e+02, -5.1086470407e-01
-5.6086302443e+02, -4.9699701395e-01
-5.3780706678e+02, -5.2171581382e-01
-5.5105111511e+02, +7.0783032152e+01
-5.5633840240e+02, -5.0134055002e-01
-5.6086302443e+02, -4.9699701395e-01
-5.6534940214e+02, -4.9289847048e-01
-5.6979965631e+02, -4.8902333944e-01
-5.7421572407e+02, -4.8535261371e-01
-5.7859938049e+02, -4.8186947648e-01
-5.8295225690e+02, -4.7855898606e-01
-5.8727585671e+02, -4.7540781456e-01
-5.9157156899e+02, -4.7240402985e-01
-5.9584068028e+02, -4.6953691259e-01
-6.0008438486e+02, -4.6679680182e-01
-6.0430379374e+02, -4.6417496396e-01
-6.1267379843e+02, -4.5925515575e-01
-6.3729573517e+02, -4.4664060633e-01
-6.0849994254e+02, -4.6166348117e-01
-6.2042552424e+02, +6.3080797757e+01
-6.2095819420e+02, -4.5472230457e-01
-6.2507037818e+02, -4.5258629825e-01
-6.2916356663e+02, -4.5053037303e-01
-6.3323846419e+02, -4.4854989802e-01
-6.3729573517e+02, -4.4664060633e-01
-6.4133600672e+02, -4.4479855907e-01
-6.4535987168e+02, -4.4302011360e-01
-6.4936789107e+02, -4.4130189550e-01
-6.5336059646e+02, -4.3964077365e-01
-6.5733849207e+02, -4.3803383816e-01
-6.6130205664e+02, -4.3647838065e-01
-6.6918799078e+02, -4.3351197002e-01
-6.9254496300e+02, -4.2561703435e-01
-6.6525174523e+02, -4.3497187669e-01
-6.7610546749e+02, +6.0208411823e+01
-6.7702178263e+02, -4.3072328114e-01
-6.8092009681e+02, -4.2939050716e-01
-6.8480650607e+02, -4.2809632514e-01
-6.8868135244e+02, -4.2683903399e-01
-6.9254496300e+02, -4.2561703435e-01
-6.9639765076e+02, -4.2442882098e-01
-7.0023971549e+02, -4.2327297573e-01
-7.0407144449e+02, -4.2214816118e-01
-7.0789311324e+02, -4.2105311488e-01
-7.1170498614e+02, -4.1998664400e-01
-7.1550731705e+02, -4.1894762051e-01
-7.1813506220e+02, +6.0363867065e+01
-7.2833282637e+02, +5.7528749763e+01
-7.0023971549e+02, -4.2327297573e-01
-7.2308431916e+02, -4.1694770119e-01
-7.3347132763e+02, +5.8250886610e+01
-7.3438405930e+02, -4.1412873771e-01
-7.3813394742e+02, -4.1323382168e-01
-7.4187581931e+02, -4.1235993983e-01
-7.4560986225e+02, -4.1150634932e-01
-7.4933625694e+02, -4.1067234282e-01
-7.5305517783e+02, -4.0985724631e-01
-7.5676679338e+02, -4.0906041715e-01
-7.6047126639e+02, -4.0828124219e-01
-7.6416875421e+02, -4.0751913611e-01
-7.6785940902e+02, -4.0677353978e-01
-7.7154337802e+02, -4.0604391882e-01
-7.7522080370e+02, -4.0532976219e-01
-7.7889182400e+02, -4.0463058090e-01
-7.8856061911e+02, +5.7464782980e+01
-7.9325647964e+02, +5.5902149611e+01
-7.6047126639e+02, -4.0828124219e-01
-7.8627020893e+02, +5.6405520152e+01
-7.8867254988e+02, +6.0040472523e+01
-7.9715537941e+02, -4.0134358968e-01
-8.0079063380e+02, -4.0072508537e-01
-8.0442033664e+02, -4.0011865954e-01
-8.0804459583e+02, -3.9952396236e-01
-8.1166351615e+02, -3.9894065763e-01
-8.1527719940e+02, -3.9836842215e-01
-8.1888574450e+02, -3.9780694503e-01
-8.2248924760e+02, -3.9725592711e-01
-8.2608780220e+02, -3.9671508045e-01
-8.2968149924e+02, -3.9618412774e-01
-8.3327042718e+02, -3.9566280182e-01
-8.3685467211e+02, -3.9515084526e-01
-8.4043431783e+02, -3.9464800983e-01
-8.4400944593e+02, -3.9415405615e-01
-8.4758013587e+02, -3.9366875328e-01
-8.5114646504e+02, -3.9319187832e-01
-8.5160717466e+02, +5.9171353876e+01
-8.6182003262e+02, -3.9180970554e-01
-8.7245695672e+02, -3.9049606251e-01
-8.3327042718e+02, -3.9566280182e-01
-8.6047881839e+02, +5.5582108407e+01
-8.6530820956e+02, +5.4238663114e+01
-8.7245695672e+02, -3.9049606251e-01
-8.7599476925e+02, -3.9007254887e-01
-8.7952877414e+02, -3.8965593122e-01
-8.8305903314e+02, -3.8924604528e-01
-8.8658560656e+02, -3.8884273200e-01
-8.9010855327e+02, -3.8844583735e-01
-8.9362793076e+02, -3.8805521213e-01
-8.9714379523e+02, -3.8767071178e-01
-9.0065620154e+02, -3.8729219619e-01
-9.0416520332e+02, -3.8691952953e-01
-9.0767085300e+02, -3.8655258008e-01
-9.1117320183e+02, -3.8619122011e-01
-9.1467229989e+02, -3.8583532567e-01
-9.1816819619e+02, -3.8548477650e-01
-9.2166093865e+02, -3.8513945584e-01
-9.2515057414e+02, -3.8479925035e-01
-9.2863714854e+02, -3.8446404998e-01
-9.3212070673e+02, -3.8413374782e-01
-9.3560129263e+02, -3.8380823999e-01
-9.3907894924e+02, -3.8348742558e-01
-9.4255371866e+02, -3.8317120647e-01
-9.4602564212e+02, -3.8285948730e-01
-9.5480475477e+02, +5.3402009421e+01
-9.5642473624e+02, -3.8195041470e-01
-9.6334395423e+02, -3.8136523200e-01
-1.0046490552e+03, -3.7816782081e-01
-9.4736972723e+02, +5.2589422211e+01
-9.6033966552e+02, +5.3918724714e+01
-9.6334395423e+02, -3.8136523200e-01
-9.7643228309e+02, +5.9012802863e+01
-9.7370325058e+02, -3.8051711623e-01
-9.7715128198e+02, -3.8024201109e-01
-9.8059683636e+02, -3.7997058318e-01
-9.8403994672e+02, -3.7970276167e-01
-9.8748064544e+02, -3.7943847753e-01
-9.9091896428e+02, -3.7917766347e-01
-9.9435493439e+02, -3.7892025391e-01
-9.9778858635e+02, -3.7866618492e-01
-1.0012199501e+03, -3.7841539415e-01
-1.0046490552e+03, -3.7816782081e-01
-1.0080759305e+03, -3.7792340557e-01
-1.0115006043e+03, -3.7768209058e-01
-1.0149231045e+03, -3.7744381940e-01
-1.0183434584e+03, -3.7720853691e-01
-1.0217616929e+03, -3.7697618935e-01
-1.0251778343e+03, -3.7674672423e-01
-1.0285919086e+03, -3.7652009030e-01
-1.0320039411e+03, -3.7629623750e-01
-1.0354139569e+03, -3.7607511698e-01
-1.0388219805e+03, -3.7585668097e-01
-1.0422280360e+03, -3.7564088286e-01
-1.0456321472e+03, -3.7542767708e-01
-1.0490343373e+03, -3.7521701909e-01
-1.0524346292e+03, -3.7500886538e-01
-1.0558330455e+03, -3.7480317343e-01
-1.0592296082e+03, -3.7459990165e-01
-1.0626243392e+03, -3.7439900938e-01
-1.0660172597e+03, -3.7420045689e-01
-1.0694083909e+03, -3.7400420528e-01
-1.0727977534e+03, -3.7381021655e-01
-1.0761853676e+03, -3.7361845349e-01
-1.0892705598e+03, +5.5653323012e+01
-1.0863379185e+03, -3.7305615838e-01
-1.0897187362e+03, -3.7287294188e-01
-1.0964754356e+03, -3.7251263032e-01
-1.1065984169e+03, -3.7198698669e-01
-1.1536601889e+03, -3.6974740575e-01
-1.0761853676e+03, -3.7361845349e-01
-1.0917396601e+03, +5.2689972999e+01
-1.1007802492e+03, +5.3851244541e+01
-1.1032256751e+03, -3.7216026629e-01
-1.1065984169e+03, -3.7198698669e-01
-1.1117813817e+03, +7.2480472681e+01
-1.1167073376e+03, -3.7147839898e-01
-1.1200739322e+03, -3.7131252403e-01
-1.1234390312e+03, -3.7114842964e-01
-1.1268026508e+03, -3.7098608869e-01
-1.1301648066e+03, -3.7082547465e-01
-1.1335255142e+03, -3.7066656145e-01
-1.1368847889e+03, -3.7050932360e-01
-1.1402426458e+03, -3.7035373606e-01
-1.1435990997e+03, -3.7019977433e-01
-1.1469541653e+03, -3.7004741434e-01
-1.1503078570e+03, -3.6989663253e-01
-1.1536601889e+03, -3.6974740575e-01
-1.1570111751e+03, -3.6959971135e-01
-1.1603608294e+03, -3.6945352707e-01
-1.1637091653e+03, -3.6930883108e-01
-1.1670561962e+03, -3.6916560198e-01
-1.1704019354e+03, -3.6902381877e-01
-1.1737463958e+03, -3.6888346083e-01
-1.1770895903e+03, -3.6874450794e-01
-1.1804315315e+03, -3.6860694025e-01
-1.1837722319e+03, -3.6847073828e-01
-1.1871117038e+03, -3.6833588290e-01
-1.1904499594e+03, -3.6820235535e-01
-1.1937870104e+03, -3.6807013718e-01
-1.1971228688e+03, -3.6793921031e-01
-1.2004575462e+03, -3.6780955697e-01
-1.2037910540e+03, -3.6768115971e-01
-1.2071234036e+03, -3.6755400140e-01
-1.2104546061e+03, -3.6742806520e-01
-1.2137846724e+03, -3.6730333460e-01
-1.2171136135e+03, -3.6717979334e-01
-1.2204414401e+03, -3.6705742547e-01
-1.2237681627e+03, -3.6693621533e-01
-1.2270937918e+03, -3.6681614752e-01
-1.2304183376e+03, -3.6669720690e-01
-1.2337418103e+03, -3.6657937861e-01
-1.2370642199e+03, -3.6646264803e-01
-1.2403855763e+03, -3.6634700081e-01
-1.2437058892e+03, -3.6623242281e-01
-1.2470251683e+03, -3.6611890017e-01
-1.2503434231e+03, -3.6600641925e-01
-1.2536606630e+03, -3.6589496663e-01
-1.2569768972e+03, -3.6578452912e-01
-1.2602921348e+03, -3.6567509377e-01
-1.2636063850e+03, -3.6556664782e-01
-1.2669196565e+03, -3.6545917873e-01
-1.2702319583e+03, -3.6535267418e-01
-1.2735432989e+03, -3.6524712203e-01
-1.2768536871e+03, -3.6514251035e-01
-1.2801631311e+03, -3.6503882742e-01
-1.2834716395e+03, -3.6493606168e-01
-1.2867792204e+03, -3.6483420179e-01
-1.2900858821e+03, -3.6473323656e-01
-1.2892540305e+03, +5.0968713001e+01
-1.3098762958e+03, +5.4489694155e+01
-1.3033034958e+03, -3.6433810505e-01
-1.3066056801e+03, -3.6424145171e-01
-1.3099069920e+03, -3.6414562964e-01
-1.3132074391e+03, -3.6405062886e-01
-1.3141420652e+03, +5.3742420002e+01
-1.3231036646e+03, -3.6377045664e-01
-1.3299082559e+03, +5.0581598663e+01
-1.3362869627e+03, -3.6340781227e-01
-1.3527479516e+03, -3.6297124790e-01
-1.2900858821e+03, -3.6473323656e-01
-1.3165070287e+03, -3.6395643953e-01
-1.3264007253e+03, -3.6367864418e-01
-1.3329923674e+03, -3.6349733102e-01
-1.3362869627e+03, -3.6340781227e-01
-1.3428737358e+03, -3.6323100631e-01
-1.3461659270e+03, -3.6314370187e-01
-1.3494573301e+03, -3.6305711850e-01
-1.3527479516e+03, -3.6297124790e-01
-1.3560377979e+03, -3.6288608191e-01
-1.3547266327e+03, +5.0948644048e+01
-1.3783045664e+03, +5.4551209392e+01
-1.3724756211e+03, -3.6247054314e-01
-1.3724756211e+03, -3.6247054314e-01
-1.3757609471e+03, -3.6238943970e-01
-1.3790455408e+03, -3.6230898691e-01
-1.3823294082e+03, -3.6222917751e-01
-1.3856125551e+03, -3.6215000434e-01
-1.3888949871e+03, -3.6207146035e-01
-1.3921767099e+03, -3.6199353858e-01
-1.3954577292e+03, -3.6191623219e-01
-1.3987380505e+03, -3.6183953441e-01
-1.4020176793e+03, -3.6176343859e-01
-1.4052966210e+03, -3.6168793816e-01
-1.4085748810e+03, -3.6161302666e-01
-1.4118524646e+03, -3.6153869769e-01
-1.4151293771e+03, -3.6146494498e-01
-1.4184056235e+03, -3.6139176231e-01
-1.4216812092e+03, -3.6131914357e-01
-1.4249561391e+03, -3.6124708273e-01
-1.4282304184e+03, -3.6117557384e-01
-1.4315040518e+03, -3.6110461103e-01
-1.4347770445e+03, -3.6103418852e-01
-1.4380494013e+03, -3.6096430060e-01
-1.4413211269e+03, -3.6089494164e-01
-1.4445922262e+03, -3.6082610610e-01
-1.4478627039e+03, -3.6075778849e-01
-1.4511325646e+03, -3.6068998342e-01
-1.4544018130e+03, -3.6062268555e-01
-1.4576704536e+03, -3.6055588962e-01
-1.4609384910e+03, -3.6048959046e-01
-1.4642059297e+03, -3.6042378294e-01
-1.4674727740e+03, -3.6035846202e-01
-1.4707390284e+03, -3.6029362270e-01
-1.4740046973e+03, -3.6022926008e-01
-1.4772697848e+03, -3.6016536930e-01
-1.4805342953e+03, -3.6010194558e-01
-1.4837982330e+03, -3.6003898418e-01
-1.4870616020e+03, -3.5997648045e-01
-1.4903244065e+03, -3.5991442979e-01
-1.4935866506e+03, -3.5985282764e-01
-1.4968483383e+03, -3.5979166953e-01
-1.5001094736e+03, -3.5973095103e-01
-1.5033700605e+03, -3.5967066777e-01
-1.5066301028e+03, -3.5961081543e-01
-1.5098896046e+03, -3.5955138977e-01
-1.5131485696e+03, -3.5949238657e-01
-1.5164070017e+03, -3.5943380169e-01
-1.5196649046e+03, -3.5937563102e-01
-1.5229222821e+03, -3.5931787053e-01
-1.5261791378e+03, -3.5926051621e-01
-1.5294354754e+03, -3.5920356412e-01
-1.5326912986e+03, -3.5914701038e-01
-1.5359466110e+03, -3.5909085112e-01
-1.5392014160e+03, -3.5903508255e-01
-1.5424557173e+03, -3.5897970092e-01
-1.5457095183e+03, -3.5892470253e-01
-1.5489628225e+03, -3.5887008371e-01
-1.5522156333e+03, -3.5881584086e-01
-1.5554679540e+03, -3.5876197039e-01
-1.5587197882e+03, -3.5870846878e-01
-1.5619711390e+03, -3.5865533256e-01
-1.5652220098e+03, -3.5860255828e-01
-1.5684724038e+03, -3.5855014254e-01
-1.5717223243e+03, -3.5849808198e-01
-1.5749717745e+03, -3.5844637328e-01
-1.5782207576e+03, -3.5839501317e-01
-1.5814692766e+03, -3.5834399841e-01
-1.5847173348e+03, -3.5829332580e-01
-1.5879649352e+03, -3.5824299218e-01
-1.5912120808e+03, -3.5819299442e-01
-1.5944587748e+03, -3.5814332943e-01
-1.5977050200e+03, -3.5809399417e-01
-1.6009508195e+03, -3.5804498563e-01
-1.6041961762e+03, -3.5799630081e-01
-1.6074410931e+03, -3.5794793679e-01
-1.6106855730e+03, -3.5789989064e-01
-1.6139296188e+03, -3.5785215950e-01
-1.6171732334e+03, -3.5780474052e-01
-1.6204164195e+03, -3.5775763089e-01
-1.6236591800e+03, -3.5771082784e-01
-1.6269015176e+03, -3.5766432862e-01
-1.6301434351e+03, -3.5761813051e-01
-1.6333849351e+03, -3.5757223084e-01
-1.6366260205e+03, -3.5752662696e-01
-1.6398666937e+03, -3.5748131624e-01
-1.6431069576e+03, -3.5743629609e-01
-1.6463468147e+03, -3.5739156396e-01
-1.6495862676e+03, -3.5734711730e-01
-1.6528253188e+03, -3.5730295362e-01
-1.6560639711e+03, -3.5725907044e-01
-1.6593022267e+03, -3.5721546530e-01
-1.6625400884e+03, -3.5717213580e-01
-1.6657775586e+03, -3.5712907954e-01
-1.6690146396e+03, -3.5708629414e-01
-1.6722513341e+03, -3.5704377727e-01
-1.6754876444e+03, -3.5700152662e-01
-1.6787235728e+03, -3.5695953990e-01
-1.6819591219e+03, -3.5691781483e-01
-1.6851942939e+03, -3.5687634920e-01
-1.6884290912e+03, -3.5683514077e-01
-1.6916635161e+03, -3.5679418736e-01
-1.6948975710e+03, -3.5675348680e-01
-1.6981312580e+03, -3.5671303696e-01
-1.7013645795e+03, -3.5667283570e-01
-1.7045975377e+03, -3.5663288095e-01
-1.7078301349e+03, -3.5659317061e-01
-1.7110623731e+03, -3.5655370265e-01
-1.7142942547e+03, -3.5651447504e-01
-1.7175257818e+03, -3.5647548575e-01
-1.7207569566e+03, -3.5643673282e-01
-1.7239877811e+03, -3.5639821427e-01
-1.7272182575e+03, -3.5635992817e-01
-1.7304483879e+03, -3.5632187258e-01
-1.7336781744e+03, -3.5628404561e-01
-1.7369076190e+03, -3.5624644538e-01
-1.7401367238e+03, -3.5620907002e-01
-1.7433654908e+03, -3.5617191768e-01
-1.7465939221e+03, -3.5613498655e-01
-1.7498220195e+03, -3.5609827482e-01
-1.7530497852e+03, -3.5606178071e-01
-1.7562772211e+03, -3.5602550245e-01
-1.7595043290e+03, -3.5598943828e-01
-1.7627311110e+03, -3.5595358649e-01
-1.7659575690e+03, -3.5591794535e-01
-1.7691837049e+03, -3.5588251317e-01
-1.7724095205e+03, -3.5584728828e-01
-1.7756350178e+03, -3.5581226902e-01
-1.7788601985e+03, -3.5577745373e-01
-1.7820850646e+03, -3.5574284080e-01
-1.7853096178e+03, -3.5570842862e-01
-1.7885338600e+03, -3.5567421558e-01
-1.7917577929e+03, -3.5564020013e-01
-1.7949814184e+03, -3.5560638068e-01
-1.7982047382e+03, -3.5557275571e-01
-1.8014277541e+03, -3.5553932367e-01
-1.8046504678e+03, -3.5550608306e-01
-1.8078728811e+03, -3.5547303237e-01
-1.8110949956e+03, -3.5544017013e-01
-1.8143168131e+03, -3.5540749486e-01
-1.8175383352e+03, -3.5537500510e-01
-1.8239805001e+03, -3.5531057640e-01
-1.8175383352e+03, -3.5537500510e-01
-1.8239805001e+03, -3.5531057640e-01
-1.8272011462e+03, -3.5527863461e-01
-1.8276867194e+03, +4.9252111043e+01
-1.8234282000e+03, +5.0589856226e+01
-1.8982120112e+03, +1.3826532985e+02
-1.8574465633e+03, +5.0123069756e+01
-1.8538589319e+03, +4.5710098193e+01
-1.8561741604e+03, -3.5499908816e-01
-1.8626095482e+03, -3.5493884666e-01
-1.8593919908e+03, -3.5496888411e-01
-1.8626095482e+03, -3.5493884666e-01
-1.8658268340e+03, -3.5490897456e-01
-1.8690438498e+03, -3.5487926654e-01
-1.8722605971e+03, -3.5484972140e-01
-1.8754770772e+03, -3.5482033791e-01
-1.8786932918e+03, -3.5479111485e-01
-1.8819092421e+03, -3.5476205104e-01
-1.8851249298e+03, -3.5473314529e-01
-1.8883403561e+03, -3.5470439643e-01
-1.8915555225e+03, -3.5467580329e-01
-1.8947704304e+03, -3.5464736473e-01
-1.8979850813e+03, -3.5461907960e-01
-1.9011994764e+03, -3.5459094677e-01
-1.9044136172e+03, -3.5456296513e-01
-1.9015449180e+03, +5.0743540989e+01
-1.9178614406e+03, +4.9721923523e+01
-1.9172676643e+03, -3.5445252840e-01
-1.9204805537e+03, -3.5442528626e-01
-1.9236931969e+03, -3.5439818881e-01
-1.9269055950e+03, -3.5437123500e-01
-1.9301177495e+03, -3.5434442379e-01
-1.9290745217e+03, +5.1836999738e+01
-1.9397527638e+03, -3.5426483554e-01
-1.9429639563e+03, -3.5423858454e-01
-1.9461749115e+03, -3.5421247110e-01
-1.9533943628e+03, +4.9251617320e+01
-1.9558063656e+03, -3.5413494631e-01
-1.9626580114e+03, +4.9216218902e+01
-1.9650875061e+03, +5.0018773350e+01
-1.9718744181e+03, +4.9490668767e+01
-1.9812254785e+03, +4.9252963124e+01
-1.9902091882e+03, +4.9142804163e+01
-2.0039328960e+03, -3.5376487248e-01
-2.0252375310e+03, +4.7069650472e+01
-2.0729982023e+03, +3.9856579566e+01
-1.7820850646e+03, -3.5574284080e-01
-1.8947704304e+03, -3.5464736473e-01
-1.9269055950e+03, -3.5437123500e-01
-1.9461749115e+03, -3.5421247110e-01
-1.9558063656e+03, -3.5413494631e-01
-1.9653604197e+03, +4.9120118084e+01
-1.9718541565e+03, -3.5400839940e-01
-1.9785805828e+03, +4.9153140639e+01
-1.9810726234e+03, +4.9170306204e+01
-1.9878962854e+03, -3.5388507852e-01
-1.9911040445e+03, -3.5386079159e-01
-1.9988451167e+03, +4.9405693147e+01
-2.0007260086e+03, -3.5378866967e-01
-2.0039328960e+03, -3.5376487248e-01
-2.0061053358e+03, +4.8994117675e+01
-2.0173090945e+03, +5.0396808837e+01
-2.0167583047e+03, -3.5367087873e-01
-2.0199641270e+03, -3.5364767495e-01
-2.0231697395e+03, -3.5362458744e-01
-2.0263751433e+03, -3.5360161539e-01
-2.0295803393e+03, -3.5357875801e-01
-2.0327853287e+03, -3.5355601454e-01
-2.0327853287e+03, -3.5355601454e-01
-2.0252406454e+03, +5.6520379510e+01
-2.0497787620e+03, +4.9348261048e+01
-2.0488072111e+03, -3.5344397887e-01
-2.0520109818e+03, -3.5342190281e-01
-2.0552145528e+03, -3.5339993538e-01
-2.0584179252e+03, -3.5337807585e-01
-2.0616211000e+03, -3.5335632351e-01
-2.0648240780e+03, -3.5333467764e-01
-2.0680268603e+03, -3.5331313753e-01
-2.0712294478e+03, -3.5329170248e-01
-2.0744318415e+03, -3.5327037179e-01
-2.0776340424e+03, -3.5324914477e-01
-2.0808360512e+03, -3.5322802074e-01
-2.0840378691e+03, -3.5320699901e-01
-2.0872394968e+03, -3.5318607892e-01
-2.0904409354e+03, -3.5316525979e-01
-2.0936421857e+03, -3.5314454097e-01
-2.0968432487e+03, -3.5312392180e-01
-2.1000441251e+03, -3.5310340162e-01
-2.1032448161e+03, -3.5308297978e-01
-2.1064453223e+03, -3.5306265566e-01
-2.1096456448e+03, -3.5304242862e-01
-2.1128457843e+03, -3.5302229801e-01
-2.1160457418e+03, -3.5300226323e-01
-2.1224451142e+03, -3.5296247865e-01
-2.1160457418e+03, -3.5300226323e-01
-2.1224451142e+03, -3.5296247865e-01
-2.1256445307e+03, -3.5294272763e-01
-2.1288437687e+03, -3.5292306997e-01
-2.1288437687e+03, -3.5292306997e-01
-2.1266781084e+03, +4.9376321637e+01
-2.1128916068e+03, +5.2844160899e+01
-2.2395896709e+03, +9.7021688070e+01
-2.1705273575e+03, +5.0343397123e+01
-2.1646095794e+03, +4.9052890223e+01
-2.1640238349e+03, -3.5271283034e-01
-2.1684809388e+03, +4.2961729774e+01
-2.1672209937e+03, -3.5269424775e-01
+3.9508195555e+02, -1.1739922450e+01
+3.8981272224e+02, -2.0367431783e+01
+3.8544021876e+02, -2.7329684594e+01
+3.8153186982e+02, -3.3407104349e+01
+3.7792305962e+02, -3.8900358697e+01
+3.7452926173e+02, -4.3965513032e+01
+3.7129994920e+02, -4.8696785779e+01
+3.6820194509e+02, -5.3156616538e+01
+3.6521201915e+02, -5.7389108307e+01
+3.6231312476e+02, -6.1426894499e+01
+3.5949229707e+02, -6.5294993179e+01
+3.5673939305e+02, -6.9013127978e+01
+3.5404629364e+02, -7.2597204345e+01
+3.5140637577e+02, -7.6060290677e+01
+3.4881415007e+02, -7.9413294307e+01
+3.4626500471e+02, -8.2665441512e+01
+3.4375501942e+02, -8.5824627171e+01
+3.4128082768e+02, -8.8897675152e+01
+3.3883951233e+02, -9.1890535959e+01
+3.3642852547e+02, -9.4808439287e+01
+3.3404562579e+02, -9.7656013549e+01
+3.3168882906e+02, -1.0043738076e+02
+3.2935636848e+02, -1.0315623278e+02
+3.2704666261e+02, -1.0581589317e+02
+3.2475828913e+02, -1.0841936801e+02
+3.2248996324e+02, -1.1096938782e+02
+3.2024051968e+02, -1.1346844262e+02
+3.1800889770e+02, -1.1591881129e+02
+3.1579412834e+02, -1.1832258651e+02
+3.1359532370e+02, -1.2068169591e+02
+3.1141166774e+02, -1.2299792021e+02
+3.0924240836e+02, -1.2527290883e+02
+3.0708685065e+02, -1.2750819344e+02
+3.0494435092e+02, -1.2970519966e+02
+3.0281431164e+02, -1.3186525736e+02
+3.0069617689e+02, -1.3398960963e+02
+2.9858942843e+02, -1.3607942073e+02
+2.9649358224e+02, -1.3813578309e+02
+2.9440818543e+02, -1.4015972352e+02
+2.9233281354e+02, -1.4215220869e+02
+2.9026706806e+02, -1.4411415015e+02
+2.8821057433e+02, -1.4604640866e+02
+2.8616297954e+02, -1.4794979822e+02
+2.8412395104e+02, -1.4982508959e+02
+2.8209317473e+02, -1.5167301352e+02
+2.8007035370e+02, -1.5349426368e+02
+2.7805520689e+02, -1.5528949929e+02
+2.7604746797e+02, -1.5705934751e+02
+2.7404688427e+02, -1.5880440564e+02
+2.7205321587e+02, -1.6052524310e+02
+2.7006623463e+02, -1.6222240327e+02
+2.6808572351e+02, -1.6389640513e+02
+2.6611147575e+02, -1.6554774483e+02
+2.6414329423e+02, -1.6717689706e+02
+2.6218099088e+02, -1.6878431636e+02
+2.6022438608e+02, -1.7037043835e+02
+2.5827330816e+02, -1.7193568076e+02
+2.5632759290e+02, -1.7348044452e+02
+2.5438708312e+02, -1.7500511467e+02
+2.5245162824e+02, -1.7651006123e+02
+2.5052108389e+02, -1.7799564006e+02
+2.4859531161e+02, -1.7946219355e+02
+2.4667417846e+02, -1.8091005137e+02
+2.4475755676e+02, -1.8233953113e+02
+2.4284532379e+02, -1.8375093897e+02
+2.4093736151e+02, -1.8514457013e+02
+2.3903355634e+02, -1.8652070952e+02
+2.3713379894e+02, -1.8787963218e+02
+2.3523798393e+02, -1.8922160376e+02
+2.3334600978e+02, -1.9054688099e+02
+2.3145777852e+02, -1.9185571205e+02
+2.2957319568e+02, -1.9314833701e+02
+2.2769217001e+02, -1.9442498812e+02
+2.2581461339e+02, -1.9568589025e+02
+2.2394044067e+02, -1.9693126111e+02
+2.2206956955e+02, -1.9816131166e+02
+2.2020192039e+02, -1.9937624632e+02
+2.1833741615e+02, -2.0057626328e+02
+2.1647598225e+02, -2.0176155473e+02
+2.1461754647e+02, -2.0293230714e+02
+2.1276203883e+02, -2.0408870147e+02
+2.1090939151e+02, -2.0523091339e+02
+2.0905953873e+02, -2.0635911348e+02
+2.0721241671e+02, -2.0747346743e+02
+2.0536796355e+02, -2.0857413625e+02
+2.0352611915e+02, -2.0966127641e+02
+2.0168682517e+02, -2.1073504002e+02
+1.9985002493e+02, -2.1179557502e+02
+1.9801566334e+02, -2.1284302528e+02
+1.9618368686e+02, -2.1387753078e+02
+1.9435404342e+02, -2.1489922774e+02
+1.9252668237e+02, -2.1590824876e+02
+1.9070155443e+02, -2.1690472293e+02
+1.8887861162e+02, -2.1788877593e+02
+1.8705780724e+02, -2.1886053021e+02
+1.8523909579e+02, -2.1982010504e+02
+1.8342243295e+02, -2.2076761662e+02
+1.8160777552e+02, -2.2170317822e+02
+1.7979508140e+02, -2.2262690021e+02
+1.7798430951e+02, -2.2353889021e+02
+1.7617541981e+02, -2.2443925317e+02
+1.7436837321e+02, -2.2532809139e+02
+1.7256313157e+02, -2.2620550470e+02
+1.7075965766e+02, -2.2707159044e+02
+1.6895791510e+02, -2.2792644361e+02
+1.6715786840e+02, -2.2877015688e+02
+1.6535948283e+02, -2.2960282071e+02
+1.6356272450e+02, -2.3042452337e+02
+1.6176756025e+02, -2.3123535103e+02
+1.5997395765e+02, -2.3203538781e+02
+1.5818188502e+02, -2.3282471584e+02
+1.5639131132e+02, -2.3360341530e+02
+1.5460220620e+02, -2.3437156450e+02
+1.5281453996e+02, -2.3512923992e+02
+1.5102828352e+02, -2.3587651623e+02
+1.4924340838e+02, -2.3661346640e+02
+1.4745988665e+02, -2.3734016169e+02
+1.4567769099e+02, -2.3805667169e+02
+1.4389679462e+02, -2.3876306443e+02
+1.4211717127e+02, -2.3945940633e+02
+1.4033879521e+02, -2.4014576230e+02
+1.3856164118e+02, -2.4082219578e+02
+1.3678568442e+02, -2.4148876872e+02
+1.3501090062e+02, -2.4214554168e+02
+1.3323726595e+02, -2.4279257382e+02
+1.3146475699e+02, -2.4342992295e+02
+1.2969335076e+02, -2.4405764557e+02
+1.2792302469e+02, -2.4467579688e+02
+1.2615375660e+02, -2.4528443080e+02
+1.2438552473e+02, -2.4588360006e+02
+1.2261830765e+02, -2.4647335614e+02
+1.2085208433e+02, -2.4705374937e+02
+1.1908683409e+02, -2.4762482890e+02
+1.1732253657e+02, -2.4818664277e+02
+1.1555917176e+02, -2.4873923790e+02
+1.1379671998e+02, -2.4928266014e+02
+1.1203516186e+02, -2.4981695426e+02
+1.1027447831e+02, -2.5034216400e+02
+1.0851465058e+02, -2.5085833208e+02
+1.0675566017e+02, -2.5136550021e+02
+1.0499748887e+02, -2.5186370913e+02
+1.0324011875e+02, -2.5235299862e+02
+1.0148353212e+02, -2.5283340750e+02
+9.9727711563e+01, -2.5330497368e+02
+9.7972639900e+01, -2.5376773414e+02
+9.6218300195e+01, -2.5422172499e+02
+9.4464675743e+01, -2.5466698144e+02
+9.2711750063e+01, -2.5510353785e+02
+9.0959506895e+01, -2.5553142773e+02
+8.9207930188e+01, -2.5595068376e+02
+8.7457004099e+01, -2.5636133777e+02
+8.5706712983e+01, -2.5676342082e+02
+8.3957041390e+01, -2.5715696317e+02
+8.2207974055e+01, -2.5754199427e+02
+8.0459495898e+01, -2.5791854283e+02
+7.8711592011e+01, -2.5828663679e+02
+7.6964247660e+01, -2.5864630334e+02
+7.5217448275e+01, -2.5899756894e+02
+7.3471179445e+01, -2.5934045932e+02
+7.1725426916e+01, -2.5967499949e+02
+6.9980176584e+01, -2.6000121377e+02
+6.8235414487e+01, -2.6031912576e+02
+6.6491126806e+01, -2.6062875838e+02
+6.4747299859e+01, -2.6093013390e+02
+6.3003920092e+01, -2.6122327387e+02
+6.1260974078e+01, -2.6150819921e+02
+5.9518448516e+01, -2.6178493018e+02
+5.7776330218e+01, -2.6205348639e+02
+5.6034606114e+01, -2.6231388682e+02
+5.4293263242e+01, -2.6256614979e+02
+5.2552288744e+01, -2.6281029303e+02
+5.0811669867e+01, -2.6304633362e+02
+4.9071393954e+01, -2.6327428805e+02
+4.7331448441e+01, -2.6349417218e+02
+4.5591820857e+01, -2.6370600130e+02
+4.3852498816e+01, -2.6390979007e+02
+4.2113470013e+01, -2.6410555257e+02
+4.0374722226e+01, -2.6429330232e+02
+3.8636243306e+01, -2.6447305221e+02
+3.6898021176e+01, -2.6464481460e+02
+3.5160043831e+01, -2.6480860124e+02
+3.3422299328e+01, -2.6496442335e+02
+3.1684775788e+01, -2.6511229156e+02
+2.9947461389e+01, -2.6525221593e+02
+2.8210344367e+01, -2.6538420599e+02
+2.6473413008e+01, -2.6550827071e+02
+2.4736655648e+01, -2.6562441849e+02
+2.3000060668e+01, -2.6573265721e+02
+2.1263616494e+01, -2.6583299418e+02
+1.9527311589e+01, -2.6592543618e+02
+1.7791134454e+01, -2.6600998945e+02
+1.6055073623e+01, -2.6608665968e+02
+1.4319117661e+01, -2.6615545206e+02
+1.2583255159e+01, -2.6621637119e+02
+1.0847474734e+01, -2.6626942118e+02
+9.1117650226e+00, -2.6631460560e+02
+7.3761146821e+00, -2.6635192747e+02
+5.6405123836e+00, -2.6638138931e+02
+3.9049468112e+00, -2.6640299308e+02
+2.1694066585e+00, -2.6641674025e+02
+4.3388062576e-01, -2.6642263173e+02
-1.3016425832e+00, -2.6642066791e+02
-3.0371742638e+00, -2.6641084867e+02
-4.7727257135e+00, -2.6639317335e+02
-6.5083082351e+00, -2.6636764076e+02
-8.2439331394e+00, -2.6633424918e+02
-9.9796117482e+00, -2.6629299638e+02
-1.1715355397e+01, -2.6624387959e+02
-1.3451175439e+01, -2.6618689551e+02
-1.5187083247e+01, -2.6612204030e+02
-1.6923090216e+01, -2.6604930961e+02
-1.8659207768e+01, -2.6596869853e+02
-2.0395447353e+01, -2.6588020164e+02
-2.2131820452e+01, -2.6578381297e+02
-2.3868338585e+01, -2.6567952601e+02
-2.5605013305e+01, -2.6556733371e+02
-2.7341856210e+01, -2.6544722848e+02
-2.9078878939e+01, -2.6531920218e+02
-3.0816093183e+01, -2.6518324611e+02
-3.2553510678e+01, -2.6503935105e+02
-3.4291143218e+01, -2.6488750719e+02
-3.6029002654e+01, -2.6472770417e+02
-3.7767100894e+01, -2.6455993109e+02
-3.9505449914e+01, -2.6438417646e+02
-4.1244061754e+01, -2.6420042822e+02
-4.2982948525e+01, -2.6400867375e+02
-4.4722122415e+01, -2.6380889983e+02
-4.6461595684e+01, -2.6360109269e+02
-4.8201380679e+01, -2.6338523793e+02
-4.9941489827e+01, -2.6316132060e+02
-5.1681935646e+01, -2.6292932511e+02
-5.3422730746e+01, -2.6268923529e+02
-5.5163887830e+01, -2.6244103436e+02
-5.6905419705e+01, -2.6218470492e+02
-5.8647339279e+01, -2.6192022893e+02
-6.0389659568e+01, -2.6164758775e+02
-6.2132393700e+01, -2.6136676209e+02
-6.3875554920e+01, -2.6107773200e+02
-6.5619156591e+01, -2.6078047692e+02
-6.7363212203e+01, -2.6047497558e+02
-6.9107735373e+01, -2.6016120610e+02
-7.0852739851e+01, -2.5983914587e+02
-7.2598239528e+01, -2.5950877165e+02
-7.4344248435e+01, -2.5917005945e+02
-7.6090780751e+01, -2.5882298464e+02
-7.7837850808e+01, -2.5846752182e+02
-7.9585473095e+01, -2.5810364492e+02
-8.1333662265e+01, -2.5773132710e+02
-8.3082433137e+01, -2.5735054081e+02
-8.4831800704e+01, -2.5696125772e+02
-8.6581780139e+01, -2.5656344876e+02
-8.8332386798e+01, -2.5615708405e+02
-9.0083636228e+01, -2.5574213297e+02
-9.1835544173e+01, -2.5531856405e+02
-9.3588126578e+01, -2.5488634504e+02
-9.5341399598e+01, -2.5444544285e+02
-9.7095379602e+01, -2.5399582354e+02
-9.8850083183e+01, -2.5353745234e+02
-1.0060552716e+02, -2.5307029359e+02
-1.0236172859e+02, -2.5259431074e+02
-1.0411870478e+02, -2.5210946635e+02
-1.0587647326e+02, -2.5161572206e+02
-1.0763505186e+02, -2.5111303857e+02
-1.0939445863e+02, -2.5060137561e+02
-1.1115471194e+02, -2.5008069198e+02
-1.1291583041e+02, -2.4955094546e+02
-1.1467783296e+02, -2.4901209281e+02
-1.1644073881e+02, -2.4846408979e+02
-1.1820456749e+02, -2.4790689108e+02
-1.1996933886e+02, -2.4734045032e+02
-1.2173507307e+02, -2.4676472001e+02
-1.2350179066e+02, -2.4617965158e+02
-1.2526951249e+02, -2.4558519527e+02
-1.2703825977e+02, -2.4498130019e+02
-1.2880805410e+02, -2.4436791424e+02
-1.3057891745e+02, -2.4374498410e+02
-1.3235087220e+02, -2.4311245520e+02
-1.3412394112e+02, -2.4247027171e+02
-1.3589814740e+02, -2.4181837647e+02
-1.3767351467e+02, -2.4115671100e+02
-1.3945006700e+02, -2.4048521545e+02
-1.4122782892e+02, -2.3980382856e+02
-1.4300682544e+02, -2.3911248764e+02
-1.4478708205e+02, -2.3841112853e+02
-1.4656862475e+02, -2.3769968556e+02
-1.4835148006e+02, -2.3697809152e+02
-1.5013567504e+02, -2.3624627759e+02
-1.5192123731e+02, -2.3550417336e+02
-1.5370819506e+02, -2.3475170672e+02
-1.5549657706e+02, -2.3398880386e+02
-1.5728641271e+02, -2.3321538920e+02
-1.5907773204e+02, -2.3243138536e+02
-1.6087056574e+02, -2.3163671311e+02
-1.6266494516e+02, -2.3083129127e+02
-1.6446090235e+02, -2.3001503675e+02
-1.6625847011e+02, -2.2918786441e+02
-1.6805768196e+02, -2.2834968703e+02
-1.6985857220e+02, -2.2750041525e+02
-1.7166117594e+02, -2.2663995752e+02
-1.7346552912e+02, -2.2576822002e+02
-1.7527166853e+02, -2.2488510657e+02
-1.7707963185e+02, -2.2399051862e+02
-1.7888945770e+02, -2.2308435509e+02
-1.8070118564e+02, -2.2216651237e+02
-1.8251485622e+02, -2.2123688420e+02
-1.8433051102e+02, -2.2029536159e+02
-1.8614819270e+02, -2.1934183273e+02
-1.8796794500e+02, -2.1837618289e+02
-1.8978981283e+02, -2.1739829435e+02
-1.9161384229e+02, -2.1640804627e+02
-1.9344008071e+02, -2.1540531460e+02
-1.9526857671e+02, -2.1438997196e+02
-1.9709938025e+02, -2.1336188752e+02
-1.9893254268e+02, -2.1232092690e+02
-2.0076811681e+02, -2.1126695201e+02
-2.0260615694e+02, -2.1019982094e+02
-2.0444671894e+02, -2.0911938780e+02
-2.0628986032e+02, -2.0802550260e+02
-2.0813564029e+02, -2.0691801105e+02
-2.0998411983e+02, -2.0579675444e+02
-2.1183536179e+02, -2.0466156946e+02
-2.1368943093e+02, -2.0351228797e+02
-2.1554639402e+02, -2.0234873688e+02
-2.1740631998e+02, -2.0117073791e+02
-2.1926927987e+02, -1.9997810736e+02
-2.2113534710e+02, -1.9877065595e+02
-2.2300459745e+02, -1.9754818850e+02
-2.2487710925e+02, -1.9631050375e+02
-2.2675296345e+02, -1.9505739404e+02
-2.2863224377e+02, -1.9378864507e+02
-2.3051503683e+02, -1.9250403560e+02
-2.3240143227e+02, -1.9120333710e+02
-2.3429152295e+02, -1.8988631346e+02
-2.3618540507e+02, -1.8855272060e+02
-2.3808317835e+02, -1.8720230612e+02
-2.3998494622e+02, -1.8583480888e+02
-2.4189081601e+02, -1.8444995859e+02
-2.4380089917e+02, -1.8304747534e+02
-2.4571531146e+02, -1.8162706911e+02
-2.4763417324e+02, -1.8018843929e+02
-2.4955760968e+02, -1.7873127407e+02
-2.5148575104e+02, -1.7725524991e+02
-2.5341873298e+02, -1.7576003084e+02
-2.5535669689e+02, -1.7424526783e+02
-2.5729979018e+02, -1.7271059805e+02
-2.5924816669e+02, -1.7115564406e+02
-2.6120198707e+02, -1.6958001301e+02
-2.6316141920e+02, -1.6798329567e+02
-2.6512663867e+02, -1.6636506551e+02
-2.6709782925e+02, -1.6472487760e+02
-2.6907518346e+02, -1.6306226746e+02
-2.7105890317e+02, -1.6137674986e+02
-2.7304920018e+02, -1.5966781740e+02
-2.7504629700e+02, -1.5793493911e+02
-2.7705042754e+02, -1.5617755881e+02
-2.7906183800e+02, -1.5439509338e+02
-2.8108078773e+02, -1.5258693084e+02
-2.8310755030e+02, -1.5075242829e+02
-2.8514241455e+02, -1.4889090961e+02
-2.8718568581e+02, -1.4700166292e+02
-2.8923768727e+02, -1.4508393785e+02
-2.9129876145e+02, -1.4313694244e+02
-2.9336927186e+02, -1.4115983980e+02
-2.9544960483e+02, -1.3915174428e+02
-2.9754017155e+02, -1.3711171736e+02
-2.9964141039e+02, -1.3503876294e+02
-3.0175378943e+02, -1.3293182214e+02
-3.0387780940e+02, -1.3078976744e+02
-3.0601400691e+02, -1.2861139610e+02
-3.0816295816e+02, -1.2639542268e+02
-3.1032528318e+02, -1.2414047063e+02
-3.1250165056e+02, -1.2184506270e+02
-3.1469278302e+02, -1.1950760989e+02
-3.1689946372e+02, -1.1712639896e+02
-3.1912254357e+02, -1.1469957783e+02
-3.2136294975e+02, -1.1222513878e+02
-3.2362169567e+02, -1.0970089890e+02
-3.2589989261e+02, -1.0712447711e+02
-3.2819876355e+02, -1.0449326714e+02
-3.3051965960e+02, -1.0180440546e+02
-3.3286407967e+02, -9.9054733001e+01
-3.3523369427e+02, -9.6240749029e+01
-3.3763037447e+02, -9.3358555155e+01
-3.4005622755e+02, -9.0403786741e+01
-3.4251364117e+02, -8.7371527969e+01
-3.4500533908e+02, -8.4256205513e+01
-3.4753445177e+02, -8.1051453739e+01
-3.9467442395e+02, +1.2749058792e+02
-3.9810047698e+02, +1.2525754923e+02
-5.0565311224e+02, +7.9953942775e+01
-5.0109982178e+02, +8.0976338105e+01
-4.9653571811e+02, +8.2057529010e+01
-3.6375208131e+02, -5.9430629985e+01
-4.1624842849e+02, +1.1410245933e+02
-4.2009556733e+02, +1.1190486920e+02
-4.2401795169e+02, +1.0973111903e+02
-4.2801553599e+02, +1.0758744547e+02
-4.3208751052e+02, +1.0548030417e+02
-4.3623230657e+02, +1.0341620510e+02
-4.4044782744e+02, +1.0140149677e+02
-4.4473278502e+02, +9.9442052675e+01
-4.4910887582e+02, +9.7547055738e+01
-4.4690324853e+02, +9.8484792847e+01
-4.4258140506e+02, +1.0041459875e+02
-4.3833121248e+02, +1.0240236462e+02
-4.3004216312e+02, +1.0652897424e+02
           NaN, -8.0176095708e+02
           NaN, -8.3285493331e+02
           NaN, -8.6303029967e+02
           NaN, -8.9231472990e+02
           NaN, -9.2073344518e+02
           NaN, -9.4830976685e+02
           NaN, -9.7506554456e+02
           NaN, -1.0010214840e+03
           NaN, -1.0261974000e+03
           NaN, -1.0506124114e+03
           NaN, -1.0742850896e+03
           NaN, -1.0972335690e+03
           NaN, -1.1194756349e+03
           NaN, -1.1410287805e+03
           NaN, -1.1619102552e+03
           NaN, -1.1821370897e+03
           NaN, -1.2017261182e+03
           NaN, -1.2206939876e+03
           NaN, -1.2390571629e+03
           NaN, -1.2568319238e+03
           NaN, -1.2740343619e+03
           NaN, -1.2906803724e+03
           NaN, -1.3067856469e+03
           NaN, -1.3223656608e+03
           NaN, -1.3374356641e+03
           NaN, -1.3520106721e+03
           NaN, -1.3661054528e+03
           NaN, -1.3797345165e+03
           NaN, -1.3929121111e+03
           NaN, -1.4056522035e+03
           NaN, -1.4179684858e+03
           NaN, -1.4298743558e+03
           NaN, -1.4413829194e+03
           NaN, -1.4525069820e+03
           NaN, -1.4632590473e+03
-2.9345103830e+02, +1.9799697491e+02
           NaN, -1.4836956595e+03
-2.8887382352e+02, +2.0098551828e+02
-2.8660235107e+02, +2.0245421221e+02
-2.8434180878e+02, +2.0390613685e+02
-2.8209184747e+02, +2.0534149946e+02
-2.7985213333e+02, +2.0676050345e+02
-2.7762234710e+02, +2.0816334840e+02
-2.7540218322e+02, +2.0955023000e+02
-2.7319134906e+02, +2.1092134003e+02
-2.7098956424e+02, +2.1227686642e+02
-2.6879655996e+02, +2.1361699320e+02
-2.6661207837e+02, +2.1494190061e+02
-2.6443587199e+02, +2.1625176504e+02
-2.6226770316e+02, +2.1754675918e+02
-2.6010734355e+02, +2.1882705200e+02
-2.5795457368e+02, +2.2009280881e+02
-2.5580918245e+02, +2.2134419137e+02
-2.5367096672e+02, +2.2258135789e+02
-2.5153973095e+02, +2.2380446313e+02
-2.4941528678e+02, +2.2501365848e+02
-2.4729745273e+02, +2.2620909196e+02
-2.4518605381e+02, +2.2739090838e+02
-2.4308092127e+02, +2.2855924934e+02
-2.4098189227e+02, +2.2971425332e+02
-2.3888880962e+02, +2.3085605577e+02
-2.3680152150e+02, +2.3198478914e+02
-2.3471988125e+02, +2.3310058298e+02
-2.3264374709e+02, +2.3420356397e+02
-2.3057298195e+02, +2.3529385604e+02
-2.2850745323e+02, +2.3637158037e+02
-2.2644703262e+02, +2.3743685553e+02
-2.2439159589e+02, +2.3848979745e+02
-2.2234102274e+02, +2.3953051958e+02
           NaN, -1.6806439903e+03
-2.1825400460e+02, +2.4157574586e+02
           NaN, -1.6870887034e+03
           NaN, -1.6901647774e+03
           NaN, -1.6931478655e+03
-2.1013343597e+02, +2.4552428472e+02
           NaN, -1.6988479262e+03
-2.0609825966e+02, +2.4742920698e+02
-2.0408661586e+02, +2.4836466661e+02
-2.0207881542e+02, +2.4928891420e+02
-2.0007477180e+02, +2.5020203904e+02
-1.9807440085e+02, +2.5110412852e+02
           NaN, -1.7140297317e+03
-3.9854472306e+02, -5.9236664353e+00
-3.9228227110e+02, -1.6356869954e+01
-3.8755222247e+02, -2.3988634083e+01
-3.8344113040e+02, -3.0455134007e+01
-3.7969640874e+02, -3.6214996150e+01
-3.7620297589e+02, -4.1479584527e+01
-3.7289641293e+02, -4.6368440493e+01
-3.6973616343e+02, -5.0957545741e+01
-3.6669465262e+02, -5.5299026437e+01
-3.6375208131e+02, -5.9430629985e+01
-3.6089364165e+02, -6.3380818303e+01
-3.5810790230e+02, -6.7171735822e+01
-3.5538581190e+02, -7.0821049283e+01
-3.5272005326e+02, -7.4343145296e+01
-3.5010460775e+02, -7.7749941402e+01
-3.4753445177e+02, -8.1051453739e+01
-3.4500533908e+02, -8.4256205513e+01
-3.4251364117e+02, -8.7371527969e+01
-3.4005622755e+02, -9.0403786741e+01
-3.3763037447e+02, -9.3358555155e+01
-3.3523369427e+02, -9.6240749029e+01
-3.3286407967e+02, -9.9054733001e+01
-3.3051965960e+02, -1.0180440546e+02
-3.2819876355e+02, -1.0449326714e+02
-3.2589989261e+02, -1.0712447711e+02
-3.2362169567e+02, -1.0970089890e+02
-3.2136294975e+02, -1.1222513878e+02
-3.1912254357e+02, -1.1469957783e+02
-3.1689946372e+02, -1.1712639896e+02
-3.1469278302e+02, -1.1950760989e+02
-3.1250165056e+02, -1.2184506270e+02
-3.1032528318e+02, -1.2414047063e+02
-3.0816295816e+02, -1.2639542268e+02
-3.0601400691e+02, -1.2861139610e+02
-3.0387780940e+02, -1.3078976744e+02
-3.0175378943e+02, -1.3293182214e+02
-2.9964141039e+02, -1.3503876294e+02
-2.9754017155e+02, -1.3711171736e+02
-2.9544960483e+02, -1.3915174428e+02
-2.9336927186e+02, -1.4115983980e+02
-2.9129876145e+02, -1.4313694244e+02
-2.8923768727e+02, -1.4508393785e+02
-2.8718568581e+02, -1.4700166292e+02
-2.8514241455e+02, -1.4889090961e+02
-2.8310755030e+02, -1.5075242829e+02
-2.8108078773e+02, -1.5258693084e+02
-2.7906183800e+02, -1.5439509338e+02
-2.7705042754e+02, -1.5617755881e+02
-2.7504629700e+02, -1.5793493911e+02
-2.7304920018e+02, -1.5966781740e+02
-2.7105890317e+02, -1.6137674986e+02
-2.6907518346e+02, -1.6306226746e+02
-2.6709782925e+02, -1.6472487760e+02
-2.6512663867e+02, -1.6636506551e+02
-2.6316141920e+02, -1.6798329567e+02
-2.6120198707e+02, -1.6958001301e+02
-2.5924816669e+02, -1.7115564406e+02
-2.5729979018e+02, -1.7271059805e+02
-2.5535669689e+02, -1.7424526783e+02
-2.5341873298e+02, -1.7576003084e+02
-2.5148575104e+02, -1.7725524991e+02
-2.4955760968e+02, -1.7873127407e+02
-2.4763417324e+02, -1.8018843929e+02
-2.4571531146e+02, -1.8162706911e+02
-2.4380089917e+02, -1.8304747534e+02
-2.4189081601e+02, -1.8444995859e+02
-2.3998494622e+02, -1.8583480888e+02
-2.3808317835e+02, -1.8720230612e+02
-2.3618540507e+02, -1.8855272060e+02
-2.3429152295e+02, -1.8988631346e+02
-2.3240143227e+02, -1.9120333710e+02
-2.3051503683e+02, -1.9250403560e+02
-2.2863224377e+02, -1.9378864507e+02
-2.2675296345e+02, -1.9505739404e+02
-2.2487710925e+02, -1.9631050375e+02
-2.2300459745e+02, -1.9754818850e+02
-2.2113534710e+02, -1.9877065595e+02
-2.1926927987e+02, -1.9997810736e+02
-2.1740631998e+02, -2.0117073791e+02
-2.1554639402e+02, -2.0234873688e+02
-2.1368943093e+02, -2.0351228797e+02
-2.1183536179e+02, -2.0466156946e+02
-2.0998411983e+02, -2.0579675444e+02
-2.0813564029e+02, -2.0691801105e+02
-2.0628986032e+02, -2.0802550260e+02
-2.0444671894e+02, -2.0911938780e+02
-2.0260615694e+02, -2.1019982094e+02
-2.0076811681e+02, -2.1126695201e+02
-1.9893254268e+02, -2.1232092690e+02
-1.9709938025e+02, -2.1336188752e+02
-1.9526857671e+02, -2.1438997196e+02
-1.9344008071e+02, -2.1540531460e+02
-1.9161384229e+02, -2.1640804627e+02
-1.8978981283e+02, -2.1739829435e+02
-1.8796794500e+02, -2.1837618289e+02
-1.8614819270e+02, -2.1934183273e+02
-1.8433051102e+02, -2.2029536159e+02
-1.8251485622e+02, -2.2123688420e+02
-1.8070118564e+02, -2.2216651237e+02
-1.7888945770e+02, -2.2308435509e+02
-1.7707963185e+02, -2.2399051862e+02
-1.7527166853e+02, -2.2488510657e+02
-1.7346552912e+02, -2.2576822002e+02
-1.7166117594e+02, -2.2663995752e+02
-1.6985857220e+02, -2.2750041525e+02
-1.6805768196e+02, -2.2834968703e+02
-1.6625847011e+02, -2.2918786441e+02
-1.6446090235e+02, -2.3001503675e+02
-1.6266494516e+02, -2.3083129127e+02
-1.6087056574e+02, -2.3163671311e+02
-1.5907773204e+02, -2.3243138536e+02
-1.5728641271e+02, -2.3321538920e+02
-1.5549657706e+02, -2.3398880386e+02
-1.5370819506e+02, -2.3475170672e+02
-1.5192123731e+02, -2.3550417336e+02
-1.5013567504e+02, -2.3624627759e+02
-1.4835148006e+02, -2.3697809152e+02
-1.4656862475e+02, -2.3769968556e+02
-1.4478708205e+02, -2.3841112853e+02
-1.4300682544e+02, -2.3911248764e+02
-1.4122782892e+02, -2.3980382856e+02
-1.3945006700e+02, -2.4048521545e+02
-1.3767351467e+02, -2.4115671100e+02
-1.3589814740e+02, -2.4181837647e+02
-1.3412394112e+02, -2.4247027171e+02
-1.3235087220e+02, -2.4311245520e+02
-1.3057891745e+02, -2.4374498410e+02
-1.2880805410e+02, -2.4436791424e+02
-1.2703825977e+02, -2.4498130019e+02
-1.2526951249e+02, -2.4558519527e+02
-1.2350179066e+02, -2.4617965158e+02
-1.2173507307e+02, -2.4676472001e+02
-1.1996933886e+02, -2.4734045032e+02
-1.1820456749e+02, -2.4790689108e+02
-1.1644073881e+02, -2.4846408979e+02
-1.1467783296e+02, -2.4901209281e+02
-1.1291583041e+02, -2.4955094546e+02
-1.1115471194e+02, -2.5008069198e+02
-1.0939445863e+02, -2.5060137561e+02
-1.0763505186e+02, -2.5111303857e+02
-1.0587647326e+02, -2.5161572206e+02
-1.0411870478e+02, -2.5210946635e+02
-1.0236172859e+02, -2.5259431074e+02
-1.0060552716e+02, -2.5307029359e+02
-9.8850083183e+01, -2.5353745234e+02
-9.7095379602e+01, -2.5399582354e+02
-9.5341399598e+01, -2.5444544285e+02
-9.3588126578e+01, -2.5488634504e+02
-9.1835544173e+01, -2.5531856405e+02
-9.0083636228e+01, -2.5574213297e+02
-8.8332386798e+01, -2.5615708405e+02
-8.6581780139e+01, -2.5656344876e+02
-8.4831800704e+01, -2.5696125772e+02
-8.3082433137e+01, -2.5735054081e+02
-8.1333662265e+01, -2.5773132710e+02
-7.9585473095e+01, -2.5810364492e+02
-7.7837850808e+01, -2.5846752182e+02
-7.6090780751e+01, -2.5882298464e+02
-7.4344248435e+01, -2.5917005945e+02
-7.2598239528e+01, -2.5950877165e+02
-7.0852739851e+01, -2.5983914587e+02
-6.9107735373e+01, -2.6016120610e+02
-6.7363212203e+01, -2.6047497558e+02
-6.5619156591e+01, -2.6078047692e+02
-6.3875554920e+01, -2.6107773200e+02
-6.2132393700e+01, -2.6136676209e+02
-6.0389659568e+01, -2.6164758775e+02
-5.8647339279e+01, -2.6192022893e+02
-5.6905419705e+01, -2.6218470492e+02
-5.5163887830e+01, -2.6244103436e+02
-5.3422730746e+01, -2.6268923529e+02
-5.1681935646e+01, -2.6292932511e+02
-4.9941489827e+01, -2.6316132060e+02
-4.8201380679e+01, -2.6338523793e+02
-4.6461595684e+01, -2.6360109269e+02
-4.4722122415e+01, -2.6380889983e+02
-4.2982948525e+01, -2.6400867375e+02
-4.1244061754e+01, -2.6420042822e+02
-3.9505449914e+01, -2.6438417646e+02
-3.7767100894e+01, -2.6455993109e+02
-3.6029002654e+01, -2.6472770417e+02
-3.4291143218e+01, -2.6488750719e+02
-3.2553510678e+01, -2.6503935105e+02
-3.0816093183e+01, -2.6518324611e+02
-2.9078878939e+01, -2.6531920218e+02
-2.7341856210e+01, -2.6544722848e+02
-2.5605013305e+01, -2.6556733371e+02
-2.3868338585e+01, -2.6567952601e+02
-2.2131820452e+01, -2.6578381297e+02
-2.0395447353e+01, -2.6588020164e+02
-1.8659207768e+01, -2.6596869853e+02
-1.6923090216e+01, -2.6604930961e+02
-1.5187083247e+01, -2.6612204030e+02
-1.3451175439e+01, -2.6618689551e+02
-1.1715355397e+01, -2.6624387959e+02
-9.9796117482e+00, -2.6629299638e+02
-8.2439331394e+00, -2.6633424918e+02
-6.5083082351e+00, -2.6636764076e+02
-4.7727257135e+00, -2.6639317335e+02
-3.0371742638e+00, -2.6641084867e+02
-1.3016425832e+00, -2.6642066791e+02
+4.3388062576e-01, -2.6642263173e+02
+2.1694066585e+00, -2.6641674025e+02
+3.9049468112e+00, -2.6640299308e+02
+5.6405123836e+00, -2.6638138931e+02
+7.3761146821e+00, -2.6635192747e+02
+9.1117650226e+00, -2.6631460560e+02
+1.0847474734e+01, -2.6626942118e+02
+1.2583255159e+01, -2.6621637119e+02
+1.4319117661e+01, -2.6615545206e+02
+1.6055073623e+01, -2.6608665968e+02
+1.7791134454e+01, -2.6600998945e+02
+1.9527311589e+01, -2.6592543618e+02
+2.1263616494e+01, -2.6583299418e+02
+2.3000060668e+01, -2.6573265721e+02
+2.4736655648e+01, -2.6562441849e+02
+2.6473413008e+01, -2.6550827071e+02
+2.8210344367e+01, -2.6538420599e+02
+2.9947461389e+01, -2.6525221593e+02
+3.1684775788e+01, -2.6511229156e+02
+3.3422299328e+01, -2.6496442335e+02
+3.5160043831e+01, -2.6480860124e+02
+3.6898021176e+01, -2.6464481460e+02
+3.8636243306e+01, -2.6447305221e+02
+4.0374722226e+01, -2.6429330232e+02
+4.2113470013e+01, -2.6410555257e+02
+4.3852498816e+01, -2.6390979007e+02
+4.5591820857e+01, -2.6370600130e+02
+4.7331448441e+01, -2.6349417218e+02
+4.9071393954e+01, -2.6327428805e+02
+5.0811669867e+01, -2.6304633362e+02
+5.2552288744e+01, -2.6281029303e+02
+5.4293263242e+01, -2.6256614979e+02
+5.6034606114e+01, -2.6231388682e+02
+5.7776330218e+01, -2.6205348639e+02
+5.9518448516e+01, -2.6178493018e+02
+6.1260974078e+01, -2.6150819921e+02
+6.3003920092e+01, -2.6122327387e+02
+6.4747299859e+01, -2.6093013390e+02
+6.6491126806e+01, -2.6062875838e+02
+6.8235414487e+01, -2.6031912576e+02
+6.9980176584e+01, -2.6000121377e+02
+7.1725426916e+01, -2.5967499949e+02
+7.3471179445e+01, -2.5934045932e+02
+7.5217448275e+01, -2.5899756894e+02
+7.6964247660e+01, -2.5864630334e+02
+7.8711592011e+01, -2.5828663679e+02
+8.0459495898e+01, -2.5791854283e+02
+8.2207974055e+01, -2.5754199427e+02
+8.3957041390e+01, -2.5715696317e+02
+8.5706712983e+01, -2.5676342082e+02
+8.7457004099e+01, -2.5636133777e+02
+8.9207930188e+01, -2.5595068376e+02
+9.0959506895e+01, -2.5553142773e+02
+9.2711750063e+01, -2.5510353785e+02
+9.4464675743e+01, -2.5466698144e+02
+9.6218300195e+01, -2.5422172499e+02
+9.7972639900e+01, -2.5376773414e+02
+9.9727711563e+01, -2.5330497368e+02
+1.0148353212e+02, -2.5283340750e+02
+1.0324011875e+02, -2.5235299862e+02
+1.0499748887e+02, -2.5186370913e+02
+1.0675566017e+02, -2.5136550021e+02
+1.0851465058e+02, -2.5085833208e+02
+1.1027447831e+02, -2.5034216400e+02
+1.1203516186e+02, -2.4981695426e+02
+1.1379671998e+02, -2.4928266014e+02
+1.1555917176e+02, -2.4873923790e+02
+1.1732253657e+02, -2.4818664277e+02
+1.1908683409e+02, -2.4762482890e+02
+1.2085208433e+02, -2.4705374937e+02
+1.2261830765e+02, -2.4647335614e+02
+1.2438552473e+02, -2.4588360006e+02
+1.2615375660e+02, -2.4528443080e+02
+1.2792302469e+02, -2.4467579688e+02
+1.2969335076e+02, -2.4405764557e+02
+1.3146475699e+02, -2.4342992295e+02
+1.3323726595e+02, -2.4279257382e+02
+1.3501090062e+02, -2.4214554168e+02
+1.3678568442e+02, -2.4148876872e+02
+1.3856164118e+02, -2.4082219578e+02
+1.4033879521e+02, -2.4014576230e+02
+1.4211717127e+02, -2.3945940633e+02
+1.4389679462e+02, -2.3876306443e+02
+1.4567769099e+02, -2.3805667169e+02
+1.4745988665e+02, -2.3734016169e+02
+1.4924340838e+02, -2.3661346640e+02
+1.5102828352e+02, -2.3587651623e+02
+1.5281453996e+02, -2.3512923992e+02
+1.5460220620e+02, -2.3437156450e+02
+1.5639131132e+02, -2.3360341530e+02
+1.5818188502e+02, -2.3282471584e+02
+1.5997395765e+02, -2.3203538781e+02
+1.6176756025e+02, -2.3123535103e+02
+1.6356272450e+02, -2.3042452337e+02
+1.6535948283e+02, -2.2960282071e+02
+1.6715786840e+02, -2.2877015688e+02
+1.6895791510e+02, -2.2792644361e+02
+1.7075965766e+02, -2.2707159044e+02
+1.7256313157e+02, -2.2620550470e+02
+1.7436837321e+02, -2.2532809139e+02
+1.7617541981e+02, -2.2443925317e+02
+1.7798430951e+02, -2.2353889021e+02
+1.7979508140e+02, -2.2262690021e+02
+1.8160777552e+02, -2.2170317822e+02
+1.8342243295e+02, -2.2076761662e+02
+1.8523909579e+02, -2.1982010504e+02
+1.8705780724e+02, -2.1886053021e+02
+1.8887861162e+02, -2.1788877593e+02
+1.9070155443e+02, -2.1690472293e+02
+1.9252668237e+02, -2.1590824876e+02
+1.9435404342e+02, -2.1489922774e+02
+1.9618368686e+02, -2.1387753078e+02
+1.9801566334e+02, -2.1284302528e+02
+1.9985002493e+02, -2.1179557502e+02
+2.0168682517e+02, -2.1073504002e+02
+2.0352611915e+02, -2.0966127641e+02
+2.0536796355e+02, -2.0857413625e+02
+2.0721241671e+02, -2.0747346743e+02
+2.0905953873e+02, -2.0635911348e+02
+2.1090939151e+02, -2.0523091339e+02
+2.1276203883e+02, -2.0408870147e+02
+2.1461754647e+02, -2.0293230714e+02
+2.1647598225e+02, -2.0176155473e+02
+2.1833741615e+02, -2.0057626328e+02
+2.2020192039e+02, -1.9937624632e+02
+2.2206956955e+02, -1.9816131166e+02
+2.2394044067e+02, -1.9693126111e+02
+2.2581461339e+02, -1.9568589025e+02
+2.2769217001e+02, -1.9442498812e+02
+2.2957319568e+02, -1.9314833701e+02
+2.3145777852e+02, -1.9185571205e+02
+2.3334600978e+02, -1.9054688099e+02
+2.3523798393e+02, -1.8922160376e+02
+2.3713379894e+02, -1.8787963218e+02
+2.3903355634e+02, -1.8652070952e+02
+2.4093736151e+02, -1.8514457013e+02
+2.4284532379e+02, -1.8375093897e+02
+2.4475755676e+02, -1.8233953113e+02
+2.4667417846e+02, -1.8091005137e+02
+2.4859531161e+02, -1.7946219355e+02
+2.5052108389e+02, -1.7799564006e+02
+2.5245162824e+02, -1.7651006123e+02
+2.5438708312e+02, -1.7500511467e+02
+2.5632759290e+02, -1.7348044452e+02
+2.5827330816e+02, -1.7193568076e+02
+2.6022438608e+02, -1.7037043835e+02
+2.6218099088e+02, -1.6878431636e+02
+2.6414329423e+02, -1.6717689706e+02
+2.6611147575e+02, -1.6554774483e+02
+2.6808572351e+02, -1.6389640513e+02
+2.7006623463e+02, -1.6222240327e+02
+2.7205321587e+02, -1.6052524310e+02
+2.7404688427e+02, -1.5880440564e+02
+2.7604746797e+02, -1.5705934751e+02
+2.7805520689e+02, -1.5528949929e+02
+2.8007035370e+02, -1.5349426368e+02
+2.8209317473e+02, -1.5167301352e+02
+2.8412395104e+02, -1.4982508959e+02
+2.8616297954e+02, -1.4794979822e+02
+2.8821057433e+02, -1.4604640866e+02
+2.9026706806e+02, -1.4411415015e+02
+2.9233281354e+02, -1.4215220869e+02
+2.9440818543e+02, -1.4015972352e+02
+2.9649358224e+02, -1.3813578309e+02
+2.9858942843e+02, -1.3607942073e+02
+3.0069617689e+02, -1.3398960963e+02
+3.0281431164e+02, -1.3186525736e+02
+3.0494435092e+02, -1.2970519966e+02
+3.0708685065e+02, -1.2750819344e+02
+3.0924240836e+02, -1.2527290883e+02
+3.1141166774e+02, -1.2299792021e+02
+3.1359532370e+02, -1.2068169591e+02
+3.1579412834e+02, -1.1832258651e+02
+3.1800889770e+02, -1.1591881129e+02
+3.2024051968e+02, -1.1346844262e+02
+3.2248996324e+02, -1.1096938782e+02
+3.2475828913e+02, -1.0841936801e+02
+3.2704666261e+02, -1.0581589317e+02
+3.2935636848e+02, -1.0315623278e+02
+3.3168882906e+02, -1.0043738076e+02
+3.3404562579e+02, -9.7656013549e+01
+3.3642852547e+02, -9.4808439287e+01
+3.3883951233e+02, -9.1890535959e+01
+3.4128082768e+02, -8.8897675152e+01
+3.4375501942e+02, -8.5824627171e+01
+3.4626500471e+02, -8.2665441512e+01
+3.9298483574e+02, +1.2860445544e+02
+3.9637952706e+02, +1.2637483018e+02
+3.5404629364e+02, -7.2597204345e+01
+5.0337799484e+02, +8.0457997560e+01
+4.9881893710e+02, +8.1509378329e+01
+4.9425057675e+02, +8.2621195106e+01
+4.8967635476e+02, +8.3796645914e+01
+4.1816261753e+02, +1.1300106186e+02
+4.2204733938e+02, +1.1081463110e+02
+4.2600737606e+02, +1.0865512261e+02
+4.3004230568e+02, +1.0652890045e+02
+4.3415093024e+02, +1.0444247080e+02
+4.3833136006e+02, +1.0240229408e+02
+4.4258155506e+02, +1.0041453014e+02
+4.4690340131e+02, +9.8484726378e+01
+3.6820194509e+02, -5.3156616538e+01
+4.4473263377e+02, +9.9442120239e+01
+4.4044767865e+02, +1.0140156636e+02
+4.3208736668e+02, +1.0548037722e+02
           NaN, -8.1742461544e+02
           NaN, -8.4805564785e+02
           NaN, -8.7778225516e+02
           NaN, -9.0663080518e+02
           NaN, -9.3462550939e+02
           NaN, -9.6178890631e+02
           NaN, -9.8814223725e+02
           NaN, -1.0137057359e+03
           NaN, -1.0384988468e+03
           NaN, -1.0625403997e+03
           NaN, -1.0858487350e+03
           NaN, -1.1084418038e+03
           NaN, -1.1303372392e+03
           NaN, -1.1515524079e+03
           NaN, -1.1721044460e+03
           NaN, -1.1920102847e+03
           NaN, -1.2112866644e+03
           NaN, -1.2299501402e+03
           NaN, -1.2480170852e+03
           NaN, -1.2655036856e+03
           NaN, -1.2824259354e+03
           NaN, -1.2987996299e+03
           NaN, -1.3146403528e+03
           NaN, -1.3299634690e+03
           NaN, -1.3447841137e+03
           NaN, -1.3591171774e+03
           NaN, -1.3729773026e+03
           NaN, -1.3863788681e+03
           NaN, -1.3993359827e+03
           NaN, -1.4118624766e+03
           NaN, -1.4239718960e+03
           NaN, -1.4356774937e+03
           NaN, -1.4469922249e+03
           NaN, -1.4579287450e+03
           NaN, -1.4684994036e+03
           NaN, -1.4787162432e+03
           NaN, -1.4885909991e+03
+2.8773669858e+02, +2.0172197451e+02
+2.8547073585e+02, +2.0318225765e+02
+2.8321552672e+02, +2.0462587561e+02
+2.8097072979e+02, +2.0605303371e+02
+2.7873601864e+02, +2.0746393348e+02
+2.7651108095e+02, +2.0885877254e+02
+2.7429561772e+02, +2.1023774462e+02
+2.7208934255e+02, +2.1160103959e+02
+2.6989198090e+02, +2.1294884341e+02
+2.6770326954e+02, +2.1428133821e+02
+2.6552295586e+02, +2.1559870231e+02
+2.6335079736e+02, +2.1690111025e+02
+2.6118656112e+02, +2.1818873284e+02
+2.5903002329e+02, +2.1946173721e+02
+2.5688096861e+02, +2.2072028690e+02
+2.5473919004e+02, +2.2196454188e+02
+2.5260448827e+02, +2.2319465863e+02
+2.5047667141e+02, +2.2441079021e+02
+2.4835555457e+02, +2.2561308632e+02
+2.4624095957e+02, +2.2680169338e+02
+2.4413271456e+02, +2.2797675456e+02
+2.4203065378e+02, +2.2913840992e+02
+2.3993461727e+02, +2.3028679639e+02
+2.3784445053e+02, +2.3142204793e+02
+2.3576000436e+02, +2.3254429552e+02
+2.3368113458e+02, +2.3365366727e+02
+2.3160770178e+02, +2.3475028848e+02
+2.2953957116e+02, +2.3583428170e+02
+2.2747661227e+02, +2.3690576679e+02
+2.2541869888e+02, +2.3796486100e+02
+2.2336570874e+02, +2.3901167900e+02
+2.2131752345e+02, +2.4004633299e+02
+2.1927402828e+02, +2.4106893270e+02
+2.1723511202e+02, +2.4207958552e+02
           NaN, -1.6886385712e+03
           NaN, -1.6916677400e+03
           NaN, -1.6946055567e+03
+2.0912312707e+02, +2.4600479487e+02
           NaN, -1.7002197453e+03
+2.0509195183e+02, +2.4789834396e+02
+2.0308224068e+02, +2.4882818629e+02
+2.0107632932e+02, +2.4974686146e+02
+1.9907413241e+02, +2.5065445781e+02
+1.9707556697e+02, +2.5155106181e+02
           NaN, -1.7151772919e+03
