-4.9442454787e+02, -6.1678045434e-01
-5.0535408715e+02, -5.9003711436e-01
-5.1065076038e+02, -5.7880965894e-01
-5.1585086052e+02, -5.6869586797e-01
-5.2096367043e+02, -5.5952366998e-01
-5.2599708145e+02, -5.5115628270e-01
-5.3095787072e+02, -5.4348337937e-01
-5.3585191105e+02, -5.3641482393e-01
-5.4068433215e+02, -5.2987613461e-01
-5.4545964667e+02, -5.2380513802e-01
-5.5018184980e+02, -5.1814946048e-01
-5.5485449907e+02, -5.1286461910e-01
-5.5948077889e+02, -5.0791255005e-01
-5.6860540964e+02, -4.9887991943e-01
-5.8640757744e+02, -4.8362068478e-01
-5.5948077889e+02, -5.0791255005e-01
-5.7204185113e+02, +7.2596103553e+01
-5.7757554354e+02, -4.9083739963e-01
-5.8200790856e+02, -4.8713455793e-01
-5.8640757744e+02, -4.8362068478e-01
-5.9077619358e+02, -4.8028073616e-01
-5.9511527153e+02, -4.7710129249e-01
-5.9942621073e+02, -4.7407033925e-01
-6.0371030739e+02, -4.7117708277e-01
-6.0796876481e+02, -4.6841179484e-01
-6.1220270243e+02, -4.6576568083e-01
-6.1641316378e+02, -4.6323076734e-01
-6.2060112348e+02, -4.6079980594e-01
-6.2516928592e+02, +6.5057437011e+01
-6.3654106725e+02, +6.2674078865e+01
-6.0796876481e+02, -4.6841179484e-01
-6.2891312816e+02, -4.5622388525e-01
-6.3714535334e+02, -4.5199155391e-01
-6.4123340821e+02, -4.4999179166e-01
-6.4530366427e+02, -4.4806377931e-01
-6.4935675366e+02, -4.4620354946e-01
-6.5339327398e+02, -4.4440743302e-01
-6.5741379077e+02, -4.4267203092e-01
-6.6141883992e+02, -4.4099418914e-01
-6.6540892974e+02, -4.3937097639e-01
-6.6938454291e+02, -4.3779966434e-01
-6.7334613822e+02, -4.3627770985e-01
-6.7729415221e+02, -4.3480273917e-01
-6.8091428867e+02, +6.1253704063e+01
-6.9115978049e+02, +5.9511369432e+01
-6.6141883992e+02, -4.4099418914e-01
-6.8515107964e+02, -4.3198501708e-01
-6.9295842481e+02, -4.2933038932e-01
-6.9684439684e+02, -4.2805973915e-01
-7.0071901333e+02, -4.2682468197e-01
-7.0458258999e+02, -4.2562370106e-01
-7.0843542916e+02, -4.2445536742e-01
-7.1227782061e+02, -4.2331833337e-01
-7.1611004224e+02, -4.2221132674e-01
-7.1993236073e+02, -4.2113314545e-01
-7.2374503219e+02, -4.2008265274e-01
-7.2754830267e+02, -4.1905877260e-01
-7.3134240875e+02, -4.1806048572e-01
-7.3512757799e+02, -4.1708682568e-01
-7.3885793994e+02, +6.3280086971e+01
-7.4874947294e+02, +5.7735545330e+01
-7.1611004224e+02, -4.2221132674e-01
-7.4267197407e+02, -4.1520976455e-01
-7.5278920840e+02, +5.7790013044e+01
-7.5392676311e+02, -4.1255739301e-01
-7.5766264144e+02, -4.1171375811e-01
-7.6139095948e+02, -4.1088920698e-01
-7.6511188725e+02, -4.1008309177e-01
-7.6882558904e+02, -4.0929479440e-01
-7.7253222368e+02, -4.0852372478e-01
-7.7623194476e+02, -4.0776931924e-01
-7.7992490086e+02, -4.0703103902e-01
-7.8361123580e+02, -4.0630836891e-01
-7.8729108885e+02, -4.0560081589e-01
-7.9096459486e+02, -4.0490790799e-01
-7.9463188454e+02, -4.0422919311e-01
-7.9829308456e+02, -4.0356423799e-01
-8.0230659863e+02, +6.3124026142e+01
-8.0924135667e+02, -4.0164786060e-01
-8.3818032396e+02, +3.8112557785e+01
-8.0194831774e+02, -4.0291262720e-01
-8.0947049602e+02, +5.5693002905e+01
-8.1651191284e+02, -4.0043189288e-01
-8.2013903033e+02, -3.9984133496e-01
-8.2376084551e+02, -3.9926195537e-01
-8.2737745825e+02, -3.9869344055e-01
-8.3098896568e+02, -3.9813548882e-01
-8.3459546222e+02, -3.9758780973e-01
-8.3819703971e+02, -3.9705012361e-01
-8.4179378750e+02, -3.9652216100e-01
-8.4538579256e+02, -3.9600366220e-01
-8.4897313952e+02, -3.9549437687e-01
-8.5255591081e+02, -3.9499406352e-01
-8.5613418668e+02, -3.9450248918e-01
-8.5970804534e+02, -3.9401942902e-01
-8.6327756296e+02, -3.9354466595e-01
-8.6684281381e+02, -3.9307799030e-01
-8.7040387027e+02, -3.9261919954e-01
-8.7396080292e+02, -3.9216809791e-01
-8.8303995961e+02, +5.5000392294e+01
-8.8515940705e+02, +5.4252558881e+01
-9.0227572677e+02, -3.8881463400e-01
-8.7040387027e+02, -3.9261919954e-01
-8.8460753802e+02, -3.9085906646e-01
-8.8605061788e+02, +5.6406058263e+01
-8.9521953871e+02, -3.8961278576e-01
-8.9874944144e+02, -3.8921054168e-01
-9.0227572677e+02, -3.8881463400e-01
-9.0579845149e+02, -3.8842491682e-01
-9.0931767105e+02, -3.8804124877e-01
-9.1283343967e+02, -3.8766349277e-01
-9.1634581034e+02, -3.8729151588e-01
-9.1985483485e+02, -3.8692518919e-01
-9.2336056385e+02, -3.8656438760e-01
-9.2686304687e+02, -3.8620898973e-01
-9.3036233236e+02, -3.8585887775e-01
-9.3385846771e+02, -3.8551393725e-01
-9.3735149929e+02, -3.8517405714e-01
-9.4084147248e+02, -3.8483912950e-01
-9.4432843171e+02, -3.8450904950e-01
-9.4781242043e+02, -3.8418371525e-01
-9.5129348124e+02, -3.8386302771e-01
-9.5477165580e+02, -3.8354689061e-01
-9.5824698493e+02, -3.8323521034e-01
-9.6171950863e+02, -3.8292789582e-01
-9.6518926607e+02, -3.8262485849e-01
-9.6865629562e+02, -3.8232601216e-01
-9.7966292030e+02, +5.5707925047e+01
-9.7904138931e+02, -3.8145379152e-01
-9.8595181553e+02, -3.8089178651e-01
-1.0070308030e+03, +4.7367974205e+01
-9.6294138562e+02, +4.9780905667e+01
-9.7904138931e+02, -3.8145379152e-01
-9.8595181553e+02, -3.8089178651e-01
-9.8644252560e+02, +5.4676977018e+01
-9.9629868847e+02, -3.8007650329e-01
-9.9974277342e+02, -3.7981185460e-01
-1.0031844751e+03, -3.7955065030e-01
-1.0066238243e+03, -3.7929282580e-01
-1.0100608516e+03, -3.7903831814e-01
-1.0134955866e+03, -3.7878706591e-01
-1.0169280586e+03, -3.7853900921e-01
-1.0203582963e+03, -3.7829408960e-01
-1.0237863279e+03, -3.7805225006e-01
-1.0272121810e+03, -3.7781343494e-01
-1.0306358829e+03, -3.7757758992e-01
-1.0340574601e+03, -3.7734466198e-01
-1.0374769389e+03, -3.7711459934e-01
-1.0408943451e+03, -3.7688735146e-01
-1.0443097039e+03, -3.7666286895e-01
-1.0477230402e+03, -3.7644110359e-01
-1.0511343784e+03, -3.7622200826e-01
-1.0545437425e+03, -3.7600553693e-01
-1.0579511561e+03, -3.7579164461e-01
-1.0613566423e+03, -3.7558028735e-01
-1.0647602239e+03, -3.7537142215e-01
-1.0681619234e+03, -3.7516500702e-01
-1.0715617627e+03, -3.7496100087e-01
-1.0749597635e+03, -3.7475936354e-01
-1.0783559472e+03, -3.7456005575e-01
-1.0817503346e+03, -3.7436303907e-01
-1.0851429463e+03, -3.7416827592e-01
-1.0885338026e+03, -3.7397572952e-01
-1.0919229235e+03, -3.7378536390e-01
-1.0953103285e+03, -3.7359714384e-01
-1.0986960369e+03, -3.7341103489e-01
-1.1020800678e+03, -3.7322700330e-01
-1.1167734563e+03, +5.9596836417e+01
-1.1122222802e+03, -3.7268704603e-01
-1.1155997845e+03, -3.7251100057e-01
-1.1227576552e+03, +5.1768070265e+01
-1.1290941026e+03, -3.7182571444e-01
-1.1593689433e+03, -3.7038679262e-01
-1.0924786088e+03, +4.6445470765e+01
-1.1155997845e+03, -3.7251100057e-01
-1.1221463048e+03, +5.2202314459e+01
-1.1290941026e+03, -3.7182571444e-01
-1.1324638415e+03, -3.7165897264e-01
-1.1315047242e+03, +5.3233659054e+01
-1.1452351260e+03, +5.1563645157e+01
-1.1459279219e+03, -3.7100950191e-01
-1.1492903013e+03, -3.7085137802e-01
-1.1526512548e+03, -3.7069490131e-01
-1.1560107973e+03, -3.7054004745e-01
-1.1593689433e+03, -3.7038679262e-01
-1.1627257072e+03, -3.7023511342e-01
-1.1660811033e+03, -3.7008498692e-01
-1.1694351455e+03, -3.6993639063e-01
-1.1727878476e+03, -3.6978930249e-01
-1.1761392231e+03, -3.6964370083e-01
-1.1794892854e+03, -3.6949956443e-01
-1.1828380477e+03, -3.6935687244e-01
-1.1861855231e+03, -3.6921560440e-01
-1.1895317242e+03, -3.6907574024e-01
-1.1928766639e+03, -3.6893726025e-01
-1.1962203544e+03, -3.6880014510e-01
-1.1995628081e+03, -3.6866437579e-01
-1.2029040372e+03, -3.6852993369e-01
-1.2062440535e+03, -3.6839680049e-01
-1.2095828689e+03, -3.6826495823e-01
-1.2129204950e+03, -3.6813438925e-01
-1.2162569431e+03, -3.6800507621e-01
-1.2195922248e+03, -3.6787700211e-01
-1.2229263510e+03, -3.6775015020e-01
-1.2262593328e+03, -3.6762450408e-01
-1.2295911811e+03, -3.6750004759e-01
-1.2329219065e+03, -3.6737676488e-01
-1.2362515197e+03, -3.6725464038e-01
-1.2395800311e+03, -3.6713365878e-01
-1.2429074509e+03, -3.6701380503e-01
-1.2462337893e+03, -3.6689506435e-01
-1.2495590564e+03, -3.6677742220e-01
-1.2528832620e+03, -3.6666086430e-01
-1.2562064159e+03, -3.6654537661e-01
-1.2595285277e+03, -3.6643094533e-01
-1.2628496070e+03, -3.6631755688e-01
-1.2661696632e+03, -3.6620519793e-01
-1.2694887054e+03, -3.6609385534e-01
-1.2728067429e+03, -3.6598351622e-01
-1.2761237847e+03, -3.6587416789e-01
-1.2794398398e+03, -3.6576579785e-01
-1.2827549169e+03, -3.6565839384e-01
-1.2860690247e+03, -3.6555194378e-01
-1.2893821719e+03, -3.6544643579e-01
-1.2926943669e+03, -3.6534185820e-01
-1.2960056181e+03, -3.6523819951e-01
-1.2993159338e+03, -3.6513544841e-01
-1.3026253221e+03, -3.6503359376e-01
-1.3059337912e+03, -3.6493262462e-01
-1.3092413491e+03, -3.6483253022e-01
-1.3125480035e+03, -3.6473329995e-01
-1.3158537623e+03, -3.6463492336e-01
-1.3191586331e+03, -3.6453739019e-01
-1.3191586331e+03, -3.6453739019e-01
-1.3152031724e+03, +5.4565616551e+01
-1.3361052179e+03, +5.0893359656e+01
-1.3356699314e+03, -3.6406202710e-01
-1.3389696312e+03, -3.6396934749e-01
-1.3422684943e+03, -3.6387744371e-01
-1.3455665279e+03, -3.6378630669e-01
-1.3541780367e+03, +5.2117907643e+01
-1.3554557197e+03, -3.6351740763e-01
-1.3620444909e+03, -3.6334181524e-01
-1.3719217436e+03, -3.6308377026e-01
-1.3916556185e+03, -3.6258613311e-01
-1.3290679937e+03, -3.6424975084e-01
-1.3488637388e+03, -3.6369592752e-01
-1.3587505032e+03, -3.6342924972e-01
-1.3653376892e+03, -3.6325509593e-01
-1.3680597851e+03, +5.0418165785e+01
-1.3752126123e+03, -3.6299914796e-01
-1.3785027170e+03, -3.6291520891e-01
-1.3817920640e+03, -3.6283194541e-01
-1.3850806592e+03, -3.6274934991e-01
-1.3883685087e+03, -3.6266741492e-01
-1.3876741145e+03, +5.0697597665e+01
-1.4148146269e+03, +5.8694453921e+01
-1.4047967768e+03, -3.6226739407e-01
-1.4043828340e+03, +4.8620266086e+01
-1.4080802748e+03, -3.6218927140e-01
-1.4113630675e+03, -3.6211175994e-01
-1.4146451602e+03, -3.6203485302e-01
-1.4179265586e+03, -3.6195854410e-01
-1.4212072679e+03, -3.6188282670e-01
-1.4244872935e+03, -3.6180769446e-01
-1.4277666407e+03, -3.6173314109e-01
-1.4310453147e+03, -3.6165916040e-01
-1.4343233206e+03, -3.6158574626e-01
-1.4376006636e+03, -3.6151289266e-01
-1.4408773487e+03, -3.6144059366e-01
-1.4441533810e+03, -3.6136884338e-01
-1.4474287653e+03, -3.6129763605e-01
-1.4507035066e+03, -3.6122696597e-01
-1.4539776097e+03, -3.6115682751e-01
-1.4572510794e+03, -3.6108721511e-01
-1.4605239204e+03, -3.6101812332e-01
-1.4637961375e+03, -3.6094954672e-01
-1.4670677353e+03, -3.6088147999e-01
-1.4703387183e+03, -3.6081391787e-01
-1.4736090912e+03, -3.6074685517e-01
-1.4768788585e+03, -3.6068028679e-01
-1.4801480245e+03, -3.6061420766e-01
-1.4834165937e+03, -3.6054861281e-01
-1.4866845706e+03, -3.6048349731e-01
-1.4899519593e+03, -3.6041885632e-01
-1.4932187642e+03, -3.6035468505e-01
-1.4964849895e+03, -3.6029097876e-01
-1.4997506394e+03, -3.6022773280e-01
-1.5030157181e+03, -3.6016494255e-01
-1.5062802297e+03, -3.6010260348e-01
-1.5095441782e+03, -3.6004071109e-01
-1.5128075677e+03, -3.5997926096e-01
-1.5160704021e+03, -3.5991824872e-01
-1.5193326854e+03, -3.5985767004e-01
-1.5225944216e+03, -3.5979752067e-01
-1.5258556145e+03, -3.5973779640e-01
-1.5291162678e+03, -3.5967849307e-01
-1.5323763855e+03, -3.5961960658e-01
-1.5356359713e+03, -3.5956113289e-01
-1.5388950289e+03, -3.5950306799e-01
-1.5421535620e+03, -3.5944540793e-01
-1.5454115743e+03, -3.5938814881e-01
-1.5486690693e+03, -3.5933128679e-01
-1.5519260506e+03, -3.5927481805e-01
-1.5551825219e+03, -3.5921873884e-01
-1.5584384866e+03, -3.5916304545e-01
-1.5616939481e+03, -3.5910773422e-01
-1.5649489100e+03, -3.5905280152e-01
-1.5682033756e+03, -3.5899824377e-01
-1.5714573484e+03, -3.5894405745e-01
-1.5747108317e+03, -3.5889023907e-01
-1.5779638288e+03, -3.5883678517e-01
-1.5812163429e+03, -3.5878369236e-01
-1.5844683774e+03, -3.5873095726e-01
-1.5877199355e+03, -3.5867857655e-01
-1.5909710204e+03, -3.5862654696e-01
-1.5942216352e+03, -3.5857486522e-01
-1.5974717831e+03, -3.5852352815e-01
-1.6007214672e+03, -3.5847253256e-01
-1.6039706906e+03, -3.5842187533e-01
-1.6072194563e+03, -3.5837155336e-01
-1.6104677674e+03, -3.5832156359e-01
-1.6137156268e+03, -3.5827190301e-01
-1.6169630375e+03, -3.5822256862e-01
-1.6202100025e+03, -3.5817355748e-01
-1.6234565247e+03, -3.5812486667e-01
-1.6267026069e+03, -3.5807649330e-01
-1.6299482521e+03, -3.5802843453e-01
-1.6331934631e+03, -3.5798068753e-01
-1.6364382426e+03, -3.5793324953e-01
-1.6396825935e+03, -3.5788611776e-01
-1.6429265186e+03, -3.5783928952e-01
-1.6461700205e+03, -3.5779276211e-01
-1.6494131021e+03, -3.5774653286e-01
-1.6526557659e+03, -3.5770059916e-01
-1.6558980147e+03, -3.5765495840e-01
-1.6591398511e+03, -3.5760960801e-01
-1.6623812777e+03, -3.5756454546e-01
-1.6656222971e+03, -3.5751976822e-01
-1.6688629119e+03, -3.5747527382e-01
-1.6721031247e+03, -3.5743105980e-01
-1.6753429379e+03, -3.5738712372e-01
-1.6785823541e+03, -3.5734346320e-01
-1.6818213758e+03, -3.5730007585e-01
-1.6850600054e+03, -3.5725695932e-01
-1.6882982454e+03, -3.5721411129e-01
-1.6915360982e+03, -3.5717152947e-01
-1.6947735662e+03, -3.5712921158e-01
-1.6980106518e+03, -3.5708715537e-01
-1.7012473573e+03, -3.5704535862e-01
-1.7044836851e+03, -3.5700381914e-01
-1.7077196376e+03, -3.5696253475e-01
-1.7109552169e+03, -3.5692150329e-01
-1.7141904255e+03, -3.5688072265e-01
-1.7174252655e+03, -3.5684019071e-01
-1.7206597392e+03, -3.5679990539e-01
-1.7238938489e+03, -3.5675986464e-01
-1.7271275967e+03, -3.5672006641e-01
-1.7303609849e+03, -3.5668050870e-01
-1.7335940155e+03, -3.5664118950e-01
-1.7368266908e+03, -3.5660210685e-01
-1.7400590129e+03, -3.5656325879e-01
-1.7432909839e+03, -3.5652464338e-01
-1.7465226059e+03, -3.5648625873e-01
-1.7497538810e+03, -3.5644810294e-01
-1.7529848113e+03, -3.5641017413e-01
-1.7562153988e+03, -3.5637247046e-01
-1.7594456455e+03, -3.5633499009e-01
-1.7626755534e+03, -3.5629773121e-01
-1.7659051247e+03, -3.5626069203e-01
-1.7691343611e+03, -3.5622387077e-01
-1.7723632648e+03, -3.5618726567e-01
-1.7755918376e+03, -3.5615087500e-01
-1.7788200815e+03, -3.5611469703e-01
-1.7820479985e+03, -3.5607873006e-01
-1.7852755903e+03, -3.5604297241e-01
-1.7885028590e+03, -3.5600742241e-01
-1.7917298063e+03, -3.5597207840e-01
-1.7949564342e+03, -3.5593693875e-01
-1.7981827445e+03, -3.5590200184e-01
-1.8014087390e+03, -3.5586726607e-01
-1.8046344196e+03, -3.5583272986e-01
-1.8078597879e+03, -3.5579839163e-01
-1.8110848459e+03, -3.5576424983e-01
-1.8143095953e+03, -3.5573030293e-01
-1.8175340379e+03, -3.5569654940e-01
-1.8207581753e+03, -3.5566298774e-01
-1.8239820094e+03, -3.5562961644e-01
-1.8272055419e+03, -3.5559643404e-01
-1.8304287744e+03, -3.5556343907e-01
-1.8336517087e+03, -3.5553063008e-01
-1.8368743464e+03, -3.5549800564e-01
-1.8400966892e+03, -3.5546556433e-01
-1.8433187387e+03, -3.5543330474e-01
-1.8465404967e+03, -3.5540122549e-01
-1.8497619647e+03, -3.5536932519e-01
-1.8529831443e+03, -3.5533760247e-01
-1.8562040371e+03, -3.5530605599e-01
-1.8594246448e+03, -3.5527468441e-01
-1.8621123101e+03, +4.9683341943e+01
-1.8658650110e+03, -3.5521246065e-01
-1.8658650110e+03, -3.5521246065e-01
-1.8690847726e+03, -3.5518160586e-01
-1.8723042553e+03, -3.5515092074e-01
-1.8700458666e+03, +4.9600063170e+01
-1.8516755681e+03, +5.7151077373e+01
-1.9100462331e+03, +5.3253924227e+01
-1.8986819552e+03, +4.9414398638e+01
-1.8980502573e+03, -3.5491139752e-01
-1.9012672973e+03, -3.5488218351e-01
-1.8980502573e+03, -3.5491139752e-01
-1.9044840732e+03, -3.5485312696e-01
-1.9077005864e+03, -3.5482422671e-01
-1.9109168384e+03, -3.5479548161e-01
-1.9141328304e+03, -3.5476689052e-01
-1.9173485641e+03, -3.5473845232e-01
-1.9205640406e+03, -3.5471016589e-01
-1.9237792614e+03, -3.5468203013e-01
-1.9269942278e+03, -3.5465404393e-01
-1.9302089412e+03, -3.5462620622e-01
-1.9334234030e+03, -3.5459851592e-01
-1.9366376144e+03, -3.5457097196e-01
-1.9398515768e+03, -3.5454357329e-01
-1.9430652914e+03, -3.5451631887e-01
-1.9462787597e+03, -3.5448920765e-01
-1.9494919829e+03, -3.5446223862e-01
-1.9458614273e+03, +5.1140987990e+01
-1.9627778682e+03, +4.9624631082e+01
-1.9623424500e+03, -3.5435576409e-01
-1.9655544667e+03, -3.5432949089e-01
-1.9687662458e+03, -3.5430335391e-01
-1.9719777887e+03, -3.5427735218e-01
-1.9751890964e+03, -3.5425148476e-01
-1.9755770337e+03, +5.0104360220e+01
-1.9848216213e+03, -3.5417467885e-01
-1.9880320007e+03, -3.5414933925e-01
-1.9912421510e+03, -3.5412412931e-01
-1.9998195623e+03, +5.1150887598e+01
-2.0008712391e+03, -3.5404926840e-01
-2.0067804337e+03, +5.3341315109e+01
-2.0104983068e+03, -3.5397554234e-01
-2.0169152447e+03, -3.5392701053e-01
-2.0233313071e+03, -3.5387896594e-01
-2.0329537785e+03, -3.5380779807e-01
-2.0425743291e+03, -3.5373768955e-01
-2.0618097809e+03, -3.5360056552e-01
-2.0938526420e+03, -3.5338080957e-01
-2.2084866122e+03, +2.0589732633e+01
-1.9079476889e+03, +4.1016424926e+01
-1.9623424500e+03, -3.5435576409e-01
-1.9848244179e+03, +4.8066714025e+01
-1.9976617691e+03, -3.5407409477e-01
-2.0072895068e+03, -3.5399999305e-01
-2.0137068857e+03, -3.5395121511e-01
-2.0201233848e+03, -3.5390292775e-01
-2.0265390128e+03, -3.5385512427e-01
-2.0331177433e+03, +5.3638303907e+01
-2.0361608407e+03, -3.5378431193e-01
-2.0383971263e+03, +4.9274359404e+01
-2.0457807573e+03, -3.5371455173e-01
-2.0489869763e+03, -3.5369152847e-01
-2.0521929872e+03, -3.5366861898e-01
-2.0534843747e+03, +4.9350838140e+01
-2.0640024367e+03, +4.9338444628e+01
-2.0650149692e+03, -3.5357810354e-01
-2.0682199544e+03, -3.5355575157e-01
-2.0714247375e+03, -3.5353350887e-01
-2.0746293195e+03, -3.5351137473e-01
-2.0778337013e+03, -3.5348934843e-01
-2.0810378839e+03, -3.5346742924e-01
-2.0810378839e+03, -3.5346742924e-01
-2.0734297451e+03, +5.6293630306e+01
-2.0981968470e+03, +4.9368509435e+01
-2.0957316491e+03, +4.8893136541e+01
-2.1002588508e+03, -3.5333812429e-01
-2.1034616659e+03, -3.5331693541e-01
-2.1066642895e+03, -3.5329584815e-01
-2.1098667223e+03, -3.5327486183e-01
-2.1130689654e+03, -3.5325397581e-01
-2.1162710196e+03, -3.5323318943e-01
-2.1194728858e+03, -3.5321250204e-01
-2.1226745649e+03, -3.5319191301e-01
-2.1258760579e+03, -3.5317142170e-01
-2.1290773655e+03, -3.5315102747e-01
-2.1322784887e+03, -3.5313072971e-01
-2.1354794284e+03, -3.5311052779e-01
-2.1386801853e+03, -3.5309042110e-01
-2.1418807604e+03, -3.5307040903e-01
-2.1450811546e+03, -3.5305049098e-01
-2.1482813686e+03, -3.5303066633e-01
-2.1514814034e+03, -3.5301093451e-01
-2.1546812596e+03, -3.5299129491e-01
-2.1578809383e+03, -3.5297174696e-01
-2.1610804402e+03, -3.5295229006e-01
-2.1642797662e+03, -3.5293292365e-01
-2.1668825738e+03, +4.7073436631e+01
-2.1802737849e+03, -3.5283742905e-01
+4.0204283760e+02, -1.1809068244e+01
+3.9674485671e+02, -2.0489237365e+01
+3.9234915476e+02, -2.7495184897e+01
+3.8842055621e+02, -3.3611659285e+01
+3.8479344334e+02, -3.9140974431e+01
+3.8138276962e+02, -4.4240041299e+01
+3.7813769399e+02, -4.9003583967e+01
+3.7502483136e+02, -5.3494374215e+01
+3.7202080435e+02, -5.7756747763e+01
+3.6910845751e+02, -6.1823508910e+01
+3.6627474246e+02, -6.5719805790e+01
+3.6350945034e+02, -6.9465463880e+01
+3.6080440895e+02, -7.3076470230e+01
+3.5815295157e+02, -7.6565959875e+01
+3.5554955238e+02, -7.9944895446e+01
+3.5298956866e+02, -8.3222549736e+01
+3.5046905376e+02, -8.6406857224e+01
+3.4798461828e+02, -8.9504675834e+01
+3.4553332518e+02, -9.2521985631e+01
+3.4311260899e+02, -9.5464042175e+01
+3.4072021290e+02, -9.8335496676e+01
+3.3835413886e+02, -1.0114049137e+02
+3.3601260767e+02, -1.0388273617e+02
+3.3369402674e+02, -1.0656557082e+02
+3.3139696364e+02, -1.0919201601e+02
+3.2912012439e+02, -1.1176481547e+02
+3.2686233537e+02, -1.1428647124e+02
+3.2462252814e+02, -1.1675927320e+02
+3.2239972671e+02, -1.1918532408e+02
+3.2019303669e+02, -1.2156656075e+02
+3.1800163601e+02, -1.2390477246e+02
+3.1582476704e+02, -1.2620161654e+02
+3.1366172969e+02, -1.2845863195e+02
+3.1151187546e+02, -1.3067725113e+02
+3.0937460232e+02, -1.3285881027e+02
+3.0724935015e+02, -1.3500455842e+02
+3.0513559679e+02, -1.3711566537e+02
+3.0303285452e+02, -1.3919322875e+02
+3.0094066698e+02, -1.4123828026e+02
+2.9885860642e+02, -1.4325179122e+02
+2.9678627126e+02, -1.4523467748e+02
+2.9472328392e+02, -1.4718780396e+02
+2.9266928884e+02, -1.4911198852e+02
+2.9062395075e+02, -1.5100800563e+02
+2.8858695309e+02, -1.5287658955e+02
+2.8655799658e+02, -1.5471843729e+02
+2.8453679792e+02, -1.5653421124e+02
+2.8252308866e+02, -1.5832454161e+02
+2.8051661412e+02, -1.6009002858e+02
+2.7851713243e+02, -1.6183124436e+02
+2.7652441362e+02, -1.6354873497e+02
+2.7453823887e+02, -1.6524302194e+02
+2.7255839976e+02, -1.6691460386e+02
+2.7058469755e+02, -1.6856395777e+02
+2.6861694263e+02, -1.7019154048e+02
+2.6665495390e+02, -1.7179778976e+02
+2.6469855827e+02, -1.7338312546e+02
+2.6274759018e+02, -1.7494795053e+02
+2.6080189112e+02, -1.7649265195e+02
+2.5886130927e+02, -1.7801760165e+02
+2.5692569907e+02, -1.7952315730e+02
+2.5499492088e+02, -1.8100966308e+02
+2.5306884065e+02, -1.8247745038e+02
+2.5114732963e+02, -1.8392683846e+02
+2.4923026407e+02, -1.8535813509e+02
+2.4731752493e+02, -1.8677163709e+02
+2.4540899767e+02, -1.8816763090e+02
+2.4350457202e+02, -1.8954639304e+02
+2.4160414172e+02, -1.9090819063e+02
+2.3970760436e+02, -1.9225328181e+02
+2.3781486115e+02, -1.9358191616e+02
+2.3592581681e+02, -1.9489433507e+02
+2.3404037930e+02, -1.9619077215e+02
+2.3215845978e+02, -1.9747145352e+02
+2.3027997235e+02, -1.9873659820e+02
+2.2840483401e+02, -1.9998641836e+02
+2.2653296444e+02, -2.0122111964e+02
+2.2466428594e+02, -2.0244090142e+02
+2.2279872331e+02, -2.0364595707e+02
+2.2093620370e+02, -2.0483647420e+02
+2.1907665653e+02, -2.0601263490e+02
+2.1722001341e+02, -2.0717461595e+02
+2.1536620799e+02, -2.0832258902e+02
+2.1351517597e+02, -2.0945672088e+02
+2.1166685489e+02, -2.1057717360e+02
+2.0982118418e+02, -2.1168410468e+02
+2.0797810499e+02, -2.1277766728e+02
+2.0613756014e+02, -2.1385801034e+02
+2.0429949411e+02, -2.1492527874e+02
+2.0246385290e+02, -2.1597961346e+02
+2.0063058400e+02, -2.1702115168e+02
+1.9879963634e+02, -2.1805002698e+02
+1.9697096022e+02, -2.1906636940e+02
+1.9514450729e+02, -2.2007030559e+02
+1.9332023045e+02, -2.2106195892e+02
+1.9149808383e+02, -2.2204144959e+02
+1.8967802274e+02, -2.2300889474e+02
+1.8786000364e+02, -2.2396440853e+02
+1.8604398409e+02, -2.2490810227e+02
+1.8422992268e+02, -2.2584008446e+02
+1.8241777905e+02, -2.2676046094e+02
+1.8060751380e+02, -2.2766933492e+02
+1.7879908851e+02, -2.2856680710e+02
+1.7699246563e+02, -2.2945297571e+02
+1.7518760854e+02, -2.3032793662e+02
+1.7338448144e+02, -2.3119178338e+02
+1.7158304937e+02, -2.3204460729e+02
+1.6978327816e+02, -2.3288649752e+02
+1.6798513442e+02, -2.3371754107e+02
+1.6618858549e+02, -2.3453782294e+02
+1.6439359945e+02, -2.3534742610e+02
+1.6260014504e+02, -2.3614643159e+02
+1.6080819172e+02, -2.3693491858e+02
+1.5901770955e+02, -2.3771296438e+02
+1.5722866927e+02, -2.3848064454e+02
+1.5544104220e+02, -2.3923803286e+02
+1.5365480025e+02, -2.3998520143e+02
+1.5186991592e+02, -2.4072222072e+02
+1.5008636225e+02, -2.4144915958e+02
+1.4830411281e+02, -2.4216608530e+02
+1.4652314172e+02, -2.4287306363e+02
+1.4474342356e+02, -2.4357015884e+02
+1.4296493344e+02, -2.4425743376e+02
+1.4118764692e+02, -2.4493494978e+02
+1.3941154002e+02, -2.4560276692e+02
+1.3763658921e+02, -2.4626094385e+02
+1.3586277140e+02, -2.4690953791e+02
+1.3409006389e+02, -2.4754860517e+02
+1.3231844442e+02, -2.4817820041e+02
+1.3054789111e+02, -2.4879837722e+02
+1.2877838246e+02, -2.4940918794e+02
+1.2700989733e+02, -2.5001068378e+02
+1.2524241496e+02, -2.5060291475e+02
+1.2347591493e+02, -2.5118592978e+02
+1.2171037717e+02, -2.5175977667e+02
+1.1994578191e+02, -2.5232450214e+02
+1.1818210972e+02, -2.5288015186e+02
+1.1641934149e+02, -2.5342677045e+02
+1.1465745839e+02, -2.5396440154e+02
+1.1289644190e+02, -2.5449308773e+02
+1.1113627376e+02, -2.5501287069e+02
+1.0937693601e+02, -2.5552379108e+02
+1.0761841095e+02, -2.5602588866e+02
+1.0586068112e+02, -2.5651920226e+02
+1.0410372935e+02, -2.5700376979e+02
+1.0234753869e+02, -2.5747962828e+02
+1.0059209242e+02, -2.5794681391e+02
+9.8837374065e+01, -2.5840536198e+02
+9.7083367377e+01, -2.5885530694e+02
+9.5330056317e+01, -2.5929668243e+02
+9.3577425057e+01, -2.5972952129e+02
+9.1825457978e+01, -2.6015385552e+02
+9.0074139658e+01, -2.6056971638e+02
+8.8323454866e+01, -2.6097713431e+02
+8.6573388560e+01, -2.6137613903e+02
+8.4823925880e+01, -2.6176675947e+02
+8.3075052140e+01, -2.6214902387e+02
+8.1326752827e+01, -2.6252295969e+02
+7.9579013592e+01, -2.6288859371e+02
+7.7831820247e+01, -2.6324595199e+02
+7.6085158759e+01, -2.6359505990e+02
+7.4339015246e+01, -2.6393594211e+02
+7.2593375974e+01, -2.6426862262e+02
+7.0848227346e+01, -2.6459312478e+02
+6.9103555905e+01, -2.6490947124e+02
+6.7359348326e+01, -2.6521768404e+02
+6.5615591411e+01, -2.6551778455e+02
+6.3872272088e+01, -2.6580979351e+02
+6.2129377402e+01, -2.6609373104e+02
+6.0386894515e+01, -2.6636961664e+02
+5.8644810700e+01, -2.6663746918e+02
+5.6903113340e+01, -2.6689730694e+02
+5.5161789918e+01, -2.6714914760e+02
+5.3420828020e+01, -2.6739300823e+02
+5.1680215329e+01, -2.6762890532e+02
+4.9939939617e+01, -2.6785685480e+02
+4.8199988749e+01, -2.6807687198e+02
+4.6460350674e+01, -2.6828897164e+02
+4.4721013424e+01, -2.6849316796e+02
+4.2981965109e+01, -2.6868947459e+02
+4.1243193914e+01, -2.6887790460e+02
+3.9504688099e+01, -2.6905847052e+02
+3.7766435989e+01, -2.6923118432e+02
+3.6028425978e+01, -2.6939605744e+02
+3.4290646521e+01, -2.6955310078e+02
+3.2553086131e+01, -2.6970232469e+02
+3.0815733380e+01, -2.6984373899e+02
+2.9078576893e+01, -2.6997735299e+02
+2.7341605343e+01, -2.7010317545e+02
+2.5604807451e+01, -2.7022121461e+02
+2.3868171984e+01, -2.7033147821e+02
+2.2131687748e+01, -2.7043397345e+02
+2.0395343589e+01, -2.7052870702e+02
+1.8659128388e+01, -2.7061568510e+02
+1.6923031059e+01, -2.7069491335e+02
+1.5187040544e+01, -2.7076639694e+02
+1.3451145814e+01, -2.7083014050e+02
+1.1715335865e+01, -2.7088614819e+02
+9.9795997102e+00, -2.7093442363e+02
+8.2439263857e+00, -2.7097496996e+02
+6.5083049415e+00, -2.7100778982e+02
+4.7727244408e+00, -2.7103288532e+02
+3.0371739571e+00, -2.7105025810e+02
+1.3016425716e+00, -2.7105990927e+02
-4.3388062987e-01, -2.7106183948e+02
-2.1694065593e+00, -2.7105604883e+02
-3.9049461294e+00, -2.7104253697e+02
-5.6405102563e+00, -2.7102130300e+02
-7.3761098624e+00, -2.7099234555e+02
-9.1117558789e+00, -2.7095566276e+02
-1.0847459249e+01, -2.7091125223e+02
-1.2583230929e+01, -2.7085911109e+02
-1.4319081894e+01, -2.7079923595e+02
-1.6055023139e+01, -2.7073162293e+02
-1.7791065681e+01, -2.7065626762e+02
-1.9527220563e+01, -2.7057316513e+02
-2.1263498855e+01, -2.7048231005e+02
-2.2999911660e+01, -2.7038369645e+02
-2.4736470115e+01, -2.7027731790e+02
-2.6473185392e+01, -2.7016316745e+02
-2.8210068707e+01, -2.7004123763e+02
-2.9947131313e+01, -2.6991152047e+02
-3.1684384513e+01, -2.6977400744e+02
-3.3421839658e+01, -2.6962868953e+02
-3.5159508149e+01, -2.6947555717e+02
-3.6897401444e+01, -2.6931460027e+02
-3.8635531058e+01, -2.6914580821e+02
-4.0373908565e+01, -2.6896916981e+02
-4.2112545607e+01, -2.6878467338e+02
-4.3851453890e+01, -2.6859230666e+02
-4.5590645191e+01, -2.6839205685e+02
-4.7330131362e+01, -2.6818391060e+02
-4.9069924333e+01, -2.6796785399e+02
-5.0810036111e+01, -2.6774387254e+02
-5.2550478790e+01, -2.6751195121e+02
-5.4291264551e+01, -2.6727207437e+02
-5.6032405665e+01, -2.6702422583e+02
-5.7773914498e+01, -2.6676838879e+02
-5.9515803515e+01, -2.6650454588e+02
-6.1258085281e+01, -2.6623267914e+02
-6.3000772470e+01, -2.6595276997e+02
-6.4743877863e+01, -2.6566479920e+02
-6.6487414356e+01, -2.6536874702e+02
-6.8231394960e+01, -2.6506459300e+02
-6.9975832813e+01, -2.6475231608e+02
-7.1720741173e+01, -2.6443189456e+02
-7.3466133433e+01, -2.6410330611e+02
-7.5212023118e+01, -2.6376652770e+02
-7.6958423892e+01, -2.6342153568e+02
-7.8705349564e+01, -2.6306830572e+02
-8.0452814090e+01, -2.6270681278e+02
-8.2200831581e+01, -2.6233703116e+02
-8.3949416303e+01, -2.6195893444e+02
-8.5698582688e+01, -2.6157249550e+02
-8.7448345335e+01, -2.6117768649e+02
-8.9198719015e+01, -2.6077447884e+02
-9.0949718680e+01, -2.6036284320e+02
-9.2701359464e+01, -2.5994274951e+02
-9.4453656693e+01, -2.5951416692e+02
-9.6206625887e+01, -2.5907706380e+02
-9.7960282771e+01, -2.5863140772e+02
-9.9714643272e+01, -2.5817716547e+02
-1.0146972354e+02, -2.5771430298e+02
-1.0322553993e+02, -2.5724278538e+02
-1.0498210905e+02, -2.5676257694e+02
-1.0673944771e+02, -2.5627364107e+02
-1.0849757299e+02, -2.5577594027e+02
-1.1025650220e+02, -2.5526943620e+02
-1.1201625291e+02, -2.5475408955e+02
-1.1377684297e+02, -2.5422986012e+02
-1.1553829046e+02, -2.5369670674e+02
-1.1730061379e+02, -2.5315458729e+02
-1.1906383163e+02, -2.5260345865e+02
-1.2082796294e+02, -2.5204327670e+02
-1.2259302701e+02, -2.5147399630e+02
-1.2435904342e+02, -2.5089557125e+02
-1.2612603209e+02, -2.5030795429e+02
-1.2789401326e+02, -2.4971109707e+02
-1.2966300753e+02, -2.4910495011e+02
-1.3143303585e+02, -2.4848946282e+02
-1.3320411953e+02, -2.4786458342e+02
-1.3497628026e+02, -2.4723025894e+02
-1.3674954011e+02, -2.4658643521e+02
-1.3852392156e+02, -2.4593305680e+02
-1.4029944750e+02, -2.4527006702e+02
-1.4207614124e+02, -2.4459740785e+02
-1.4385402653e+02, -2.4391501997e+02
-1.4563312759e+02, -2.4322284266e+02
-1.4741346907e+02, -2.4252081383e+02
-1.4919507613e+02, -2.4180886994e+02
-1.5097797442e+02, -2.4108694596e+02
-1.5276219008e+02, -2.4035497539e+02
-1.5454774982e+02, -2.3961289017e+02
-1.5633468085e+02, -2.3886062063e+02
-1.5812301098e+02, -2.3809809552e+02
-1.5991276858e+02, -2.3732524187e+02
-1.6170398263e+02, -2.3654198502e+02
-1.6349668272e+02, -2.3574824856e+02
-1.6529089908e+02, -2.3494395425e+02
-1.6708666262e+02, -2.3412902198e+02
-1.6888400492e+02, -2.3330336977e+02
-1.7068295826e+02, -2.3246691363e+02
-1.7248355568e+02, -2.3161956757e+02
-1.7428583094e+02, -2.3076124351e+02
-1.7608981862e+02, -2.2989185123e+02
-1.7789555408e+02, -2.2901129831e+02
-1.7970307353e+02, -2.2811949004e+02
-1.8151241405e+02, -2.2721632939e+02
-1.8332361363e+02, -2.2630171690e+02
-1.8513671116e+02, -2.2537555063e+02
-1.8695174653e+02, -2.2443772606e+02
-1.8876876062e+02, -2.2348813604e+02
-1.9058779534e+02, -2.2252667066e+02
-1.9240889368e+02, -2.2155321720e+02
-1.9423209976e+02, -2.2056766003e+02
-1.9605745883e+02, -2.1956988049e+02
-1.9788501739e+02, -2.1855975681e+02
-1.9971482315e+02, -2.1753716399e+02
-2.0154692513e+02, -2.1650197370e+02
-2.0338137372e+02, -2.1545405415e+02
-2.0521822069e+02, -2.1439326998e+02
-2.0705751928e+02, -2.1331948211e+02
-2.0889932426e+02, -2.1223254764e+02
-2.1074369196e+02, -2.1113231967e+02
-2.1259068039e+02, -2.1001864718e+02
-2.1444034925e+02, -2.0889137486e+02
-2.1629276005e+02, -2.0775034295e+02
-2.1814797616e+02, -2.0659538704e+02
-2.2000606289e+02, -2.0542633794e+02
-2.2186708759e+02, -2.0424302144e+02
-2.2373111975e+02, -2.0304525815e+02
-2.2559823106e+02, -2.0183286325e+02
-2.2746849554e+02, -2.0060564626e+02
-2.2934198963e+02, -1.9936341085e+02
-2.3121879231e+02, -1.9810595453e+02
-2.3309898523e+02, -1.9683306845e+02
-2.3498265283e+02, -1.9554453704e+02
-2.3686988245e+02, -1.9424013777e+02
-2.3876076452e+02, -1.9291964082e+02
-2.4065539268e+02, -1.9158280873e+02
-2.4255386394e+02, -1.9022939606e+02
-2.4445627888e+02, -1.8885914901e+02
-2.4636274181e+02, -1.8747180501e+02
-2.4827336095e+02, -1.8606709228e+02
-2.5018824872e+02, -1.8464472941e+02
-2.5210752184e+02, -1.8320442482e+02
-2.5403130168e+02, -1.8174587631e+02
-2.5595971448e+02, -1.8026877042e+02
-2.5789289158e+02, -1.7877278191e+02
-2.5983096979e+02, -1.7725757309e+02
-2.6177409166e+02, -1.7572279311e+02
-2.6372240585e+02, -1.7416807728e+02
-2.6567606746e+02, -1.7259304624e+02
-2.6763523849e+02, -1.7099730515e+02
-2.6960008819e+02, -1.6938044273e+02
-2.7157079360e+02, -1.6774203031e+02
-2.7354754000e+02, -1.6608162073e+02
-2.7553052150e+02, -1.6439874723e+02
-2.7751994159e+02, -1.6269292216e+02
-2.7951601381e+02, -1.6096363565e+02
-2.8151896246e+02, -1.5921035412e+02
-2.8352902334e+02, -1.5743251868e+02
-2.8554644463e+02, -1.5562954337e+02
-2.8757148776e+02, -1.5380081326e+02
-2.8960442846e+02, -1.5194568233e+02
-2.9164555788e+02, -1.5006347121e+02
-2.9369518376e+02, -1.4815346460e+02
-2.9575363183e+02, -1.4621490852e+02
-2.9782124730e+02, -1.4424700723e+02
-2.9989839651e+02, -1.4224891982e+02
-3.0198546878e+02, -1.4021975643e+02
-3.0408287849e+02, -1.3815857405e+02
-3.0619106737e+02, -1.3606437182e+02
-3.0831050709e+02, -1.3393608584e+02
-3.1044170219e+02, -1.3177258319e+02
-3.1258519334e+02, -1.2957265541e+02
-3.1474156109e+02, -1.2733501093e+02
-3.1691143010e+02, -1.2505826664e+02
-3.1909547396e+02, -1.2274093822e+02
-3.2129442075e+02, -1.2038142909e+02
-3.2350905940e+02, -1.1797801781e+02
-3.2574024706e+02, -1.1552884341e+02
-3.2798891769e+02, -1.1303188854e+02
-3.3025609202e+02, -1.1048495978e+02
-3.3254288935e+02, -1.0788566457e+02
-3.3485054143e+02, -1.0523138402e+02
-3.3718040899e+02, -1.0251924074e+02
-3.3953400154e+02, -9.9746060290e+01
-3.4191300137e+02, -9.6908324840e+01
-3.4431929261e+02, -9.4002116917e+01
-3.4675499717e+02, -9.1023050428e+01
-3.4922251921e+02, -8.7966185294e+01
-3.5172460113e+02, -8.4825920564e+01
-3.5426439474e+02, -8.1595858908e+01
-4.0177060277e+02, +1.2821644811e+02
-4.0521003535e+02, +1.2596464910e+02
-5.1320551183e+02, +8.0297785916e+01
-5.0863385465e+02, +8.1328544220e+01
-5.0405121771e+02, +8.2418530908e+01
-3.7055406491e+02, -5.9812861362e+01
-4.2343057736e+02, +1.1471807390e+02
-4.2729341753e+02, +1.1250284247e+02
-4.3123189894e+02, +1.1031174482e+02
-4.3524596833e+02, +1.0815105333e+02
-4.3933480306e+02, +1.0602725988e+02
-4.4349681574e+02, +1.0394691002e+02
-4.4772988520e+02, +1.0191638560e+02
-4.5203269525e+02, +9.9941588037e+01
-4.5642699327e+02, +9.8031720889e+01
-3.4675499717e+02, -9.1023050428e+01
-4.4987235464e+02, +1.0092175102e+02
-4.4560445812e+02, +1.0292510456e+02
-4.3728098155e+02, +1.0708420736e+02
           NaN, -8.0647206167e+02
           NaN, -8.3784325965e+02
           NaN, -8.6830269865e+02
           NaN, -8.9787799076e+02
           NaN, -9.2659421674e+02
           NaN, -9.5447449318e+02
           NaN, -9.8154040493e+02
           NaN, -1.0078123457e+03
           NaN, -1.0333097758e+03
           NaN, -1.0580514255e+03
           NaN, -1.0820554497e+03
           NaN, -1.1053395477e+03
           NaN, -1.1279210505e+03
           NaN, -1.1498169883e+03
           NaN, -1.1710441391e+03
           NaN, -1.1916190629e+03
           NaN, -1.2115581231e+03
           NaN, -1.2308775012e+03
           NaN, -1.2495932037e+03
           NaN, -1.2677210634e+03
           NaN, -1.2852767366e+03
           NaN, -1.3022756994e+03
           NaN, -1.3187332344e+03
           NaN, -1.3346644329e+03
           NaN, -1.3500841743e+03
           NaN, -1.3650071221e+03
           NaN, -1.3794477124e+03
           NaN, -1.3934201462e+03
           NaN, -1.4069383741e+03
           NaN, -1.4200160946e+03
           NaN, -1.4326667472e+03
           NaN, -1.4449034942e+03
           NaN, -1.4567392296e+03
           NaN, -1.4681865624e+03
           NaN, -1.4792578184e+03
           NaN, -1.4899650350e+03
-2.9791506142e+02, +2.0095940762e+02
           NaN, -1.5103340430e+03
-2.9334909557e+02, +2.0395148311e+02
-2.9108282896e+02, +2.0542225167e+02
-2.8882723280e+02, +2.0687645272e+02
-2.8658197138e+02, +2.0831429048e+02
-2.8434672356e+02, +2.0973596531e+02
-2.8212118201e+02, +2.1114167367e+02
-2.7990505240e+02, +2.1253160815e+02
-2.7769805272e+02, +2.1390595744e+02
-2.7549991260e+02, +2.1526490638e+02
-2.7331037268e+02, +2.1660863597e+02
-2.7112918404e+02, +2.1793732340e+02
-2.6895610764e+02, +2.1925114212e+02
-2.6679091382e+02, +2.2055026188e+02
-2.6463338180e+02, +2.2183484877e+02
-2.6248329925e+02, +2.2310506531e+02
-2.6034046185e+02, +2.2436107048e+02
-2.5820467293e+02, +2.2560301980e+02
-2.5607574302e+02, +2.2683106539e+02
-2.5395348958e+02, +2.2804535607e+02
-2.5183773661e+02, +2.2924603738e+02
-2.4972831438e+02, +2.3043325166e+02
-2.4762505910e+02, +2.3160713814e+02
-2.4552781267e+02, +2.3276783300e+02
-2.4343642240e+02, +2.3391546944e+02
-2.4135074078e+02, +2.3505017772e+02
-2.3927062523e+02, +2.3617208527e+02
-2.3719593787e+02, +2.3728131674e+02
-2.3512654537e+02, +2.3837799403e+02
-2.3306231867e+02, +2.3946223643e+02
-2.3100313284e+02, +2.4053416059e+02
-2.2894886692e+02, +2.4159388066e+02
-2.2689940370e+02, +2.4264150832e+02
-2.2485462959e+02, +2.4367715281e+02
-2.2281443449e+02, +2.4470092104e+02
-8.1651191284e+02, -4.0043189288e-01
           NaN, -1.7179297080e+03
           NaN, -1.7209630261e+03
-4.0552498516e+02, -5.9582031854e+00
-3.9922776908e+02, -1.6453995904e+01
-3.9447229090e+02, -2.4133029311e+01
-3.9033965251e+02, -3.0640610585e+01
-3.8657573960e+02, -3.6437891835e+01
-3.8306476621e+02, -4.1737388119e+01
-3.7974191499e+02, -4.6659285340e+01
-3.7656637618e+02, -5.1279971153e+01
-3.7351040119e+02, -5.5651847888e+01
-3.7055406491e+02, -5.9812861362e+01
-3.6768246454e+02, -6.3791621992e+01
-3.6488409480e+02, -6.7610388939e+01
-3.6214984535e+02, -7.1286919872e+01
-3.5947235093e+02, -7.4835674983e+01
-3.5684555310e+02, -7.8268632403e+01
-3.5426439474e+02, -8.1595858908e+01
-3.5172460113e+02, -8.4825920564e+01
-3.4922251921e+02, -8.7966185294e+01
-3.4675499717e+02, -9.1023050428e+01
-3.4431929261e+02, -9.4002116917e+01
-3.4191300137e+02, -9.6908324840e+01
-3.3953400154e+02, -9.9746060290e+01
-3.3718040899e+02, -1.0251924074e+02
-3.3485054143e+02, -1.0523138402e+02
-3.3254288935e+02, -1.0788566457e+02
-3.3025609202e+02, -1.1048495978e+02
-3.2798891769e+02, -1.1303188854e+02
-3.2574024706e+02, -1.1552884341e+02
-3.2350905940e+02, -1.1797801781e+02
-3.2129442075e+02, -1.2038142909e+02
-3.1909547396e+02, -1.2274093822e+02
-3.1691143010e+02, -1.2505826664e+02
-3.1474156109e+02, -1.2733501093e+02
-3.1258519334e+02, -1.2957265541e+02
-3.1044170219e+02, -1.3177258319e+02
-3.0831050709e+02, -1.3393608584e+02
-3.0619106737e+02, -1.3606437182e+02
-3.0408287849e+02, -1.3815857405e+02
-3.0198546878e+02, -1.4021975643e+02
-2.9989839651e+02, -1.4224891982e+02
-2.9782124730e+02, -1.4424700723e+02
-2.9575363183e+02, -1.4621490852e+02
-2.9369518376e+02, -1.4815346460e+02
-2.9164555788e+02, -1.5006347121e+02
-2.8960442846e+02, -1.5194568233e+02
-2.8757148776e+02, -1.5380081326e+02
-2.8554644463e+02, -1.5562954337e+02
-2.8352902334e+02, -1.5743251868e+02
-2.8151896246e+02, -1.5921035412e+02
-2.7951601381e+02, -1.6096363565e+02
-2.7751994159e+02, -1.6269292216e+02
-2.7553052150e+02, -1.6439874723e+02
-2.7354754000e+02, -1.6608162073e+02
-2.7157079360e+02, -1.6774203031e+02
-2.6960008819e+02, -1.6938044273e+02
-2.6763523849e+02, -1.7099730515e+02
-2.6567606746e+02, -1.7259304624e+02
-2.6372240585e+02, -1.7416807728e+02
-2.6177409166e+02, -1.7572279311e+02
-2.5983096979e+02, -1.7725757309e+02
-2.5789289158e+02, -1.7877278191e+02
-2.5595971448e+02, -1.8026877042e+02
-2.5403130168e+02, -1.8174587631e+02
-2.5210752184e+02, -1.8320442482e+02
-2.5018824872e+02, -1.8464472941e+02
-2.4827336095e+02, -1.8606709228e+02
-2.4636274181e+02, -1.8747180501e+02
-2.4445627888e+02, -1.8885914901e+02
-2.4255386394e+02, -1.9022939606e+02
-2.4065539268e+02, -1.9158280873e+02
-2.3876076452e+02, -1.9291964082e+02
-2.3686988245e+02, -1.9424013777e+02
-2.3498265283e+02, -1.9554453704e+02
-2.3309898523e+02, -1.9683306845e+02
-2.3121879231e+02, -1.9810595453e+02
-2.2934198963e+02, -1.9936341085e+02
-2.2746849554e+02, -2.0060564626e+02
-2.2559823106e+02, -2.0183286325e+02
-2.2373111975e+02, -2.0304525815e+02
-2.2186708759e+02, -2.0424302144e+02
-2.2000606289e+02, -2.0542633794e+02
-2.1814797616e+02, -2.0659538704e+02
-2.1629276005e+02, -2.0775034295e+02
-2.1444034925e+02, -2.0889137486e+02
-2.1259068039e+02, -2.1001864718e+02
-2.1074369196e+02, -2.1113231967e+02
-2.0889932426e+02, -2.1223254764e+02
-2.0705751928e+02, -2.1331948211e+02
-2.0521822069e+02, -2.1439326998e+02
-2.0338137372e+02, -2.1545405415e+02
-2.0154692513e+02, -2.1650197370e+02
-1.9971482315e+02, -2.1753716399e+02
-1.9788501739e+02, -2.1855975681e+02
-1.9605745883e+02, -2.1956988049e+02
-1.9423209976e+02, -2.2056766003e+02
-1.9240889368e+02, -2.2155321720e+02
-1.9058779534e+02, -2.2252667066e+02
-1.8876876062e+02, -2.2348813604e+02
-1.8695174653e+02, -2.2443772606e+02
-1.8513671116e+02, -2.2537555063e+02
-1.8332361363e+02, -2.2630171690e+02
-1.8151241405e+02, -2.2721632939e+02
-1.7970307353e+02, -2.2811949004e+02
-1.7789555408e+02, -2.2901129831e+02
-1.7608981862e+02, -2.2989185123e+02
-1.7428583094e+02, -2.3076124351e+02
-1.7248355568e+02, -2.3161956757e+02
-1.7068295826e+02, -2.3246691363e+02
-1.6888400492e+02, -2.3330336977e+02
-1.6708666262e+02, -2.3412902198e+02
-1.6529089908e+02, -2.3494395425e+02
-1.6349668272e+02, -2.3574824856e+02
-1.6170398263e+02, -2.3654198502e+02
-1.5991276858e+02, -2.3732524187e+02
-1.5812301098e+02, -2.3809809552e+02
-1.5633468085e+02, -2.3886062063e+02
-1.5454774982e+02, -2.3961289017e+02
-1.5276219008e+02, -2.4035497539e+02
-1.5097797442e+02, -2.4108694596e+02
-1.4919507613e+02, -2.4180886994e+02
-1.4741346907e+02, -2.4252081383e+02
-1.4563312759e+02, -2.4322284266e+02
-1.4385402653e+02, -2.4391501997e+02
-1.4207614124e+02, -2.4459740785e+02
-1.4029944750e+02, -2.4527006702e+02
-1.3852392156e+02, -2.4593305680e+02
-1.3674954011e+02, -2.4658643521e+02
-1.3497628026e+02, -2.4723025894e+02
-1.3320411953e+02, -2.4786458342e+02
-1.3143303585e+02, -2.4848946282e+02
-1.2966300753e+02, -2.4910495011e+02
-1.2789401326e+02, -2.4971109707e+02
-1.2612603209e+02, -2.5030795429e+02
-1.2435904342e+02, -2.5089557125e+02
-1.2259302701e+02, -2.5147399630e+02
-1.2082796294e+02, -2.5204327670e+02
-1.1906383163e+02, -2.5260345865e+02
-1.1730061379e+02, -2.5315458729e+02
-1.1553829046e+02, -2.5369670674e+02
-1.1377684297e+02, -2.5422986012e+02
-1.1201625291e+02, -2.5475408955e+02
-1.1025650220e+02, -2.5526943620e+02
-1.0849757299e+02, -2.5577594027e+02
-1.0673944771e+02, -2.5627364107e+02
-1.0498210905e+02, -2.5676257694e+02
-1.0322553993e+02, -2.5724278538e+02
-1.0146972354e+02, -2.5771430298e+02
-9.9714643272e+01, -2.5817716547e+02
-9.7960282771e+01, -2.5863140772e+02
-9.6206625887e+01, -2.5907706380e+02
-9.4453656693e+01, -2.5951416692e+02
-9.2701359464e+01, -2.5994274951e+02
-9.0949718680e+01, -2.6036284320e+02
-8.9198719015e+01, -2.6077447884e+02
-8.7448345335e+01, -2.6117768649e+02
-8.5698582688e+01, -2.6157249550e+02
-8.3949416303e+01, -2.6195893444e+02
-8.2200831581e+01, -2.6233703116e+02
-8.0452814090e+01, -2.6270681278e+02
-7.8705349564e+01, -2.6306830572e+02
-7.6958423892e+01, -2.6342153568e+02
-7.5212023118e+01, -2.6376652770e+02
-7.3466133433e+01, -2.6410330611e+02
-7.1720741173e+01, -2.6443189456e+02
-6.9975832813e+01, -2.6475231608e+02
-6.8231394960e+01, -2.6506459300e+02
-6.6487414356e+01, -2.6536874702e+02
-6.4743877863e+01, -2.6566479920e+02
-6.3000772470e+01, -2.6595276997e+02
-6.1258085281e+01, -2.6623267914e+02
-5.9515803515e+01, -2.6650454588e+02
-5.7773914498e+01, -2.6676838879e+02
-5.6032405665e+01, -2.6702422583e+02
-5.4291264551e+01, -2.6727207437e+02
-5.2550478790e+01, -2.6751195121e+02
-5.0810036111e+01, -2.6774387254e+02
-4.9069924333e+01, -2.6796785399e+02
-4.7330131362e+01, -2.6818391060e+02
-4.5590645191e+01, -2.6839205685e+02
-4.3851453890e+01, -2.6859230666e+02
-4.2112545607e+01, -2.6878467338e+02
-4.0373908565e+01, -2.6896916981e+02
-3.8635531058e+01, -2.6914580821e+02
-3.6897401444e+01, -2.6931460027e+02
-3.5159508149e+01, -2.6947555717e+02
-3.3421839658e+01, -2.6962868953e+02
-3.1684384513e+01, -2.6977400744e+02
-2.9947131313e+01, -2.6991152047e+02
-2.8210068707e+01, -2.7004123763e+02
-2.6473185392e+01, -2.7016316745e+02
-2.4736470115e+01, -2.7027731790e+02
-2.2999911660e+01, -2.7038369645e+02
-2.1263498855e+01, -2.7048231005e+02
-1.9527220563e+01, -2.7057316513e+02
-1.7791065681e+01, -2.7065626762e+02
-1.6055023139e+01, -2.7073162293e+02
-1.4319081894e+01, -2.7079923595e+02
-1.2583230929e+01, -2.7085911109e+02
-1.0847459249e+01, -2.7091125223e+02
-9.1117558789e+00, -2.7095566276e+02
-7.3761098624e+00, -2.7099234555e+02
-5.6405102563e+00, -2.7102130300e+02
-3.9049461294e+00, -2.7104253697e+02
-2.1694065593e+00, -2.7105604883e+02
-4.3388062987e-01, -2.7106183948e+02
+1.3016425716e+00, -2.7105990927e+02
+3.0371739571e+00, -2.7105025810e+02
+4.7727244408e+00, -2.7103288532e+02
+6.5083049415e+00, -2.7100778982e+02
+8.2439263857e+00, -2.7097496996e+02
+9.9795997102e+00, -2.7093442363e+02
+1.1715335865e+01, -2.7088614819e+02
+1.3451145814e+01, -2.7083014050e+02
+1.5187040544e+01, -2.7076639694e+02
+1.6923031059e+01, -2.7069491335e+02
+1.8659128388e+01, -2.7061568510e+02
+2.0395343589e+01, -2.7052870702e+02
+2.2131687748e+01, -2.7043397345e+02
+2.3868171984e+01, -2.7033147821e+02
+2.5604807451e+01, -2.7022121461e+02
+2.7341605343e+01, -2.7010317545e+02
+2.9078576893e+01, -2.6997735299e+02
+3.0815733380e+01, -2.6984373899e+02
+3.2553086131e+01, -2.6970232469e+02
+3.4290646521e+01, -2.6955310078e+02
+3.6028425978e+01, -2.6939605744e+02
+3.7766435989e+01, -2.6923118432e+02
+3.9504688099e+01, -2.6905847052e+02
+4.1243193914e+01, -2.6887790460e+02
+4.2981965109e+01, -2.6868947459e+02
+4.4721013424e+01, -2.6849316796e+02
+4.6460350674e+01, -2.6828897164e+02
+4.8199988749e+01, -2.6807687198e+02
+4.9939939617e+01, -2.6785685480e+02
+5.1680215329e+01, -2.6762890532e+02
+5.3420828020e+01, -2.6739300823e+02
+5.5161789918e+01, -2.6714914760e+02
+5.6903113340e+01, -2.6689730694e+02
+5.8644810700e+01, -2.6663746918e+02
+6.0386894515e+01, -2.6636961664e+02
+6.2129377402e+01, -2.6609373104e+02
+6.3872272088e+01, -2.6580979351e+02
+6.5615591411e+01, -2.6551778455e+02
+6.7359348326e+01, -2.6521768404e+02
+6.9103555905e+01, -2.6490947124e+02
+7.0848227346e+01, -2.6459312478e+02
+7.2593375974e+01, -2.6426862262e+02
+7.4339015246e+01, -2.6393594211e+02
+7.6085158759e+01, -2.6359505990e+02
+7.7831820247e+01, -2.6324595199e+02
+7.9579013592e+01, -2.6288859371e+02
+8.1326752827e+01, -2.6252295969e+02
+8.3075052140e+01, -2.6214902387e+02
+8.4823925880e+01, -2.6176675947e+02
+8.6573388560e+01, -2.6137613903e+02
+8.8323454866e+01, -2.6097713431e+02
+9.0074139658e+01, -2.6056971638e+02
+9.1825457978e+01, -2.6015385552e+02
+9.3577425057e+01, -2.5972952129e+02
+9.5330056317e+01, -2.5929668243e+02
+9.7083367377e+01, -2.5885530694e+02
+9.8837374065e+01, -2.5840536198e+02
+1.0059209242e+02, -2.5794681391e+02
+1.0234753869e+02, -2.5747962828e+02
+1.0410372935e+02, -2.5700376979e+02
+1.0586068112e+02, -2.5651920226e+02
+1.0761841095e+02, -2.5602588866e+02
+1.0937693601e+02, -2.5552379108e+02
+1.1113627376e+02, -2.5501287069e+02
+1.1289644190e+02, -2.5449308773e+02
+1.1465745839e+02, -2.5396440154e+02
+1.1641934149e+02, -2.5342677045e+02
+1.1818210972e+02, -2.5288015186e+02
+1.1994578191e+02, -2.5232450214e+02
+1.2171037717e+02, -2.5175977667e+02
+1.2347591493e+02, -2.5118592978e+02
+1.2524241496e+02, -2.5060291475e+02
+1.2700989733e+02, -2.5001068378e+02
+1.2877838246e+02, -2.4940918794e+02
+1.3054789111e+02, -2.4879837722e+02
+1.3231844442e+02, -2.4817820041e+02
+1.3409006389e+02, -2.4754860517e+02
+1.3586277140e+02, -2.4690953791e+02
+1.3763658921e+02, -2.4626094385e+02
+1.3941154002e+02, -2.4560276692e+02
+1.4118764692e+02, -2.4493494978e+02
+1.4296493344e+02, -2.4425743376e+02
+1.4474342356e+02, -2.4357015884e+02
+1.4652314172e+02, -2.4287306363e+02
+1.4830411281e+02, -2.4216608530e+02
+1.5008636225e+02, -2.4144915958e+02
+1.5186991592e+02, -2.4072222072e+02
+1.5365480025e+02, -2.3998520143e+02
+1.5544104220e+02, -2.3923803286e+02
+1.5722866927e+02, -2.3848064454e+02
+1.5901770955e+02, -2.3771296438e+02
+1.6080819172e+02, -2.3693491858e+02
+1.6260014504e+02, -2.3614643159e+02
+1.6439359945e+02, -2.3534742610e+02
+1.6618858549e+02, -2.3453782294e+02
+1.6798513442e+02, -2.3371754107e+02
+1.6978327816e+02, -2.3288649752e+02
+1.7158304937e+02, -2.3204460729e+02
+1.7338448144e+02, -2.3119178338e+02
+1.7518760854e+02, -2.3032793662e+02
+1.7699246563e+02, -2.2945297571e+02
+1.7879908851e+02, -2.2856680710e+02
+1.8060751380e+02, -2.2766933492e+02
+1.8241777905e+02, -2.2676046094e+02
+1.8422992268e+02, -2.2584008446e+02
+1.8604398409e+02, -2.2490810227e+02
+1.8786000364e+02, -2.2396440853e+02
+1.8967802274e+02, -2.2300889474e+02
+1.9149808383e+02, -2.2204144959e+02
+1.9332023045e+02, -2.2106195892e+02
+1.9514450729e+02, -2.2007030559e+02
+1.9697096022e+02, -2.1906636940e+02
+1.9879963634e+02, -2.1805002698e+02
+2.0063058400e+02, -2.1702115168e+02
+2.0246385290e+02, -2.1597961346e+02
+2.0429949411e+02, -2.1492527874e+02
+2.0613756014e+02, -2.1385801034e+02
+2.0797810499e+02, -2.1277766728e+02
+2.0982118418e+02, -2.1168410468e+02
+2.1166685489e+02, -2.1057717360e+02
+2.1351517597e+02, -2.0945672088e+02
+2.1536620799e+02, -2.0832258902e+02
+2.1722001341e+02, -2.0717461595e+02
+2.1907665653e+02, -2.0601263490e+02
+2.2093620370e+02, -2.0483647420e+02
+2.2279872331e+02, -2.0364595707e+02
+2.2466428594e+02, -2.0244090142e+02
+2.2653296444e+02, -2.0122111964e+02
+2.2840483401e+02, -1.9998641836e+02
+2.3027997235e+02, -1.9873659820e+02
+2.3215845978e+02, -1.9747145352e+02
+2.3404037930e+02, -1.9619077215e+02
+2.3592581681e+02, -1.9489433507e+02
+2.3781486115e+02, -1.9358191616e+02
+2.3970760436e+02, -1.9225328181e+02
+2.4160414172e+02, -1.9090819063e+02
+2.4350457202e+02, -1.8954639304e+02
+2.4540899767e+02, -1.8816763090e+02
+2.4731752493e+02, -1.8677163709e+02
+2.4923026407e+02, -1.8535813509e+02
+2.5114732963e+02, -1.8392683846e+02
+2.5306884065e+02, -1.8247745038e+02
+2.5499492088e+02, -1.8100966308e+02
+2.5692569907e+02, -1.7952315730e+02
+2.5886130927e+02, -1.7801760165e+02
+2.6080189112e+02, -1.7649265195e+02
+2.6274759018e+02, -1.7494795053e+02
+2.6469855827e+02, -1.7338312546e+02
+2.6665495390e+02, -1.7179778976e+02
+2.6861694263e+02, -1.7019154048e+02
+2.7058469755e+02, -1.6856395777e+02
+2.7255839976e+02, -1.6691460386e+02
+2.7453823887e+02, -1.6524302194e+02
+2.7652441362e+02, -1.6354873497e+02
+2.7851713243e+02, -1.6183124436e+02
+2.8051661412e+02, -1.6009002858e+02
+2.8252308866e+02, -1.5832454161e+02
+2.8453679792e+02, -1.5653421124e+02
+2.8655799658e+02, -1.5471843729e+02
+2.8858695309e+02, -1.5287658955e+02
+2.9062395075e+02, -1.5100800563e+02
+2.9266928884e+02, -1.4911198852e+02
+2.9472328392e+02, -1.4718780396e+02
+2.9678627126e+02, -1.4523467748e+02
+2.9885860642e+02, -1.4325179122e+02
+3.0094066698e+02, -1.4123828026e+02
+3.0303285452e+02, -1.3919322875e+02
+3.0513559679e+02, -1.3711566537e+02
+3.0724935015e+02, -1.3500455842e+02
+3.0937460232e+02, -1.3285881027e+02
+3.1151187546e+02, -1.3067725113e+02
+3.1366172969e+02, -1.2845863195e+02
+3.1582476704e+02, -1.2620161654e+02
+3.1800163601e+02, -1.2390477246e+02
+3.2019303669e+02, -1.2156656075e+02
+3.2239972671e+02, -1.1918532408e+02
+3.2462252814e+02, -1.1675927320e+02
+3.2686233537e+02, -1.1428647124e+02
+3.2912012439e+02, -1.1176481547e+02
+3.3139696364e+02, -1.0919201601e+02
+3.3369402674e+02, -1.0656557082e+02
+3.3601260767e+02, -1.0388273617e+02
+3.3835413886e+02, -1.0114049137e+02
+3.4072021290e+02, -9.8335496676e+01
+3.4311260899e+02, -9.5464042175e+01
+3.4553332518e+02, -9.2521985631e+01
+3.4798461828e+02, -8.9504675834e+01
+3.5046905376e+02, -8.6406857224e+01
+3.5298956866e+02, -8.3222549736e+01
+4.0007445902e+02, +1.2933973526e+02
+4.0348235042e+02, +1.2709129625e+02
+4.0695398634e+02, +1.2483690362e+02
+5.1092123291e+02, +8.0805969625e+01
+5.0634372307e+02, +8.1865926695e+01
+5.0175675295e+02, +8.2986764877e+01
+4.2152734609e+02, +1.1583287106e+02
+4.2535256732e+02, +1.1360782125e+02
+4.2925318901e+02, +1.1140389169e+02
+4.3322951802e+02, +1.0922719598e+02
+4.3728112226e+02, +1.0708413427e+02
+4.4140678793e+02, +1.0498124879e+02
+4.4560460378e+02, +1.0292503469e+02
+4.4987250268e+02, +1.0092168306e+02
+4.5421234861e+02, +9.8976763351e+01
+3.7502483136e+02, -5.3494374215e+01
+4.5203254597e+02, +9.9941654964e+01
+4.4772973835e+02, +1.0191645454e+02
+4.3933466109e+02, +1.0602733225e+02
           NaN, -8.2227347406e+02
           NaN, -8.5318515640e+02
           NaN, -8.8319924359e+02
           NaN, -9.1234200181e+02
           NaN, -9.4063746806e+02
           NaN, -9.6810794556e+02
           NaN, -9.9477438658e+02
           NaN, -1.0206566890e+03
           NaN, -1.0457739262e+03
           NaN, -1.0701445251e+03
           NaN, -1.0937863988e+03
           NaN, -1.1167170528e+03
           NaN, -1.1389536615e+03
           NaN, -1.1605131227e+03
           NaN, -1.1814121026e+03
           NaN, -1.2016670602e+03
           NaN, -1.2212942674e+03
           NaN, -1.2403098182e+03
           NaN, -1.2587296308e+03
           NaN, -1.2765694517e+03
           NaN, -1.2938448468e+03
           NaN, -1.3105711974e+03
           NaN, -1.3267636906e+03
           NaN, -1.3424373140e+03
           NaN, -1.3576068404e+03
           NaN, -1.3722868192e+03
           NaN, -1.3864915710e+03
           NaN, -1.4002351730e+03
           NaN, -1.4135314517e+03
           NaN, -1.4263939760e+03
           NaN, -1.4388360464e+03
           NaN, -1.4508706947e+03
           NaN, -1.4625106696e+03
           NaN, -1.4737684410e+03
           NaN, -1.4846561909e+03
+2.9906379081e+02, +2.0020070450e+02
           NaN, -1.5053689013e+03
           NaN, -1.5152167689e+03
+2.9221460688e+02, +2.0468895124e+02
+2.8995371841e+02, +2.0615141028e+02
+2.8770333065e+02, +2.0759740440e+02
+2.8546311529e+02, +2.0902713589e+02
+2.8323275819e+02, +2.1044080317e+02
+2.8101195862e+02, +2.1183860076e+02
+2.7880042848e+02, +2.1322071930e+02
+2.7659789168e+02, +2.1458734556e+02
+2.7440408341e+02, +2.1593866243e+02
+2.7221874962e+02, +2.1727484903e+02
+2.7004164638e+02, +2.1859608065e+02
+2.6787253941e+02, +2.1990252891e+02
+2.6571120355e+02, +2.2119436170e+02
+2.6355742229e+02, +2.2247174332e+02
+2.6141098737e+02, +2.2373483452e+02
+2.5927169834e+02, +2.2498379253e+02
+2.5713936216e+02, +2.2621877118e+02
+2.5501379289e+02, +2.2743992093e+02
+2.5289481129e+02, +2.2864738893e+02
+2.5078224452e+02, +2.2984131912e+02
+2.4867592588e+02, +2.3102185229e+02
+2.4657569445e+02, +2.3218912613e+02
+2.4448139485e+02, +2.3334327531e+02
+2.4239287703e+02, +2.3448443157e+02
+2.4030999597e+02, +2.3561272373e+02
+2.3823261146e+02, +2.3672827783e+02
+2.3616058793e+02, +2.3783121714e+02
+2.3409379420e+02, +2.3892166224e+02
+2.3203210330e+02, +2.3999973110e+02
+2.2997539230e+02, +2.4106553910e+02
+2.2792354215e+02, +2.4211919916e+02
+2.2587643747e+02, +2.4316082172e+02
+2.2383396642e+02, +2.4419051486e+02
+2.2179602058e+02, +2.4520838433e+02
           NaN, -1.7163783212e+03
           NaN, -1.7194578092e+03
           NaN, -1.7224457578e+03
