-4.8805148050e+02, -6.1438578853e-01
-4.9355542589e+02, -6.0029187994e-01
-4.9893917812e+02, -5.8780977947e-01
-5.0421599123e+02, -5.7665394777e-01
-5.0939685104e+02, -5.6660546238e-01
-5.1449098756e+02, -5.5749318951e-01
-5.1950624686e+02, -5.4918109594e-01
-5.2444936697e+02, -5.4155946197e-01
-5.2932618653e+02, -5.3453864988e-01
-5.3414180524e+02, -5.2804459161e-01
-5.3890070915e+02, -5.2201546071e-01
-5.4821704852e+02, +7.6528983525e+01
-5.5958922663e+02, +6.8953364913e+01
-5.1950624686e+02, -5.4918109594e-01
-5.4826382335e+02, -5.1115150821e-01
-5.6277486318e+02, +6.8091947928e+01
-5.6196954543e+02, -4.9726701080e-01
-5.6645834746e+02, -4.9316340623e-01
-5.7091098113e+02, -4.8928344734e-01
-5.7532938563e+02, -4.8560810848e-01
-5.7971533787e+02, -4.8212055637e-01
-5.8407047094e+02, -4.7880583462e-01
-5.8839628983e+02, -4.7565060216e-01
-5.9269418510e+02, -4.7264291503e-01
-5.9696544469e+02, -4.6977204322e-01
-6.0121126416e+02, -4.6702831610e-01
-6.0543275575e+02, -4.6440299134e-01
-6.1719868438e+02, +6.4219025998e+01
-6.2837319880e+02, +5.9731924265e+01
-6.0543275575e+02, -4.6440299134e-01
-6.1535250248e+02, +6.6523508188e+01
-6.2209518690e+02, -4.5493752910e-01
-6.2620930839e+02, -4.5279857619e-01
-6.3030440808e+02, -4.5073979497e-01
-6.3438119136e+02, -4.4875654979e-01
-6.3844032333e+02, -4.4684456933e-01
-6.4248243186e+02, -4.4499991060e-01
-6.4650811045e+02, -4.4321892717e-01
-6.5051792079e+02, -4.4149824108e-01
-6.5451239507e+02, -4.3983471791e-01
-6.5849203808e+02, -4.3822544470e-01
-6.6245732914e+02, -4.3666771020e-01
-6.7287257040e+02, +6.1118561048e+01
-6.8597172692e+02, -4.2827312898e-01
-6.6294813108e+02, +5.9051634470e+01
-6.7088449493e+02, +6.1662933969e+01
-6.7818376239e+02, -4.3090405886e-01
-6.8208370612e+02, -4.2956927448e-01
-6.8597172692e+02, -4.2827312898e-01
-6.8984816723e+02, -4.2701391940e-01
-6.9371335455e+02, -4.2579004465e-01
-6.9756760226e+02, -4.2459999784e-01
-7.0141121050e+02, -4.2344235926e-01
-7.0524446693e+02, -4.2231579002e-01
-7.0906764738e+02, -4.2121902626e-01
-7.1288101657e+02, -4.2015087384e-01
-7.1668482869e+02, -4.1911020345e-01
-7.2047932796e+02, -4.1809594622e-01
-7.2804131819e+02, -4.1614267363e-01
-7.4306330168e+02, -4.1251187155e-01
-7.2047932796e+02, -4.1809594622e-01
-7.2806928589e+02, +5.8705103862e+01
-7.3556876114e+02, -4.1428356622e-01
-7.3932004609e+02, -4.1338718809e-01
-7.4306330168e+02, -4.1251187155e-01
-7.4679871544e+02, -4.1165687291e-01
-7.5052646830e+02, -4.1082148402e-01
-7.5424673493e+02, -4.1000503010e-01
-7.5795968404e+02, -4.0920686774e-01
-7.6166547863e+02, -4.0842638310e-01
-7.6536427627e+02, -4.0766299016e-01
-7.6905622932e+02, -4.0691612916e-01
-7.7274148520e+02, -4.0618526507e-01
-7.7642018659e+02, -4.0546988625e-01
-7.8009247161e+02, -4.0476950314e-01
-7.8280900252e+02, +5.6569375431e+01
-7.9107214580e+02, -4.0275373911e-01
-8.0562954440e+02, -4.0024969533e-01
-7.8009247161e+02, -4.0476950314e-01
-7.9107214580e+02, -4.0275373911e-01
-8.0008394868e+02, +5.5552462409e+01
-8.0199864890e+02, -4.0085719480e-01
-8.0562954440e+02, -4.0024969533e-01
-8.0925498659e+02, -3.9965394098e-01
-8.1287508040e+02, -3.9906959516e-01
-8.1648992777e+02, -3.9849633425e-01
-8.2009962777e+02, -3.9793384699e-01
-8.2370427668e+02, -3.9738183387e-01
-8.2730396813e+02, -3.9684000656e-01
-8.3089879320e+02, -3.9630808744e-01
-8.3448884047e+02, -3.9578580900e-01
-8.3807419616e+02, -3.9527291349e-01
-8.4165494419e+02, -3.9476915238e-01
-8.4523116627e+02, -3.9427428599e-01
-8.4880294196e+02, -3.9378808308e-01
-8.5237034880e+02, -3.9331032047e-01
-8.5593346229e+02, -3.9284078271e-01
-8.6433769542e+02, +5.4484142517e+01
-8.6849262043e+02, +5.5459072410e+01
-8.9290751405e+02, +4.5876316091e+01
-8.5593346229e+02, -3.9284078271e-01
-8.6659776960e+02, -3.9147947262e-01
-8.7424358703e+02, +6.3923183491e+01
-8.7722597879e+02, -3.9018510267e-01
-8.8076100032e+02, -3.8976768741e-01
-8.8429226879e+02, -3.8935701407e-01
-8.8781984457e+02, -3.8895292341e-01
-8.9134378664e+02, -3.8855526119e-01
-8.9486415260e+02, -3.8816387802e-01
-8.9838099869e+02, -3.8777862915e-01
-9.0189437988e+02, -3.8739937429e-01
-9.0540434989e+02, -3.8702597743e-01
-9.0891096121e+02, -3.8665830668e-01
-9.1241426518e+02, -3.8629623412e-01
-9.1591431197e+02, -3.8593963566e-01
-9.1941115065e+02, -3.8558839085e-01
-9.2290482922e+02, -3.8524238280e-01
-9.2639539464e+02, -3.8490149802e-01
-9.2988289283e+02, -3.8456562630e-01
-9.3336736877e+02, -3.8423466057e-01
-9.3684886643e+02, -3.8390849685e-01
-9.4032742890e+02, -3.8358703405e-01
-9.4380309834e+02, -3.8327017394e-01
-9.4727591603e+02, -3.8295782103e-01
-9.4689657823e+02, +5.5463945314e+01
-9.5767765883e+02, -3.8204688946e-01
-9.6149097593e+02, +5.4013342155e+01
-9.7496047796e+02, -3.8061062654e-01
-9.1941115065e+02, -3.8558839085e-01
-9.5767765883e+02, -3.8204688946e-01
-9.6459861489e+02, -3.8146050147e-01
-9.6733248281e+02, +5.2959709426e+01
-9.7722953170e+02, +5.2915252438e+01
-9.7840935440e+02, -3.8033494758e-01
-9.8185574865e+02, -3.8006295197e-01
-9.8529969375e+02, -3.7979456877e-01
-9.8874122215e+02, -3.7952972885e-01
-9.9218036566e+02, -3.7926836483e-01
-9.9561715549e+02, -3.7901041105e-01
-9.9905162225e+02, -3.7875580347e-01
-1.0024837960e+03, -3.7850447965e-01
-1.0059137062e+03, -3.7825637872e-01
-1.0093413819e+03, -3.7801144127e-01
-1.0127668513e+03, -3.7776960937e-01
-1.0161901425e+03, -3.7753082647e-01
-1.0196112828e+03, -3.7729503740e-01
-1.0230302992e+03, -3.7706218832e-01
-1.0264472179e+03, -3.7683222665e-01
-1.0298620650e+03, -3.7660510106e-01
-1.0332748659e+03, -3.7638076144e-01
-1.0366856457e+03, -3.7615915884e-01
-1.0400944289e+03, -3.7594024546e-01
-1.0435012398e+03, -3.7572397458e-01
-1.0469061021e+03, -3.7551030057e-01
-1.0503090390e+03, -3.7529917885e-01
-1.0537100736e+03, -3.7509056582e-01
-1.0571092284e+03, -3.7488441891e-01
-1.0605065256e+03, -3.7468069645e-01
-1.0639019868e+03, -3.7447935775e-01
-1.0672956337e+03, -3.7428036299e-01
-1.0706874872e+03, -3.7408367323e-01
-1.0740775681e+03, -3.7388925040e-01
-1.0774658968e+03, -3.7369705724e-01
-1.0782587769e+03, +5.2162751076e+01
-1.0901387740e+03, +5.2196428019e+01
-1.0910020848e+03, -3.7294986415e-01
-1.0943819464e+03, -3.7276828811e-01
-1.1011367776e+03, -3.7241117115e-01
-1.1146273711e+03, -3.7172020374e-01
-1.0852288481e+03, +5.1037410078e+01
-1.0977601713e+03, -3.7258873446e-01
-1.1045117833e+03, -3.7223556683e-01
-1.1078852059e+03, -3.7206189077e-01
-1.1102497550e+03, +5.1526257701e+01
-1.1252505407e+03, +5.4788944891e+01
-1.1213634088e+03, -3.7138587672e-01
-1.1247291710e+03, -3.7122140287e-01
-1.1280934503e+03, -3.7105868574e-01
-1.1314562625e+03, -3.7089769874e-01
-1.1348176231e+03, -3.7073841578e-01
-1.1381775475e+03, -3.7058081130e-01
-1.1415360508e+03, -3.7042486026e-01
-1.1448931478e+03, -3.7027053808e-01
-1.1482488532e+03, -3.7011782069e-01
-1.1516031815e+03, -3.6996668445e-01
-1.1549561468e+03, -3.6981710622e-01
-1.1583077633e+03, -3.6966906328e-01
-1.1616580446e+03, -3.6952253334e-01
-1.1650070045e+03, -3.6937749454e-01
-1.1683546563e+03, -3.6923392545e-01
-1.1717010132e+03, -3.6909180503e-01
-1.1750460884e+03, -3.6895111262e-01
-1.1783898947e+03, -3.6881182798e-01
-1.1817324446e+03, -3.6867393122e-01
-1.1850737508e+03, -3.6853740282e-01
-1.1884138255e+03, -3.6840222364e-01
-1.1917526810e+03, -3.6826837487e-01
-1.1950903290e+03, -3.6813583804e-01
-1.1984267816e+03, -3.6800459504e-01
-1.2017620502e+03, -3.6787462807e-01
-1.2050961465e+03, -3.6774591965e-01
-1.2084290817e+03, -3.6761845261e-01
-1.2117608670e+03, -3.6749221011e-01
-1.2150915134e+03, -3.6736717557e-01
-1.2184210319e+03, -3.6724333275e-01
-1.2217494331e+03, -3.6712066565e-01
-1.2250767276e+03, -3.6699915858e-01
-1.2284029259e+03, -3.6687879611e-01
-1.2317280382e+03, -3.6675956310e-01
-1.2350520749e+03, -3.6664144464e-01
-1.2383750458e+03, -3.6652442609e-01
-1.2416969609e+03, -3.6640849308e-01
-1.2450178299e+03, -3.6629363145e-01
-1.2483376626e+03, -3.6617982731e-01
-1.2516564684e+03, -3.6606706700e-01
-1.2549742568e+03, -3.6595533707e-01
-1.2582910369e+03, -3.6584462432e-01
-1.2616068181e+03, -3.6573491577e-01
-1.2649216093e+03, -3.6562619864e-01
-1.2682354194e+03, -3.6551846036e-01
-1.2715482573e+03, -3.6541168860e-01
-1.2748601317e+03, -3.6530587119e-01
-1.2781710512e+03, -3.6520099620e-01
-1.2814810242e+03, -3.6509705186e-01
-1.2847900592e+03, -3.6499402661e-01
-1.2880981644e+03, -3.6489190907e-01
-1.2914053480e+03, -3.6479068806e-01
-1.2970633048e+03, +4.8298353018e+01
-1.2933768321e+03, +5.1133765664e+01
-1.3128672290e+03, +5.3190716785e+01
-1.3079277214e+03, -3.6429765142e-01
-1.3112295417e+03, -3.6420158430e-01
-1.3145304948e+03, -3.6410634019e-01
-1.3178305883e+03, -3.6401190923e-01
-1.3192086989e+03, +5.5585473105e+01
-1.3277257836e+03, -3.6373339908e-01
-1.3344696369e+03, +5.0368240712e+01
-1.3409077767e+03, -3.6337286497e-01
-1.3573672385e+03, -3.6293877923e-01
-1.2980169827e+03, -3.6459089171e-01
-1.3211298295e+03, -3.6391828173e-01
-1.3310225109e+03, -3.6364212527e-01
-1.3376135005e+03, -3.6346186713e-01
-1.3405024453e+03, +5.0342102931e+01
-1.3474939255e+03, -3.6319707101e-01
-1.3507858113e+03, -3.6311026217e-01
-1.3540769135e+03, -3.6302416765e-01
-1.3573672385e+03, -3.6293877923e-01
-1.3606567926e+03, -3.6285408886e-01
-1.3594102256e+03, +5.0918587239e+01
-1.3832969502e+03, +5.4835465936e+01
-1.3770932181e+03, -3.6244083352e-01
-1.3770932181e+03, -3.6244083352e-01
-1.3803782768e+03, -3.6236016852e-01
-1.3836626071e+03, -3.6228014830e-01
-1.3869462151e+03, -3.6220076571e-01
-1.3902291063e+03, -3.6212201368e-01
-1.3935112864e+03, -3.6204388523e-01
-1.3967927612e+03, -3.6196637350e-01
-1.4000735361e+03, -3.6188947173e-01
-1.4033536166e+03, -3.6181317324e-01
-1.4066330083e+03, -3.6173747146e-01
-1.4099117164e+03, -3.6166235990e-01
-1.4131897462e+03, -3.6158783217e-01
-1.4164671032e+03, -3.6151388197e-01
-1.4197437924e+03, -3.6144050308e-01
-1.4230198190e+03, -3.6136768938e-01
-1.4262951881e+03, -3.6129543481e-01
-1.4295699047e+03, -3.6122373342e-01
-1.4328439739e+03, -3.6115257934e-01
-1.4361174005e+03, -3.6108196677e-01
-1.4393901895e+03, -3.6101188998e-01
-1.4426623457e+03, -3.6094234335e-01
-1.4459338738e+03, -3.6087332131e-01
-1.4492047786e+03, -3.6080481837e-01
-1.4524750648e+03, -3.6073682912e-01
-1.4557447371e+03, -3.6066934822e-01
-1.4590137998e+03, -3.6060237040e-01
-1.4622822578e+03, -3.6053589047e-01
-1.4655501153e+03, -3.6046990330e-01
-1.4688173769e+03, -3.6040440383e-01
-1.4720840469e+03, -3.6033938707e-01
-1.4753501298e+03, -3.6027484809e-01
-1.4786156298e+03, -3.6021078202e-01
-1.4818805511e+03, -3.6014718408e-01
-1.4851448981e+03, -3.6008404953e-01
-1.4884086749e+03, -3.6002137369e-01
-1.4916718855e+03, -3.5995915196e-01
-1.4949345342e+03, -3.5989737978e-01
-1.4981966250e+03, -3.5983605266e-01
-1.5014581619e+03, -3.5977516616e-01
-1.5047191488e+03, -3.5971471591e-01
-1.5079795897e+03, -3.5965469759e-01
-1.5112394885e+03, -3.5959510692e-01
-1.5144988491e+03, -3.5953593970e-01
-1.5177576752e+03, -3.5947719177e-01
-1.5210159707e+03, -3.5941885902e-01
-1.5242737393e+03, -3.5936093740e-01
-1.5275309846e+03, -3.5930342290e-01
-1.5307877105e+03, -3.5924631158e-01
-1.5340439205e+03, -3.5918959953e-01
-1.5372996182e+03, -3.5913328289e-01
-1.5405548071e+03, -3.5907735786e-01
-1.5438094909e+03, -3.5902182068e-01
-1.5470636730e+03, -3.5896666763e-01
-1.5503173569e+03, -3.5891189506e-01
-1.5535705460e+03, -3.5885749934e-01
-1.5568232437e+03, -3.5880347688e-01
-1.5600754534e+03, -3.5874982417e-01
-1.5633271784e+03, -3.5869653770e-01
-1.5665784220e+03, -3.5864361403e-01
-1.5698291876e+03, -3.5859104975e-01
-1.5730794782e+03, -3.5853884150e-01
-1.5763292972e+03, -3.5848698596e-01
-1.5795786478e+03, -3.5843547983e-01
-1.5828275330e+03, -3.5838431988e-01
-1.5860759560e+03, -3.5833350290e-01
-1.5893239199e+03, -3.5828302571e-01
-1.5925714278e+03, -3.5823288520e-01
-1.5958184827e+03, -3.5818307826e-01
-1.5990650876e+03, -3.5813360184e-01
-1.6023112455e+03, -3.5808445292e-01
-1.6055569594e+03, -3.5803562852e-01
-1.6088022321e+03, -3.5798712568e-01
-1.6120470666e+03, -3.5793894148e-01
-1.6152914658e+03, -3.5789107306e-01
-1.6185354325e+03, -3.5784351755e-01
-1.6217789695e+03, -3.5779627215e-01
-1.6250220797e+03, -3.5774933406e-01
-1.6282647657e+03, -3.5770270055e-01
-1.6315070304e+03, -3.5765636889e-01
-1.6347488765e+03, -3.5761033640e-01
-1.6379903066e+03, -3.5756460041e-01
-1.6412313235e+03, -3.5751915830e-01
-1.6444719298e+03, -3.5747400748e-01
-1.6477121281e+03, -3.5742914538e-01
-1.6509519211e+03, -3.5738456946e-01
-1.6541913113e+03, -3.5734027721e-01
-1.6574303012e+03, -3.5729626614e-01
-1.6606688935e+03, -3.5725253382e-01
-1.6639070906e+03, -3.5720907780e-01
-1.6671448951e+03, -3.5716589570e-01
-1.6703823093e+03, -3.5712298514e-01
-1.6736193358e+03, -3.5708034377e-01
-1.6768559770e+03, -3.5703796928e-01
-1.6800922352e+03, -3.5699585936e-01
-1.6833281130e+03, -3.5695401177e-01
-1.6865636125e+03, -3.5691242424e-01
-1.6897987363e+03, -3.5687109456e-01
-1.6930334866e+03, -3.5683002054e-01
-1.6962678657e+03, -3.5678920001e-01
-1.6995018759e+03, -3.5674863081e-01
-1.7027355195e+03, -3.5670831083e-01
-1.7059687988e+03, -3.5666823796e-01
-1.7092017159e+03, -3.5662841013e-01
-1.7124342731e+03, -3.5658882528e-01
-1.7156664725e+03, -3.5654948138e-01
-1.7188983164e+03, -3.5651037642e-01
-1.7221298069e+03, -3.5647150840e-01
-1.7253609461e+03, -3.5643287536e-01
-1.7285917362e+03, -3.5639447534e-01
-1.7318221792e+03, -3.5635630643e-01
-1.7350522773e+03, -3.5631836672e-01
-1.7382820326e+03, -3.5628065432e-01
-1.7415114470e+03, -3.5624316736e-01
-1.7447405226e+03, -3.5620590399e-01
-1.7479692614e+03, -3.5616886240e-01
-1.7511976654e+03, -3.5613204076e-01
-1.7544257367e+03, -3.5609543730e-01
-1.7576534771e+03, -3.5605905023e-01
-1.7608808887e+03, -3.5602287781e-01
-1.7641079734e+03, -3.5598691830e-01
-1.7673347330e+03, -3.5595117000e-01
-1.7705611696e+03, -3.5591563119e-01
-1.7737872849e+03, -3.5588030019e-01
-1.7770130809e+03, -3.5584517535e-01
-1.7802385595e+03, -3.5581025502e-01
-1.7834637224e+03, -3.5577553756e-01
-1.7866885715e+03, -3.5574102137e-01
-1.7899131087e+03, -3.5570670484e-01
-1.7931373357e+03, -3.5567258640e-01
-1.7963612543e+03, -3.5563866448e-01
-1.7995848663e+03, -3.5560493753e-01
-1.8028081734e+03, -3.5557140402e-01
-1.8060311775e+03, -3.5553806243e-01
-1.8092538802e+03, -3.5550491126e-01
-1.8124762832e+03, -3.5547194903e-01
-1.8156983883e+03, -3.5543917425e-01
-1.8189201971e+03, -3.5540658547e-01
-1.8221417114e+03, -3.5537418125e-01
-1.8245865254e+03, +4.7678629350e+01
-1.8382449221e+03, -3.5521487900e-01
-1.8285838629e+03, -3.5530992079e-01
-1.8318045034e+03, -3.5527806172e-01
-1.8350248559e+03, -3.5524638159e-01
-1.8329856894e+03, +4.9593835806e+01
-1.8152600617e+03, +5.6861679371e+01
-1.8724679847e+03, +5.3238420971e+01
-1.8612603350e+03, +4.9417569818e+01
-1.8607775001e+03, -3.5499921978e-01
-1.8639953320e+03, -3.5496908975e-01
-1.8615187034e+03, +4.7312491690e+01
-1.8672128916e+03, -3.5493912550e-01
-1.8704301803e+03, -3.5490932578e-01
-1.8736471996e+03, -3.5487968936e-01
-1.8768639510e+03, -3.5485021502e-01
-1.8800804360e+03, -3.5482090155e-01
-1.8832966559e+03, -3.5479174774e-01
-1.8865126123e+03, -3.5476275242e-01
-1.8897283066e+03, -3.5473391440e-01
-1.8929437402e+03, -3.5470523252e-01
-1.8961589145e+03, -3.5467670563e-01
-1.8993738309e+03, -3.5464833258e-01
-1.9025884908e+03, -3.5462011224e-01
-1.9058028956e+03, -3.5459204349e-01
-1.9090170467e+03, -3.5456412523e-01
-1.9101640984e+03, +4.9110069295e+01
-1.9241227331e+03, +7.6871220154e+01
-1.9250840428e+03, -3.5442675291e-01
-1.9250840428e+03, -3.5442675291e-01
-1.9282966995e+03, -3.5439971475e-01
-1.9315091118e+03, -3.5437281959e-01
-1.9347212809e+03, -3.5434606638e-01
-1.9379332081e+03, -3.5431945410e-01
-1.9482388776e+03, +5.1419204733e+01
-1.9475675513e+03, -3.5424045280e-01
-1.9507785237e+03, -3.5421439423e-01
-1.9524042599e+03, +5.0013139278e+01
-1.9604100323e+03, -3.5413703045e-01
-1.9632970683e+03, +4.9073914296e+01
-1.9700394533e+03, -3.5406086453e-01
-1.9764579235e+03, -3.5401074026e-01
-1.9828754897e+03, -3.5396112989e-01
-1.9897450413e+03, +4.9152352256e+01
-2.0021228558e+03, -3.5381531109e-01
-2.0162788899e+03, +4.8433135315e+01
-2.0437989966e+03, -3.5351414202e-01
-2.1270503013e+03, -3.5296664425e-01
-1.8537648978e+03, +3.7679787994e+01
-1.9154500847e+03, +4.7164362991e+01
-1.9411448948e+03, -3.5429298175e-01
-1.9571997630e+03, -3.5416268402e-01
-1.9668298762e+03, -3.5408612164e-01
-1.9732488020e+03, -3.5403573771e-01
-1.9796668191e+03, -3.5398587129e-01
-1.9860839367e+03, -3.5393651517e-01
-1.9926312888e+03, +5.3550577010e+01
-1.9957079468e+03, -3.5386342228e-01
-1.9977479299e+03, +4.9462805499e+01
-2.0053299844e+03, -3.5379143817e-01
-2.0085368971e+03, -3.5376768590e-01
-2.0117435950e+03, -3.5374405346e-01
-2.0121512919e+03, +4.9902172445e+01
-2.0228980808e+03, +4.9071126415e+01
-2.0245682605e+03, -3.5365070562e-01
-2.0277739007e+03, -3.5362766011e-01
-2.0309793325e+03, -3.5360472960e-01
-2.0341845570e+03, -3.5358191331e-01
-2.0373895751e+03, -3.5355921046e-01
-2.0405943880e+03, -3.5353662028e-01
-2.0408577610e+03, +4.9138094031e+01
-2.0667591820e+03, +7.6443113883e+01
-2.0562053030e+03, +4.8992581425e+01
-2.0566154085e+03, -3.5342533312e-01
-2.0598190108e+03, -3.5340340324e-01
-2.0630224148e+03, -3.5338158085e-01
-2.0662256215e+03, -3.5335986522e-01
-2.0694286318e+03, -3.5333825565e-01
-2.0726314467e+03, -3.5331675143e-01
-2.0758340671e+03, -3.5329535187e-01
-2.0790364941e+03, -3.5327405627e-01
-2.0822387284e+03, -3.5325286395e-01
-2.0854407712e+03, -3.5323177422e-01
-2.0886426232e+03, -3.5321078641e-01
-2.0918442854e+03, -3.5318989985e-01
-2.0950457588e+03, -3.5316911388e-01
-2.0982470442e+03, -3.5314842783e-01
-2.1014481425e+03, -3.5312784106e-01
-2.1046490547e+03, -3.5310735292e-01
-2.1078497816e+03, -3.5308696277e-01
-2.1110503241e+03, -3.5306666996e-01
-2.1142506831e+03, -3.5304647387e-01
-2.1174508594e+03, -3.5302637388e-01
-2.1206508540e+03, -3.5300636935e-01
-2.1238506677e+03, -3.5298645968e-01
-2.1316950193e+03, +4.6641492867e+01
-2.1246123485e+03, +4.7518284900e+01
-2.1302497558e+03, -3.5294692246e-01
-2.1334490319e+03, -3.5292729370e-01
-2.1334490319e+03, -3.5292729370e-01
-2.1355300474e+03, +4.8925835344e+01
-2.1328520398e+03, +4.9586705986e+01
-2.1116360160e+03, +5.5829400875e+01
-2.2131644690e+03, +6.4730434587e+01
-2.1757234211e+03, +4.9890544816e+01
-2.1715868106e+03, +4.8970082050e+01
-2.1718267343e+03, -3.5269879327e-01
+3.9607633990e+02, -1.1749849802e+01
+3.9080298006e+02, -2.0384920210e+01
+3.8642714683e+02, -2.7353447265e+01
+3.8251589159e+02, -3.3436475280e+01
+3.7890445468e+02, -3.8934908220e+01
+3.7550823499e+02, -4.4004932852e+01
+3.7227666046e+02, -4.8740840181e+01
+3.6917652428e+02, -5.3205117489e+01
+3.6618457504e+02, -5.7441901176e+01
+3.6328375053e+02, -6.1483849184e+01
+3.6046107388e+02, -6.5355998246e+01
+3.5770639261e+02, -6.9078086612e+01
+3.5501158004e+02, -7.2666031441e+01
+3.5237000681e+02, -7.6132910696e+01
+3.4977617834e+02, -7.9489639648e+01
+3.4722547834e+02, -8.2745451247e+01
+3.4471398278e+02, -8.5908246058e+01
+3.4223832182e+02, -8.8984852838e+01
+3.3979557547e+02, -9.1981226332e+01
+3.3738319330e+02, -9.4902599948e+01
+3.3499893177e+02, -9.7753605371e+01
+3.3264080466e+02, -1.0053836752e+02
+3.3030704341e+02, -1.0326058084e+02
+3.2799606495e+02, -1.0592357123e+02
+3.2570644554e+02, -1.0853034685e+02
+3.2343689903e+02, -1.1108364012e+02
+3.2118625898e+02, -1.1358594279e+02
+3.1895346353e+02, -1.1603953532e+02
+3.1673754271e+02, -1.1844651183e+02
+3.1453760768e+02, -1.2080880128e+02
+3.1235284154e+02, -1.2312818561e+02
+3.1018249141e+02, -1.2540631539e+02
+3.0802586160e+02, -1.2764472331e+02
+3.0588230777e+02, -1.2984483599e+02
+3.0375123172e+02, -1.3200798419e+02
+3.0163207693e+02, -1.3413541188e+02
+2.9952432459e+02, -1.3622828410e+02
+2.9742749017e+02, -1.3828769403e+02
+2.9534112027e+02, -1.4031466917e+02
+2.9326478995e+02, -1.4231017688e+02
+2.9119810026e+02, -1.4427512932e+02
+2.8914067613e+02, -1.4621038784e+02
+2.8709216435e+02, -1.4811676700e+02
+2.8505223190e+02, -1.4999503808e+02
+2.8302056432e+02, -1.5184593236e+02
+2.8099686436e+02, -1.5367014397e+02
+2.7898085063e+02, -1.5546833260e+02
+2.7697225651e+02, -1.5724112584e+02
+2.7497082904e+02, -1.5898912140e+02
+2.7297632801e+02, -1.6071288911e+02
+2.7098852503e+02, -1.6241297272e+02
+2.6900720279e+02, -1.6408989159e+02
+2.6703215429e+02, -1.6574414221e+02
+2.6506318220e+02, -1.6737619961e+02
+2.6310009821e+02, -1.6898651867e+02
+2.6114272250e+02, -1.7057553529e+02
+2.5919088318e+02, -1.7214366754e+02
+2.5724441585e+02, -1.7369131661e+02
+2.5530316314e+02, -1.7521886784e+02
+2.5336697427e+02, -1.7672669152e+02
+2.5143570474e+02, -1.7821514376e+02
+2.4950921588e+02, -1.7968456722e+02
+2.4758737461e+02, -1.8113529181e+02
+2.4567005310e+02, -1.8256763539e+02
+2.4375712846e+02, -1.8398190433e+02
+2.4184848254e+02, -1.8537839409e+02
+2.3994400160e+02, -1.8675738980e+02
+2.3804357617e+02, -1.8811916672e+02
+2.3614710075e+02, -1.8946399072e+02
+2.3425447366e+02, -1.9079211872e+02
+2.3236559686e+02, -1.9210379910e+02
+2.3048037571e+02, -1.9339927213e+02
+2.2859871888e+02, -1.9467877026e+02
+2.2672053814e+02, -1.9594251852e+02
+2.2484574824e+02, -1.9719073484e+02
+2.2297426675e+02, -1.9842363033e+02
+2.2110601397e+02, -1.9964140959e+02
+2.1924091274e+02, -2.0084427098e+02
+2.1737888841e+02, -2.0203240688e+02
+2.1551986865e+02, -2.0320600390e+02
+2.1366378340e+02, -2.0436524318e+02
+2.1181056476e+02, -2.0551030055e+02
+2.0996014687e+02, -2.0664134673e+02
+2.0811246588e+02, -2.0775854759e+02
+2.0626745980e+02, -2.0886206428e+02
+2.0442506848e+02, -2.0995205342e+02
+2.0258523348e+02, -2.1102866727e+02
+2.0074789807e+02, -2.1209205392e+02
+1.9891300709e+02, -2.1314235739e+02
+1.9708050694e+02, -2.1417971779e+02
+1.9525034548e+02, -2.1520427151e+02
+1.9342247200e+02, -2.1621615125e+02
+1.9159683716e+02, -2.1721548626e+02
+1.8977339294e+02, -2.1820240237e+02
+1.8795209256e+02, -2.1917702215e+02
+1.8613289049e+02, -2.2013946500e+02
+1.8431574234e+02, -2.2108984728e+02
+1.8250060487e+02, -2.2202828235e+02
+1.8068743592e+02, -2.2295488076e+02
+1.7887619439e+02, -2.2386975024e+02
+1.7706684017e+02, -2.2477299585e+02
+1.7525933413e+02, -2.2566472006e+02
+1.7345363809e+02, -2.2654502279e+02
+1.7164971478e+02, -2.2741400154e+02
+1.6984752779e+02, -2.2827175141e+02
+1.6804704156e+02, -2.2911836522e+02
+1.6624822137e+02, -2.2995393354e+02
+1.6445103325e+02, -2.3077854478e+02
+1.6265544403e+02, -2.3159228522e+02
+1.6086142124e+02, -2.3239523911e+02
+1.5906893316e+02, -2.3318748870e+02
+1.5727794873e+02, -2.3396911431e+02
+1.5548843758e+02, -2.3474019437e+02
+1.5370036995e+02, -2.3550080547e+02
+1.5191371675e+02, -2.3625102242e+02
+1.5012844946e+02, -2.3699091830e+02
+1.4834454015e+02, -2.3772056450e+02
+1.4656196147e+02, -2.3844003075e+02
+1.4478068660e+02, -2.3914938517e+02
+1.4300068927e+02, -2.3984869433e+02
+1.4122194370e+02, -2.4053802326e+02
+1.3944442462e+02, -2.4121743551e+02
+1.3766810726e+02, -2.4188699318e+02
+1.3589296728e+02, -2.4254675692e+02
+1.3411898084e+02, -2.4319678605e+02
+1.3234612449e+02, -2.4383713848e+02
+1.3057437525e+02, -2.4446787084e+02
+1.2880371052e+02, -2.4508903846e+02
+1.2703410813e+02, -2.4570069540e+02
+1.2526554627e+02, -2.4630289449e+02
+1.2349800353e+02, -2.4689568735e+02
+1.2173145885e+02, -2.4747912443e+02
+1.1996589154e+02, -2.4805325502e+02
+1.1820128123e+02, -2.4861812729e+02
+1.1643760791e+02, -2.4917378827e+02
+1.1467485189e+02, -2.4972028396e+02
+1.1291299378e+02, -2.5025765924e+02
+1.1115201450e+02, -2.5078595800e+02
+1.0939189528e+02, -2.5130522308e+02
+1.0763261762e+02, -2.5181549634e+02
+1.0587416331e+02, -2.5231681863e+02
+1.0411651440e+02, -2.5280922987e+02
+1.0235965322e+02, -2.5329276903e+02
+1.0060356233e+02, -2.5376747414e+02
+9.8848224568e+01, -2.5423338232e+02
+9.7093622986e+01, -2.5469052982e+02
+9.5339740883e+01, -2.5513895199e+02
+9.3586561779e+01, -2.5557868333e+02
+9.1834069414e+01, -2.5600975749e+02
+9.0082247743e+01, -2.5643220727e+02
+8.8331080923e+01, -2.5684606469e+02
+8.6580553317e+01, -2.5725136092e+02
+8.4830649477e+01, -2.5764812636e+02
+8.3081354146e+01, -2.5803639063e+02
+8.1332652248e+01, -2.5841618257e+02
+7.9584528885e+01, -2.5878753028e+02
+7.7836969330e+01, -2.5915046110e+02
+7.6089959022e+01, -2.5950500163e+02
+7.4343483562e+01, -2.5985117777e+02
+7.2597528704e+01, -2.6018901467e+02
+7.0852080356e+01, -2.6051853681e+02
+6.9107124570e+01, -2.6083976795e+02
+6.7362647540e+01, -2.6115273117e+02
+6.5618635595e+01, -2.6145744890e+02
+6.3875075199e+01, -2.6175394285e+02
+6.2131952940e+01, -2.6204223410e+02
+6.0389255533e+01, -2.6232234309e+02
+5.8646969808e+01, -2.6259428959e+02
+5.6905082712e+01, -2.6285809273e+02
+5.5163581303e+01, -2.6311377104e+02
+5.3422452744e+01, -2.6336134239e+02
+5.1681684302e+01, -2.6360082405e+02
+4.9941263341e+01, -2.6383223268e+02
+4.8201177322e+01, -2.6405558433e+02
+4.6461413796e+01, -2.6427089446e+02
+4.4721960401e+01, -2.6447817791e+02
+4.2982804860e+01, -2.6467744897e+02
+4.1243934975e+01, -2.6486872130e+02
+3.9505338626e+01, -2.6505200804e+02
+3.7767003765e+01, -2.6522732169e+02
+3.6028918414e+01, -2.6539467423e+02
+3.4291070663e+01, -2.6555407705e+02
+3.2553448663e+01, -2.6570554099e+02
+3.0816040626e+01, -2.6584907633e+02
+2.9078834820e+01, -2.6598469278e+02
+2.7341819566e+01, -2.6611239952e+02
+2.5604983237e+01, -2.6623220517e+02
+2.3868314250e+01, -2.6634411781e+02
+2.2131801069e+01, -2.6644814498e+02
+2.0395432197e+01, -2.6654429367e+02
+1.8659196174e+01, -2.6663257034e+02
+1.6923081576e+01, -2.6671298092e+02
+1.5187077010e+01, -2.6678553079e+02
+1.3451171112e+01, -2.6685022483e+02
+1.1715352544e+01, -2.6690706734e+02
+9.9796099899e+00, -2.6695606215e+02
+8.2439321530e+00, -2.6699721252e+02
+6.5083077540e+00, -2.6703052121e+02
+4.7727255276e+00, -2.6705599043e+02
+3.0371742190e+00, -2.6707362189e+02
+1.3016425815e+00, -2.6708341676e+02
-4.3388062636e-01, -2.6708537570e+02
-2.1694066440e+00, -2.6707949884e+02
-3.9049467116e+00, -2.6706578579e+02
-5.6405120729e+00, -2.6704423563e+02
-7.3761139781e+00, -2.6701484692e+02
-9.1117636871e+00, -2.6697761771e+02
-1.0847472472e+01, -2.6693254549e+02
-1.2583251620e+01, -2.6687962727e+02
-1.4319112437e+01, -2.6681885951e+02
-1.6055066250e+01, -2.6675023813e+02
-1.7791124409e+01, -2.6667375854e+02
-1.9527298294e+01, -2.6658941563e+02
-2.1263599311e+01, -2.6649720372e+02
-2.3000038904e+01, -2.6639711663e+02
-2.4736628548e+01, -2.6628914763e+02
-2.6473379761e+01, -2.6617328946e+02
-2.8210304102e+01, -2.6604953431e+02
-2.9947413175e+01, -2.6591787383e+02
-3.1684718633e+01, -2.6577829912e+02
-3.3422232182e+01, -2.6563080073e+02
-3.5159965581e+01, -2.6547536867e+02
-3.6897930647e+01, -2.6531199237e+02
-3.8636139259e+01, -2.6514066074e+02
-4.0374603363e+01, -2.6496136207e+02
-4.2113334970e+01, -2.6477408414e+02
-4.3852346163e+01, -2.6457881412e+02
-4.5591649101e+01, -2.6437553861e+02
-4.7331256022e+01, -2.6416424364e+02
-4.9071179244e+01, -2.6394491465e+02
-5.0811431172e+01, -2.6371753648e+02
-5.2552024300e+01, -2.6348209337e+02
-5.4292971216e+01, -2.6323856899e+02
-5.6034284602e+01, -2.6298694636e+02
-5.7775977243e+01, -2.6272720791e+02
-5.9518062028e+01, -2.6245933544e+02
-6.1260551956e+01, -2.6218331013e+02
-6.3003460136e+01, -2.6189911252e+02
-6.4746799795e+01, -2.6160672251e+02
-6.6490584281e+01, -2.6130611935e+02
-6.8234827068e+01, -2.6099728163e+02
-6.9979541759e+01, -2.6068018729e+02
-7.1724742092e+01, -2.6035481358e+02
-7.3470441942e+01, -2.6002113708e+02
-7.5216655330e+01, -2.5967913366e+02
-7.6963396424e+01, -2.5932877852e+02
-7.8710679545e+01, -2.5897004612e+02
-8.0458519174e+01, -2.5860291023e+02
-8.2206929953e+01, -2.5822734387e+02
-8.3955926694e+01, -2.5784331932e+02
-8.5705524384e+01, -2.5745080812e+02
-8.7455738189e+01, -2.5704978103e+02
-8.9206583459e+01, -2.5664020806e+02
-9.0958075737e+01, -2.5622205841e+02
-9.2710230762e+01, -2.5579530049e+02
-9.4463064477e+01, -2.5535990189e+02
-9.6216593035e+01, -2.5491582940e+02
-9.7970832804e+01, -2.5446304893e+02
-9.9725800374e+01, -2.5400152556e+02
-1.0148151257e+02, -2.5353122350e+02
-1.0323798644e+02, -2.5305210606e+02
-1.0499523929e+02, -2.5256413568e+02
-1.0675328867e+02, -2.5206727384e+02
-1.0851215240e+02, -2.5156148111e+02
-1.1027184855e+02, -2.5104671711e+02
-1.1203239547e+02, -2.5052294049e+02
-1.1379381180e+02, -2.4999010888e+02
-1.1555611646e+02, -2.4944817895e+02
-1.1731932869e+02, -2.4889710629e+02
-1.1908346802e+02, -2.4833684548e+02
-1.2084855430e+02, -2.4776735000e+02
-1.2261460773e+02, -2.4718857226e+02
-1.2438164884e+02, -2.4660046352e+02
-1.2614969848e+02, -2.4600297392e+02
-1.2791877791e+02, -2.4539605244e+02
-1.2968890872e+02, -2.4477964684e+02
-1.3146011290e+02, -2.4415370368e+02
-1.3323241285e+02, -2.4351816828e+02
-1.3500583134e+02, -2.4287298466e+02
-1.3678039160e+02, -2.4221809555e+02
-1.3855611726e+02, -2.4155344234e+02
-1.4033303241e+02, -2.4087896506e+02
-1.4211116160e+02, -2.4019460232e+02
-1.4389052987e+02, -2.3950029131e+02
-1.4567116272e+02, -2.3879596774e+02
-1.4745308617e+02, -2.3808156582e+02
-1.4923632678e+02, -2.3735701822e+02
-1.5102091163e+02, -2.3662225600e+02
-1.5280686835e+02, -2.3587720860e+02
-1.5459422516e+02, -2.3512180382e+02
-1.5638301087e+02, -2.3435596770e+02
-1.5817325490e+02, -2.3357962456e+02
-1.5996498732e+02, -2.3279269688e+02
-1.6175823883e+02, -2.3199510530e+02
-1.6355304082e+02, -2.3118676853e+02
-1.6534942539e+02, -2.3036760335e+02
-1.6714742535e+02, -2.2953752449e+02
-1.6894707427e+02, -2.2869644461e+02
-1.7074840648e+02, -2.2784427423e+02
-1.7255145714e+02, -2.2698092167e+02
-1.7435626221e+02, -2.2610629296e+02
-1.7616285853e+02, -2.2522029183e+02
-1.7797128383e+02, -2.2432281957e+02
-1.7978157676e+02, -2.2341377499e+02
-1.8159377693e+02, -2.2249305434e+02
-1.8340792493e+02, -2.2156055124e+02
-1.8522406240e+02, -2.2061615656e+02
-1.8704223204e+02, -2.1965975835e+02
-1.8886247764e+02, -2.1869124177e+02
-1.9068484417e+02, -2.1771048894e+02
-1.9250937778e+02, -2.1671737890e+02
-1.9433612585e+02, -2.1571178747e+02
-1.9616513707e+02, -2.1469358711e+02
-1.9799646145e+02, -2.1366264686e+02
-1.9983015041e+02, -2.1261883221e+02
-2.0166625681e+02, -2.1156200490e+02
-2.0350483503e+02, -2.1049202290e+02
-2.0534594099e+02, -2.0940874017e+02
-2.0718963228e+02, -2.0831200656e+02
-2.0903596818e+02, -2.0720166765e+02
-2.1088500976e+02, -2.0607756456e+02
-2.1273681992e+02, -2.0493953382e+02
-2.1459146350e+02, -2.0378740715e+02
-2.1644900739e+02, -2.0262101130e+02
-2.1830952054e+02, -2.0144016782e+02
-2.2017307413e+02, -2.0024469286e+02
-2.2203974165e+02, -1.9903439695e+02
-2.2390959899e+02, -1.9780908475e+02
-2.2578272455e+02, -1.9656855482e+02
-2.2765919940e+02, -1.9531259934e+02
-2.2953910734e+02, -1.9404100382e+02
-2.3142253511e+02, -1.9275354683e+02
-2.3330957247e+02, -1.9144999966e+02
-2.3520031237e+02, -1.9013012600e+02
-2.3709485115e+02, -1.8879368157e+02
-2.3899328863e+02, -1.8744041378e+02
-2.4089572839e+02, -1.8607006127e+02
-2.4280227787e+02, -1.8468235355e+02
-2.4471304866e+02, -1.8327701048e+02
-2.4662815668e+02, -1.8185374182e+02
-2.4854772240e+02, -1.8041224673e+02
-2.5047187117e+02, -1.7895221317e+02
-2.5240073339e+02, -1.7747331735e+02
-2.5433444490e+02, -1.7597522304e+02
-2.5627314724e+02, -1.7445758097e+02
-2.5821698801e+02, -1.7292002803e+02
-2.6016612124e+02, -1.7136218650e+02
-2.6212070775e+02, -1.6978366325e+02
-2.6408091563e+02, -1.6818404876e+02
-2.6604692067e+02, -1.6656291618e+02
-2.6801890687e+02, -1.6491982026e+02
-2.6999706698e+02, -1.6325429620e+02
-2.7198160309e+02, -1.6156585842e+02
-2.7397272726e+02, -1.5985399916e+02
-2.7597066225e+02, -1.5811818708e+02
-2.7797564224e+02, -1.5635786561e+02
-2.7998791371e+02, -1.5457245121e+02
-2.8200773633e+02, -1.5276133149e+02
-2.8403538397e+02, -1.5092386310e+02
-2.8607114578e+02, -1.4905936944e+02
-2.8811532746e+02, -1.4716713816e+02
-2.9016825257e+02, -1.4524641836e+02
-2.9223026400e+02, -1.4329641753e+02
-2.9430172568e+02, -1.4131629821e+02
-2.9638302435e+02, -1.3930517414e+02
-2.9847457168e+02, -1.3726210616e+02
-3.0057680650e+02, -1.3518609749e+02
-3.0269019743e+02, -1.3307608852e+02
-3.0481524573e+02, -1.3093095096e+02
-3.0695248860e+02, -1.2874948125e+02
-3.0910250287e+02, -1.2653039306e+02
-3.1126590922e+02, -1.2427230891e+02
-3.1344337697e+02, -1.2197375052e+02
-3.1563562961e+02, -1.1963312782e+02
-3.1784345113e+02, -1.1724872638e+02
-3.2006769332e+02, -1.1481869284e+02
-3.2230928436e+02, -1.1234101811e+02
-3.2456923869e+02, -1.0981351777e+02
-3.2684866875e+02, -1.0723380909e+02
-3.2914879877e+02, -1.0459928397e+02
-3.3147098126e+02, -1.0190707692e+02
-3.3381671664e+02, -9.9154026651e+01
-3.3618767712e+02, -9.6336629972e+01
-3.3858573564e+02, -9.3450985758e+01
-3.4101300157e+02, -9.0492726291e+01
-3.4347186497e+02, -8.7456932271e+01
-3.4596505225e+02, -8.4338026408e+01
-3.4849569695e+02, -8.1129638517e+01
-3.9568828191e+02, +1.2759479099e+02
-3.9911625329e+02, +1.2535905689e+02
-5.0673239992e+02, +8.0003266020e+01
-5.0217647539e+02, +8.1026862673e+01
-4.9760971372e+02, +8.2109317075e+01
-3.6472366132e+02, -5.9485518746e+01
-4.1727461395e+02, +1.1419082343e+02
-4.2112400448e+02, +1.1199069892e+02
-4.2504869735e+02, +1.0981445663e+02
-4.2904864585e+02, +1.0766833832e+02
-4.3312303842e+02, +1.0555880485e+02
-4.3727030366e+02, +1.0349237128e+02
-4.4148834137e+02, +1.0147539092e+02
-4.4577585939e+02, +9.9513741275e+01
-4.5015456148e+02, +9.7616608196e+01
-4.4794761929e+02, +9.8555404200e+01
-4.4362319428e+02, +1.0048738153e+02
-4.3937046257e+02, +1.0247738661e+02
-4.3107647568e+02, +1.0660866401e+02
           NaN, -8.0243884525e+02
           NaN, -8.3357284465e+02
           NaN, -8.6378922681e+02
           NaN, -8.9311565562e+02
           NaN, -9.2157732928e+02
           NaN, -9.4919753838e+02
           NaN, -9.7599809287e+02
           NaN, -1.0019996512e+03
           NaN, -1.0272219761e+03
           NaN, -1.0516841289e+03
           NaN, -1.0754046182e+03
           NaN, -1.0984015164e+03
           NaN, -1.1206925402e+03
           NaN, -1.1422951167e+03
           NaN, -1.1632264250e+03
           NaN, -1.1835034273e+03
           NaN, -1.2031428888e+03
           NaN, -1.2221613901e+03
           NaN, -1.2405753283e+03
           NaN, -1.2584009185e+03
           NaN, -1.2756541898e+03
           NaN, -1.2923509759e+03
           NaN, -1.3085069099e+03
           NaN, -1.3241374111e+03
           NaN, -1.3392576772e+03
           NaN, -1.3538826728e+03
           NaN, -1.3680271165e+03
           NaN, -1.3817054786e+03
           NaN, -1.3949319581e+03
           NaN, -1.4077204901e+03
           NaN, -1.4200847263e+03
           NaN, -1.4320380329e+03
           NaN, -1.4435934859e+03
           NaN, -1.4547638634e+03
           NaN, -1.4655616418e+03
-2.9441737856e+02, +1.9820392805e+02
-2.9212207288e+02, +1.9970951013e+02
-2.8983845951e+02, +2.0119789622e+02
-2.8756615528e+02, +2.0266930109e+02
-2.8530479438e+02, +2.0412393584e+02
-2.8305402731e+02, +2.0556200785e+02
-2.8081352002e+02, +2.0698372064e+02
-2.7858295296e+02, +2.0838927391e+02
-2.7636202031e+02, +2.0977886345e+02
-2.7415042922e+02, +2.1115268118e+02
-2.7194789907e+02, +2.1251091511e+02
-2.6975416082e+02, +2.1385374941e+02
-2.6756895641e+02, +2.1518136440e+02
-2.6539203816e+02, +2.1649393663e+02
-2.6322316821e+02, +2.1779163886e+02
-2.6106211804e+02, +2.1907464019e+02
-2.5890866798e+02, +2.2034310605e+02
-2.5676260675e+02, +2.2159719830e+02
-2.5462373105e+02, +2.2283707526e+02
-2.5249184517e+02, +2.2406289180e+02
-2.5036676060e+02, +2.2527479942e+02
-2.4824829570e+02, +2.2647294626e+02
-2.4613627534e+02, +2.2765747722e+02
-2.4403053063e+02, +2.2882853402e+02
-2.4193089860e+02, +2.2998625526e+02
-2.3983722191e+02, +2.3113077647e+02
-2.3774934863e+02, +2.3226223022e+02
-2.3566713197e+02, +2.3338074616e+02
-2.3359043005e+02, +2.3448645109e+02
-2.3151910568e+02, +2.3557946902e+02
-2.2945302614e+02, +2.3665992127e+02
-2.2739206303e+02, +2.3772792649e+02
-2.2533609201e+02, +2.3878360072e+02
-2.2328499270e+02, +2.3982705751e+02
-2.2123864844e+02, +2.4085840791e+02
-2.1919694621e+02, +2.4187776058e+02
           NaN, -1.6906012834e+03
           NaN, -1.6936981660e+03
           NaN, -1.6967015612e+03
           NaN, -1.6996147265e+03
-2.0905434248e+02, +2.4679819915e+02
-8.2370427668e+02, -3.9738183387e-01
-2.0502620127e+02, +2.4868593930e+02
-2.0301795123e+02, +2.4961295070e+02
-2.0101346527e+02, +2.5052884284e+02
-1.9901265918e+02, +2.5143370318e+02
-3.9954188948e+02, -5.9286247996e+00
-3.9327444712e+02, -1.6370814727e+01
-3.8854074838e+02, -2.4009366174e+01
-3.8442656381e+02, -3.0481765244e+01
-3.8067908783e+02, -3.6247000917e+01
-3.7718313772e+02, -4.1516602432e+01
-3.7387423734e+02, -4.6410203665e+01
-3.7071179390e+02, -5.1003844578e+01
-3.6766820765e+02, -5.5349690978e+01
-3.6472366132e+02, -5.9485518746e+01
-3.6186333343e+02, -6.3439811115e+01
-3.5907578203e+02, -6.7234728984e+01
-3.5635194729e+02, -7.0887952144e+01
-3.5368450510e+02, -7.4413877766e+01
-3.5106743112e+02, -7.7824432089e+01
-3.4849569695e+02, -8.1129638517e+01
-3.4596505225e+02, -8.4338026408e+01
-3.4347186497e+02, -8.7456932271e+01
-3.4101300157e+02, -9.0492726291e+01
-3.3858573564e+02, -9.3450985758e+01
-3.3618767712e+02, -9.6336629972e+01
-3.3381671664e+02, -9.9154026651e+01
-3.3147098126e+02, -1.0190707692e+02
-3.2914879877e+02, -1.0459928397e+02
-3.2684866875e+02, -1.0723380909e+02
-3.2456923869e+02, -1.0981351777e+02
-3.2230928436e+02, -1.1234101811e+02
-3.2006769332e+02, -1.1481869284e+02
-3.1784345113e+02, -1.1724872638e+02
-3.1563562961e+02, -1.1963312782e+02
-3.1344337697e+02, -1.2197375052e+02
-3.1126590922e+02, -1.2427230891e+02
-3.0910250287e+02, -1.2653039306e+02
-3.0695248860e+02, -1.2874948125e+02
-3.0481524573e+02, -1.3093095096e+02
-3.0269019743e+02, -1.3307608852e+02
-3.0057680650e+02, -1.3518609749e+02
-2.9847457168e+02, -1.3726210616e+02
-2.9638302435e+02, -1.3930517414e+02
-2.9430172568e+02, -1.4131629821e+02
-2.9223026400e+02, -1.4329641753e+02
-2.9016825257e+02, -1.4524641836e+02
-2.8811532746e+02, -1.4716713816e+02
-2.8607114578e+02, -1.4905936944e+02
-2.8403538397e+02, -1.5092386310e+02
-2.8200773633e+02, -1.5276133149e+02
-2.7998791371e+02, -1.5457245121e+02
-2.7797564224e+02, -1.5635786561e+02
-2.7597066225e+02, -1.5811818708e+02
-2.7397272726e+02, -1.5985399916e+02
-2.7198160309e+02, -1.6156585842e+02
-2.6999706698e+02, -1.6325429620e+02
-2.6801890687e+02, -1.6491982026e+02
-2.6604692067e+02, -1.6656291618e+02
-2.6408091563e+02, -1.6818404876e+02
-2.6212070775e+02, -1.6978366325e+02
-2.6016612124e+02, -1.7136218650e+02
-2.5821698801e+02, -1.7292002803e+02
-2.5627314724e+02, -1.7445758097e+02
-2.5433444490e+02, -1.7597522304e+02
-2.5240073339e+02, -1.7747331735e+02
-2.5047187117e+02, -1.7895221317e+02
-2.4854772240e+02, -1.8041224673e+02
-2.4662815668e+02, -1.8185374182e+02
-2.4471304866e+02, -1.8327701048e+02
-2.4280227787e+02, -1.8468235355e+02
-2.4089572839e+02, -1.8607006127e+02
-2.3899328863e+02, -1.8744041378e+02
-2.3709485115e+02, -1.8879368157e+02
-2.3520031237e+02, -1.9013012600e+02
-2.3330957247e+02, -1.9144999966e+02
-2.3142253511e+02, -1.9275354683e+02
-2.2953910734e+02, -1.9404100382e+02
-2.2765919940e+02, -1.9531259934e+02
-2.2578272455e+02, -1.9656855482e+02
-2.2390959899e+02, -1.9780908475e+02
-2.2203974165e+02, -1.9903439695e+02
-2.2017307413e+02, -2.0024469286e+02
-2.1830952054e+02, -2.0144016782e+02
-2.1644900739e+02, -2.0262101130e+02
-2.1459146350e+02, -2.0378740715e+02
-2.1273681992e+02, -2.0493953382e+02
-2.1088500976e+02, -2.0607756456e+02
-2.0903596818e+02, -2.0720166765e+02
-2.0718963228e+02, -2.0831200656e+02
-2.0534594099e+02, -2.0940874017e+02
-2.0350483503e+02, -2.1049202290e+02
-2.0166625681e+02, -2.1156200490e+02
-1.9983015041e+02, -2.1261883221e+02
-1.9799646145e+02, -2.1366264686e+02
-1.9616513707e+02, -2.1469358711e+02
-1.9433612585e+02, -2.1571178747e+02
-1.9250937778e+02, -2.1671737890e+02
-1.9068484417e+02, -2.1771048894e+02
-1.8886247764e+02, -2.1869124177e+02
-1.8704223204e+02, -2.1965975835e+02
-1.8522406240e+02, -2.2061615656e+02
-1.8340792493e+02, -2.2156055124e+02
-1.8159377693e+02, -2.2249305434e+02
-1.7978157676e+02, -2.2341377499e+02
-1.7797128383e+02, -2.2432281957e+02
-1.7616285853e+02, -2.2522029183e+02
-1.7435626221e+02, -2.2610629296e+02
-1.7255145714e+02, -2.2698092167e+02
-1.7074840648e+02, -2.2784427423e+02
-1.6894707427e+02, -2.2869644461e+02
-1.6714742535e+02, -2.2953752449e+02
-1.6534942539e+02, -2.3036760335e+02
-1.6355304082e+02, -2.3118676853e+02
-1.6175823883e+02, -2.3199510530e+02
-1.5996498732e+02, -2.3279269688e+02
-1.5817325490e+02, -2.3357962456e+02
-1.5638301087e+02, -2.3435596770e+02
-1.5459422516e+02, -2.3512180382e+02
-1.5280686835e+02, -2.3587720860e+02
-1.5102091163e+02, -2.3662225600e+02
-1.4923632678e+02, -2.3735701822e+02
-1.4745308617e+02, -2.3808156582e+02
-1.4567116272e+02, -2.3879596774e+02
-1.4389052987e+02, -2.3950029131e+02
-1.4211116160e+02, -2.4019460232e+02
-1.4033303241e+02, -2.4087896506e+02
-1.3855611726e+02, -2.4155344234e+02
-1.3678039160e+02, -2.4221809555e+02
-1.3500583134e+02, -2.4287298466e+02
-1.3323241285e+02, -2.4351816828e+02
-1.3146011290e+02, -2.4415370368e+02
-1.2968890872e+02, -2.4477964684e+02
-1.2791877791e+02, -2.4539605244e+02
-1.2614969848e+02, -2.4600297392e+02
-1.2438164884e+02, -2.4660046352e+02
-1.2261460773e+02, -2.4718857226e+02
-1.2084855430e+02, -2.4776735000e+02
-1.1908346802e+02, -2.4833684548e+02
-1.1731932869e+02, -2.4889710629e+02
-1.1555611646e+02, -2.4944817895e+02
-1.1379381180e+02, -2.4999010888e+02
-1.1203239547e+02, -2.5052294049e+02
-1.1027184855e+02, -2.5104671711e+02
-1.0851215240e+02, -2.5156148111e+02
-1.0675328867e+02, -2.5206727384e+02
-1.0499523929e+02, -2.5256413568e+02
-1.0323798644e+02, -2.5305210606e+02
-1.0148151257e+02, -2.5353122350e+02
-9.9725800374e+01, -2.5400152556e+02
-9.7970832804e+01, -2.5446304893e+02
-9.6216593035e+01, -2.5491582940e+02
-9.4463064477e+01, -2.5535990189e+02
-9.2710230762e+01, -2.5579530049e+02
-9.0958075737e+01, -2.5622205841e+02
-8.9206583459e+01, -2.5664020806e+02
-8.7455738189e+01, -2.5704978103e+02
-8.5705524384e+01, -2.5745080812e+02
-8.3955926694e+01, -2.5784331932e+02
-8.2206929953e+01, -2.5822734387e+02
-8.0458519174e+01, -2.5860291023e+02
-7.8710679545e+01, -2.5897004612e+02
-7.6963396424e+01, -2.5932877852e+02
-7.5216655330e+01, -2.5967913366e+02
-7.3470441942e+01, -2.6002113708e+02
-7.1724742092e+01, -2.6035481358e+02
-6.9979541759e+01, -2.6068018729e+02
-6.8234827068e+01, -2.6099728163e+02
-6.6490584281e+01, -2.6130611935e+02
-6.4746799795e+01, -2.6160672251e+02
-6.3003460136e+01, -2.6189911252e+02
-6.1260551956e+01, -2.6218331013e+02
-5.9518062028e+01, -2.6245933544e+02
-5.7775977243e+01, -2.6272720791e+02
-5.6034284602e+01, -2.6298694636e+02
-5.4292971216e+01, -2.6323856899e+02
-5.2552024300e+01, -2.6348209337e+02
-5.0811431172e+01, -2.6371753648e+02
-4.9071179244e+01, -2.6394491465e+02
-4.7331256022e+01, -2.6416424364e+02
-4.5591649101e+01, -2.6437553861e+02
-4.3852346163e+01, -2.6457881412e+02
-4.2113334970e+01, -2.6477408414e+02
-4.0374603363e+01, -2.6496136207e+02
-3.8636139259e+01, -2.6514066074e+02
-3.6897930647e+01, -2.6531199237e+02
-3.5159965581e+01, -2.6547536867e+02
-3.3422232182e+01, -2.6563080073e+02
-3.1684718633e+01, -2.6577829912e+02
-2.9947413175e+01, -2.6591787383e+02
-2.8210304102e+01, -2.6604953431e+02
-2.6473379761e+01, -2.6617328946e+02
-2.4736628548e+01, -2.6628914763e+02
-2.3000038904e+01, -2.6639711663e+02
-2.1263599311e+01, -2.6649720372e+02
-1.9527298294e+01, -2.6658941563e+02
-1.7791124409e+01, -2.6667375854e+02
-1.6055066250e+01, -2.6675023813e+02
-1.4319112437e+01, -2.6681885951e+02
-1.2583251620e+01, -2.6687962727e+02
-1.0847472472e+01, -2.6693254549e+02
-9.1117636871e+00, -2.6697761771e+02
-7.3761139781e+00, -2.6701484692e+02
-5.6405120729e+00, -2.6704423563e+02
-3.9049467116e+00, -2.6706578579e+02
-2.1694066440e+00, -2.6707949884e+02
-4.3388062636e-01, -2.6708537570e+02
+1.3016425815e+00, -2.6708341676e+02
+3.0371742190e+00, -2.6707362189e+02
+4.7727255276e+00, -2.6705599043e+02
+6.5083077540e+00, -2.6703052121e+02
+8.2439321530e+00, -2.6699721252e+02
+9.9796099899e+00, -2.6695606215e+02
+1.1715352544e+01, -2.6690706734e+02
+1.3451171112e+01, -2.6685022483e+02
+1.5187077010e+01, -2.6678553079e+02
+1.6923081576e+01, -2.6671298092e+02
+1.8659196174e+01, -2.6663257034e+02
+2.0395432197e+01, -2.6654429367e+02
+2.2131801069e+01, -2.6644814498e+02
+2.3868314250e+01, -2.6634411781e+02
+2.5604983237e+01, -2.6623220517e+02
+2.7341819566e+01, -2.6611239952e+02
+2.9078834820e+01, -2.6598469278e+02
+3.0816040626e+01, -2.6584907633e+02
+3.2553448663e+01, -2.6570554099e+02
+3.4291070663e+01, -2.6555407705e+02
+3.6028918414e+01, -2.6539467423e+02
+3.7767003765e+01, -2.6522732169e+02
+3.9505338626e+01, -2.6505200804e+02
+4.1243934975e+01, -2.6486872130e+02
+4.2982804860e+01, -2.6467744897e+02
+4.4721960401e+01, -2.6447817791e+02
+4.6461413796e+01, -2.6427089446e+02
+4.8201177322e+01, -2.6405558433e+02
+4.9941263341e+01, -2.6383223268e+02
+5.1681684302e+01, -2.6360082405e+02
+5.3422452744e+01, -2.6336134239e+02
+5.5163581303e+01, -2.6311377104e+02
+5.6905082712e+01, -2.6285809273e+02
+5.8646969808e+01, -2.6259428959e+02
+6.0389255533e+01, -2.6232234309e+02
+6.2131952940e+01, -2.6204223410e+02
+6.3875075199e+01, -2.6175394285e+02
+6.5618635595e+01, -2.6145744890e+02
+6.7362647540e+01, -2.6115273117e+02
+6.9107124570e+01, -2.6083976795e+02
+7.0852080356e+01, -2.6051853681e+02
+7.2597528704e+01, -2.6018901467e+02
+7.4343483562e+01, -2.5985117777e+02
+7.6089959022e+01, -2.5950500163e+02
+7.7836969330e+01, -2.5915046110e+02
+7.9584528885e+01, -2.5878753028e+02
+8.1332652248e+01, -2.5841618257e+02
+8.3081354146e+01, -2.5803639063e+02
+8.4830649477e+01, -2.5764812636e+02
+8.6580553317e+01, -2.5725136092e+02
+8.8331080923e+01, -2.5684606469e+02
+9.0082247743e+01, -2.5643220727e+02
+9.1834069414e+01, -2.5600975749e+02
+9.3586561779e+01, -2.5557868333e+02
+9.5339740883e+01, -2.5513895199e+02
+9.7093622986e+01, -2.5469052982e+02
+9.8848224568e+01, -2.5423338232e+02
+1.0060356233e+02, -2.5376747414e+02
+1.0235965322e+02, -2.5329276903e+02
+1.0411651440e+02, -2.5280922987e+02
+1.0587416331e+02, -2.5231681863e+02
+1.0763261762e+02, -2.5181549634e+02
+1.0939189528e+02, -2.5130522308e+02
+1.1115201450e+02, -2.5078595800e+02
+1.1291299378e+02, -2.5025765924e+02
+1.1467485189e+02, -2.4972028396e+02
+1.1643760791e+02, -2.4917378827e+02
+1.1820128123e+02, -2.4861812729e+02
+1.1996589154e+02, -2.4805325502e+02
+1.2173145885e+02, -2.4747912443e+02
+1.2349800353e+02, -2.4689568735e+02
+1.2526554627e+02, -2.4630289449e+02
+1.2703410813e+02, -2.4570069540e+02
+1.2880371052e+02, -2.4508903846e+02
+1.3057437525e+02, -2.4446787084e+02
+1.3234612449e+02, -2.4383713848e+02
+1.3411898084e+02, -2.4319678605e+02
+1.3589296728e+02, -2.4254675692e+02
+1.3766810726e+02, -2.4188699318e+02
+1.3944442462e+02, -2.4121743551e+02
+1.4122194370e+02, -2.4053802326e+02
+1.4300068927e+02, -2.3984869433e+02
+1.4478068660e+02, -2.3914938517e+02
+1.4656196147e+02, -2.3844003075e+02
+1.4834454015e+02, -2.3772056450e+02
+1.5012844946e+02, -2.3699091830e+02
+1.5191371675e+02, -2.3625102242e+02
+1.5370036995e+02, -2.3550080547e+02
+1.5548843758e+02, -2.3474019437e+02
+1.5727794873e+02, -2.3396911431e+02
+1.5906893316e+02, -2.3318748870e+02
+1.6086142124e+02, -2.3239523911e+02
+1.6265544403e+02, -2.3159228522e+02
+1.6445103325e+02, -2.3077854478e+02
+1.6624822137e+02, -2.2995393354e+02
+1.6804704156e+02, -2.2911836522e+02
+1.6984752779e+02, -2.2827175141e+02
+1.7164971478e+02, -2.2741400154e+02
+1.7345363809e+02, -2.2654502279e+02
+1.7525933413e+02, -2.2566472006e+02
+1.7706684017e+02, -2.2477299585e+02
+1.7887619439e+02, -2.2386975024e+02
+1.8068743592e+02, -2.2295488076e+02
+1.8250060487e+02, -2.2202828235e+02
+1.8431574234e+02, -2.2108984728e+02
+1.8613289049e+02, -2.2013946500e+02
+1.8795209256e+02, -2.1917702215e+02
+1.8977339294e+02, -2.1820240237e+02
+1.9159683716e+02, -2.1721548626e+02
+1.9342247200e+02, -2.1621615125e+02
+1.9525034548e+02, -2.1520427151e+02
+1.9708050694e+02, -2.1417971779e+02
+1.9891300709e+02, -2.1314235739e+02
+2.0074789807e+02, -2.1209205392e+02
+2.0258523348e+02, -2.1102866727e+02
+2.0442506848e+02, -2.0995205342e+02
+2.0626745980e+02, -2.0886206428e+02
+2.0811246588e+02, -2.0775854759e+02
+2.0996014687e+02, -2.0664134673e+02
+2.1181056476e+02, -2.0551030055e+02
+2.1366378340e+02, -2.0436524318e+02
+2.1551986865e+02, -2.0320600390e+02
+2.1737888841e+02, -2.0203240688e+02
+2.1924091274e+02, -2.0084427098e+02
+2.2110601397e+02, -1.9964140959e+02
+2.2297426675e+02, -1.9842363033e+02
+2.2484574824e+02, -1.9719073484e+02
+2.2672053814e+02, -1.9594251852e+02
+2.2859871888e+02, -1.9467877026e+02
+2.3048037571e+02, -1.9339927213e+02
+2.3236559686e+02, -1.9210379910e+02
+2.3425447366e+02, -1.9079211872e+02
+2.3614710075e+02, -1.8946399072e+02
+2.3804357617e+02, -1.8811916672e+02
+2.3994400160e+02, -1.8675738980e+02
+2.4184848254e+02, -1.8537839409e+02
+2.4375712846e+02, -1.8398190433e+02
+2.4567005310e+02, -1.8256763539e+02
+2.4758737461e+02, -1.8113529181e+02
+2.4950921588e+02, -1.7968456722e+02
+2.5143570474e+02, -1.7821514376e+02
+2.5336697427e+02, -1.7672669152e+02
+2.5530316314e+02, -1.7521886784e+02
+2.5724441585e+02, -1.7369131661e+02
+2.5919088318e+02, -1.7214366754e+02
+2.6114272250e+02, -1.7057553529e+02
+2.6310009821e+02, -1.6898651867e+02
+2.6506318220e+02, -1.6737619961e+02
+2.6703215429e+02, -1.6574414221e+02
+2.6900720279e+02, -1.6408989159e+02
+2.7098852503e+02, -1.6241297272e+02
+2.7297632801e+02, -1.6071288911e+02
+2.7497082904e+02, -1.5898912140e+02
+2.7697225651e+02, -1.5724112584e+02
+2.7898085063e+02, -1.5546833260e+02
+2.8099686436e+02, -1.5367014397e+02
+2.8302056432e+02, -1.5184593236e+02
+2.8505223190e+02, -1.4999503808e+02
+2.8709216435e+02, -1.4811676700e+02
+2.8914067613e+02, -1.4621038784e+02
+2.9119810026e+02, -1.4427512932e+02
+2.9326478995e+02, -1.4231017688e+02
+2.9534112027e+02, -1.4031466917e+02
+2.9742749017e+02, -1.3828769403e+02
+2.9952432459e+02, -1.3622828410e+02
+3.0163207693e+02, -1.3413541188e+02
+3.0375123172e+02, -1.3200798419e+02
+3.0588230777e+02, -1.2984483599e+02
+3.0802586160e+02, -1.2764472331e+02
+3.1018249141e+02, -1.2540631539e+02
+3.1235284154e+02, -1.2312818561e+02
+3.1453760768e+02, -1.2080880128e+02
+3.1673754271e+02, -1.1844651183e+02
+3.1895346353e+02, -1.1603953532e+02
+3.2118625898e+02, -1.1358594279e+02
+3.2343689903e+02, -1.1108364012e+02
+3.2570644554e+02, -1.0853034685e+02
+3.2799606495e+02, -1.0592357123e+02
+3.3030704341e+02, -1.0326058084e+02
+3.3264080466e+02, -1.0053836752e+02
+3.3499893177e+02, -9.7753605371e+01
+3.3738319330e+02, -9.4902599948e+01
+3.3979557547e+02, -9.1981226332e+01
+3.4223832182e+02, -8.8984852838e+01
+3.4471398278e+02, -8.5908246058e+01
+3.4722547834e+02, -8.2745451247e+01
+3.9399775379e+02, +1.2871001191e+02
+3.9739433770e+02, +1.2647768354e+02
+3.5501158004e+02, -7.2666031441e+01
+5.0445596862e+02, +8.0507913916e+01
+4.9989426455e+02, +8.1560526652e+01
+4.9532323520e+02, +8.2673639336e+01
+4.1537797946e+02, +1.1529798205e+02
+4.1918992169e+02, +1.1308815381e+02
+4.2307692374e+02, +1.1089920917e+02
+4.2703929695e+02, +1.0873723159e+02
+4.3107661798e+02, +1.0660859032e+02
+4.3518768654e+02, +1.0451979671e+02
+4.3937060987e+02, +1.0247731617e+02
+4.4362334399e+02, +1.0048731302e+02
+4.4794777179e+02, +9.8555337821e+01
+3.6917652428e+02, -5.3205117489e+01
+4.4577570842e+02, +9.9513808748e+01
+4.4148819287e+02, +1.0147546042e+02
+4.3312289485e+02, +1.0555887780e+02
           NaN, -8.1812239071e+02
           NaN, -8.4879394363e+02
           NaN, -8.7856205987e+02
           NaN, -9.0745309201e+02
           NaN, -9.3549122365e+02
           NaN, -9.6269895766e+02
           NaN, -9.8909749318e+02
           NaN, -1.0147070121e+03
           NaN, -1.0395469060e+03
           NaN, -1.0636359427e+03
           NaN, -1.0869924013e+03
           NaN, -1.1096341672e+03
           NaN, -1.1315788059e+03
           NaN, -1.1528436146e+03
           NaN, -1.1734456616e+03
           NaN, -1.1934018103e+03
           NaN, -1.2127287305e+03
           NaN, -1.2314429119e+03
           NaN, -1.2495606613e+03
           NaN, -1.2670981004e+03
           NaN, -1.2840711620e+03
           NaN, -1.3004955808e+03
           NaN, -1.3163868836e+03
           NaN, -1.3317603827e+03
           NaN, -1.3466311576e+03
           NaN, -1.3610140535e+03
           NaN, -1.3749236641e+03
           NaN, -1.3883743264e+03
           NaN, -1.4013801076e+03
           NaN, -1.4139548026e+03
           NaN, -1.4261119224e+03
           NaN, -1.4378646857e+03
           NaN, -1.4492260221e+03
           NaN, -1.4602085591e+03
           NaN, -1.4708246227e+03
           NaN, -1.4810862354e+03
           NaN, -1.4910051115e+03
+2.8870091702e+02, +2.0193570802e+02
+2.8643412913e+02, +2.0339870168e+02
+2.8417810784e+02, +2.0484502938e+02
+2.8193251149e+02, +2.0627489657e+02
+2.7969701338e+02, +2.0768850489e+02
+2.7747130093e+02, +2.0908605206e+02
+2.7525507489e+02, +2.1046773195e+02
+2.7304804861e+02, +2.1183373452e+02
+2.7084994734e+02, +2.1318424585e+02
+2.6866050761e+02, +2.1451944820e+02
+2.6647947661e+02, +2.1583951997e+02
+2.6430661164e+02, +2.1714463584e+02
+2.6214167959e+02, +2.1843496672e+02
+2.5998445639e+02, +2.1971067986e+02
+2.5783472665e+02, +2.2097193890e+02
+2.5569228311e+02, +2.2221890393e+02
+2.5355692633e+02, +2.2345173153e+02
+2.5142846423e+02, +2.2467057489e+02
+2.4930671179e+02, +2.2587558380e+02
+2.4719149065e+02, +2.2706690479e+02
+2.4508262885e+02, +2.2824468116e+02
+2.4297996049e+02, +2.2940905304e+02
+2.4088332545e+02, +2.3056015751e+02
+2.3879256913e+02, +2.3169812860e+02
+2.3670754220e+02, +2.3282309742e+02
+2.3462810035e+02, +2.3393519218e+02
+2.3255410407e+02, +2.3503453828e+02
+2.3048541843e+02, +2.3612125838e+02
+2.2842191290e+02, +2.3719547245e+02
+2.2636346112e+02, +2.3825729782e+02
+2.2430994077e+02, +2.3930684930e+02
+2.2226123333e+02, +2.4034423916e+02
+2.2021722400e+02, +2.4136957726e+02
           NaN, -1.6890167342e+03
           NaN, -1.6921616190e+03
           NaN, -1.6952113435e+03
           NaN, -1.6981692244e+03
+2.1006386868e+02, +2.4631917254e+02
           NaN, -1.7038221086e+03
+2.0603176479e+02, +2.4821823600e+02
+2.0402160039e+02, +2.4915084045e+02
+2.0201524306e+02, +2.5007228117e+02
+2.0001260741e+02, +2.5098264658e+02
+1.9801361041e+02, +2.5188202326e+02
