-4.8592635325e+02, -6.1358297183e-01
-4.9142315819e+02, -5.9951867387e-01
-4.9680002412e+02, -5.8706314266e-01
-5.0207018000e+02, -5.7593135864e-01
-5.0724459067e+02, -5.6590479995e-01
-5.1233246839e+02, -5.5681264752e-01
-5.1734164406e+02, -5.4851911955e-01
-5.2227884256e+02, -5.4091470012e-01
-5.2714989107e+02, -5.3390991877e-01
-5.3195987921e+02, -5.2743084633e-01
-5.4020499685e+02, +7.1897953340e+01
-5.4606576390e+02, -5.1057752938e-01
-5.4141406928e+02, -5.1581271658e-01
-5.5730087656e+02, +6.9379246203e+01
-5.5523419897e+02, -5.0106488843e-01
-5.5975634656e+02, -4.9672667746e-01
-5.6424029692e+02, -4.9263320440e-01
-5.6868816862e+02, -4.8876291008e-01
-5.7310189678e+02, -4.8509680594e-01
-5.7748325457e+02, -4.8161809170e-01
-5.8183387160e+02, -4.7831184038e-01
-5.8615524967e+02, -4.7516473728e-01
-5.9044877637e+02, -4.7216486214e-01
-5.9471573683e+02, -4.6930150630e-01
-5.9895732404e+02, -4.6656501847e-01
-6.0631501698e+02, +7.0062027861e+01
-6.1569104744e+02, -4.5672491605e-01
-5.9044877637e+02, -4.7216486214e-01
-6.0970519197e+02, +6.3460772390e+01
-6.1569104744e+02, -4.5672491605e-01
-6.1982100848e+02, -4.5450684065e-01
-6.2393125279e+02, -4.5237378626e-01
-6.2802252792e+02, -4.5032072221e-01
-6.3209553770e+02, -4.4834302237e-01
-6.3615094568e+02, -4.4643642430e-01
-6.4018937830e+02, -4.4459699320e-01
-6.4421142770e+02, -4.4282109026e-01
-6.4821765426e+02, -4.4110534458e-01
-6.5220858893e+02, -4.3944662835e-01
-6.5618473532e+02, -4.3784203474e-01
-6.6116766671e+02, +6.5706526183e+01
-6.7195065623e+02, -4.3191344017e-01
-6.4821765426e+02, -4.4110534458e-01
-6.6409455237e+02, -4.3478457720e-01
-6.7195065623e+02, -4.3191344017e-01
-6.7585958366e+02, -4.3054232577e-01
-6.7975626669e+02, -4.2921156573e-01
-6.8364106285e+02, -4.2791935066e-01
-6.8751431374e+02, -4.2666398130e-01
-6.9137634604e+02, -4.2544386005e-01
-6.9522747238e+02, -4.2425748332e-01
-6.9906799216e+02, -4.2310343452e-01
-7.0289819231e+02, -4.2198037771e-01
-7.0671834798e+02, -4.2088705185e-01
-7.1052872323e+02, -4.1982226542e-01
-7.1432957160e+02, -4.1878489165e-01
-7.2345474466e+02, +5.7917319735e+01
-7.3319911733e+02, -4.1397377655e-01
-7.1052872323e+02, -4.1982226542e-01
-7.2271250679e+02, +5.7643481419e+01
-7.2944243023e+02, -4.1488901444e-01
-7.3319911733e+02, -4.1397377655e-01
-7.3694760743e+02, -4.1308032510e-01
-7.4068809446e+02, -4.1220788036e-01
-7.4442076544e+02, -4.1135570036e-01
-7.4814580083e+02, -4.1052307857e-01
-7.5186337486e+02, -4.0970934175e-01
-7.5557365577e+02, -4.0891384801e-01
-7.5927680614e+02, -4.0813598491e-01
-7.6297298310e+02, -4.0737516782e-01
-7.6666233863e+02, -4.0663083827e-01
-7.7034501975e+02, -4.0590246249e-01
-7.7402116873e+02, -4.0518953005e-01
-7.7724233616e+02, +5.6173495314e+01
-7.8501177899e+02, -4.0313861183e-01
-7.9789651073e+02, +5.3507225081e+01
-7.7402116873e+02, -4.0518953005e-01
-7.8501177899e+02, -4.0313861183e-01
-7.9430272313e+02, +5.5771490726e+01
-7.9594830913e+02, -4.0121029288e-01
-7.9958236018e+02, -4.0059288087e-01
-8.0321086951e+02, -3.9998753040e-01
-8.0683394486e+02, -3.9939389208e-01
-8.1045169087e+02, -3.9881163011e-01
-8.1406420919e+02, -3.9824042169e-01
-8.1767159860e+02, -3.9767995629e-01
-8.2127395511e+02, -3.9712993515e-01
-8.2487137210e+02, -3.9659007067e-01
-8.2846394035e+02, -3.9606008588e-01
-8.3205174822e+02, -3.9553971398e-01
-8.3563488167e+02, -3.9502869781e-01
-8.3921342437e+02, -3.9452678950e-01
-8.4278745780e+02, -3.9403374995e-01
-8.4635706129e+02, -3.9354934850e-01
-8.4992231213e+02, -3.9307336255e-01
-8.5819851956e+02, +5.4414288243e+01
-8.6327440772e+02, +5.5316294247e+01
-8.9035423562e+02, +3.9322219138e+01
-8.5026427690e+02, +5.3440094965e+01
-8.6059269230e+02, -3.9169378498e-01
-8.7180656056e+02, +6.0861108202e+01
-8.7122649815e+02, -3.9038263471e-01
-8.7476328617e+02, -3.8995993033e-01
-8.7829627383e+02, -3.8954411150e-01
-8.8182552280e+02, -3.8913501413e-01
-8.8535109329e+02, -3.8873247938e-01
-8.8887304408e+02, -3.8833635343e-01
-8.9239143258e+02, -3.8794648727e-01
-8.9590631489e+02, -3.8756273652e-01
-8.9941774580e+02, -3.8718496127e-01
-9.0292577885e+02, -3.8681302587e-01
-9.0643046639e+02, -3.8644679878e-01
-9.0993185957e+02, -3.8608615242e-01
-9.1343000843e+02, -3.8573096302e-01
-9.1692496187e+02, -3.8538111046e-01
-9.2041676776e+02, -3.8503647816e-01
-9.2390547288e+02, -3.8469695294e-01
-9.2739112303e+02, -3.8436242487e-01
-9.3087376303e+02, -3.8403278720e-01
-9.3435343673e+02, -3.8370793620e-01
-9.3783018707e+02, -3.8338777107e-01
-9.4130405607e+02, -3.8307219386e-01
-9.4498861772e+02, +6.5325063431e+01
-9.5170878236e+02, -3.8215205034e-01
-9.5877194605e+02, +5.3320759603e+01
-9.7244573690e+02, -3.8042356821e-01
-9.3087376303e+02, -3.8403278720e-01
-9.5170878236e+02, -3.8215205034e-01
-9.5863159210e+02, -3.8155988325e-01
-9.5953809362e+02, +5.4400892563e+01
-9.6899604542e+02, -3.8070184250e-01
-9.7244573690e+02, -3.8042356821e-01
-9.7589292293e+02, -3.8014903765e-01
-9.7933763711e+02, -3.7987817820e-01
-9.8277991240e+02, -3.7961091913e-01
-9.8621978112e+02, -3.7934719149e-01
-9.8965727497e+02, -3.7908692811e-01
-9.9309242507e+02, -3.7883006349e-01
-9.9652526192e+02, -3.7857653379e-01
-9.9995581549e+02, -3.7832627676e-01
-1.0033841151e+03, -3.7807923168e-01
-1.0068101897e+03, -3.7783533932e-01
-1.0102340676e+03, -3.7759454192e-01
-1.0136557765e+03, -3.7735678309e-01
-1.0170753438e+03, -3.7712200783e-01
-1.0204927962e+03, -3.7689016244e-01
-1.0239081600e+03, -3.7666119449e-01
-1.0273214612e+03, -3.7643505283e-01
-1.0307327251e+03, -3.7621168747e-01
-1.0341419767e+03, -3.7599104961e-01
-1.0375492404e+03, -3.7577309158e-01
-1.0409545404e+03, -3.7555776682e-01
-1.0443579003e+03, -3.7534502982e-01
-1.0477593433e+03, -3.7513483614e-01
-1.0511588924e+03, -3.7492714231e-01
-1.0545565699e+03, -3.7472190587e-01
-1.0579523980e+03, -3.7451908530e-01
-1.0613463984e+03, -3.7431864001e-01
-1.0647385924e+03, -3.7412053031e-01
-1.0681290011e+03, -3.7392471738e-01
-1.0715176450e+03, -3.7373116326e-01
-1.0674429905e+03, +6.4191344183e+01
-1.0816731899e+03, -3.7316368635e-01
-1.0850549747e+03, -3.7297880402e-01
-1.0923621754e+03, +5.3416774936e+01
-1.0985656352e+03, -3.7225975449e-01
-1.1221485956e+03, -3.7107544389e-01
-1.0599958515e+03, +4.5514588657e+01
-1.0850549747e+03, -3.7297880402e-01
-1.0916444732e+03, +5.2287295283e+01
-1.0985656352e+03, -3.7225975449e-01
-1.1019392719e+03, -3.7208495062e-01
-1.0996099016e+03, +5.4699483579e+01
-1.1142936778e+03, +5.1486694010e+01
-1.1154182321e+03, -3.7140465017e-01
-1.1187841599e+03, -3.7123915841e-01
-1.1221485956e+03, -3.7107544389e-01
-1.1255115553e+03, -3.7091347955e-01
-1.1288730546e+03, -3.7075323886e-01
-1.1322331091e+03, -3.7059469584e-01
-1.1355917341e+03, -3.7043782500e-01
-1.1389489445e+03, -3.7028260137e-01
-1.1423047553e+03, -3.7012900046e-01
-1.1456591809e+03, -3.6997699827e-01
-1.1490122359e+03, -3.6982657125e-01
-1.1523639343e+03, -3.6967769631e-01
-1.1557142902e+03, -3.6953035081e-01
-1.1590633173e+03, -3.6938451255e-01
-1.1624110292e+03, -3.6924015973e-01
-1.1657574392e+03, -3.6909727098e-01
-1.1691025605e+03, -3.6895582533e-01
-1.1724464061e+03, -3.6881580221e-01
-1.1757889888e+03, -3.6867718141e-01
-1.1791303212e+03, -3.6853994313e-01
-1.1824704158e+03, -3.6840406791e-01
-1.1858092848e+03, -3.6826953666e-01
-1.1891469404e+03, -3.6813633064e-01
-1.1924833944e+03, -3.6800443145e-01
-1.1958186586e+03, -3.6787382103e-01
-1.1991527447e+03, -3.6774448163e-01
-1.2024856641e+03, -3.6761639584e-01
-1.2058174280e+03, -3.6748954656e-01
-1.2091480475e+03, -3.6736391697e-01
-1.2124775338e+03, -3.6723949058e-01
-1.2158058976e+03, -3.6711625118e-01
-1.2191331495e+03, -3.6699418284e-01
-1.2224593002e+03, -3.6687326992e-01
-1.2257843600e+03, -3.6675349704e-01
-1.2291083392e+03, -3.6663484910e-01
-1.2324312480e+03, -3.6651731125e-01
-1.2357530963e+03, -3.6640086890e-01
-1.2390738940e+03, -3.6628550773e-01
-1.2423936508e+03, -3.6617121363e-01
-1.2457123763e+03, -3.6605797275e-01
-1.2490300801e+03, -3.6594577147e-01
-1.2523467715e+03, -3.6583459641e-01
-1.2556624597e+03, -3.6572443440e-01
-1.2589771538e+03, -3.6561527249e-01
-1.2622908629e+03, -3.6550709797e-01
-1.2656035959e+03, -3.6539989831e-01
-1.2689153615e+03, -3.6529366120e-01
-1.2722261684e+03, -3.6518837454e-01
-1.2755360252e+03, -3.6508402642e-01
-1.2788449403e+03, -3.6498060512e-01
-1.2821529221e+03, -3.6487809913e-01
-1.2859239199e+03, +4.8561642653e+01
-1.2850605197e+03, +5.0840467669e+01
-1.3073856244e+03, +5.6776255313e+01
-1.2986791161e+03, -3.6437890819e-01
-1.3019816676e+03, -3.6428166220e-01
-1.3052833413e+03, -3.6418525587e-01
-1.3085841450e+03, -3.6408967906e-01
-1.3097344218e+03, +5.2472266189e+01
-1.3184814094e+03, -3.6380782687e-01
-1.3253473595e+03, +5.0912713029e+01
-1.3316660235e+03, -3.6344304986e-01
-1.3481285521e+03, -3.6300398116e-01
-1.2854599788e+03, -3.6477649709e-01
-1.3118840860e+03, -3.6399492181e-01
-1.3217788064e+03, -3.6371547001e-01
-1.3283711064e+03, -3.6353309065e-01
-1.3316660235e+03, -3.6344304986e-01
-1.3382534262e+03, -3.6326522135e-01
-1.3415459252e+03, -3.6317741615e-01
-1.3448376317e+03, -3.6309033889e-01
-1.3481285521e+03, -3.6300398116e-01
-1.3514186929e+03, -3.6291833467e-01
-1.3500528589e+03, +5.0975736632e+01
-1.3733677143e+03, +5.4321109566e+01
-1.3678579251e+03, -3.6250048944e-01
-1.3678579251e+03, -3.6250048944e-01
-1.3711435205e+03, -3.6241894320e-01
-1.3744283797e+03, -3.6233805355e-01
-1.3777125086e+03, -3.6225781313e-01
-1.3809959131e+03, -3.6217821470e-01
-1.3842785989e+03, -3.6209925110e-01
-1.3875605718e+03, -3.6202091531e-01
-1.3908418374e+03, -3.6194320037e-01
-1.3941224013e+03, -3.6186609946e-01
-1.3974022691e+03, -3.6178960582e-01
-1.4006814463e+03, -3.6171371281e-01
-1.4039599381e+03, -3.6163841389e-01
-1.4072377501e+03, -3.6156370257e-01
-1.4105148875e+03, -3.6148957251e-01
-1.4137913555e+03, -3.6141601742e-01
-1.4170671594e+03, -3.6134303111e-01
-1.4203423042e+03, -3.6127060747e-01
-1.4236167950e+03, -3.6119874048e-01
-1.4268906369e+03, -3.6112742422e-01
-1.4301638348e+03, -3.6105665281e-01
-1.4334363936e+03, -3.6098642049e-01
-1.4367083182e+03, -3.6091672156e-01
-1.4399796135e+03, -3.6084755040e-01
-1.4432502840e+03, -3.6077890148e-01
-1.4465203346e+03, -3.6071076932e-01
-1.4497897700e+03, -3.6064314855e-01
-1.4530585946e+03, -3.6057603382e-01
-1.4563268132e+03, -3.6050941991e-01
-1.4595944302e+03, -3.6044330164e-01
-1.4628614501e+03, -3.6037767388e-01
-1.4661278773e+03, -3.6031253161e-01
-1.4693937161e+03, -3.6024786986e-01
-1.4726589710e+03, -3.6018368371e-01
-1.4759236462e+03, -3.6011996832e-01
-1.4791877459e+03, -3.6005671892e-01
-1.4824512744e+03, -3.5999393078e-01
-1.4857142359e+03, -3.5993159926e-01
-1.4889766343e+03, -3.5986971976e-01
-1.4922384739e+03, -3.5980828775e-01
-1.4954997586e+03, -3.5974729875e-01
-1.4987604924e+03, -3.5968674834e-01
-1.5020206794e+03, -3.5962663217e-01
-1.5052803234e+03, -3.5956694592e-01
-1.5085394282e+03, -3.5950768535e-01
-1.5117979978e+03, -3.5944884627e-01
-1.5150560360e+03, -3.5939042453e-01
-1.5183135464e+03, -3.5933241604e-01
-1.5215705328e+03, -3.5927481676e-01
-1.5248269990e+03, -3.5921762271e-01
-1.5280829486e+03, -3.5916082995e-01
-1.5313383851e+03, -3.5910443460e-01
-1.5345933122e+03, -3.5904843280e-01
-1.5378477335e+03, -3.5899282079e-01
-1.5411016524e+03, -3.5893759479e-01
-1.5443550724e+03, -3.5888275113e-01
-1.5476079970e+03, -3.5882828615e-01
-1.5508604296e+03, -3.5877419624e-01
-1.5541123736e+03, -3.5872047784e-01
-1.5573638323e+03, -3.5866712743e-01
-1.5606148090e+03, -3.5861414153e-01
-1.5638653071e+03, -3.5856151671e-01
-1.5671153298e+03, -3.5850924958e-01
-1.5703648803e+03, -3.5845733678e-01
-1.5736139618e+03, -3.5840577501e-01
-1.5768625775e+03, -3.5835456099e-01
-1.5801107305e+03, -3.5830369149e-01
-1.5833584240e+03, -3.5825316332e-01
-1.5866056609e+03, -3.5820297332e-01
-1.5898524445e+03, -3.5815311838e-01
-1.5930987776e+03, -3.5810359542e-01
-1.5963446633e+03, -3.5805440139e-01
-1.5995901046e+03, -3.5800553328e-01
-1.6028351043e+03, -3.5795698812e-01
-1.6060796654e+03, -3.5790876298e-01
-1.6093237909e+03, -3.5786085494e-01
-1.6125674835e+03, -3.5781326115e-01
-1.6158107460e+03, -3.5776597875e-01
-1.6190535814e+03, -3.5771900496e-01
-1.6222959924e+03, -3.5767233700e-01
-1.6255379817e+03, -3.5762597212e-01
-1.6287795521e+03, -3.5757990763e-01
-1.6320207063e+03, -3.5753414085e-01
-1.6352614469e+03, -3.5748866912e-01
-1.6385017767e+03, -3.5744348985e-01
-1.6417416983e+03, -3.5739860043e-01
-1.6449812142e+03, -3.5735399832e-01
-1.6482203272e+03, -3.5730968098e-01
-1.6514590397e+03, -3.5726564592e-01
-1.6546973543e+03, -3.5722189067e-01
-1.6579352735e+03, -3.5717841278e-01
-1.6611727999e+03, -3.5713520984e-01
-1.6644099359e+03, -3.5709227946e-01
-1.6676466840e+03, -3.5704961928e-01
-1.6708830465e+03, -3.5700722696e-01
-1.6741190261e+03, -3.5696510020e-01
-1.6773546249e+03, -3.5692323671e-01
-1.6805898454e+03, -3.5688163423e-01
-1.6838246900e+03, -3.5684029052e-01
-1.6870591610e+03, -3.5679920338e-01
-1.6902932607e+03, -3.5675837063e-01
-1.6935269914e+03, -3.5671779010e-01
-1.6967603554e+03, -3.5667745965e-01
-1.6999933550e+03, -3.5663737717e-01
-1.7032259923e+03, -3.5659754056e-01
-1.7064582696e+03, -3.5655794777e-01
-1.7096901891e+03, -3.5651859674e-01
-1.7129217530e+03, -3.5647948544e-01
-1.7161529635e+03, -3.5644061188e-01
-1.7193838226e+03, -3.5640197407e-01
-1.7226143326e+03, -3.5636357006e-01
-1.7258444955e+03, -3.5632539790e-01
-1.7290743134e+03, -3.5628745567e-01
-1.7323037884e+03, -3.5624974148e-01
-1.7355329226e+03, -3.5621225345e-01
-1.7387617179e+03, -3.5617498972e-01
-1.7419901765e+03, -3.5613794845e-01
-1.7452183004e+03, -3.5610112782e-01
-1.7484460914e+03, -3.5606452604e-01
-1.7516735517e+03, -3.5602814131e-01
-1.7549006831e+03, -3.5599197188e-01
-1.7581274876e+03, -3.5595601600e-01
-1.7613539671e+03, -3.5592027195e-01
-1.7645801236e+03, -3.5588473801e-01
-1.7678059590e+03, -3.5584941250e-01
-1.7710314750e+03, -3.5581429374e-01
-1.7742566736e+03, -3.5577938008e-01
-1.7774815567e+03, -3.5574466987e-01
-1.7807061261e+03, -3.5571016150e-01
-1.7839303836e+03, -3.5567585335e-01
-1.7871543309e+03, -3.5564174384e-01
-1.7903779700e+03, -3.5560783139e-01
-1.7936013025e+03, -3.5557411445e-01
-1.7968243303e+03, -3.5554059148e-01
-1.8000470551e+03, -3.5550726094e-01
-1.8032694787e+03, -3.5547412133e-01
-1.8064916026e+03, -3.5544117115e-01
-1.8097134288e+03, -3.5540840892e-01
-1.8123409547e+03, +4.7355127941e+01
-1.8258181511e+03, -3.5524736624e-01
-1.8163240773e+03, +4.7181968363e+01
-1.8193771372e+03, -3.5531123535e-01
-1.8225977889e+03, -3.5527921041e-01
-1.8207184587e+03, +4.9578215815e+01
-1.8039265198e+03, +5.6322995070e+01
-1.8604475962e+03, +5.3437129878e+01
-1.8488586398e+03, +4.9429032085e+01
-1.8483527166e+03, -3.5502940301e-01
-1.8515708207e+03, -3.5499895589e-01
-1.8491784239e+03, +4.7506007464e+01
-1.8547886496e+03, -3.5496867746e-01
-1.8580062047e+03, -3.5493856646e-01
-1.8612234877e+03, -3.5490862160e-01
-1.8644405000e+03, -3.5487884165e-01
-1.8676572430e+03, -3.5484922537e-01
-1.8708737184e+03, -3.5481977151e-01
-1.8740899275e+03, -3.5479047888e-01
-1.8773058718e+03, -3.5476134626e-01
-1.8805215527e+03, -3.5473237246e-01
-1.8837369717e+03, -3.5470355630e-01
-1.8869521302e+03, -3.5467489661e-01
-1.8901670296e+03, -3.5464639223e-01
-1.8933816713e+03, -3.5461804201e-01
-1.8965960568e+03, -3.5458984481e-01
-1.8973282762e+03, +4.9224621006e+01
-1.9187990539e+03, +5.9250686567e+01
-1.9094510631e+03, -3.5447856386e-01
-1.9126641876e+03, -3.5445111508e-01
-1.9158770640e+03, -3.5442381272e-01
-1.9190896935e+03, -3.5439665572e-01
-1.9223020775e+03, -3.5436964301e-01
-1.9244539628e+03, +4.9090831142e+01
-1.9340170576e+03, +4.9682849496e+01
-1.9351491843e+03, -3.5426301438e-01
-1.9383603601e+03, -3.5423670767e-01
-1.9404333562e+03, +5.5147829751e+01
-1.9479924654e+03, -3.5415861260e-01
-1.9501817302e+03, +5.0749376982e+01
-1.9576224636e+03, -3.5408173462e-01
-1.9640413080e+03, -3.5403114606e-01
-1.9704592400e+03, -3.5398107952e-01
-1.9800844478e+03, -3.5390694251e-01
-1.9897076549e+03, -3.5383393942e-01
-2.0089481887e+03, -3.5369124153e-01
-2.0442028106e+03, -3.5344057220e-01
-2.1722055893e+03, -3.5263437676e-01
-1.8644405000e+03, -3.5487884165e-01
-1.9126641876e+03, -3.5445111508e-01
-1.9317346190e+03, +4.8180885959e+01
-1.9454701325e+03, +4.9057145946e+01
-1.9544126963e+03, -3.5410722699e-01
-1.9621146803e+03, +5.1112464345e+01
-1.9668951022e+03, +5.0454170020e+01
-1.9736678668e+03, -3.5395623972e-01
-1.9805336893e+03, +4.9032908527e+01
-1.9832924043e+03, -3.5388248333e-01
-1.9887577331e+03, +5.7267348982e+01
-1.9929149513e+03, -3.5380985296e-01
-1.9961220300e+03, -3.5378588901e-01
-1.9993288919e+03, -3.5376204673e-01
-2.0028148628e+03, +6.4503989671e+01
-2.0089481887e+03, -3.5369124153e-01
-2.0121541949e+03, -3.5366787759e-01
-2.0153599899e+03, -3.5364463118e-01
-2.0185655746e+03, -3.5362150151e-01
-2.0217709502e+03, -3.5359848777e-01
-2.0249761177e+03, -3.5357558917e-01
-2.0282594419e+03, +4.6146160130e+01
-2.0250649427e+03, +5.0335392394e+01
-2.0448938694e+03, +5.0476803445e+01
-2.0442028106e+03, -3.5344057220e-01
-2.0442028106e+03, -3.5344057220e-01
-2.0474065502e+03, -3.5341845804e-01
-2.0506100899e+03, -3.5339645294e-01
-2.0538134305e+03, -3.5337455616e-01
-2.0570165732e+03, -3.5335276700e-01
-2.0602195188e+03, -3.5333108471e-01
-2.0634222684e+03, -3.5330950860e-01
-2.0666248229e+03, -3.5328803795e-01
-2.0698271832e+03, -3.5326667206e-01
-2.0730293503e+03, -3.5324541024e-01
-2.0762313252e+03, -3.5322425181e-01
-2.0794331087e+03, -3.5320319606e-01
-2.0826347018e+03, -3.5318224234e-01
-2.0858361055e+03, -3.5316138997e-01
-2.0890373206e+03, -3.5314063827e-01
-2.0922383480e+03, -3.5311998660e-01
-2.0954391887e+03, -3.5309943429e-01
-2.0986398435e+03, -3.5307898070e-01
-2.1018403133e+03, -3.5305862517e-01
-2.1050405991e+03, -3.5303836708e-01
-2.1082407017e+03, -3.5301820579e-01
-2.1145746403e+03, +4.7974772395e+01
-2.1050405991e+03, -3.5303836708e-01
-2.1146403608e+03, -3.5297817110e-01
-2.1178399190e+03, -3.5295829646e-01
-2.1210392976e+03, -3.5293851613e-01
-2.1210392976e+03, -3.5293851613e-01
-2.1202117978e+03, +4.9221499937e+01
-2.1109153287e+03, +5.1355941968e+01
-2.1835664522e+03, +2.6368577185e+02
-2.1662934920e+03, +5.1068110637e+01
-2.1577947932e+03, +4.9160031647e+01
-2.1562208388e+03, -3.5272698708e-01
-2.1594181254e+03, -3.5270829253e-01
-2.1594181254e+03, -3.5270829253e-01
-2.1626152430e+03, -3.5268968477e-01
-2.1658121924e+03, -3.5267116325e-01
+3.9408758042e+02, -1.1729978453e+01
+3.8882248030e+02, -2.0349913818e+01
+3.8445331185e+02, -2.7305881551e+01
+3.8054787376e+02, -3.3377683257e+01
+3.7694169431e+02, -3.8865749894e+01
+3.7355032193e+02, -4.3926025283e+01
+3.7032327480e+02, -4.8652655154e+01
+3.6722740594e+02, -5.3108031350e+01
+3.6423950626e+02, -5.7336223411e+01
+3.6134254482e+02, -6.1369840186e+01
+3.5852356875e+02, -6.5233881040e+01
+3.5577244451e+02, -6.8948054964e+01
+3.5308106068e+02, -7.2528255676e+01
+3.5044280046e+02, -7.5987541991e+01
+3.4785217975e+02, -7.9336813298e+01
+3.4530459114e+02, -8.2585289182e+01
+3.4279611817e+02, -8.5740858832e+01
+3.4032339759e+02, -8.8810341221e+01
+3.3788351513e+02, -9.1799682601e+01
+3.3547392540e+02, -9.4714108950e+01
+3.3309238933e+02, -9.7558245403e+01
+3.3073692466e+02, -1.0033621107e+02
+3.2840576639e+02, -1.0305169521e+02
+3.2609733469e+02, -1.0570801907e+02
+3.2381020868e+02, -1.0830818661e+02
+3.2154310489e+02, -1.1085492647e+02
+3.1929485927e+02, -1.1335072692e+02
+3.1706441215e+02, -1.1579786528e+02
+3.1485079561e+02, -1.1819843278e+02
+3.1265312267e+02, -1.2055435571e+02
+3.1047057815e+02, -1.2286741357e+02
+3.0830241077e+02, -1.2513925465e+02
+3.0614792634e+02, -1.2737140956e+02
+3.0400648188e+02, -1.2956530294e+02
+3.0187748050e+02, -1.3172226375e+02
+2.9976036688e+02, -1.3384353423e+02
+2.9765462336e+02, -1.3593027785e+02
+2.9555976644e+02, -1.3798358628e+02
+2.9347534373e+02, -1.4000448562e+02
+2.9140093124e+02, -1.4199394189e+02
+2.8933613091e+02, -1.4395286600e+02
+2.8728056849e+02, -1.4588211813e+02
+2.8523389159e+02, -1.4778251172e+02
+2.8319576790e+02, -1.4965481697e+02
+2.8116588372e+02, -1.5149976416e+02
+2.7914394243e+02, -1.5331804647e+02
+2.7712966333e+02, -1.5511032265e+02
+2.7512278037e+02, -1.5687721944e+02
+2.7312304119e+02, -1.5861933371e+02
+2.7113020613e+02, -1.6033723448e+02
+2.6914404735e+02, -1.6203146475e+02
+2.6716434802e+02, -1.6370254314e+02
+2.6519090164e+02, -1.6535096544e+02
+2.6322351133e+02, -1.6697720599e+02
+2.6126198924e+02, -1.6858171904e+02
+2.5930615595e+02, -1.7016493986e+02
+2.5735584000e+02, -1.7172728589e+02
+2.5541087737e+02, -1.7326915778e+02
+2.5347111107e+02, -1.7479094026e+02
+2.5153639068e+02, -1.7629300311e+02
+2.4960657203e+02, -1.7777570189e+02
+2.4768151680e+02, -1.7923937877e+02
+2.4576109223e+02, -1.8068436315e+02
+2.4384517079e+02, -1.8211097241e+02
+2.4193362990e+02, -1.8351951244e+02
+2.4002635168e+02, -1.8491027827e+02
+2.3812322268e+02, -1.8628355458e+02
+2.3622413368e+02, -1.8763961618e+02
+2.3432897945e+02, -1.8897872854e+02
+2.3243765856e+02, -1.9030114816e+02
+2.3055007319e+02, -1.9160712304e+02
+2.2866612896e+02, -1.9289689303e+02
+2.2678573474e+02, -1.9417069022e+02
+2.2490880252e+02, -1.9542873925e+02
+2.2303524726e+02, -1.9667125769e+02
+2.2116498674e+02, -1.9789845629e+02
+2.1929794144e+02, -1.9911053931e+02
+2.1743403440e+02, -2.0030770475e+02
+2.1557319115e+02, -2.0149014466e+02
+2.1371533954e+02, -2.0265804532e+02
+2.1186040968e+02, -2.0381158753e+02
+2.1000833382e+02, -2.0495094679e+02
+2.0815904629e+02, -2.0607629354e+02
+2.0631248337e+02, -2.0718779331e+02
+2.0446858323e+02, -2.0828560695e+02
+2.0262728586e+02, -2.0936989077e+02
+2.0078853298e+02, -2.1044079676e+02
+1.9895226798e+02, -2.1149847267e+02
+1.9711843583e+02, -2.1254306225e+02
+1.9528698307e+02, -2.1357470534e+02
+1.9345785767e+02, -2.1459353801e+02
+1.9163100906e+02, -2.1559969271e+02
+1.8980638801e+02, -2.1659329839e+02
+1.8798394660e+02, -2.1757448062e+02
+1.8616363819e+02, -2.1854336168e+02
+1.8434541732e+02, -2.1950006072e+02
+1.8252923972e+02, -2.2044469380e+02
+1.8071506226e+02, -2.2137737405e+02
+1.7890284286e+02, -2.2229821173e+02
+1.7709254052e+02, -2.2320731431e+02
+1.7528411522e+02, -2.2410478660e+02
+1.7347752792e+02, -2.2499073080e+02
+1.7167274053e+02, -2.2586524658e+02
+1.6986971585e+02, -2.2672843117e+02
+1.6806841756e+02, -2.2758037944e+02
+1.6626881018e+02, -2.2842118392e+02
+1.6447085904e+02, -2.2925093496e+02
+1.6267453027e+02, -2.3006972069e+02
+1.6087979075e+02, -2.3087762716e+02
+1.5908660810e+02, -2.3167473836e+02
+1.5729495064e+02, -2.3246113629e+02
+1.5550478738e+02, -2.3323690102e+02
+1.5371608801e+02, -2.3400211072e+02
+1.5192882285e+02, -2.3475684175e+02
+1.5014296283e+02, -2.3550116867e+02
+1.4835847950e+02, -2.3623516431e+02
+1.4657534499e+02, -2.3695889980e+02
+1.4479353198e+02, -2.3767244462e+02
+1.4301301372e+02, -2.3837586666e+02
+1.4123376396e+02, -2.3906923222e+02
+1.3945575698e+02, -2.3975260610e+02
+1.3767896756e+02, -2.4042605160e+02
+1.3590337094e+02, -2.4108963055e+02
+1.3412894286e+02, -2.4174340337e+02
+1.3235565947e+02, -2.4238742912e+02
+1.3058349739e+02, -2.4302176547e+02
+1.2881243365e+02, -2.4364646879e+02
+1.2704244569e+02, -2.4426159416e+02
+1.2527351137e+02, -2.4486719537e+02
+1.2350560890e+02, -2.4546332502e+02
+1.2173871690e+02, -2.4605003447e+02
+1.1997281434e+02, -2.4662737392e+02
+1.1820788053e+02, -2.4719539238e+02
+1.1644389515e+02, -2.4775413777e+02
+1.1468083819e+02, -2.4830365688e+02
+1.1291868997e+02, -2.4884399543e+02
+1.1115743114e+02, -2.4937519805e+02
+1.0939704261e+02, -2.4989730835e+02
+1.0763750563e+02, -2.5041036893e+02
+1.0587880171e+02, -2.5091442135e+02
+1.0412091265e+02, -2.5140950623e+02
+1.0236382051e+02, -2.5189566319e+02
+1.0060750762e+02, -2.5237293094e+02
+9.8851956553e+01, -2.5284134724e+02
+9.7097150133e+01, -2.5330094895e+02
+9.5343071425e+01, -2.5375177201e+02
+9.3589703722e+01, -2.5419385151e+02
+9.1837030543e+01, -2.5462722167e+02
+9.0085035625e+01, -2.5505191585e+02
+8.8333702916e+01, -2.5546796658e+02
+8.6583016566e+01, -2.5587540556e+02
+8.4832960929e+01, -2.5627426371e+02
+8.3083520546e+01, -2.5666457112e+02
+8.1334680148e+01, -2.5704635711e+02
+7.9586424647e+01, -2.5741965023e+02
+7.7838739128e+01, -2.5778447828e+02
+7.6091608847e+01, -2.5814086829e+02
+7.4345019226e+01, -2.5848884657e+02
+7.2598955843e+01, -2.5882843869e+02
+7.0853404434e+01, -2.5915966951e+02
+6.9108350880e+01, -2.5948256319e+02
+6.7363781209e+01, -2.5979714317e+02
+6.5619681589e+01, -2.6010343222e+02
+6.3876038321e+01, -2.6040145242e+02
+6.2132837836e+01, -2.6069122518e+02
+6.0390066694e+01, -2.6097277126e+02
+5.8647711573e+01, -2.6124611073e+02
+5.6905759270e+01, -2.6151126304e+02
+5.5164196694e+01, -2.6176824699e+02
+5.3423010864e+01, -2.6201708074e+02
+5.1682188903e+01, -2.6225778184e+02
+4.9941718035e+01, -2.6249036720e+02
+4.8201585580e+01, -2.6271485312e+02
+4.6461778952e+01, -2.6293125528e+02
+4.4722285656e+01, -2.6313958879e+02
+4.2983093279e+01, -2.6333986813e+02
+4.1244189491e+01, -2.6353210719e+02
+3.9505562043e+01, -2.6371631928e+02
+3.7767198757e+01, -2.6389251713e+02
+3.6029087529e+01, -2.6406071289e+02
+3.4291216321e+01, -2.6422091811e+02
+3.2553573160e+01, -2.6437314381e+02
+3.0816146135e+01, -2.6451740042e+02
+2.9078923391e+01, -2.6465369781e+02
+2.7341893129e+01, -2.6478204528e+02
+2.5605043599e+01, -2.6490245160e+02
+2.3868363102e+01, -2.6501492496e+02
+2.2131839981e+01, -2.6511947302e+02
+2.0395462622e+01, -2.6521610288e+02
+1.8659219449e+01, -2.6530482109e+02
+1.6923098922e+01, -2.6538563366e+02
+1.5187089531e+01, -2.6545854608e+02
+1.3451179799e+01, -2.6552356327e+02
+1.1715358272e+01, -2.6558068962e+02
+9.9796135196e+00, -2.6562992901e+02
+8.2439341332e+00, -2.6567128475e+02
+6.5083087197e+00, -2.6570475963e+02
+4.7727259008e+00, -2.6573035591e+02
+3.0371743089e+00, -2.6574807531e+02
+1.3016425849e+00, -2.6575791904e+02
-4.3388062515e-01, -2.6575988775e+02
-2.1694066731e+00, -2.6575398158e+02
-3.9049469115e+00, -2.6574020013e+02
-5.6405126966e+00, -2.6571854247e+02
-7.3761153913e+00, -2.6568900714e+02
-9.1117663681e+00, -2.6565159215e+02
-1.0847477012e+01, -2.6560629497e+02
-1.2583258724e+01, -2.6555311255e+02
-1.4319122924e+01, -2.6549204129e+02
-1.6055081052e+01, -2.6542307707e+02
-1.7791144575e+01, -2.6534621522e+02
-1.9527324985e+01, -2.6526145055e+02
-2.1263633806e+01, -2.6516877730e+02
-2.3000082597e+01, -2.6506818920e+02
-2.4736682951e+01, -2.6495967941e+02
-2.6473446505e+01, -2.6484324056e+02
-2.8210384935e+01, -2.6471886472e+02
-2.9947509967e+01, -2.6458654342e+02
-3.1684833373e+01, -2.6444626762e+02
-3.3422366981e+01, -2.6429802774e+02
-3.5160122672e+01, -2.6414181361e+02
-3.6898112390e+01, -2.6397761453e+02
-3.8636348138e+01, -2.6380541922e+02
-4.0374841987e+01, -2.6362521580e+02
-4.2113606079e+01, -2.6343699185e+02
-4.3852652625e+01, -2.6324073435e+02
-4.5591993915e+01, -2.6303642970e+02
-4.7331642321e+01, -2.6282406371e+02
-4.9071610294e+01, -2.6260362159e+02
-5.0811910377e+01, -2.6237508795e+02
-5.2552555201e+01, -2.6213844680e+02
-5.4293557493e+01, -2.6189368153e+02
-5.6034930080e+01, -2.6164077491e+02
-5.7776685890e+01, -2.6137970909e+02
-5.9518837959e+01, -2.6111046559e+02
-6.1261399433e+01, -2.6083302529e+02
-6.3004383574e+01, -2.6054736842e+02
-6.4747803762e+01, -2.6025347457e+02
-6.6491673502e+01, -2.5995132267e+02
-6.8236006427e+01, -2.5964089095e+02
-6.9980816301e+01, -2.5932215701e+02
-7.1726117028e+01, -2.5899509774e+02
-7.3471922650e+01, -2.5865968933e+02
-7.5218247359e+01, -2.5831590728e+02
-7.6965105498e+01, -2.5796372638e+02
-7.8712511565e+01, -2.5760312068e+02
-8.0460480222e+01, -2.5723406352e+02
-8.2209026296e+01, -2.5685652749e+02
-8.3958164789e+01, -2.5647048441e+02
-8.5707910879e+01, -2.5607590534e+02
-8.7458279929e+01, -2.5567276059e+02
-8.9209287490e+01, -2.5526101964e+02
-9.0960949310e+01, -2.5484065121e+02
-9.2713281339e+01, -2.5441162316e+02
-9.4466299733e+01, -2.5397390255e+02
-9.6220020864e+01, -2.5352745560e+02
-9.7974461326e+01, -2.5307224765e+02
-9.9729637938e+01, -2.5260824320e+02
-1.0148556776e+02, -2.5213540584e+02
-1.0324226808e+02, -2.5165369826e+02
-1.0499975645e+02, -2.5116308223e+02
-1.0675805068e+02, -2.5066351860e+02
-1.0851716884e+02, -2.5015496723e+02
-1.1027712926e+02, -2.4963738706e+02
-1.1203795058e+02, -2.4911073598e+02
-1.1379965171e+02, -2.4857497091e+02
-1.1556225185e+02, -2.4803004773e+02
-1.1732577054e+02, -2.4747592126e+02
-1.1909022762e+02, -2.4691254525e+02
-1.2085564324e+02, -2.4633987235e+02
-1.2262203791e+02, -2.4575785411e+02
-1.2438943250e+02, -2.4516644091e+02
-1.2615784819e+02, -2.4456558197e+02
-1.2792730659e+02, -2.4395522533e+02
-1.2969782964e+02, -2.4333531779e+02
-1.3146943971e+02, -2.4270580492e+02
-1.3324215955e+02, -2.4206663100e+02
-1.3501601233e+02, -2.4141773900e+02
-1.3679102168e+02, -2.4075907058e+02
-1.3856721163e+02, -2.4009056600e+02
-1.4034460671e+02, -2.3941216413e+02
-1.4212323189e+02, -2.3872380241e+02
-1.4390311266e+02, -2.3802541680e+02
-1.4568427498e+02, -2.3731694176e+02
-1.4746674536e+02, -2.3659831019e+02
-1.4925055084e+02, -2.3586945342e+02
-1.5103571899e+02, -2.3513030114e+02
-1.5282227799e+02, -2.3438078137e+02
-1.5461025658e+02, -2.3362082043e+02
-1.5639968415e+02, -2.3285034287e+02
-1.5819059067e+02, -2.3206927143e+02
-1.5998300681e+02, -2.3127752699e+02
-1.6177696390e+02, -2.3047502853e+02
-1.6357249395e+02, -2.2966169306e+02
-1.6536962972e+02, -2.2883743556e+02
-1.6716840469e+02, -2.2800216895e+02
-1.6896885315e+02, -2.2715580401e+02
-1.7077101014e+02, -2.2629824929e+02
-1.7257491159e+02, -2.2542941111e+02
-1.7438059422e+02, -2.2454919343e+02
-1.7618809570e+02, -2.2365749780e+02
-1.7799745458e+02, -2.2275422330e+02
-1.7980871039e+02, -2.2183926643e+02
-1.8162190363e+02, -2.2091252108e+02
-1.8343707583e+02, -2.1997387837e+02
-1.8525426960e+02, -2.1902322663e+02
-1.8707352864e+02, -2.1806045128e+02
-1.8889489780e+02, -2.1708543472e+02
-1.9071842312e+02, -2.1609805626e+02
-1.9254415188e+02, -2.1509819197e+02
-1.9437213264e+02, -2.1408571462e+02
-1.9620241531e+02, -2.1306049352e+02
-1.9803505118e+02, -2.1202239442e+02
-1.9987009297e+02, -2.1097127940e+02
-2.0170759494e+02, -2.0990700666e+02
-2.0354761288e+02, -2.0882943049e+02
-2.0539020425e+02, -2.0773840102e+02
-2.0723542816e+02, -2.0663376414e+02
-2.0908334554e+02, -2.0551536127e+02
-2.1093401915e+02, -2.0438302926e+02
-2.1278751367e+02, -2.0323660014e+02
-2.1464389581e+02, -2.0207590097e+02
-2.1650323437e+02, -2.0090075362e+02
-2.1836560035e+02, -1.9971097459e+02
-2.2023106705e+02, -1.9850637473e+02
-2.2209971019e+02, -1.9728675906e+02
-2.2397160797e+02, -1.9605192647e+02
-2.2584684126e+02, -1.9480166949e+02
-2.2772549367e+02, -1.9353577401e+02
-2.2960765170e+02, -1.9225401897e+02
-2.3149340491e+02, -1.9095617602e+02
-2.3338284603e+02, -1.8964200925e+02
-2.3527607115e+02, -1.8831127478e+02
-2.3717317985e+02, -1.8696372041e+02
-2.3907427545e+02, -1.8559908521e+02
-2.4097946515e+02, -1.8421709910e+02
-2.4288886025e+02, -1.8281748239e+02
-2.4480257639e+02, -1.8139994529e+02
-2.4672073377e+02, -1.7996418741e+02
-2.4864345741e+02, -1.7850989719e+02
-2.5057087741e+02, -1.7703675132e+02
-2.5250312929e+02, -1.7554441409e+02
-2.5444035423e+02, -1.7403253674e+02
-2.5638269949e+02, -1.7250075670e+02
-2.5833031873e+02, -1.7094869680e+02
-2.6028337239e+02, -1.6937596448e+02
-2.6224202816e+02, -1.6778215082e+02
-2.6420646142e+02, -1.6616682959e+02
-2.6617685573e+02, -1.6452955617e+02
-2.6815340339e+02, -1.6286986643e+02
-2.7013630601e+02, -1.6118727546e+02
-2.7212577516e+02, -1.5948127626e+02
-2.7412203307e+02, -1.5775133819e+02
-2.7612531341e+02, -1.5599690549e+02
-2.7813586207e+02, -1.5421739543e+02
-2.8015393812e+02, -1.5241219648e+02
-2.8217981480e+02, -1.5058066617e+02
-2.8421378062e+02, -1.4872212884e+02
-2.8625614057e+02, -1.4683587313e+02
-2.8830721748e+02, -1.4492114917e+02
-2.9036735348e+02, -1.4297716556e+02
-2.9243691167e+02, -1.4100308597e+02
-2.9451627794e+02, -1.3899802536e+02
-2.9660586304e+02, -1.3696104587e+02
-2.9870610484e+02, -1.3489115207e+02
-3.0081747092e+02, -1.3278728581e+02
-3.0294046144e+02, -1.3064832034e+02
-3.0507561244e+02, -1.2847305375e+02
-3.0722349951e+02, -1.2626020148e+02
-3.0938474197e+02, -1.2400838793e+02
-3.1156000773e+02, -1.2171613685e+02
-3.1375001872e+02, -1.1938186035e+02
-3.1595555727e+02, -1.1700384635e+02
-3.1817747340e+02, -1.1458024406e+02
-3.2041669332e+02, -1.1210904716e+02
-3.2267422937e+02, -1.0958807422e+02
-3.2495119168e+02, -1.0701494583e+02
-3.2724880198e+02, -1.0438705752e+02
-3.2956840997e+02, -1.0170154777e+02
-3.3191151306e+02, -9.8955259718e+01
-3.3427978006e+02, -9.6144695081e+01
-3.3667508016e+02, -9.3265958215e+01
-3.3909951852e+02, -9.0314687569e+01
-3.4155548046e+02, -8.7285970811e+01
-3.4404568701e+02, -8.4174238587e+01
-3.4657326560e+02, -8.0973129820e+01
-3.9366052604e+02, +1.2738621339e+02
-3.9708465835e+02, +1.2515587532e+02
-5.0457369876e+02, +7.9904551301e+01
-5.0002304581e+02, +8.0925743077e+01
-4.9546160363e+02, +8.2005668139e+01
-3.6278054574e+02, -5.9375645375e+01
-4.1522218760e+02, +1.1401395402e+02
-4.1906707183e+02, +1.1181890304e+02
-4.2298714469e+02, +1.0964764969e+02
-4.2698236170e+02, +1.0750642548e+02
-4.3105191502e+02, +1.0540168084e+02
-4.3519423861e+02, +1.0333992063e+02
-4.3940723932e+02, +1.0132748857e+02
-4.4368963308e+02, +9.9370254151e+01
-4.4806310912e+02, +9.7477397346e+01
-3.3909951852e+02, -9.0314687569e+01
-4.4153953997e+02, +1.0034170400e+02
-4.3729188987e+02, +1.0232722649e+02
-4.2900778454e+02, +1.0644915958e+02
           NaN, -8.0108141882e+02
           NaN, -8.3213522886e+02
           NaN, -8.6226943194e+02
           NaN, -8.9151171299e+02
           NaN, -9.1988731458e+02
           NaN, -9.4741959131e+02
           NaN, -9.7413043281e+02
           NaN, -1.0000405921e+03
           NaN, -1.0251699380e+03
           NaN, -1.0495376466e+03
           NaN, -1.0731623518e+03
           NaN, -1.0960622540e+03
           NaN, -1.1182552036e+03
           NaN, -1.1397587647e+03
           NaN, -1.1605902533e+03
           NaN, -1.1807667719e+03
           NaN, -1.2003052231e+03
           NaN, -1.2192223219e+03
           NaN, -1.2375345992e+03
           NaN, -1.2552584015e+03
           NaN, -1.2724098827e+03
           NaN, -1.2890049997e+03
           NaN, -1.3050595023e+03
           NaN, -1.3205889223e+03
           NaN, -1.3356085637e+03
           NaN, -1.3501334912e+03
           NaN, -1.3641785204e+03
           NaN, -1.3777582079e+03
           NaN, -1.3908868398e+03
           NaN, -1.4035784282e+03
           NaN, -1.4158466937e+03
           NaN, -1.4277050723e+03
           NaN, -1.4391666979e+03
           NaN, -1.4502444037e+03
           NaN, -1.4609507173e+03
-2.9248470202e+02, +1.9778963748e+02
           NaN, -1.4812977340e+03
-2.8790919221e+02, +2.0077274391e+02
-2.8563855184e+02, +2.0223872080e+02
-2.8337882845e+02, +2.0368792920e+02
-2.8112967313e+02, +2.0512057624e+02
-2.7889075237e+02, +2.0653686526e+02
-2.7666174717e+02, +2.0793699569e+02
-2.7444235220e+02, +2.0932116312e+02
-2.7223227511e+02, +2.1068955922e+02
-2.7003123574e+02, +2.1204237178e+02
-2.6783896551e+02, +2.1337978476e+02
-2.6565520678e+02, +2.1470197824e+02
-2.6347971229e+02, +2.1600912853e+02
-2.6131224458e+02, +2.1730140819e+02
-2.5915257551e+02, +2.1857898608e+02
-2.5700048578e+02, +2.1984202741e+02
-2.5485576446e+02, +2.2109069382e+02
-2.5271820860e+02, +2.2232514340e+02
-2.5058762281e+02, +2.2354553082e+02
-2.4846381889e+02, +2.2475200733e+02
-2.4634661550e+02, +2.2594472087e+02
-2.4423583781e+02, +2.2712381612e+02
-2.4213131722e+02, +2.2828943459e+02
-2.4003289100e+02, +2.2944171464e+02
-2.3794040210e+02, +2.3058079161e+02
-2.3585369883e+02, +2.3170679785e+02
-2.3377263465e+02, +2.3281986280e+02
-2.3169706790e+02, +2.3392011303e+02
-2.2962686161e+02, +2.3500767237e+02
-2.2756188331e+02, +2.3608266191e+02
-2.2550200476e+02, +2.3714520008e+02
-2.2344710186e+02, +2.3819540274e+02
-2.2139705440e+02, +2.3923338320e+02
-7.9594830913e+02, -4.0121029288e-01
           NaN, -1.6804203607e+03
           NaN, -1.6835715323e+03
           NaN, -1.6866268576e+03
           NaN, -1.6895896957e+03
-2.0919245574e+02, +2.4521064240e+02
           NaN, -1.6952507032e+03
-2.0515821419e+02, +2.4711003890e+02
-2.0314702661e+02, +2.4804273072e+02
-2.0113967504e+02, +2.4896420710e+02
-1.9913607300e+02, +2.4987455720e+02
-1.9713613642e+02, +2.5077386832e+02
           NaN, -1.7103261592e+03
           NaN, -1.7125883510e+03
-3.9754756133e+02, -5.9186997993e+00
-3.9129010787e+02, -1.6342901710e+01
-3.8656371519e+02, -2.3967866868e+01
-3.8245572050e+02, -3.0428457403e+01
-3.7871375743e+02, -3.6182936595e+01
-3.7522284570e+02, -4.1442502966e+01
-3.7191862370e+02, -4.6326605205e+01
-3.6876057145e+02, -5.0911166641e+01
-3.6572113915e+02, -5.5248273738e+01
-3.6278054574e+02, -5.9375645375e+01
-3.5992399704e+02, -6.3321722122e+01
-3.5714007233e+02, -6.7108631917e+01
-3.5441972875e+02, -7.0754028430e+01
-3.5175565601e+02, -7.4272287693e+01
-3.4914184123e+02, -7.7675318537e+01
-3.4657326560e+02, -8.0973129820e+01
-3.4404568701e+02, -8.4174238587e+01
-3.4155548046e+02, -8.7285970811e+01
-3.3909951852e+02, -9.0314687569e+01
-3.3667508016e+02, -9.3265958215e+01
-3.3427978006e+02, -9.6144695081e+01
-3.3191151306e+02, -9.8955259718e+01
-3.2956840997e+02, -1.0170154777e+02
-3.2724880198e+02, -1.0438705752e+02
-3.2495119168e+02, -1.0701494583e+02
-3.2267422937e+02, -1.0958807422e+02
-3.2041669332e+02, -1.1210904716e+02
-3.1817747340e+02, -1.1458024406e+02
-3.1595555727e+02, -1.1700384635e+02
-3.1375001872e+02, -1.1938186035e+02
-3.1156000773e+02, -1.2171613685e+02
-3.0938474197e+02, -1.2400838793e+02
-3.0722349951e+02, -1.2626020148e+02
-3.0507561244e+02, -1.2847305375e+02
-3.0294046144e+02, -1.3064832034e+02
-3.0081747092e+02, -1.3278728581e+02
-2.9870610484e+02, -1.3489115207e+02
-2.9660586304e+02, -1.3696104587e+02
-2.9451627794e+02, -1.3899802536e+02
-2.9243691167e+02, -1.4100308597e+02
-2.9036735348e+02, -1.4297716556e+02
-2.8830721748e+02, -1.4492114917e+02
-2.8625614057e+02, -1.4683587313e+02
-2.8421378062e+02, -1.4872212884e+02
-2.8217981480e+02, -1.5058066617e+02
-2.8015393812e+02, -1.5241219648e+02
-2.7813586207e+02, -1.5421739543e+02
-2.7612531341e+02, -1.5599690549e+02
-2.7412203307e+02, -1.5775133819e+02
-2.7212577516e+02, -1.5948127626e+02
-2.7013630601e+02, -1.6118727546e+02
-2.6815340339e+02, -1.6286986643e+02
-2.6617685573e+02, -1.6452955617e+02
-2.6420646142e+02, -1.6616682959e+02
-2.6224202816e+02, -1.6778215082e+02
-2.6028337239e+02, -1.6937596448e+02
-2.5833031873e+02, -1.7094869680e+02
-2.5638269949e+02, -1.7250075670e+02
-2.5444035423e+02, -1.7403253674e+02
-2.5250312929e+02, -1.7554441409e+02
-2.5057087741e+02, -1.7703675132e+02
-2.4864345741e+02, -1.7850989719e+02
-2.4672073377e+02, -1.7996418741e+02
-2.4480257639e+02, -1.8139994529e+02
-2.4288886025e+02, -1.8281748239e+02
-2.4097946515e+02, -1.8421709910e+02
-2.3907427545e+02, -1.8559908521e+02
-2.3717317985e+02, -1.8696372041e+02
-2.3527607115e+02, -1.8831127478e+02
-2.3338284603e+02, -1.8964200925e+02
-2.3149340491e+02, -1.9095617602e+02
-2.2960765170e+02, -1.9225401897e+02
-2.2772549367e+02, -1.9353577401e+02
-2.2584684126e+02, -1.9480166949e+02
-2.2397160797e+02, -1.9605192647e+02
-2.2209971019e+02, -1.9728675906e+02
-2.2023106705e+02, -1.9850637473e+02
-2.1836560035e+02, -1.9971097459e+02
-2.1650323437e+02, -2.0090075362e+02
-2.1464389581e+02, -2.0207590097e+02
-2.1278751367e+02, -2.0323660014e+02
-2.1093401915e+02, -2.0438302926e+02
-2.0908334554e+02, -2.0551536127e+02
-2.0723542816e+02, -2.0663376414e+02
-2.0539020425e+02, -2.0773840102e+02
-2.0354761288e+02, -2.0882943049e+02
-2.0170759494e+02, -2.0990700666e+02
-1.9987009297e+02, -2.1097127940e+02
-1.9803505118e+02, -2.1202239442e+02
-1.9620241531e+02, -2.1306049352e+02
-1.9437213264e+02, -2.1408571462e+02
-1.9254415188e+02, -2.1509819197e+02
-1.9071842312e+02, -2.1609805626e+02
-1.8889489780e+02, -2.1708543472e+02
-1.8707352864e+02, -2.1806045128e+02
-1.8525426960e+02, -2.1902322663e+02
-1.8343707583e+02, -2.1997387837e+02
-1.8162190363e+02, -2.2091252108e+02
-1.7980871039e+02, -2.2183926643e+02
-1.7799745458e+02, -2.2275422330e+02
-1.7618809570e+02, -2.2365749780e+02
-1.7438059422e+02, -2.2454919343e+02
-1.7257491159e+02, -2.2542941111e+02
-1.7077101014e+02, -2.2629824929e+02
-1.6896885315e+02, -2.2715580401e+02
-1.6716840469e+02, -2.2800216895e+02
-1.6536962972e+02, -2.2883743556e+02
-1.6357249395e+02, -2.2966169306e+02
-1.6177696390e+02, -2.3047502853e+02
-1.5998300681e+02, -2.3127752699e+02
-1.5819059067e+02, -2.3206927143e+02
-1.5639968415e+02, -2.3285034287e+02
-1.5461025658e+02, -2.3362082043e+02
-1.5282227799e+02, -2.3438078137e+02
-1.5103571899e+02, -2.3513030114e+02
-1.4925055084e+02, -2.3586945342e+02
-1.4746674536e+02, -2.3659831019e+02
-1.4568427498e+02, -2.3731694176e+02
-1.4390311266e+02, -2.3802541680e+02
-1.4212323189e+02, -2.3872380241e+02
-1.4034460671e+02, -2.3941216413e+02
-1.3856721163e+02, -2.4009056600e+02
-1.3679102168e+02, -2.4075907058e+02
-1.3501601233e+02, -2.4141773900e+02
-1.3324215955e+02, -2.4206663100e+02
-1.3146943971e+02, -2.4270580492e+02
-1.2969782964e+02, -2.4333531779e+02
-1.2792730659e+02, -2.4395522533e+02
-1.2615784819e+02, -2.4456558197e+02
-1.2438943250e+02, -2.4516644091e+02
-1.2262203791e+02, -2.4575785411e+02
-1.2085564324e+02, -2.4633987235e+02
-1.1909022762e+02, -2.4691254525e+02
-1.1732577054e+02, -2.4747592126e+02
-1.1556225185e+02, -2.4803004773e+02
-1.1379965171e+02, -2.4857497091e+02
-1.1203795058e+02, -2.4911073598e+02
-1.1027712926e+02, -2.4963738706e+02
-1.0851716884e+02, -2.5015496723e+02
-1.0675805068e+02, -2.5066351860e+02
-1.0499975645e+02, -2.5116308223e+02
-1.0324226808e+02, -2.5165369826e+02
-1.0148556776e+02, -2.5213540584e+02
-9.9729637938e+01, -2.5260824320e+02
-9.7974461326e+01, -2.5307224765e+02
-9.6220020864e+01, -2.5352745560e+02
-9.4466299733e+01, -2.5397390255e+02
-9.2713281339e+01, -2.5441162316e+02
-9.0960949310e+01, -2.5484065121e+02
-8.9209287490e+01, -2.5526101964e+02
-8.7458279929e+01, -2.5567276059e+02
-8.5707910879e+01, -2.5607590534e+02
-8.3958164789e+01, -2.5647048441e+02
-8.2209026296e+01, -2.5685652749e+02
-8.0460480222e+01, -2.5723406352e+02
-7.8712511565e+01, -2.5760312068e+02
-7.6965105498e+01, -2.5796372638e+02
-7.5218247359e+01, -2.5831590728e+02
-7.3471922650e+01, -2.5865968933e+02
-7.1726117028e+01, -2.5899509774e+02
-6.9980816301e+01, -2.5932215701e+02
-6.8236006427e+01, -2.5964089095e+02
-6.6491673502e+01, -2.5995132267e+02
-6.4747803762e+01, -2.6025347457e+02
-6.3004383574e+01, -2.6054736842e+02
-6.1261399433e+01, -2.6083302529e+02
-5.9518837959e+01, -2.6111046559e+02
-5.7776685890e+01, -2.6137970909e+02
-5.6034930080e+01, -2.6164077491e+02
-5.4293557493e+01, -2.6189368153e+02
-5.2552555201e+01, -2.6213844680e+02
-5.0811910377e+01, -2.6237508795e+02
-4.9071610294e+01, -2.6260362159e+02
-4.7331642321e+01, -2.6282406371e+02
-4.5591993915e+01, -2.6303642970e+02
-4.3852652625e+01, -2.6324073435e+02
-4.2113606079e+01, -2.6343699185e+02
-4.0374841987e+01, -2.6362521580e+02
-3.8636348138e+01, -2.6380541922e+02
-3.6898112390e+01, -2.6397761453e+02
-3.5160122672e+01, -2.6414181361e+02
-3.3422366981e+01, -2.6429802774e+02
-3.1684833373e+01, -2.6444626762e+02
-2.9947509967e+01, -2.6458654342e+02
-2.8210384935e+01, -2.6471886472e+02
-2.6473446505e+01, -2.6484324056e+02
-2.4736682951e+01, -2.6495967941e+02
-2.3000082597e+01, -2.6506818920e+02
-2.1263633806e+01, -2.6516877730e+02
-1.9527324985e+01, -2.6526145055e+02
-1.7791144575e+01, -2.6534621522e+02
-1.6055081052e+01, -2.6542307707e+02
-1.4319122924e+01, -2.6549204129e+02
-1.2583258724e+01, -2.6555311255e+02
-1.0847477012e+01, -2.6560629497e+02
-9.1117663681e+00, -2.6565159215e+02
-7.3761153913e+00, -2.6568900714e+02
-5.6405126966e+00, -2.6571854247e+02
-3.9049469115e+00, -2.6574020013e+02
-2.1694066731e+00, -2.6575398158e+02
-4.3388062515e-01, -2.6575988775e+02
+1.3016425849e+00, -2.6575791904e+02
+3.0371743089e+00, -2.6574807531e+02
+4.7727259008e+00, -2.6573035591e+02
+6.5083087197e+00, -2.6570475963e+02
+8.2439341332e+00, -2.6567128475e+02
+9.9796135196e+00, -2.6562992901e+02
+1.1715358272e+01, -2.6558068962e+02
+1.3451179799e+01, -2.6552356327e+02
+1.5187089531e+01, -2.6545854608e+02
+1.6923098922e+01, -2.6538563366e+02
+1.8659219449e+01, -2.6530482109e+02
+2.0395462622e+01, -2.6521610288e+02
+2.2131839981e+01, -2.6511947302e+02
+2.3868363102e+01, -2.6501492496e+02
+2.5605043599e+01, -2.6490245160e+02
+2.7341893129e+01, -2.6478204528e+02
+2.9078923391e+01, -2.6465369781e+02
+3.0816146135e+01, -2.6451740042e+02
+3.2553573160e+01, -2.6437314381e+02
+3.4291216321e+01, -2.6422091811e+02
+3.6029087529e+01, -2.6406071289e+02
+3.7767198757e+01, -2.6389251713e+02
+3.9505562043e+01, -2.6371631928e+02
+4.1244189491e+01, -2.6353210719e+02
+4.2983093279e+01, -2.6333986813e+02
+4.4722285656e+01, -2.6313958879e+02
+4.6461778952e+01, -2.6293125528e+02
+4.8201585580e+01, -2.6271485312e+02
+4.9941718035e+01, -2.6249036720e+02
+5.1682188903e+01, -2.6225778184e+02
+5.3423010864e+01, -2.6201708074e+02
+5.5164196694e+01, -2.6176824699e+02
+5.6905759270e+01, -2.6151126304e+02
+5.8647711573e+01, -2.6124611073e+02
+6.0390066694e+01, -2.6097277126e+02
+6.2132837836e+01, -2.6069122518e+02
+6.3876038321e+01, -2.6040145242e+02
+6.5619681589e+01, -2.6010343222e+02
+6.7363781209e+01, -2.5979714317e+02
+6.9108350880e+01, -2.5948256319e+02
+7.0853404434e+01, -2.5915966951e+02
+7.2598955843e+01, -2.5882843869e+02
+7.4345019226e+01, -2.5848884657e+02
+7.6091608847e+01, -2.5814086829e+02
+7.7838739128e+01, -2.5778447828e+02
+7.9586424647e+01, -2.5741965023e+02
+8.1334680148e+01, -2.5704635711e+02
+8.3083520546e+01, -2.5666457112e+02
+8.4832960929e+01, -2.5627426371e+02
+8.6583016566e+01, -2.5587540556e+02
+8.8333702916e+01, -2.5546796658e+02
+9.0085035625e+01, -2.5505191585e+02
+9.1837030543e+01, -2.5462722167e+02
+9.3589703722e+01, -2.5419385151e+02
+9.5343071425e+01, -2.5375177201e+02
+9.7097150133e+01, -2.5330094895e+02
+9.8851956553e+01, -2.5284134724e+02
+1.0060750762e+02, -2.5237293094e+02
+1.0236382051e+02, -2.5189566319e+02
+1.0412091265e+02, -2.5140950623e+02
+1.0587880171e+02, -2.5091442135e+02
+1.0763750563e+02, -2.5041036893e+02
+1.0939704261e+02, -2.4989730835e+02
+1.1115743114e+02, -2.4937519805e+02
+1.1291868997e+02, -2.4884399543e+02
+1.1468083819e+02, -2.4830365688e+02
+1.1644389515e+02, -2.4775413777e+02
+1.1820788053e+02, -2.4719539238e+02
+1.1997281434e+02, -2.4662737392e+02
+1.2173871690e+02, -2.4605003447e+02
+1.2350560890e+02, -2.4546332502e+02
+1.2527351137e+02, -2.4486719537e+02
+1.2704244569e+02, -2.4426159416e+02
+1.2881243365e+02, -2.4364646879e+02
+1.3058349739e+02, -2.4302176547e+02
+1.3235565947e+02, -2.4238742912e+02
+1.3412894286e+02, -2.4174340337e+02
+1.3590337094e+02, -2.4108963055e+02
+1.3767896756e+02, -2.4042605160e+02
+1.3945575698e+02, -2.3975260610e+02
+1.4123376396e+02, -2.3906923222e+02
+1.4301301372e+02, -2.3837586666e+02
+1.4479353198e+02, -2.3767244462e+02
+1.4657534499e+02, -2.3695889980e+02
+1.4835847950e+02, -2.3623516431e+02
+1.5014296283e+02, -2.3550116867e+02
+1.5192882285e+02, -2.3475684175e+02
+1.5371608801e+02, -2.3400211072e+02
+1.5550478738e+02, -2.3323690102e+02
+1.5729495064e+02, -2.3246113629e+02
+1.5908660810e+02, -2.3167473836e+02
+1.6087979075e+02, -2.3087762716e+02
+1.6267453027e+02, -2.3006972069e+02
+1.6447085904e+02, -2.2925093496e+02
+1.6626881018e+02, -2.2842118392e+02
+1.6806841756e+02, -2.2758037944e+02
+1.6986971585e+02, -2.2672843117e+02
+1.7167274053e+02, -2.2586524658e+02
+1.7347752792e+02, -2.2499073080e+02
+1.7528411522e+02, -2.2410478660e+02
+1.7709254052e+02, -2.2320731431e+02
+1.7890284286e+02, -2.2229821173e+02
+1.8071506226e+02, -2.2137737405e+02
+1.8252923972e+02, -2.2044469380e+02
+1.8434541732e+02, -2.1950006072e+02
+1.8616363819e+02, -2.1854336168e+02
+1.8798394660e+02, -2.1757448062e+02
+1.8980638801e+02, -2.1659329839e+02
+1.9163100906e+02, -2.1559969271e+02
+1.9345785767e+02, -2.1459353801e+02
+1.9528698307e+02, -2.1357470534e+02
+1.9711843583e+02, -2.1254306225e+02
+1.9895226798e+02, -2.1149847267e+02
+2.0078853298e+02, -2.1044079676e+02
+2.0262728586e+02, -2.0936989077e+02
+2.0446858323e+02, -2.0828560695e+02
+2.0631248337e+02, -2.0718779331e+02
+2.0815904629e+02, -2.0607629354e+02
+2.1000833382e+02, -2.0495094679e+02
+2.1186040968e+02, -2.0381158753e+02
+2.1371533954e+02, -2.0265804532e+02
+2.1557319115e+02, -2.0149014466e+02
+2.1743403440e+02, -2.0030770475e+02
+2.1929794144e+02, -1.9911053931e+02
+2.2116498674e+02, -1.9789845629e+02
+2.2303524726e+02, -1.9667125769e+02
+2.2490880252e+02, -1.9542873925e+02
+2.2678573474e+02, -1.9417069022e+02
+2.2866612896e+02, -1.9289689303e+02
+2.3055007319e+02, -1.9160712304e+02
+2.3243765856e+02, -1.9030114816e+02
+2.3432897945e+02, -1.8897872854e+02
+2.3622413368e+02, -1.8763961618e+02
+2.3812322268e+02, -1.8628355458e+02
+2.4002635168e+02, -1.8491027827e+02
+2.4193362990e+02, -1.8351951244e+02
+2.4384517079e+02, -1.8211097241e+02
+2.4576109223e+02, -1.8068436315e+02
+2.4768151680e+02, -1.7923937877e+02
+2.4960657203e+02, -1.7777570189e+02
+2.5153639068e+02, -1.7629300311e+02
+2.5347111107e+02, -1.7479094026e+02
+2.5541087737e+02, -1.7326915778e+02
+2.5735584000e+02, -1.7172728589e+02
+2.5930615595e+02, -1.7016493986e+02
+2.6126198924e+02, -1.6858171904e+02
+2.6322351133e+02, -1.6697720599e+02
+2.6519090164e+02, -1.6535096544e+02
+2.6716434802e+02, -1.6370254314e+02
+2.6914404735e+02, -1.6203146475e+02
+2.7113020613e+02, -1.6033723448e+02
+2.7312304119e+02, -1.5861933371e+02
+2.7512278037e+02, -1.5687721944e+02
+2.7712966333e+02, -1.5511032265e+02
+2.7914394243e+02, -1.5331804647e+02
+2.8116588372e+02, -1.5149976416e+02
+2.8319576790e+02, -1.4965481697e+02
+2.8523389159e+02, -1.4778251172e+02
+2.8728056849e+02, -1.4588211813e+02
+2.8933613091e+02, -1.4395286600e+02
+2.9140093124e+02, -1.4199394189e+02
+2.9347534373e+02, -1.4000448562e+02
+2.9555976644e+02, -1.3798358628e+02
+2.9765462336e+02, -1.3593027785e+02
+2.9976036688e+02, -1.3384353423e+02
+3.0187748050e+02, -1.3172226375e+02
+3.0400648188e+02, -1.2956530294e+02
+3.0614792634e+02, -1.2737140956e+02
+3.0830241077e+02, -1.2513925465e+02
+3.1047057815e+02, -1.2286741357e+02
+3.1265312267e+02, -1.2055435571e+02
+3.1485079561e+02, -1.1819843278e+02
+3.1706441215e+02, -1.1579786528e+02
+3.1929485927e+02, -1.1335072692e+02
+3.2154310489e+02, -1.1085492647e+02
+3.2381020868e+02, -1.0830818661e+02
+3.2609733469e+02, -1.0570801907e+02
+3.2840576639e+02, -1.0305169521e+02
+3.3073692466e+02, -1.0033621107e+02
+3.3309238933e+02, -9.7558245403e+01
+3.3547392540e+02, -9.4714108950e+01
+3.3788351513e+02, -9.1799682601e+01
+3.4032339759e+02, -8.8810341221e+01
+3.4279611817e+02, -8.5740858832e+01
+3.4530459114e+02, -8.2585289182e+01
+3.9197187887e+02, +1.2849872490e+02
+3.9536467530e+02, +1.2627180798e+02
+3.5308106068e+02, -7.2528255676e+01
+5.0229989697e+02, +8.0408011873e+01
+4.9774348904e+02, +8.1458158386e+01
+4.9317780120e+02, +8.2568676850e+01
+4.1332776330e+02, +1.1511854726e+02
+4.1713525649e+02, +1.1291383111e+02
+4.2101769519e+02, +1.1072991896e+02
+4.2497539229e+02, +1.0857288420e+02
+4.2900792738e+02, +1.0644908570e+02
+4.3311410471e+02, +1.0436502444e+02
+4.3729203773e+02, +1.0232715585e+02
+4.4153969025e+02, +1.0034163530e+02
+4.4585895154e+02, +9.8414007022e+01
+3.6722740594e+02, -5.3108031350e+01
+4.4368948154e+02, +9.9370321807e+01
+4.3940709025e+02, +1.0132755826e+02
+4.3105177090e+02, +1.0540175399e+02
           NaN, -8.1672511909e+02
           NaN, -8.4731548634e+02
           NaN, -8.7700043487e+02
           NaN, -9.0580635026e+02
           NaN, -9.3375747030e+02
           NaN, -9.6087637102e+02
           NaN, -9.8718433804e+02
           NaN, -1.0127016539e+03
           NaN, -1.0374478212e+03
           NaN, -1.0614417283e+03
           NaN, -1.0847017803e+03
           NaN, -1.1072459940e+03
           NaN, -1.1290920701e+03
           NaN, -1.1502574442e+03
           NaN, -1.1707593235e+03
           NaN, -1.1906147069e+03
           NaN, -1.2098404034e+03
           NaN, -1.2284530373e+03
           NaN, -1.2464690457e+03
           NaN, -1.2639046801e+03
           NaN, -1.2807759978e+03
           NaN, -1.2970988523e+03
           NaN, -1.3128888863e+03
           NaN, -1.3281615180e+03
           NaN, -1.3429319340e+03
           NaN, -1.3572150771e+03
           NaN, -1.3710256324e+03
           NaN, -1.3843780237e+03
           NaN, -1.3972864000e+03
           NaN, -1.4097646296e+03
           NaN, -1.4218262909e+03
           NaN, -1.4334846698e+03
           NaN, -1.4447527511e+03
           NaN, -1.4556432138e+03
+2.9363599445e+02, +1.9703304665e+02
+2.9133642568e+02, +1.9854187535e+02
+2.8904871972e+02, +2.0003340153e+02
+2.8677248497e+02, +2.0150784151e+02
+2.8450734770e+02, +2.0296540802e+02
+2.8225295098e+02, +2.0440631009e+02
+2.8000895370e+02, +2.0583075295e+02
+2.7777502972e+02, +2.0723893798e+02
+2.7555086697e+02, +2.0863106271e+02
+2.7333616671e+02, +2.1000732076e+02
+2.7113064276e+02, +2.1136790186e+02
+2.6893402083e+02, +2.1271299187e+02
+2.6674603790e+02, +2.1404277283e+02
+2.6456644157e+02, +2.1535742291e+02
+2.6239498956e+02, +2.1665711655e+02
+2.6023144913e+02, +2.1794202445e+02
+2.5807559661e+02, +2.1921231363e+02
+2.5592721694e+02, +2.2046814752e+02
+2.5378610324e+02, +2.2170968596e+02
+2.5165205637e+02, +2.2293708535e+02
+2.4952488460e+02, +2.2415049861e+02
+2.4740440320e+02, +2.2535007535e+02
+2.4529043412e+02, +2.2653596186e+02
+2.4318280568e+02, +2.2770830123e+02
+2.4108135226e+02, +2.2886723339e+02
+2.3898591399e+02, +2.3001289517e+02
+2.3689633654e+02, +2.3114542042e+02
+2.3481247082e+02, +2.3226494001e+02
+2.3273417276e+02, +2.3337158195e+02
+2.3066130308e+02, +2.3446547144e+02
+2.2859372707e+02, +2.3554673090e+02
+2.2653131441e+02, +2.3661548011e+02
+2.2447393896e+02, +2.3767183621e+02
+2.2242147856e+02, +2.3871591376e+02
+2.2037381492e+02, +2.3974782485e+02
+2.1833083340e+02, +2.4076767913e+02
+2.1629242288e+02, +2.4177558386e+02
           NaN, -1.6851109621e+03
           NaN, -1.6881196326e+03
           NaN, -1.6910374449e+03
+2.0818238335e+02, +2.4568977231e+02
+2.0616527418e+02, +2.4663945879e+02
+2.0415213540e+02, +2.4757779239e+02
+2.0214287678e+02, +2.4850486522e+02
+2.0013741064e+02, +2.4942076743e+02
+1.9813565170e+02, +2.5032558725e+02
           NaN, -1.7091699300e+03
           NaN, -1.7114655377e+03
           NaN, -1.7136948861e+03
