-5.0847004569e+02, -6.0564354587e-01
-5.2224202302e+02, +7.8180342936e+01
-5.3432221882e+02, +7.5249758454e+01
-4.9722491194e+02, -6.3625860628e-01
-5.2790586747e+02, +7.6415957389e+01
-5.2958734158e+02, -5.6220544566e-01
-5.3464472766e+02, -5.5376525265e-01
-5.3962885665e+02, -5.4602484361e-01
-5.4454564627e+02, -5.3889342599e-01
-5.4940026581e+02, -5.3229597305e-01
-5.5419726294e+02, -5.2616985440e-01
-5.5894066404e+02, -5.2046230963e-01
-5.6363405462e+02, -5.1512852596e-01
-5.6828064428e+02, -5.1013015599e-01
-5.7288331990e+02, -5.0543416098e-01
-5.7744468944e+02, -5.0101189806e-01
-5.8196711835e+02, -4.9683839296e-01
-5.9630015282e+02, +6.9473355676e+01
-5.9970783067e+02, -4.8223100993e-01
-5.8126615281e+02, +6.4659428036e+01
-5.9432166670e+02, +6.6867967379e+01
-5.9970783067e+02, -4.8223100993e-01
-6.0406444180e+02, -4.7901968825e-01
-6.0839263093e+02, -4.7595810107e-01
-6.1269370514e+02, -4.7303537089e-01
-6.1696887792e+02, -4.7024169365e-01
-6.2121927821e+02, -4.6756820589e-01
-6.2544595847e+02, -4.6500687156e-01
-6.2964990168e+02, -4.6255038505e-01
-6.3383202759e+02, -4.6019208782e-01
-6.3799319826e+02, -4.5792589638e-01
-6.4213422297e+02, -4.5574623990e-01
-6.4709803641e+02, +6.3000676646e+01
-6.5444381165e+02, -4.4967736756e-01
-6.2544595847e+02, -4.6500687156e-01
-6.5035883367e+02, -4.5162649249e-01
-6.5851143436e+02, -4.4779663147e-01
-6.6256230474e+02, -4.4598058530e-01
-6.6659699345e+02, -4.4422580225e-01
-6.7061604123e+02, -4.4252910243e-01
-6.7461996101e+02, -4.4088753048e-01
-6.7860923990e+02, -4.3929833552e-01
-6.8258434091e+02, -4.3775895336e-01
-6.8654570460e+02, -4.3626699050e-01
-6.9049375057e+02, -4.3482020982e-01
-6.9442887877e+02, -4.3341651765e-01
-6.9835147079e+02, -4.3205395221e-01
-7.0266014608e+02, +5.9657634468e+01
-7.1004759367e+02, -4.2819516319e-01
-7.1778859533e+02, -4.2579735370e-01
-7.0616048764e+02, -4.2944495182e-01
-7.1651955193e+02, +5.9324746806e+01
-7.1778859533e+02, -4.2579735370e-01
-7.2164308879e+02, -4.2464653238e-01
-7.2548728878e+02, -4.2352603044e-01
-7.2932146459e+02, -4.2243463545e-01
-7.3314587482e+02, -4.2137120075e-01
-7.3696076795e+02, -4.2033464098e-01
-7.4076638290e+02, -4.1932392792e-01
-7.4456294950e+02, -4.1833808668e-01
-7.4835068897e+02, -4.1737619225e-01
-7.5212981437e+02, -4.1643736622e-01
-7.5590053099e+02, -4.1552077386e-01
-7.5976858637e+02, +5.7344156398e+01
-7.6716417255e+02, -4.1289665024e-01
-7.8578590412e+02, -4.0890069394e-01
-7.5966303675e+02, -4.1462562136e-01
-7.6683567247e+02, +5.8706132090e+01
-7.7463467060e+02, -4.1124482904e-01
-7.7835885640e+02, -4.1044623354e-01
-7.8207588251e+02, -4.0966504477e-01
-7.8578590412e+02, -4.0890069394e-01
-7.8948907137e+02, -4.0815263738e-01
-7.9318552960e+02, -4.0742035514e-01
-7.9687541952e+02, -4.0670334970e-01
-8.0055887744e+02, -4.0600114471e-01
-8.0423603543e+02, -4.0531328390e-01
-8.0790702152e+02, -4.0463932999e-01
-8.1157195987e+02, -4.0397886369e-01
-8.1523097090e+02, -4.0333148275e-01
-8.1888417145e+02, -4.0269680113e-01
-8.2253167496e+02, -4.0207444813e-01
-8.3146609511e+02, +5.6105971308e+01
-8.3706687441e+02, -3.9970140410e-01
-8.0055887744e+02, -4.0600114471e-01
-8.2928026161e+02, +5.6394726690e+01
-8.3226182540e+02, +5.7410757796e+01
-8.4068748315e+02, -3.9913561988e-01
-8.4430301053e+02, -3.9858022256e-01
-8.4791354940e+02, -3.9803492975e-01
-8.5151919012e+02, -3.9749946940e-01
-8.5512002062e+02, -3.9697357932e-01
-8.5871612650e+02, -3.9645700670e-01
-8.6230759111e+02, -3.9594950775e-01
-8.6589449562e+02, -3.9545084719e-01
-8.6947691912e+02, -3.9496079800e-01
-8.7305493867e+02, -3.9447914095e-01
-8.7662862938e+02, -3.9400566432e-01
-8.8019806446e+02, -3.9354016357e-01
-8.8376331531e+02, -3.9308244099e-01
-8.8732445158e+02, -3.9263230549e-01
-8.9088154118e+02, -3.9218957224e-01
-8.9443465041e+02, -3.9175406247e-01
-8.9798384396e+02, -3.9132560319e-01
-9.0859574229e+02, +5.9291519056e+01
-9.0860855455e+02, -3.9008088032e-01
-9.1920021019e+02, -3.8889389246e-01
-8.8732445158e+02, -3.9263230549e-01
-9.0789913627e+02, +5.5454410734e+01
-9.1207401632e+02, +5.3960816924e+01
-9.2089578439e+02, +5.3856675064e+01
-9.2272368165e+02, -3.8851038227e-01
-9.2624370332e+02, -3.8813272097e-01
-9.2976032761e+02, -3.8776077830e-01
-9.3327360579e+02, -3.8739442787e-01
-9.3678358799e+02, -3.8703354704e-01
-9.4029032325e+02, -3.8667801674e-01
-9.4379385954e+02, -3.8632772140e-01
-9.4729424381e+02, -3.8598254875e-01
-9.5079152200e+02, -3.8564238974e-01
-9.5428573907e+02, -3.8530713844e-01
-9.5777693903e+02, -3.8497669187e-01
-9.6126516499e+02, -3.8465094996e-01
-9.6475045915e+02, -3.8432981542e-01
-9.6823286284e+02, -3.8401319363e-01
-9.7171241655e+02, -3.8370099255e-01
-9.7518915995e+02, -3.8339312267e-01
-9.7866313190e+02, -3.8308949688e-01
-9.8213437048e+02, -3.8279003039e-01
-9.8560291302e+02, -3.8249464069e-01
-9.8906879611e+02, -3.8220324743e-01
-9.9253205563e+02, -3.8191577237e-01
-9.9599272674e+02, -3.8163213932e-01
-1.0052922084e+03, +5.3598833841e+01
-1.0063595512e+03, -3.8080355940e-01
-1.0132584404e+03, -3.8026907166e-01
-1.0373308058e+03, -3.7850299275e-01
-9.9253205563e+02, -3.8191577237e-01
-1.0063595512e+03, -3.8080355940e-01
-1.0132584404e+03, -3.8026907166e-01
-1.0140885171e+03, +5.4126774213e+01
-1.0235889163e+03, -3.7949286524e-01
-1.0270277674e+03, -3.7924068649e-01
-1.0304643471e+03, -3.7899168637e-01
-1.0338986839e+03, -3.7874580721e-01
-1.0373308058e+03, -3.7850299275e-01
-1.0407607403e+03, -3.7826318806e-01
-1.0441885145e+03, -3.7802633951e-01
-1.0476141549e+03, -3.7779239474e-01
-1.0510376876e+03, -3.7756130263e-01
-1.0544591383e+03, -3.7733301325e-01
-1.0578785322e+03, -3.7710747780e-01
-1.0612958939e+03, -3.7688464864e-01
-1.0647112479e+03, -3.7666447920e-01
-1.0681246179e+03, -3.7644692398e-01
-1.0715360276e+03, -3.7623193851e-01
-1.0749454999e+03, -3.7601947932e-01
-1.0783530577e+03, -3.7580950391e-01
-1.0817587232e+03, -3.7560197073e-01
-1.0851625184e+03, -3.7539683913e-01
-1.0885644648e+03, -3.7519406938e-01
-1.0919645838e+03, -3.7499362260e-01
-1.0953628962e+03, -3.7479546078e-01
-1.0987594225e+03, -3.7459954670e-01
-1.1021541829e+03, -3.7440584396e-01
-1.1055471974e+03, -3.7421431693e-01
-1.1089384854e+03, -3.7402493074e-01
-1.1123280663e+03, -3.7383765127e-01
-1.1157159590e+03, -3.7365244509e-01
-1.1191021822e+03, -3.7346927949e-01
-1.1224867541e+03, -3.7328812245e-01
-1.1258696928e+03, -3.7310894258e-01
-1.1292510162e+03, -3.7293170916e-01
-1.1309123393e+03, +5.1673456349e+01
-1.1446852584e+03, +5.4039336291e+01
-1.1427605022e+03, -3.7224164718e-01
-1.1461340060e+03, -3.7207370661e-01
-1.1528764868e+03, -3.7174312313e-01
-1.1596130371e+03, -3.7141942819e-01
-1.1898573388e+03, -3.7004278704e-01
-1.1224867541e+03, -3.7328812245e-01
-1.1461340060e+03, -3.7207370661e-01
-1.1528471492e+03, +5.1653015777e+01
-1.1596130371e+03, -3.7141942819e-01
-1.1629791269e+03, -3.7126010023e-01
-1.1636399369e+03, +5.2099023519e+01
-1.1767643596e+03, +5.1907811236e+01
-1.1764292653e+03, -3.7063901621e-01
-1.1797883172e+03, -3.7048768492e-01
-1.1831460042e+03, -3.7033788417e-01
-1.1865023403e+03, -3.7018959205e-01
-1.1898573388e+03, -3.7004278704e-01
-1.1932110133e+03, -3.6989744804e-01
-1.1965633769e+03, -3.6975355434e-01
-1.1999144426e+03, -3.6961108561e-01
-1.2032642232e+03, -3.6947002189e-01
-1.2066127315e+03, -3.6933034360e-01
-1.2099599798e+03, -3.6919203152e-01
-1.2133059804e+03, -3.6905506675e-01
-1.2166507456e+03, -3.6891943077e-01
-1.2199942872e+03, -3.6878510538e-01
-1.2233366171e+03, -3.6865207269e-01
-1.2266777468e+03, -3.6852031516e-01
-1.2300176879e+03, -3.6838981553e-01
-1.2333564517e+03, -3.6826055688e-01
-1.2366940494e+03, -3.6813252255e-01
-1.2400304920e+03, -3.6800569621e-01
-1.2433657903e+03, -3.6788006179e-01
-1.2466999552e+03, -3.6775560351e-01
-1.2500329971e+03, -3.6763230587e-01
-1.2533649266e+03, -3.6751015361e-01
-1.2566957539e+03, -3.6738913177e-01
-1.2600254893e+03, -3.6726922561e-01
-1.2633541428e+03, -3.6715042067e-01
-1.2666817242e+03, -3.6703270272e-01
-1.2700082435e+03, -3.6691605778e-01
-1.2733337102e+03, -3.6680047208e-01
-1.2766581339e+03, -3.6668593212e-01
-1.2799815241e+03, -3.6657242460e-01
-1.2833038899e+03, -3.6645993643e-01
-1.2866252407e+03, -3.6634845477e-01
-1.2899455854e+03, -3.6623796696e-01
-1.2932649330e+03, -3.6612846058e-01
-1.2965832924e+03, -3.6601992337e-01
-1.2999006723e+03, -3.6591234331e-01
-1.3032170813e+03, -3.6580570855e-01
-1.3065325279e+03, -3.6570000745e-01
-1.3098470206e+03, -3.6559522854e-01
-1.3131605676e+03, -3.6549136054e-01
-1.3164731771e+03, -3.6538839235e-01
-1.3197848573e+03, -3.6528631304e-01
-1.3230956162e+03, -3.6518511188e-01
-1.3264054617e+03, -3.6508477827e-01
-1.3297144015e+03, -3.6498530181e-01
-1.3330224435e+03, -3.6488667223e-01
-1.3363295952e+03, -3.6478887946e-01
-1.3396358642e+03, -3.6469191354e-01
-1.3429412580e+03, -3.6459576471e-01
-1.3462457839e+03, -3.6450042333e-01
-1.3495494491e+03, -3.6440587992e-01
-1.3528522609e+03, -3.6431212514e-01
-1.3564128817e+03, +4.8425585896e+01
-1.3561467412e+03, +5.0617033223e+01
-1.3827594210e+03, +6.9074476791e+01
-1.3726516021e+03, -3.6376565230e-01
-1.3726516021e+03, -3.6376565230e-01
-1.3759486344e+03, -3.6367716807e-01
-1.3792448679e+03, -3.6358940267e-01
-1.3825403090e+03, -3.6350234795e-01
-1.3897404751e+03, +5.0340101610e+01
-1.3924219419e+03, -3.6324536813e-01
-1.3990058511e+03, -3.6307745752e-01
-1.4088760673e+03, -3.6283055519e-01
-1.4334208326e+03, +4.6621948493e+01
-1.3693537645e+03, -3.6385486363e-01
-1.3871521888e+03, +5.0599533535e+01
-1.3957142770e+03, -3.6316107698e-01
-1.4022966702e+03, -3.6299450229e-01
-1.4050275372e+03, +5.0356585657e+01
-1.4121646572e+03, -3.6274954894e-01
-1.4154525156e+03, -3.6266917812e-01
-1.4187396483e+03, -3.6258943580e-01
-1.4220260610e+03, -3.6251031514e-01
-1.4253117593e+03, -3.6243180938e-01
-1.4255667238e+03, +5.0388110489e+01
-1.4470503987e+03, +9.0492905593e+01
-1.4422107825e+03, +5.0266147042e+01
-1.4384475184e+03, -3.6212380377e-01
-1.4450112528e+03, -3.6197332183e-01
-1.4482921021e+03, -3.6189893929e-01
-1.4515722798e+03, -3.6182512097e-01
-1.4548517908e+03, -3.6175186092e-01
-1.4581306402e+03, -3.6167915328e-01
-1.4614088331e+03, -3.6160699226e-01
-1.4646863743e+03, -3.6153537214e-01
-1.4679632687e+03, -3.6146428730e-01
-1.4712395212e+03, -3.6139373218e-01
-1.4745151365e+03, -3.6132370130e-01
-1.4777901193e+03, -3.6125418926e-01
-1.4810644743e+03, -3.6118519071e-01
-1.4843382062e+03, -3.6111670040e-01
-1.4876113196e+03, -3.6104871313e-01
-1.4908838189e+03, -3.6098122377e-01
-1.4941557087e+03, -3.6091422727e-01
-1.4974269934e+03, -3.6084771863e-01
-1.5006976774e+03, -3.6078169294e-01
-1.5039677650e+03, -3.6071614532e-01
-1.5072372607e+03, -3.6065107097e-01
-1.5105061686e+03, -3.6058646517e-01
-1.5137744929e+03, -3.6052232324e-01
-1.5170422380e+03, -3.6045864056e-01
-1.5203094078e+03, -3.6039541258e-01
-1.5235760065e+03, -3.6033263480e-01
-1.5268420382e+03, -3.6027030278e-01
-1.5301075068e+03, -3.6020841214e-01
-1.5333724165e+03, -3.6014695855e-01
-1.5366367710e+03, -3.6008593775e-01
-1.5399005743e+03, -3.6002534550e-01
-1.5431638304e+03, -3.5996517765e-01
-1.5464265429e+03, -3.5990543008e-01
-1.5496887157e+03, -3.5984609874e-01
-1.5529503525e+03, -3.5978717961e-01
-1.5562114572e+03, -3.5972866873e-01
-1.5594720333e+03, -3.5967056218e-01
-1.5627320844e+03, -3.5961285612e-01
-1.5659916143e+03, -3.5955554671e-01
-1.5692506265e+03, -3.5949863019e-01
-1.5725091245e+03, -3.5944210285e-01
-1.5757671119e+03, -3.5938596099e-01
-1.5790245921e+03, -3.5933020099e-01
-1.5822815685e+03, -3.5927481927e-01
-1.5855380447e+03, -3.5921981227e-01
-1.5887940239e+03, -3.5916517650e-01
-1.5920495095e+03, -3.5911090849e-01
-1.5953045048e+03, -3.5905700484e-01
-1.5985590132e+03, -3.5900346215e-01
-1.6018130378e+03, -3.5895027710e-01
-1.6050665819e+03, -3.5889744638e-01
-1.6083196488e+03, -3.5884496674e-01
-1.6115722414e+03, -3.5879283497e-01
-1.6148243631e+03, -3.5874104787e-01
-1.6180760170e+03, -3.5868960231e-01
-1.6213272060e+03, -3.5863849518e-01
-1.6245779332e+03, -3.5858772341e-01
-1.6278282018e+03, -3.5853728397e-01
-1.6310780146e+03, -3.5848717385e-01
-1.6343273746e+03, -3.5843739009e-01
-1.6375762849e+03, -3.5838792976e-01
-1.6408247483e+03, -3.5833878997e-01
-1.6440727676e+03, -3.5828996785e-01
-1.6473203459e+03, -3.5824146058e-01
-1.6505674858e+03, -3.5819326535e-01
-1.6538141903e+03, -3.5814537941e-01
-1.6570604621e+03, -3.5809780001e-01
-1.6603063040e+03, -3.5805052446e-01
-1.6635517187e+03, -3.5800355008e-01
-1.6667967089e+03, -3.5795687424e-01
-1.6700412774e+03, -3.5791049431e-01
-1.6732854268e+03, -3.5786440772e-01
-1.6765291598e+03, -3.5781861192e-01
-1.6797724789e+03, -3.5777310437e-01
-1.6830153869e+03, -3.5772788259e-01
-1.6862578862e+03, -3.5768294410e-01
-1.6894999794e+03, -3.5763828646e-01
-1.6927416690e+03, -3.5759390726e-01
-1.6959829577e+03, -3.5754980411e-01
-1.6992238478e+03, -3.5750597465e-01
-1.7024643418e+03, -3.5746241654e-01
-1.7057044422e+03, -3.5741912748e-01
-1.7089441514e+03, -3.5737610517e-01
-1.7121834718e+03, -3.5733334736e-01
-1.7154224059e+03, -3.5729085182e-01
-1.7186609559e+03, -3.5724861633e-01
-1.7218991242e+03, -3.5720663871e-01
-1.7251369132e+03, -3.5716491679e-01
-1.7283743251e+03, -3.5712344843e-01
-1.7316113622e+03, -3.5708223152e-01
-1.7348480269e+03, -3.5704126396e-01
-1.7380843213e+03, -3.5700054368e-01
-1.7413202478e+03, -3.5696006864e-01
-1.7445558084e+03, -3.5691983679e-01
-1.7477910054e+03, -3.5687984614e-01
-1.7510258411e+03, -3.5684009470e-01
-1.7542603174e+03, -3.5680058051e-01
-1.7574944367e+03, -3.5676130163e-01
-1.7607282009e+03, -3.5672225612e-01
-1.7639616123e+03, -3.5668344209e-01
-1.7671946729e+03, -3.5664485766e-01
-1.7704273847e+03, -3.5660650095e-01
-1.7736597499e+03, -3.5656837014e-01
-1.7768917705e+03, -3.5653046338e-01
-1.7801234484e+03, -3.5649277889e-01
-1.7833547858e+03, -3.5645531486e-01
-1.7865857845e+03, -3.5641806953e-01
-1.7898164466e+03, -3.5638104116e-01
-1.7930467740e+03, -3.5634422800e-01
-1.7962767687e+03, -3.5630762835e-01
-1.7995064326e+03, -3.5627124050e-01
-1.8027357676e+03, -3.5623506277e-01
-1.8059647756e+03, -3.5619909351e-01
-1.8091934585e+03, -3.5616333106e-01
-1.8124218182e+03, -3.5612777380e-01
-1.8156498565e+03, -3.5609242012e-01
-1.8188775752e+03, -3.5605726841e-01
-1.8221049761e+03, -3.5602231710e-01
-1.8253320612e+03, -3.5598756462e-01
-1.8285588321e+03, -3.5595300942e-01
-1.8317852907e+03, -3.5591864997e-01
-1.8350114387e+03, -3.5588448475e-01
-1.8382372779e+03, -3.5585051226e-01
-1.8414628100e+03, -3.5581673100e-01
-1.8446880367e+03, -3.5578313951e-01
-1.8479129598e+03, -3.5574973633e-01
-1.8511375810e+03, -3.5571652001e-01
-1.8543619019e+03, -3.5568348911e-01
-1.8575859242e+03, -3.5565064223e-01
-1.8608096496e+03, -3.5561797796e-01
-1.8640330797e+03, -3.5558549491e-01
-1.8672562162e+03, -3.5555319171e-01
-1.8704790607e+03, -3.5552106699e-01
-1.8737016148e+03, -3.5548911941e-01
-1.8769238801e+03, -3.5545734762e-01
-1.8801458582e+03, -3.5542575031e-01
-1.8833675506e+03, -3.5539432617e-01
-1.8865889590e+03, -3.5536307389e-01
-1.8898100848e+03, -3.5533199219e-01
-1.8930309297e+03, -3.5530107981e-01
-1.8962514951e+03, -3.5527033547e-01
-1.8994717826e+03, -3.5523975793e-01
-1.9026917937e+03, -3.5520934596e-01
-1.9059115298e+03, -3.5517909832e-01
-1.9091309925e+03, -3.5514901381e-01
-1.9142826928e+03, +5.0423214927e+01
-1.9059115298e+03, -3.5517909832e-01
-1.9155691035e+03, -3.5508932936e-01
-1.9187877546e+03, -3.5505972705e-01
-1.9220061382e+03, -3.5503028312e-01
-1.9200657434e+03, +4.9514966582e+01
-1.9055497473e+03, +5.4793599389e+01
-1.9642233275e+03, +5.5024712953e+01
-1.9491260462e+03, +4.9490567839e+01
-1.9477437417e+03, -3.5480029681e-01
-1.9509597798e+03, -3.5477222750e-01
-1.9442573929e+03, +4.3512381623e+01
-1.9541755641e+03, -3.5474430548e-01
-1.9573910960e+03, -3.5471652967e-01
-1.9606063768e+03, -3.5468889905e-01
-1.9638214078e+03, -3.5466141257e-01
-1.9670361902e+03, -3.5463406920e-01
-1.9702507255e+03, -3.5460686794e-01
-1.9734650148e+03, -3.5457980777e-01
-1.9766790594e+03, -3.5455288768e-01
-1.9798928607e+03, -3.5452610671e-01
-1.9831064198e+03, -3.5449946386e-01
-1.9863197380e+03, -3.5447295815e-01
-1.9895328166e+03, -3.5444658864e-01
-1.9927456568e+03, -3.5442035436e-01
-1.9959582598e+03, -3.5439425437e-01
-1.9991706268e+03, -3.5436828773e-01
-1.9991706268e+03, -3.5436828773e-01
-2.0042328988e+03, +7.9784902178e+01
-2.0139504111e+03, +4.9068696098e+01
-2.0152289638e+03, -3.5424042256e-01
-2.0184399399e+03, -3.5421523680e-01
-2.0216506883e+03, -3.5419017806e-01
-2.0248612101e+03, -3.5416524546e-01
-2.0280715064e+03, -3.5414043814e-01
-2.0258731985e+03, +5.4169061906e+01
-2.0377010541e+03, -3.5406675931e-01
-2.0409104600e+03, -3.5404244461e-01
-2.0441196459e+03, -3.5401825096e-01
-2.0520516536e+03, +4.9880082970e+01
-2.0537458956e+03, -3.5394638824e-01
-2.0608187765e+03, +5.2467301914e+01
-2.0633702056e+03, -3.5387558595e-01
-2.0697853486e+03, -3.5382896305e-01
-2.0761996506e+03, -3.5378279584e-01
-2.0858195444e+03, -3.5371438625e-01
-2.0954375914e+03, -3.5364696837e-01
-2.1114636380e+03, -3.5353675634e-01
-2.1402981624e+03, -3.5334490438e-01
-2.2267122978e+03, -3.5281553093e-01
-1.9380940913e+03, -3.5488539909e-01
-2.0060010848e+03, +4.6074520264e+01
-2.0324037908e+03, +4.8829249960e+01
-2.0473286132e+03, -3.5399417756e-01
-2.0573549083e+03, +4.9115656029e+01
-2.0665778828e+03, -3.5385221715e-01
-2.0729926042e+03, -3.5380582286e-01
-2.0798093082e+03, +4.9245297843e+01
-2.0826131197e+03, -3.5373707827e-01
-2.0890257639e+03, -3.5369180440e-01
-2.0922317793e+03, -3.5366933202e-01
-2.1017890881e+03, +5.2418397268e+01
-2.1018486099e+03, -3.5360256443e-01
-2.1050538183e+03, -3.5358052273e-01
-2.1082588273e+03, -3.5355858692e-01
-2.1047613464e+03, +5.7652049556e+01
-2.1178726680e+03, -3.5349340808e-01
-2.1210768893e+03, -3.5347188905e-01
-2.1242809159e+03, -3.5345047252e-01
-2.1274847489e+03, -3.5342915783e-01
-2.1306883891e+03, -3.5340794432e-01
-2.1338918375e+03, -3.5338683134e-01
-2.1370950950e+03, -3.5336581824e-01
-2.1377012866e+03, +4.9010787860e+01
-2.1283740750e+03, +8.0830695792e+01
-2.1534177228e+03, +4.9113763311e+01
-2.1528356052e+03, +4.7010469939e+01
-2.1563106804e+03, -3.5324180149e-01
-2.1595126262e+03, -3.5322146985e-01
-2.1627143883e+03, -3.5320123309e-01
-2.1659159673e+03, -3.5318109061e-01
-2.1691173641e+03, -3.5316104182e-01
-2.1723185797e+03, -3.5314108612e-01
-2.1755196147e+03, -3.5312122292e-01
-2.1787204702e+03, -3.5310145165e-01
-2.1819211468e+03, -3.5308177172e-01
+4.0999866859e+02, -1.1887123129e+01
+4.0466822078e+02, -2.0626724608e+01
+4.0024631419e+02, -2.7681978639e+01
+3.9629483833e+02, -3.3842517698e+01
+3.9264704473e+02, -3.9412514863e+01
+3.8921729985e+02, -4.4549836098e+01
+3.8595440824e+02, -4.9349776598e+01
+3.8282474984e+02, -5.3875483347e+01
+3.7980478134e+02, -5.8171554938e+01
+3.7687722442e+02, -6.2270988705e+01
+3.7402893652e+02, -6.6199079708e+01
+3.7124963448e+02, -6.9975768475e+01
+3.6853108618e+02, -7.3617134241e+01
+3.6586657563e+02, -7.7136387320e+01
+3.6325053588e+02, -8.0544552811e+01
+3.6067828942e+02, -8.3850956058e+01
+3.5814585979e+02, -8.7063576271e+01
+3.5564983185e+02, -9.0189309850e+01
+3.5318724605e+02, -9.3234170250e+01
+3.5075551719e+02, -9.6203442252e+01
+3.4835237093e+02, -9.9101802813e+01
+3.4597579364e+02, -1.0193341702e+02
+3.4362399215e+02, -1.0470201515e+02
+3.4129536127e+02, -1.0741095526e+02
+3.3898845720e+02, -1.1006327451e+02
+3.3670197561e+02, -1.1266173157e+02
+3.3443473342e+02, -1.1520884205e+02
+3.3218565356e+02, -1.1770690823e+02
+3.2995375208e+02, -1.2015804420e+02
+3.2773812727e+02, -1.2256419727e+02
+3.2553795031e+02, -1.2492716632e+02
+3.2335245729e+02, -1.2724861757e+02
+3.2118094227e+02, -1.2953009826e+02
+3.1902275136e+02, -1.3177304848e+02
+3.1687727745e+02, -1.3397881161e+02
+3.1474395569e+02, -1.3614864335e+02
+3.1262225948e+02, -1.3828371976e+02
+3.1051169693e+02, -1.4038514435e+02
+3.0841180777e+02, -1.4245395434e+02
+3.0632216056e+02, -1.4449112622e+02
+3.0424235025e+02, -1.4649758079e+02
+3.0217199595e+02, -1.4847418757e+02
+3.0011073902e+02, -1.5042176883e+02
+2.9805824122e+02, -1.5234110318e+02
+2.9601418321e+02, -1.5423292885e+02
+2.9397826305e+02, -1.5609794661e+02
+2.9195019493e+02, -1.5793682242e+02
+2.8992970800e+02, -1.5975018990e+02
+2.8791654530e+02, -1.6153865251e+02
+2.8591046276e+02, -1.6330278555e+02
+2.8391122835e+02, -1.6504313805e+02
+2.8191862127e+02, -1.6676023439e+02
+2.7993243118e+02, -1.6845457590e+02
+2.7795245754e+02, -1.7012664227e+02
+2.7597850899e+02, -1.7177689283e+02
+2.7401040278e+02, -1.7340576781e+02
+2.7204796421e+02, -1.7501368939e+02
+2.7009102619e+02, -1.7660106281e+02
+2.6813942875e+02, -1.7816827724e+02
+2.6619301863e+02, -1.7971570672e+02
+2.6425164892e+02, -1.8124371098e+02
+2.6231517868e+02, -1.8275263617e+02
+2.6038347261e+02, -1.8424281562e+02
+2.5845640073e+02, -1.8571457046e+02
+2.5653383812e+02, -1.8716821026e+02
+2.5461566464e+02, -1.8860403360e+02
+2.5270176465e+02, -1.9002232863e+02
+2.5079202682e+02, -1.9142337356e+02
+2.4888634390e+02, -1.9280743711e+02
+2.4698461249e+02, -1.9417477902e+02
+2.4508673289e+02, -1.9552565039e+02
+2.4319260886e+02, -1.9686029414e+02
+2.4130214753e+02, -1.9817894534e+02
+2.3941525917e+02, -1.9948183156e+02
+2.3753185709e+02, -2.0076917322e+02
+2.3565185747e+02, -2.0204118387e+02
+2.3377517924e+02, -2.0329807050e+02
+2.3190174395e+02, -2.0454003382e+02
+2.3003147567e+02, -2.0576726849e+02
+2.2816430086e+02, -2.0697996341e+02
+2.2630014826e+02, -2.0817830190e+02
+2.2443894881e+02, -2.0936246198e+02
+2.2258063557e+02, -2.1053261654e+02
+2.2072514357e+02, -2.1168893354e+02
+2.1887240981e+02, -2.1283157620e+02
+2.1702237309e+02, -2.1396070320e+02
+2.1517497403e+02, -2.1507646883e+02
+2.1333015490e+02, -2.1617902315e+02
+2.1148785966e+02, -2.1726851215e+02
+2.0964803378e+02, -2.1834507789e+02
+2.0781062427e+02, -2.1940885865e+02
+2.0597557958e+02, -2.2045998907e+02
+2.0414284954e+02, -2.2149860025e+02
+2.0231238535e+02, -2.2252481987e+02
+2.0048413947e+02, -2.2353877235e+02
+1.9865806560e+02, -2.2454057890e+02
+1.9683411866e+02, -2.2553035768e+02
+1.9501225468e+02, -2.2650822386e+02
+1.9319243085e+02, -2.2747428973e+02
+1.9137460538e+02, -2.2842866481e+02
+1.8955873755e+02, -2.2937145588e+02
+1.8774478761e+02, -2.3030276716e+02
+1.8593271678e+02, -2.3122270030e+02
+1.8412248720e+02, -2.3213135450e+02
+1.8231406191e+02, -2.3302882657e+02
+1.8050740481e+02, -2.3391521102e+02
+1.7870248063e+02, -2.3479060012e+02
+1.7689925492e+02, -2.3565508394e+02
+1.7509769400e+02, -2.3650875045e+02
+1.7329776494e+02, -2.3735168557e+02
+1.7149943554e+02, -2.3818397321e+02
+1.6970267432e+02, -2.3900569533e+02
+1.6790745045e+02, -2.3981693202e+02
+1.6611373380e+02, -2.4061776154e+02
+1.6432149483e+02, -2.4140826033e+02
+1.6253070467e+02, -2.4218850312e+02
+1.6074133501e+02, -2.4295856293e+02
+1.5895335813e+02, -2.4371851114e+02
+1.5716674689e+02, -2.4446841752e+02
+1.5538147466e+02, -2.4520835026e+02
+1.5359751537e+02, -2.4593837605e+02
+1.5181484344e+02, -2.4665856007e+02
+1.5003343380e+02, -2.4736896606e+02
+1.4825326185e+02, -2.4806965634e+02
+1.4647430345e+02, -2.4876069183e+02
+1.4469653494e+02, -2.4944213213e+02
+1.4291993306e+02, -2.5011403551e+02
+1.4114447500e+02, -2.5077645894e+02
+1.3937013836e+02, -2.5142945815e+02
+1.3759690114e+02, -2.5207308764e+02
+1.3582474171e+02, -2.5270740070e+02
+1.3405363886e+02, -2.5333244945e+02
+1.3228357169e+02, -2.5394828486e+02
+1.3051451970e+02, -2.5455495677e+02
+1.2874646272e+02, -2.5515251394e+02
+1.2697938091e+02, -2.5574100404e+02
+1.2521325476e+02, -2.5632047367e+02
+1.2344806508e+02, -2.5689096843e+02
+1.2168379298e+02, -2.5745253288e+02
+1.1992041987e+02, -2.5800521062e+02
+1.1815792745e+02, -2.5854904424e+02
+1.1639629770e+02, -2.5908407541e+02
+1.1463551289e+02, -2.5961034486e+02
+1.1287555552e+02, -2.6012789240e+02
+1.1111640838e+02, -2.6063675692e+02
+1.0935805450e+02, -2.6113697647e+02
+1.0760047714e+02, -2.6162858821e+02
+1.0584365982e+02, -2.6211162845e+02
+1.0408758628e+02, -2.6258613266e+02
+1.0233224047e+02, -2.6305213551e+02
+1.0057760658e+02, -2.6350967085e+02
+9.8823668993e+01, -2.6395877174e+02
+9.7070412300e+01, -2.6439947045e+02
+9.5317821294e+01, -2.6483179850e+02
+9.3565880960e+01, -2.6525578666e+02
+9.1814576469e+01, -2.6567146494e+02
+9.0063893174e+01, -2.6607886263e+02
+8.8313816606e+01, -2.6647800830e+02
+8.6564332464e+01, -2.6686892981e+02
+8.4815426617e+01, -2.6725165434e+02
+8.3067085092e+01, -2.6762620835e+02
+8.1319294076e+01, -2.6799261766e+02
+7.9572039904e+01, -2.6835090738e+02
+7.7825309061e+01, -2.6870110201e+02
+7.6079088173e+01, -2.6904322537e+02
+7.4333364007e+01, -2.6937730065e+02
+7.2588123460e+01, -2.6970335039e+02
+7.0843353563e+01, -2.7002139654e+02
+6.9099041469e+01, -2.7033146040e+02
+6.7355174455e+01, -2.7063356269e+02
+6.5611739917e+01, -2.7092772350e+02
+6.3868725361e+01, -2.7121396235e+02
+6.2126118406e+01, -2.7149229817e+02
+6.0383906778e+01, -2.7176274929e+02
+5.8642078303e+01, -2.7202533348e+02
+5.6900620909e+01, -2.7228006795e+02
+5.5159522617e+01, -2.7252696933e+02
+5.3418771544e+01, -2.7276605369e+02
+5.1678355892e+01, -2.7299733658e+02
+4.9938263951e+01, -2.7322083298e+02
+4.8198484092e+01, -2.7343655731e+02
+4.6459004767e+01, -2.7364452350e+02
+4.4719814500e+01, -2.7384474492e+02
+4.2980901892e+01, -2.7403723440e+02
+4.1242255611e+01, -2.7422200427e+02
+3.9503864393e+01, -2.7439906635e+02
+3.7765717036e+01, -2.7456843191e+02
+3.6027802402e+01, -2.7473011173e+02
+3.4290109406e+01, -2.7488411609e+02
+3.2552627022e+01, -2.7503045475e+02
+3.0815344274e+01, -2.7516913697e+02
+2.9078250235e+01, -2.7530017152e+02
+2.7341334026e+01, -2.7542356666e+02
+2.5604584810e+01, -2.7553933018e+02
+2.3867991792e+01, -2.7564746935e+02
+2.2131544215e+01, -2.7574799098e+02
+2.0395231356e+01, -2.7584090137e+02
+1.8659042527e+01, -2.7592620636e+02
+1.6922967070e+01, -2.7600391128e+02
+1.5186994353e+01, -2.7607402101e+02
+1.3451113769e+01, -2.7613653992e+02
+1.1715314736e+01, -2.7619147193e+02
+9.9795866883e+00, -2.7623882046e+02
+8.2439190801e+00, -2.7627858847e+02
+6.5083013787e+00, -2.7631077845e+02
+4.7727230640e+00, -2.7633539239e+02
+3.0371736254e+00, -2.7635243184e+02
+1.3016425590e+00, -2.7636189786e+02
-4.3388063431e-01, -2.7636379104e+02
-2.1694064519e+00, -2.7635811148e+02
-3.9049453918e+00, -2.7634485885e+02
-5.6405079551e+00, -2.7632403232e+02
-7.3761046488e+00, -2.7629563058e+02
-9.1117459879e+00, -2.7625965187e+02
-1.0847442498e+01, -2.7621609393e+02
-1.2583204719e+01, -2.7616495406e+02
-1.4319043206e+01, -2.7610622906e+02
-1.6054968532e+01, -2.7603991526e+02
-1.7790991292e+01, -2.7596600851e+02
-1.9527122105e+01, -2.7588450420e+02
-2.1263371614e+01, -2.7579539721e+02
-2.2999750494e+01, -2.7569868195e+02
-2.4736269450e+01, -2.7559435237e+02
-2.6472939220e+01, -2.7548240191e+02
-2.8209770580e+01, -2.7536282352e+02
-2.9946774347e+01, -2.7523560968e+02
-3.1683961378e+01, -2.7510075236e+02
-3.3421342575e+01, -2.7495824305e+02
-3.5158928890e+01, -2.7480807273e+02
-3.6896731323e+01, -2.7465023189e+02
-3.8634760930e+01, -2.7448471051e+02
-4.0373028821e+01, -2.7431149807e+02
-4.2111546166e+01, -2.7413058354e+02
-4.3850324198e+01, -2.7394195537e+02
-4.5589374215e+01, -2.7374560149e+02
-4.7328707582e+01, -2.7354150933e+02
-4.9068335735e+01, -2.7332966577e+02
-5.0808270186e+01, -2.7311005718e+02
-5.2548522524e+01, -2.7288266938e+02
-5.4289104418e+01, -2.7264748765e+02
-5.6030027620e+01, -2.7240449676e+02
-5.7771303971e+01, -2.7215368088e+02
-5.9512945403e+01, -2.7189502366e+02
-6.1254963939e+01, -2.7162850819e+02
-6.2997371703e+01, -2.7135411698e+02
-6.4740180917e+01, -2.7107183198e+02
-6.6483403910e+01, -2.7078163454e+02
-6.8227053118e+01, -2.7048350547e+02
-6.9971141088e+01, -2.7017742495e+02
-7.1715680486e+01, -2.6986337257e+02
-7.3460684095e+01, -2.6954132732e+02
-7.5206164822e+01, -2.6921126760e+02
-7.6952135703e+01, -2.6887317114e+02
-7.8698609905e+01, -2.6852701508e+02
-8.0445600732e+01, -2.6817277592e+02
-8.2193121628e+01, -2.6781042951e+02
-8.3941186181e+01, -2.6743995103e+02
-8.5689808130e+01, -2.6706131503e+02
-8.7439001368e+01, -2.6667449536e+02
-8.9188779947e+01, -2.6627946521e+02
-9.0939158080e+01, -2.6587619705e+02
-9.2690150154e+01, -2.6546466269e+02
-9.4441770724e+01, -2.6504483318e+02
-9.6194034529e+01, -2.6461667887e+02
-9.7946956489e+01, -2.6418016938e+02
-9.9700551717e+01, -2.6373527356e+02
-1.0145483552e+02, -2.6328195954e+02
-1.0320982340e+02, -2.6282019462e+02
-1.0496553109e+02, -2.6234994537e+02
-1.0672197450e+02, -2.6187117753e+02
-1.0847916979e+02, -2.6138385603e+02
-1.1023713333e+02, -2.6088794498e+02
-1.1199588174e+02, -2.6038340764e+02
-1.1375543186e+02, -2.5987020642e+02
-1.1551580078e+02, -2.5934830284e+02
-1.1727700586e+02, -2.5881765757e+02
-1.1903906471e+02, -2.5827823032e+02
-1.2080199520e+02, -2.5772997990e+02
-1.2256581550e+02, -2.5717286419e+02
-1.2433054405e+02, -2.5660684010e+02
-1.2609619959e+02, -2.5603186354e+02
-1.2786280115e+02, -2.5544788944e+02
-1.2963036808e+02, -2.5485487170e+02
-1.3139892007e+02, -2.5425276318e+02
-1.3316847710e+02, -2.5364151568e+02
-1.3493905953e+02, -2.5302107990e+02
-1.3671068804e+02, -2.5239140544e+02
-1.3848338368e+02, -2.5175244075e+02
-1.4025716789e+02, -2.5110413314e+02
-1.4203206246e+02, -2.5044642870e+02
-1.4380808960e+02, -2.4977927234e+02
-1.4558527192e+02, -2.4910260771e+02
-1.4736363245e+02, -2.4841637717e+02
-1.4914319463e+02, -2.4772052182e+02
-1.5092398239e+02, -2.4701498139e+02
-1.5270602007e+02, -2.4629969427e+02
-1.5448933251e+02, -2.4557459742e+02
-1.5627394504e+02, -2.4483962639e+02
-1.5805988348e+02, -2.4409471526e+02
-1.5984717418e+02, -2.4333979659e+02
-1.6163584402e+02, -2.4257480140e+02
-1.6342592043e+02, -2.4179965912e+02
-1.6521743142e+02, -2.4101429756e+02
-1.6701040558e+02, -2.4021864286e+02
-1.6880487212e+02, -2.3941261942e+02
-1.7060086085e+02, -2.3859614991e+02
-1.7239840227e+02, -2.3776915516e+02
-1.7419752752e+02, -2.3693155415e+02
-1.7599826844e+02, -2.3608326394e+02
-1.7780065759e+02, -2.3522419964e+02
-1.7960472827e+02, -2.3435427431e+02
-1.8141051456e+02, -2.3347339893e+02
-1.8321805129e+02, -2.3258148234e+02
-1.8502737416e+02, -2.3167843116e+02
-1.8683851970e+02, -2.3076414974e+02
-1.8865152529e+02, -2.2983854009e+02
-1.9046642927e+02, -2.2890150177e+02
-1.9228327089e+02, -2.2795293188e+02
-1.9410209038e+02, -2.2699272493e+02
-1.9592292900e+02, -2.2602077276e+02
-1.9774582904e+02, -2.2503696450e+02
-1.9957083388e+02, -2.2404118641e+02
-2.0139798804e+02, -2.2303332185e+02
-2.0322733722e+02, -2.2201325115e+02
-2.0505892831e+02, -2.2098085151e+02
-2.0689280949e+02, -2.1993599688e+02
-2.0872903023e+02, -2.1887855789e+02
-2.1056764139e+02, -2.1780840169e+02
-2.1240869524e+02, -2.1672539184e+02
-2.1425224551e+02, -2.1562938819e+02
-2.1609834750e+02, -2.1452024671e+02
-2.1794705807e+02, -2.1339781942e+02
-2.1979843578e+02, -2.1226195414e+02
-2.2165254090e+02, -2.1111249442e+02
-2.2350943552e+02, -2.0994927934e+02
-2.2536918362e+02, -2.0877214332e+02
-2.2723185114e+02, -2.0758091596e+02
-2.2909750609e+02, -2.0637542183e+02
-2.3096621859e+02, -2.0515548030e+02
-2.3283806103e+02, -2.0392090527e+02
-2.3471310814e+02, -2.0267150500e+02
-2.3659143710e+02, -2.0140708184e+02
-2.3847312765e+02, -2.0012743196e+02
-2.4035826222e+02, -1.9883234513e+02
-2.4224692604e+02, -1.9752160442e+02
-2.4413920731e+02, -1.9619498585e+02
-2.4603519731e+02, -1.9485225815e+02
-2.4793499057e+02, -1.9349318238e+02
-2.4983868505e+02, -1.9211751157e+02
-2.5174638226e+02, -1.9072499035e+02
-2.5365818751e+02, -1.8931535454e+02
-2.5557421007e+02, -1.8788833074e+02
-2.5749456339e+02, -1.8644363582e+02
-2.5941936532e+02, -1.8498097650e+02
-2.6134873837e+02, -1.8350004877e+02
-2.6328280995e+02, -1.8200053733e+02
-2.6522171267e+02, -1.8048211506e+02
-2.6716558460e+02, -1.7894444229e+02
-2.6911456963e+02, -1.7738716617e+02
-2.7106881779e+02, -1.7580991993e+02
-2.7302848566e+02, -1.7421232206e+02
-2.7499373669e+02, -1.7259397547e+02
-2.7696474174e+02, -1.7095446658e+02
-2.7894167947e+02, -1.6929336431e+02
-2.8092473685e+02, -1.6761021903e+02
-2.8291410978e+02, -1.6590456138e+02
-2.8491000359e+02, -1.6417590104e+02
-2.8691263378e+02, -1.6242372532e+02
-2.8892222667e+02, -1.6064749772e+02
-2.9093902019e+02, -1.5884665630e+02
-2.9296326475e+02, -1.5702061192e+02
-2.9499522412e+02, -1.5516874631e+02
-2.9703517650e+02, -1.5329040996e+02
-2.9908341561e+02, -1.5138491982e+02
-3.0114025191e+02, -1.4945155674e+02
-3.0320601401e+02, -1.4748956270e+02
-3.0528105014e+02, -1.4549813768e+02
-3.0736572983e+02, -1.4347643624e+02
-3.0946044579e+02, -1.4142356378e+02
-3.1156561597e+02, -1.3933857222e+02
-3.1368168591e+02, -1.3722045538e+02
-3.1580913132e+02, -1.3506814362e+02
-3.1794846102e+02, -1.3288049800e+02
-3.2010022029e+02, -1.3065630356e+02
-3.2226499455e+02, -1.2839426185e+02
-3.2444341371e+02, -1.2609298233e+02
-3.2663615699e+02, -1.2375097272e+02
-3.2884395850e+02, -1.2136662788e+02
-3.3106761369e+02, -1.1893821710e+02
-3.3330798674e+02, -1.1646386940e+02
-3.3556601923e+02, -1.1394155655e+02
-3.3784274019e+02, -1.1136907326e+02
-3.4013927795e+02, -1.0874401399e+02
-3.4245687413e+02, -1.0606374565e+02
-3.4479690031e+02, -1.0332537514e+02
-3.4716087799e+02, -1.0052571067e+02
-3.4955050268e+02, -9.7661215131e+01
-3.5196767329e+02, -9.4727949474e+01
-3.5441452821e+02, -9.1721503376e+01
-3.5689349021e+02, -8.8636909350e+01
-3.5940732273e+02, -8.5468535241e+01
-4.0648644802e+02, +1.3130163754e+02
-4.0987821874e+02, +1.2903601741e+02
-3.6719244759e+02, -7.5391291043e+01
-5.2182949204e+02, +8.0686758453e+01
-5.1723704622e+02, +8.1726944831e+01
-5.1263343312e+02, +8.2826847511e+01
-3.7833035187e+02, -6.0244122961e+01
-4.3163553611e+02, +1.1541340305e+02
-4.3551615017e+02, +1.1317828802e+02
-4.3947285233e+02, +1.1096763726e+02
-4.4350558073e+02, +1.0878776347e+02
-4.4761349819e+02, +1.0664519946e+02
-4.5179499632e+02, +1.0454653100e+02
-4.5604792638e+02, +1.0249817763e+02
-4.6037094066e+02, +1.0050607236e+02
-4.6478584462e+02, +9.8579442403e+01
-3.5441452821e+02, -9.1721503376e+01
-4.5820045894e+02, +1.0149482179e+02
-4.5391252619e+02, +1.0351574694e+02
-4.4555008557e+02, +1.0771147743e+02
           NaN, -8.1176136534e+02
           NaN, -8.4344123268e+02
           NaN, -8.7421689028e+02
           NaN, -9.0411591404e+02
           NaN, -9.3316326233e+02
           NaN, -9.6138185321e+02
           NaN, -9.8879301028e+02
           NaN, -1.0154168080e+03
           NaN, -1.0412723417e+03
           NaN, -1.0663779372e+03
           NaN, -1.0907513128e+03
           NaN, -1.1144097043e+03
           NaN, -1.1373699602e+03
           NaN, -1.1596486159e+03
           NaN, -1.1812619414e+03
           NaN, -1.2022259890e+03
           NaN, -1.2225566110e+03
           NaN, -1.2422694817e+03
           NaN, -1.2613801074e+03
           NaN, -1.2799038297e+03
           NaN, -1.2978558248e+03
           NaN, -1.3152511016e+03
           NaN, -1.3321044984e+03
           NaN, -1.3484306683e+03
           NaN, -1.3642440793e+03
           NaN, -1.3795589998e+03
           NaN, -1.3943894916e+03
           NaN, -1.4087493996e+03
           NaN, -1.4226523448e+03
           NaN, -1.4361117144e+03
           NaN, -1.4491406515e+03
           NaN, -1.4617520547e+03
           NaN, -1.4739585655e+03
           NaN, -1.4857725642e+03
           NaN, -1.4972061687e+03
           NaN, -1.5082712259e+03
           NaN, -1.5189793111e+03
-3.0334395344e+02, +2.0413055086e+02
           NaN, -1.5393694886e+03
-2.9878724769e+02, +2.0713123607e+02
-2.9652522814e+02, +2.0860661164e+02
-2.9427364173e+02, +2.1006561724e+02
-2.9203216522e+02, +2.1150845409e+02
-2.8980048927e+02, +2.1293531955e+02
-2.8757831764e+02, +2.1434640707e+02
-2.8536536646e+02, +2.1574190621e+02
-2.8316136359e+02, +2.1712200270e+02
-2.8096604795e+02, +2.1848687838e+02
-2.7877916901e+02, +2.1983671133e+02
-2.7660048614e+02, +2.2117167586e+02
-2.7442976816e+02, +2.2249194257e+02
-2.7226679286e+02, +2.2379767841e+02
-2.7011134650e+02, +2.2508904675e+02
-2.6796322343e+02, +2.2636620742e+02
-2.6582222566e+02, +2.2762931678e+02
-2.6368816250e+02, +2.2887852780e+02
-2.6156085019e+02, +2.3011399011e+02
-2.5944011159e+02, +2.3133585009e+02
-2.5732577585e+02, +2.3254425091e+02
-2.5521767810e+02, +2.3373933263e+02
-2.5311565922e+02, +2.3492123222e+02
-2.5101956551e+02, +2.3609008371e+02
-2.4892924850e+02, +2.3724601817e+02
-2.4684456469e+02, +2.3838916382e+02
-2.4476537532e+02, +2.3951964611e+02
-2.4269154617e+02, +2.4063758776e+02
-2.4062294736e+02, +2.4174310882e+02
-4.1350270003e+02, -5.9971921841e+00
-4.0716622643e+02, -1.6563630769e+01
-4.0238202590e+02, -2.4296008291e+01
-3.9822504712e+02, -3.0849943892e+01
-3.9443945100e+02, -3.6689441943e+01
-3.9090865665e+02, -4.2028317469e+01
-3.8756739705e+02, -4.6987484345e+01
-3.8437457663e+02, -5.1643788761e+01
-3.8130225063e+02, -5.6049944987e+01
-3.7833035187e+02, -6.0244122961e+01
-3.7544387040e+02, -6.4255100846e+01
-3.7263121756e+02, -6.8105267410e+01
-3.6988321645e+02, -7.1812483037e+01
-3.6719244759e+02, -7.5391291043e+01
-3.6455280760e+02, -7.8853738009e+01
-3.6195920161e+02, -8.2209947914e+01
-3.5940732273e+02, -8.5468535241e+01
-3.5689349021e+02, -8.8636909350e+01
-3.5441452821e+02, -9.1721503376e+01
-3.5196767329e+02, -9.4727949474e+01
-3.4955050268e+02, -9.7661215131e+01
-3.4716087799e+02, -1.0052571067e+02
-3.4479690031e+02, -1.0332537514e+02
-3.4245687413e+02, -1.0606374565e+02
-3.4013927795e+02, -1.0874401399e+02
-3.3784274019e+02, -1.1136907326e+02
-3.3556601923e+02, -1.1394155655e+02
-3.3330798674e+02, -1.1646386940e+02
-3.3106761369e+02, -1.1893821710e+02
-3.2884395850e+02, -1.2136662788e+02
-3.2663615699e+02, -1.2375097272e+02
-3.2444341371e+02, -1.2609298233e+02
-3.2226499455e+02, -1.2839426185e+02
-3.2010022029e+02, -1.3065630356e+02
-3.1794846102e+02, -1.3288049800e+02
-3.1580913132e+02, -1.3506814362e+02
-3.1368168591e+02, -1.3722045538e+02
-3.1156561597e+02, -1.3933857222e+02
-3.0946044579e+02, -1.4142356378e+02
-3.0736572983e+02, -1.4347643624e+02
-3.0528105014e+02, -1.4549813768e+02
-3.0320601401e+02, -1.4748956270e+02
-3.0114025191e+02, -1.4945155674e+02
-2.9908341561e+02, -1.5138491982e+02
-2.9703517650e+02, -1.5329040996e+02
-2.9499522412e+02, -1.5516874631e+02
-2.9296326475e+02, -1.5702061192e+02
-2.9093902019e+02, -1.5884665630e+02
-2.8892222667e+02, -1.6064749772e+02
-2.8691263378e+02, -1.6242372532e+02
-2.8491000359e+02, -1.6417590104e+02
-2.8291410978e+02, -1.6590456138e+02
-2.8092473685e+02, -1.6761021903e+02
-2.7894167947e+02, -1.6929336431e+02
-2.7696474174e+02, -1.7095446658e+02
-2.7499373669e+02, -1.7259397547e+02
-2.7302848566e+02, -1.7421232206e+02
-2.7106881779e+02, -1.7580991993e+02
-2.6911456963e+02, -1.7738716617e+02
-2.6716558460e+02, -1.7894444229e+02
-2.6522171267e+02, -1.8048211506e+02
-2.6328280995e+02, -1.8200053733e+02
-2.6134873837e+02, -1.8350004877e+02
-2.5941936532e+02, -1.8498097650e+02
-2.5749456339e+02, -1.8644363582e+02
-2.5557421007e+02, -1.8788833074e+02
-2.5365818751e+02, -1.8931535454e+02
-2.5174638226e+02, -1.9072499035e+02
-2.4983868505e+02, -1.9211751157e+02
-2.4793499057e+02, -1.9349318238e+02
-2.4603519731e+02, -1.9485225815e+02
-2.4413920731e+02, -1.9619498585e+02
-2.4224692604e+02, -1.9752160442e+02
-2.4035826222e+02, -1.9883234513e+02
-2.3847312765e+02, -2.0012743196e+02
-2.3659143710e+02, -2.0140708184e+02
-2.3471310814e+02, -2.0267150500e+02
-2.3283806103e+02, -2.0392090527e+02
-2.3096621859e+02, -2.0515548030e+02
-2.2909750609e+02, -2.0637542183e+02
-2.2723185114e+02, -2.0758091596e+02
-2.2536918362e+02, -2.0877214332e+02
-2.2350943552e+02, -2.0994927934e+02
-2.2165254090e+02, -2.1111249442e+02
-2.1979843578e+02, -2.1226195414e+02
-2.1794705807e+02, -2.1339781942e+02
-2.1609834750e+02, -2.1452024671e+02
-2.1425224551e+02, -2.1562938819e+02
-2.1240869524e+02, -2.1672539184e+02
-2.1056764139e+02, -2.1780840169e+02
-2.0872903023e+02, -2.1887855789e+02
-2.0689280949e+02, -2.1993599688e+02
-2.0505892831e+02, -2.2098085151e+02
-2.0322733722e+02, -2.2201325115e+02
-2.0139798804e+02, -2.2303332185e+02
-1.9957083388e+02, -2.2404118641e+02
-1.9774582904e+02, -2.2503696450e+02
-1.9592292900e+02, -2.2602077276e+02
-1.9410209038e+02, -2.2699272493e+02
-1.9228327089e+02, -2.2795293188e+02
-1.9046642927e+02, -2.2890150177e+02
-1.8865152529e+02, -2.2983854009e+02
-1.8683851970e+02, -2.3076414974e+02
-1.8502737416e+02, -2.3167843116e+02
-1.8321805129e+02, -2.3258148234e+02
-1.8141051456e+02, -2.3347339893e+02
-1.7960472827e+02, -2.3435427431e+02
-1.7780065759e+02, -2.3522419964e+02
-1.7599826844e+02, -2.3608326394e+02
-1.7419752752e+02, -2.3693155415e+02
-1.7239840227e+02, -2.3776915516e+02
-1.7060086085e+02, -2.3859614991e+02
-1.6880487212e+02, -2.3941261942e+02
-1.6701040558e+02, -2.4021864286e+02
-1.6521743142e+02, -2.4101429756e+02
-1.6342592043e+02, -2.4179965912e+02
-1.6163584402e+02, -2.4257480140e+02
-1.5984717418e+02, -2.4333979659e+02
-1.5805988348e+02, -2.4409471526e+02
-1.5627394504e+02, -2.4483962639e+02
-1.5448933251e+02, -2.4557459742e+02
-1.5270602007e+02, -2.4629969427e+02
-1.5092398239e+02, -2.4701498139e+02
-1.4914319463e+02, -2.4772052182e+02
-1.4736363245e+02, -2.4841637717e+02
-1.4558527192e+02, -2.4910260771e+02
-1.4380808960e+02, -2.4977927234e+02
-1.4203206246e+02, -2.5044642870e+02
-1.4025716789e+02, -2.5110413314e+02
-1.3848338368e+02, -2.5175244075e+02
-1.3671068804e+02, -2.5239140544e+02
-1.3493905953e+02, -2.5302107990e+02
-1.3316847710e+02, -2.5364151568e+02
-1.3139892007e+02, -2.5425276318e+02
-1.2963036808e+02, -2.5485487170e+02
-1.2786280115e+02, -2.5544788944e+02
-1.2609619959e+02, -2.5603186354e+02
-1.2433054405e+02, -2.5660684010e+02
-1.2256581550e+02, -2.5717286419e+02
-1.2080199520e+02, -2.5772997990e+02
-1.1903906471e+02, -2.5827823032e+02
-1.1727700586e+02, -2.5881765757e+02
-1.1551580078e+02, -2.5934830284e+02
-1.1375543186e+02, -2.5987020642e+02
-1.1199588174e+02, -2.6038340764e+02
-1.1023713333e+02, -2.6088794498e+02
-1.0847916979e+02, -2.6138385603e+02
-1.0672197450e+02, -2.6187117753e+02
-1.0496553109e+02, -2.6234994537e+02
-1.0320982340e+02, -2.6282019462e+02
-1.0145483552e+02, -2.6328195954e+02
-9.9700551717e+01, -2.6373527356e+02
-9.7946956489e+01, -2.6418016938e+02
-9.6194034529e+01, -2.6461667887e+02
-9.4441770724e+01, -2.6504483318e+02
-9.2690150154e+01, -2.6546466269e+02
-9.0939158080e+01, -2.6587619705e+02
-8.9188779947e+01, -2.6627946521e+02
-8.7439001368e+01, -2.6667449536e+02
-8.5689808130e+01, -2.6706131503e+02
-8.3941186181e+01, -2.6743995103e+02
-8.2193121628e+01, -2.6781042951e+02
-8.0445600732e+01, -2.6817277592e+02
-7.8698609905e+01, -2.6852701508e+02
-7.6952135703e+01, -2.6887317114e+02
-7.5206164822e+01, -2.6921126760e+02
-7.3460684095e+01, -2.6954132732e+02
-7.1715680486e+01, -2.6986337257e+02
-6.9971141088e+01, -2.7017742495e+02
-6.8227053118e+01, -2.7048350547e+02
-6.6483403910e+01, -2.7078163454e+02
-6.4740180917e+01, -2.7107183198e+02
-6.2997371703e+01, -2.7135411698e+02
-6.1254963939e+01, -2.7162850819e+02
-5.9512945403e+01, -2.7189502366e+02
-5.7771303971e+01, -2.7215368088e+02
-5.6030027620e+01, -2.7240449676e+02
-5.4289104418e+01, -2.7264748765e+02
-5.2548522524e+01, -2.7288266938e+02
-5.0808270186e+01, -2.7311005718e+02
-4.9068335735e+01, -2.7332966577e+02
-4.7328707582e+01, -2.7354150933e+02
-4.5589374215e+01, -2.7374560149e+02
-4.3850324198e+01, -2.7394195537e+02
-4.2111546166e+01, -2.7413058354e+02
-4.0373028821e+01, -2.7431149807e+02
-3.8634760930e+01, -2.7448471051e+02
-3.6896731323e+01, -2.7465023189e+02
-3.5158928890e+01, -2.7480807273e+02
-3.3421342575e+01, -2.7495824305e+02
-3.1683961378e+01, -2.7510075236e+02
-2.9946774347e+01, -2.7523560968e+02
-2.8209770580e+01, -2.7536282352e+02
-2.6472939220e+01, -2.7548240191e+02
-2.4736269450e+01, -2.7559435237e+02
-2.2999750494e+01, -2.7569868195e+02
-2.1263371614e+01, -2.7579539721e+02
-1.9527122105e+01, -2.7588450420e+02
-1.7790991292e+01, -2.7596600851e+02
-1.6054968532e+01, -2.7603991526e+02
-1.4319043206e+01, -2.7610622906e+02
-1.2583204719e+01, -2.7616495406e+02
-1.0847442498e+01, -2.7621609393e+02
-9.1117459879e+00, -2.7625965187e+02
-7.3761046488e+00, -2.7629563058e+02
-5.6405079551e+00, -2.7632403232e+02
-3.9049453918e+00, -2.7634485885e+02
-2.1694064519e+00, -2.7635811148e+02
-4.3388063431e-01, -2.7636379104e+02
+1.3016425590e+00, -2.7636189786e+02
+3.0371736254e+00, -2.7635243184e+02
+4.7727230640e+00, -2.7633539239e+02
+6.5083013787e+00, -2.7631077845e+02
+8.2439190801e+00, -2.7627858847e+02
+9.9795866883e+00, -2.7623882046e+02
+1.1715314736e+01, -2.7619147193e+02
+1.3451113769e+01, -2.7613653992e+02
+1.5186994353e+01, -2.7607402101e+02
+1.6922967070e+01, -2.7600391128e+02
+1.8659042527e+01, -2.7592620636e+02
+2.0395231356e+01, -2.7584090137e+02
+2.2131544215e+01, -2.7574799098e+02
+2.3867991792e+01, -2.7564746935e+02
+2.5604584810e+01, -2.7553933018e+02
+2.7341334026e+01, -2.7542356666e+02
+2.9078250235e+01, -2.7530017152e+02
+3.0815344274e+01, -2.7516913697e+02
+3.2552627022e+01, -2.7503045475e+02
+3.4290109406e+01, -2.7488411609e+02
+3.6027802402e+01, -2.7473011173e+02
+3.7765717036e+01, -2.7456843191e+02
+3.9503864393e+01, -2.7439906635e+02
+4.1242255611e+01, -2.7422200427e+02
+4.2980901892e+01, -2.7403723440e+02
+4.4719814500e+01, -2.7384474492e+02
+4.6459004767e+01, -2.7364452350e+02
+4.8198484092e+01, -2.7343655731e+02
+4.9938263951e+01, -2.7322083298e+02
+5.1678355892e+01, -2.7299733658e+02
+5.3418771544e+01, -2.7276605369e+02
+5.5159522617e+01, -2.7252696933e+02
+5.6900620909e+01, -2.7228006795e+02
+5.8642078303e+01, -2.7202533348e+02
+6.0383906778e+01, -2.7176274929e+02
+6.2126118406e+01, -2.7149229817e+02
+6.3868725361e+01, -2.7121396235e+02
+6.5611739917e+01, -2.7092772350e+02
+6.7355174455e+01, -2.7063356269e+02
+6.9099041469e+01, -2.7033146040e+02
+7.0843353563e+01, -2.7002139654e+02
+7.2588123460e+01, -2.6970335039e+02
+7.4333364007e+01, -2.6937730065e+02
+7.6079088173e+01, -2.6904322537e+02
+7.7825309061e+01, -2.6870110201e+02
+7.9572039904e+01, -2.6835090738e+02
+8.1319294076e+01, -2.6799261766e+02
+8.3067085092e+01, -2.6762620835e+02
+8.4815426617e+01, -2.6725165434e+02
+8.6564332464e+01, -2.6686892981e+02
+8.8313816606e+01, -2.6647800830e+02
+9.0063893174e+01, -2.6607886263e+02
+9.1814576469e+01, -2.6567146494e+02
+9.3565880960e+01, -2.6525578666e+02
+9.5317821294e+01, -2.6483179850e+02
+9.7070412300e+01, -2.6439947045e+02
+9.8823668993e+01, -2.6395877174e+02
+1.0057760658e+02, -2.6350967085e+02
+1.0233224047e+02, -2.6305213551e+02
+1.0408758628e+02, -2.6258613266e+02
+1.0584365982e+02, -2.6211162845e+02
+1.0760047714e+02, -2.6162858821e+02
+1.0935805450e+02, -2.6113697647e+02
+1.1111640838e+02, -2.6063675692e+02
+1.1287555552e+02, -2.6012789240e+02
+1.1463551289e+02, -2.5961034486e+02
+1.1639629770e+02, -2.5908407541e+02
+1.1815792745e+02, -2.5854904424e+02
+1.1992041987e+02, -2.5800521062e+02
+1.2168379298e+02, -2.5745253288e+02
+1.2344806508e+02, -2.5689096843e+02
+1.2521325476e+02, -2.5632047367e+02
+1.2697938091e+02, -2.5574100404e+02
+1.2874646272e+02, -2.5515251394e+02
+1.3051451970e+02, -2.5455495677e+02
+1.3228357169e+02, -2.5394828486e+02
+1.3405363886e+02, -2.5333244945e+02
+1.3582474171e+02, -2.5270740070e+02
+1.3759690114e+02, -2.5207308764e+02
+1.3937013836e+02, -2.5142945815e+02
+1.4114447500e+02, -2.5077645894e+02
+1.4291993306e+02, -2.5011403551e+02
+1.4469653494e+02, -2.4944213213e+02
+1.4647430345e+02, -2.4876069183e+02
+1.4825326185e+02, -2.4806965634e+02
+1.5003343380e+02, -2.4736896606e+02
+1.5181484344e+02, -2.4665856007e+02
+1.5359751537e+02, -2.4593837605e+02
+1.5538147466e+02, -2.4520835026e+02
+1.5716674689e+02, -2.4446841752e+02
+1.5895335813e+02, -2.4371851114e+02
+1.6074133501e+02, -2.4295856293e+02
+1.6253070467e+02, -2.4218850312e+02
+1.6432149483e+02, -2.4140826033e+02
+1.6611373380e+02, -2.4061776154e+02
+1.6790745045e+02, -2.3981693202e+02
+1.6970267432e+02, -2.3900569533e+02
+1.7149943554e+02, -2.3818397321e+02
+1.7329776494e+02, -2.3735168557e+02
+1.7509769400e+02, -2.3650875045e+02
+1.7689925492e+02, -2.3565508394e+02
+1.7870248063e+02, -2.3479060012e+02
+1.8050740481e+02, -2.3391521102e+02
+1.8231406191e+02, -2.3302882657e+02
+1.8412248720e+02, -2.3213135450e+02
+1.8593271678e+02, -2.3122270030e+02
+1.8774478761e+02, -2.3030276716e+02
+1.8955873755e+02, -2.2937145588e+02
+1.9137460538e+02, -2.2842866481e+02
+1.9319243085e+02, -2.2747428973e+02
+1.9501225468e+02, -2.2650822386e+02
+1.9683411866e+02, -2.2553035768e+02
+1.9865806560e+02, -2.2454057890e+02
+2.0048413947e+02, -2.2353877235e+02
+2.0231238535e+02, -2.2252481987e+02
+2.0414284954e+02, -2.2149860025e+02
+2.0597557958e+02, -2.2045998907e+02
+2.0781062427e+02, -2.1940885865e+02
+2.0964803378e+02, -2.1834507789e+02
+2.1148785966e+02, -2.1726851215e+02
+2.1333015490e+02, -2.1617902315e+02
+2.1517497403e+02, -2.1507646883e+02
+2.1702237309e+02, -2.1396070320e+02
+2.1887240981e+02, -2.1283157620e+02
+2.2072514357e+02, -2.1168893354e+02
+2.2258063557e+02, -2.1053261654e+02
+2.2443894881e+02, -2.0936246198e+02
+2.2630014826e+02, -2.0817830190e+02
+2.2816430086e+02, -2.0697996341e+02
+2.3003147567e+02, -2.0576726849e+02
+2.3190174395e+02, -2.0454003382e+02
+2.3377517924e+02, -2.0329807050e+02
+2.3565185747e+02, -2.0204118387e+02
+2.3753185709e+02, -2.0076917322e+02
+2.3941525917e+02, -1.9948183156e+02
+2.4130214753e+02, -1.9817894534e+02
+2.4319260886e+02, -1.9686029414e+02
+2.4508673289e+02, -1.9552565039e+02
+2.4698461249e+02, -1.9417477902e+02
+2.4888634390e+02, -1.9280743711e+02
+2.5079202682e+02, -1.9142337356e+02
+2.5270176465e+02, -1.9002232863e+02
+2.5461566464e+02, -1.8860403360e+02
+2.5653383812e+02, -1.8716821026e+02
+2.5845640073e+02, -1.8571457046e+02
+2.6038347261e+02, -1.8424281562e+02
+2.6231517868e+02, -1.8275263617e+02
+2.6425164892e+02, -1.8124371098e+02
+2.6619301863e+02, -1.7971570672e+02
+2.6813942875e+02, -1.7816827724e+02
+2.7009102619e+02, -1.7660106281e+02
+2.7204796421e+02, -1.7501368939e+02
+2.7401040278e+02, -1.7340576781e+02
+2.7597850899e+02, -1.7177689283e+02
+2.7795245754e+02, -1.7012664227e+02
+2.7993243118e+02, -1.6845457590e+02
+2.8191862127e+02, -1.6676023439e+02
+2.8391122835e+02, -1.6504313805e+02
+2.8591046276e+02, -1.6330278555e+02
+2.8791654530e+02, -1.6153865251e+02
+2.8992970800e+02, -1.5975018990e+02
+2.9195019493e+02, -1.5793682242e+02
+2.9397826305e+02, -1.5609794661e+02
+2.9601418321e+02, -1.5423292885e+02
+2.9805824122e+02, -1.5234110318e+02
+3.0011073902e+02, -1.5042176883e+02
+3.0217199595e+02, -1.4847418757e+02
+3.0424235025e+02, -1.4649758079e+02
+3.0632216056e+02, -1.4449112622e+02
+3.0841180777e+02, -1.4245395434e+02
+3.1051169693e+02, -1.4038514435e+02
+3.1262225948e+02, -1.3828371976e+02
+3.1474395569e+02, -1.3614864335e+02
+3.1687727745e+02, -1.3397881161e+02
+3.1902275136e+02, -1.3177304848e+02
+3.2118094227e+02, -1.2953009826e+02
+3.2335245729e+02, -1.2724861757e+02
+3.2553795031e+02, -1.2492716632e+02
+3.2773812727e+02, -1.2256419727e+02
+3.2995375208e+02, -1.2015804420e+02
+3.3218565356e+02, -1.1770690823e+02
+3.3443473342e+02, -1.1520884205e+02
+3.3670197561e+02, -1.1266173157e+02
+3.3898845720e+02, -1.1006327451e+02
+3.4129536127e+02, -1.0741095526e+02
+3.4362399215e+02, -1.0470201515e+02
+3.4597579364e+02, -1.0193341702e+02
+3.4835237093e+02, -9.9101802813e+01
+3.5075551719e+02, -9.6203442252e+01
+3.5318724605e+02, -9.3234170250e+01
+3.5564983185e+02, -9.0189309850e+01
+3.5814585979e+02, -8.7063576271e+01
+3.6067828942e+02, -8.3850956058e+01
+4.0817465010e+02, +1.3016991835e+02
+4.1159749175e+02, +1.2790028026e+02
+5.2412067602e+02, +8.0188008178e+01
+5.1953484341e+02, +8.1199596943e+01
+5.1493644878e+02, +8.2269222578e+01
+3.7687722442e+02, -6.2270988705e+01
+4.2972358670e+02, +1.1653825372e+02
+4.3356635683e+02, +1.1429316976e+02
+4.3748497657e+02, +1.1206951688e+02
+4.4147974690e+02, +1.0987344835e+02
+4.4555022422e+02, +1.0771140511e+02
+4.4969517702e+02, +1.0558997013e+02
+4.5391266972e+02, +1.0351567780e+02
+4.5820060482e+02, +1.0149475455e+02
+4.6256082159e+02, +9.9532794845e+01
+3.8282474984e+02, -5.3875483347e+01
+4.6037079355e+02, +1.0050613858e+02
+4.5604778167e+02, +1.0249824584e+02
+4.4761335830e+02, +1.0664527107e+02
           NaN, -8.2771616973e+02
           NaN, -8.5894029516e+02
           NaN, -8.8927436776e+02
           NaN, -9.1874457317e+02
           NaN, -9.4737478719e+02
           NaN, -9.7518708099e+02
           NaN, -1.0022021157e+03
           NaN, -1.0284394467e+03
           NaN, -1.0539177615e+03
           NaN, -1.0786550652e+03
           NaN, -1.1026688201e+03
           NaN, -1.1259760590e+03
           NaN, -1.1485934653e+03
           NaN, -1.1705374368e+03
           NaN, -1.1918241298e+03
           NaN, -1.2124694945e+03
           NaN, -1.2324892927e+03
           NaN, -1.2518991124e+03
           NaN, -1.2707143793e+03
           NaN, -1.2889503509e+03
           NaN, -1.3066221217e+03
           NaN, -1.3237446155e+03
           NaN, -1.3403325783e+03
           NaN, -1.3564005728e+03
           NaN, -1.3719629675e+03
           NaN, -1.3870339287e+03
           NaN, -1.4016274118e+03
           NaN, -1.4157571504e+03
           NaN, -1.4294366493e+03
           NaN, -1.4426791752e+03
           NaN, -1.4554977489e+03
           NaN, -1.4679051414e+03
           NaN, -1.4799138650e+03
           NaN, -1.4915361698e+03
           NaN, -1.5027840357e+03
           NaN, -1.5136691776e+03
+3.0449019767e+02, +2.0336982328e+02
           NaN, -1.5343967592e+03
           NaN, -1.5442612500e+03
+2.9765491301e+02, +2.0787098283e+02
+2.9539815133e+02, +2.0933814802e+02
+2.9315165938e+02, +2.1078904433e+02
+2.9091512099e+02, +2.1222387106e+02
+2.8868823344e+02, +2.1364282361e+02
+2.8647070677e+02, +2.1504609349e+02
+2.8426226305e+02, +2.1643386833e+02
+2.8206263576e+02, +2.1780633192e+02
+2.7987156916e+02, +2.1916366422e+02
+2.7768881773e+02, +2.2050604140e+02
+2.7551414563e+02, +2.2183363592e+02
+2.7334732623e+02, +2.2314661655e+02
+2.7118814160e+02, +2.2444514845e+02
+2.6903638211e+02, +2.2572939319e+02
+2.6689184597e+02, +2.2699950887e+02
+2.6475433890e+02, +2.2825565015e+02
+2.6262367371e+02, +2.2949796832e+02
+2.6049967000e+02, +2.3072661137e+02
+2.5838215380e+02, +2.3194172407e+02
+2.5627095730e+02, +2.3314344802e+02
+2.5416591853e+02, +2.3433192174e+02
+2.5206688111e+02, +2.3550728072e+02
+2.4997369400e+02, +2.3666965749e+02
+2.4788621123e+02, +2.3781918169e+02
+2.4580429170e+02, +2.3895598015e+02
+2.4372779893e+02, +2.4008017695e+02
+2.4165660092e+02, +2.4119189346e+02
+2.3959056988e+02, +2.4229124843e+02
