-5.1804794138e+02, -6.0902937562e-01
-5.2350951749e+02, -5.9624842312e-01
-5.2886157813e+02, -5.8482211630e-01
-5.3411534500e+02, -5.7452702285e-01
-5.3928024776e+02, -5.6518846585e-01
-5.4937439773e+02, -5.4885235744e-01
-5.8098316197e+02, +5.6369342327e+01
-5.4952472553e+02, +7.4974201405e+01
-5.6376429649e+02, +7.7659159385e+01
-5.5919581849e+02, -5.3498869450e-01
-5.6401694449e+02, -5.2880148773e-01
-5.6878393738e+02, -5.2303646250e-01
-5.7350041367e+02, -5.1764844022e-01
-5.7816961089e+02, -5.1259875912e-01
-5.8279444118e+02, -5.0785410839e-01
-5.8737753547e+02, -5.0338560838e-01
-5.9192128018e+02, -4.9916807743e-01
-5.9642784797e+02, -4.9517944226e-01
-6.0089922368e+02, -4.9140025960e-01
-6.0533722632e+02, -4.8781332516e-01
-6.0974352788e+02, -4.8440335154e-01
-6.1846707505e+02, -4.7806116375e-01
-6.3981611527e+02, -4.6450140772e-01
-6.0974352788e+02, -4.8440335154e-01
-6.2764791412e+02, +7.0598801702e+01
-6.2708086074e+02, -4.7228062800e-01
-6.3134960503e+02, -4.6957680184e-01
-6.3559435912e+02, -4.6698618475e-01
-6.3981611527e+02, -4.6450140772e-01
-6.4401580195e+02, -4.6211575426e-01
-6.4819428944e+02, -4.5982308769e-01
-6.5235239480e+02, -4.5761778830e-01
-6.5649088625e+02, -4.5549469852e-01
-6.6061048720e+02, -4.5344907511e-01
-6.6471187976e+02, -4.5147654730e-01
-6.6879570799e+02, -4.4957307991e-01
-6.7931751075e+02, +6.1982547383e+01
-6.8897160311e+02, -4.4097012089e-01
-6.6879570799e+02, -4.4957307991e-01
-6.7993276069e+02, +6.7375471118e+01
-6.8496708051e+02, -4.4257914181e-01
-6.8897160311e+02, -4.4097012089e-01
-6.9296177043e+02, -4.3941141693e-01
-6.9693802748e+02, -4.3790061455e-01
-7.0090079814e+02, -4.3643545611e-01
-7.0485048646e+02, -4.3501382871e-01
-7.0878747797e+02, -4.3363375243e-01
-7.1271214081e+02, -4.3229336983e-01
-7.1662482679e+02, -4.3099093634e-01
-7.2052587240e+02, -4.2972481161e-01
-7.2441559970e+02, -4.2849345168e-01
-7.3467049993e+02, +6.2480959746e+01
-7.3986730737e+02, -4.2388777007e-01
-7.2171366179e+02, +5.6012150917e+01
-7.3319528124e+02, +5.8902137420e+01
-7.3986730737e+02, -4.2388777007e-01
-7.4370482456e+02, -4.2280998071e-01
-7.4753269586e+02, -4.2175935676e-01
-7.5135116277e+02, -4.2073486016e-01
-7.5516045762e+02, -4.1973550663e-01
-7.5896080406e+02, -4.1876036222e-01
-7.6275241747e+02, -4.1780854003e-01
-7.6653550542e+02, -4.1687919720e-01
-7.7031026800e+02, -4.1597153217e-01
-7.7407689824e+02, -4.1508478212e-01
-7.7783558240e+02, -4.1421822060e-01
-7.8158650033e+02, -4.1337115534e-01
-7.8452900277e+02, +5.7891858611e+01
-7.9279436482e+02, -4.1094048539e-01
-8.1870405709e+02, -4.0584126600e-01
-7.8742533232e+02, +5.7236849956e+01
-7.9237260434e+02, +6.1454402310e+01
-8.0023047717e+02, -4.0940619165e-01
-8.0393825003e+02, -4.0866324159e-01
-8.0763935868e+02, -4.0793574513e-01
-8.1133394101e+02, -4.0722322112e-01
-8.1502213064e+02, -4.0652520865e-01
-8.1870405709e+02, -4.0584126600e-01
-8.2237984598e+02, -4.0517096959e-01
-8.2604961914e+02, -4.0451391306e-01
-8.2971349480e+02, -4.0386970639e-01
-8.3337158775e+02, -4.0323797506e-01
-8.3702400942e+02, -4.0261835929e-01
-8.4067086806e+02, -4.0201051329e-01
-8.4431226885e+02, -4.0141410456e-01
-8.4794831399e+02, -4.0082881328e-01
-8.5706193810e+02, +6.1857201481e+01
-8.5882529570e+02, -3.9913662329e-01
-8.8761792446e+02, -3.9504389964e-01
-8.5157910286e+02, -4.0025433168e-01
-8.5882529570e+02, -3.9913662329e-01
-8.6605158940e+02, -3.9805873727e-01
-8.6965749516e+02, -3.9753407098e-01
-8.7325868679e+02, -3.9701859091e-01
-8.7685524648e+02, -3.9651205931e-01
-8.8044725431e+02, -3.9601424668e-01
-8.8403478828e+02, -3.9552493146e-01
-8.8761792446e+02, -3.9504389964e-01
-8.9119673699e+02, -3.9457094445e-01
-8.9477129817e+02, -3.9410586605e-01
-8.9834167852e+02, -3.9364847126e-01
-9.0190794684e+02, -3.9319857322e-01
-9.0547017025e+02, -3.9275599122e-01
-9.0902841429e+02, -3.9232055035e-01
-9.1258274290e+02, -3.9189208133e-01
-9.1613321855e+02, -3.9147042026e-01
-9.1967990222e+02, -3.9105540839e-01
-9.2322285349e+02, -3.9064689196e-01
-9.2676213054e+02, -3.9024472195e-01
-9.3547856426e+02, +5.4428386863e+01
-9.3781887842e+02, +5.3971507633e+01
-9.5495103564e+02, +5.0480499465e+01
-9.2044526334e+02, +5.4385625737e+01
-9.3778622677e+02, +5.4009672146e+01
-9.4035657938e+02, +5.4113386953e+01
-9.4792373119e+02, -3.8795718718e-01
-9.5143881163e+02, -3.8759563301e-01
-9.5495063882e+02, -3.8723938408e-01
-9.5845926033e+02, -3.8688832686e-01
-9.6196472273e+02, -3.8654235105e-01
-9.6546707158e+02, -3.8620134947e-01
-9.6896635150e+02, -3.8586521798e-01
-9.7246260617e+02, -3.8553385535e-01
-9.7595587838e+02, -3.8520716314e-01
-9.7944621003e+02, -3.8488504563e-01
-9.8293364215e+02, -3.8456740973e-01
-9.8641821497e+02, -3.8425416487e-01
-9.8989996788e+02, -3.8394522289e-01
-9.9337893950e+02, -3.8364049804e-01
-9.9685516768e+02, -3.8333990681e-01
-1.0003286895e+03, -3.8304336792e-01
-1.0037995414e+03, -3.8275080218e-01
-1.0072677589e+03, -3.8246213251e-01
-1.0107333771e+03, -3.8217728377e-01
-1.0141964303e+03, -3.8189618280e-01
-1.0176569521e+03, -3.8161875826e-01
-1.0211149755e+03, -3.8134494064e-01
-1.0245705330e+03, -3.8107466217e-01
-1.0235046629e+03, +5.5853348475e+01
-1.0349227243e+03, -3.8028440907e-01
-1.0384976770e+03, +5.2726056272e+01
-1.0486929843e+03, -3.7927645914e-01
-1.0314743764e+03, -3.8054446003e-01
-1.0423759975e+03, +5.3522590501e+01
-1.0452538310e+03, -3.7952372530e-01
-1.0488634876e+03, +6.6685383643e+01
-1.0555646357e+03, -3.7879103371e-01
-1.0589971883e+03, -3.7855276716e-01
-1.0624275942e+03, -3.7831739527e-01
-1.0658558794e+03, -3.7808486750e-01
-1.0692820695e+03, -3.7785513446e-01
-1.0727061897e+03, -3.7762814789e-01
-1.0761282646e+03, -3.7740386065e-01
-1.0795483184e+03, -3.7718222666e-01
-1.0829663750e+03, -3.7696320089e-01
-1.0863824579e+03, -3.7674673931e-01
-1.0897965901e+03, -3.7653279890e-01
-1.0932087942e+03, -3.7632133756e-01
-1.0966190926e+03, -3.7611231414e-01
-1.1000275071e+03, -3.7590568841e-01
-1.1034340594e+03, -3.7570142097e-01
-1.1068387705e+03, -3.7549947333e-01
-1.1102416615e+03, -3.7529980779e-01
-1.1136427527e+03, -3.7510238748e-01
-1.1170420644e+03, -3.7490717632e-01
-1.1204396165e+03, -3.7471413898e-01
-1.1238354285e+03, -3.7452324088e-01
-1.1272295195e+03, -3.7433444819e-01
-1.1306219087e+03, -3.7414772774e-01
-1.1340126145e+03, -3.7396304710e-01
-1.1374016554e+03, -3.7378037448e-01
-1.1407890495e+03, -3.7359967874e-01
-1.1441748144e+03, -3.7342092940e-01
-1.1475589677e+03, -3.7324409659e-01
-1.1509415266e+03, -3.7306915103e-01
-1.1543225081e+03, -3.7289606404e-01
-1.1577019290e+03, -3.7272480752e-01
-1.1610798057e+03, -3.7255535393e-01
-1.1644561544e+03, -3.7238767627e-01
-1.1638738543e+03, +5.2626374575e+01
-1.1765695399e+03, +5.1742619460e+01
-1.1779465854e+03, -3.7173420327e-01
-1.1813155292e+03, -3.7157501845e-01
-1.1880491247e+03, -3.7126149927e-01
-1.1981390037e+03, -3.7080300035e-01
-1.2450684025e+03, -3.6883438330e-01
-1.1644561544e+03, -3.7238767627e-01
-1.1813155292e+03, -3.7157501845e-01
-1.1876681244e+03, +5.2394952356e+01
-1.1947770937e+03, -3.7095429273e-01
-1.1981390037e+03, -3.7080300035e-01
-1.1986559287e+03, +5.2070073669e+01
-1.2120242673e+03, +5.1875950248e+01
-1.2115731331e+03, -3.7021273262e-01
-1.2149283545e+03, -3.7006878710e-01
-1.2182822774e+03, -3.6992624988e-01
-1.2216349145e+03, -3.6978510144e-01
-1.2249862784e+03, -3.6964532265e-01
-1.2283363814e+03, -3.6950689472e-01
-1.2316852357e+03, -3.6936979918e-01
-1.2350328531e+03, -3.6923401792e-01
-1.2383792457e+03, -3.6909953313e-01
-1.2417244249e+03, -3.6896632731e-01
-1.2450684025e+03, -3.6883438330e-01
-1.2484111896e+03, -3.6870368422e-01
-1.2517527976e+03, -3.6857421350e-01
-1.2550932375e+03, -3.6844595483e-01
-1.2584325202e+03, -3.6831889221e-01
-1.2617706565e+03, -3.6819300992e-01
-1.2651076569e+03, -3.6806829249e-01
-1.2684435321e+03, -3.6794472474e-01
-1.2717782923e+03, -3.6782229172e-01
-1.2751119478e+03, -3.6770097875e-01
-1.2784445086e+03, -3.6758077141e-01
-1.2817759847e+03, -3.6746165551e-01
-1.2851063860e+03, -3.6734361709e-01
-1.2884357221e+03, -3.6722664243e-01
-1.2917640027e+03, -3.6711071806e-01
-1.2950912371e+03, -3.6699583070e-01
-1.2984174348e+03, -3.6688196730e-01
-1.3017426049e+03, -3.6676911504e-01
-1.3050667566e+03, -3.6665726130e-01
-1.3083898989e+03, -3.6654639365e-01
-1.3117120406e+03, -3.6643649989e-01
-1.3150331905e+03, -3.6632756800e-01
-1.3183533572e+03, -3.6621958615e-01
-1.3216725494e+03, -3.6611254272e-01
-1.3249907756e+03, -3.6600642625e-01
-1.3283080439e+03, -3.6590122548e-01
-1.3316243627e+03, -3.6579692933e-01
-1.3349397402e+03, -3.6569352688e-01
-1.3382541844e+03, -3.6559100740e-01
-1.3415677032e+03, -3.6548936030e-01
-1.3448803046e+03, -3.6538857520e-01
-1.3481919962e+03, -3.6528864184e-01
-1.3515027858e+03, -3.6518955014e-01
-1.3548126809e+03, -3.6509129018e-01
-1.3581216891e+03, -3.6499385216e-01
-1.3614298176e+03, -3.6489722647e-01
-1.3647370740e+03, -3.6480140362e-01
-1.3680434654e+03, -3.6470637428e-01
-1.3713489988e+03, -3.6461212926e-01
-1.3746536816e+03, -3.6451865950e-01
-1.3779575205e+03, -3.6442595608e-01
-1.3812605225e+03, -3.6433401021e-01
-1.3845626945e+03, -3.6424281323e-01
-1.3878640431e+03, -3.6415235663e-01
-1.3911645751e+03, -3.6406263201e-01
-1.3944642971e+03, -3.6397363108e-01
-1.3944642971e+03, -3.6397363108e-01
-1.3947238892e+03, +5.1604439476e+01
-1.4143054668e+03, +5.1947872103e+01
-1.4109509821e+03, -3.6353920062e-01
-1.4142459783e+03, -3.6345437474e-01
-1.4175402086e+03, -3.6337021791e-01
-1.4208336790e+03, -3.6328672278e-01
-1.4231246496e+03, +5.0560650013e+01
-1.4307095905e+03, -3.6304013548e-01
-1.4337272002e+03, +5.0621201893e+01
-1.4408878246e+03, +5.0668706566e+01
-1.4471547901e+03, -3.6264173313e-01
-1.4787921181e+03, +4.7371873717e+01
-1.4109509821e+03, -3.6353920062e-01
-1.4285216069e+03, +5.0503424766e+01
-1.4372898399e+03, -3.6287892210e-01
-1.4438671891e+03, -3.6272018750e-01
-1.4471547901e+03, -3.6264173313e-01
-1.4547462501e+03, +5.0266719690e+01
-1.4570133639e+03, -3.6240994434e-01
-1.4602981634e+03, -3.6233385183e-01
-1.4635822757e+03, -3.6225833426e-01
-1.4668657060e+03, -3.6218338557e-01
-1.4668657060e+03, -3.6218338557e-01
-1.4592552620e+03, +5.6596177970e+01
-1.4857534905e+03, +5.0740291432e+01
-1.4864050134e+03, +4.7603374480e+01
-1.4865522503e+03, -3.6174531179e-01
-1.4898310475e+03, -3.6167418282e-01
-1.4931092024e+03, -3.6160357724e-01
-1.4963867196e+03, -3.6153348969e-01
-1.4996636039e+03, -3.6146391490e-01
-1.5029398597e+03, -3.6139484765e-01
-1.5062154917e+03, -3.6132628282e-01
-1.5094905045e+03, -3.6125821531e-01
-1.5127649025e+03, -3.6119064013e-01
-1.5160386902e+03, -3.6112355233e-01
-1.5193118719e+03, -3.6105694704e-01
-1.5225844521e+03, -3.6099081944e-01
-1.5258564349e+03, -3.6092516478e-01
-1.5291278248e+03, -3.6085997837e-01
-1.5323986258e+03, -3.6079525557e-01
-1.5356688423e+03, -3.6073099182e-01
-1.5389384783e+03, -3.6066718259e-01
-1.5422075379e+03, -3.6060382344e-01
-1.5454760252e+03, -3.6054090997e-01
-1.5487439442e+03, -3.6047843783e-01
-1.5520112989e+03, -3.6041640273e-01
-1.5552780932e+03, -3.6035480044e-01
-1.5585443311e+03, -3.6029362677e-01
-1.5618100163e+03, -3.6023287760e-01
-1.5650751528e+03, -3.6017254884e-01
-1.5683397444e+03, -3.6011263648e-01
-1.5716037947e+03, -3.6005313652e-01
-1.5748673075e+03, -3.5999404504e-01
-1.5781302865e+03, -3.5993535817e-01
-1.5813927354e+03, -3.5987707206e-01
-1.5846546577e+03, -3.5981918293e-01
-1.5879160570e+03, -3.5976168704e-01
-1.5911769370e+03, -3.5970458070e-01
-1.5944373010e+03, -3.5964786026e-01
-1.5976971526e+03, -3.5959152211e-01
-1.6009564952e+03, -3.5953556269e-01
-1.6042153323e+03, -3.5947997849e-01
-1.6074736672e+03, -3.5942476601e-01
-1.6107315033e+03, -3.5936992184e-01
-1.6139888440e+03, -3.5931544256e-01
-1.6172456924e+03, -3.5926132484e-01
-1.6205020519e+03, -3.5920756536e-01
-1.6237579256e+03, -3.5915416083e-01
-1.6270133169e+03, -3.5910110803e-01
-1.6302682288e+03, -3.5904840375e-01
-1.6335226646e+03, -3.5899604484e-01
-1.6367766273e+03, -3.5894402817e-01
-1.6400301200e+03, -3.5889235066e-01
-1.6432831458e+03, -3.5884100924e-01
-1.6465357078e+03, -3.5879000091e-01
-1.6497878088e+03, -3.5873932269e-01
-1.6530394520e+03, -3.5868897162e-01
-1.6562906402e+03, -3.5863894480e-01
-1.6595413764e+03, -3.5858923934e-01
-1.6627916634e+03, -3.5853985240e-01
-1.6660415042e+03, -3.5849078116e-01
-1.6692909016e+03, -3.5844202284e-01
-1.6725398585e+03, -3.5839357470e-01
-1.6757883776e+03, -3.5834543400e-01
-1.6790364616e+03, -3.5829759807e-01
-1.6822841135e+03, -3.5825006424e-01
-1.6855313358e+03, -3.5820282989e-01
-1.6887781313e+03, -3.5815589241e-01
-1.6920245026e+03, -3.5810924924e-01
-1.6952704525e+03, -3.5806289784e-01
-1.6985159835e+03, -3.5801683568e-01
-1.7017610983e+03, -3.5797106029e-01
-1.7050057994e+03, -3.5792556921e-01
-1.7082500894e+03, -3.5788036000e-01
-1.7114939709e+03, -3.5783543027e-01
-1.7147374464e+03, -3.5779077763e-01
-1.7179805184e+03, -3.5774639973e-01
-1.7212231893e+03, -3.5770229426e-01
-1.7244654616e+03, -3.5765845889e-01
-1.7277073379e+03, -3.5761489137e-01
-1.7309488204e+03, -3.5757158944e-01
-1.7341899115e+03, -3.5752855087e-01
-1.7374306137e+03, -3.5748577346e-01
-1.7406709294e+03, -3.5744325503e-01
-1.7439108607e+03, -3.5740099343e-01
-1.7471504102e+03, -3.5735898652e-01
-1.7503895800e+03, -3.5731723219e-01
-1.7536283724e+03, -3.5727572835e-01
-1.7568667898e+03, -3.5723447295e-01
-1.7601048343e+03, -3.5719346393e-01
-1.7633425082e+03, -3.5715269928e-01
-1.7665798137e+03, -3.5711217699e-01
-1.7698167529e+03, -3.5707189508e-01
-1.7730533281e+03, -3.5703185160e-01
-1.7762895413e+03, -3.5699204461e-01
-1.7795253948e+03, -3.5695247218e-01
-1.7827608906e+03, -3.5691313243e-01
-1.7859960309e+03, -3.5687402347e-01
-1.7892308177e+03, -3.5683514345e-01
-1.7924652531e+03, -3.5679649052e-01
-1.7956993392e+03, -3.5675806286e-01
-1.7989330779e+03, -3.5671985867e-01
-1.8021664713e+03, -3.5668187618e-01
-1.8053995214e+03, -3.5664411360e-01
-1.8086322302e+03, -3.5660656921e-01
-1.8118645996e+03, -3.5656924125e-01
-1.8150966317e+03, -3.5653212804e-01
-1.8183283283e+03, -3.5649522786e-01
-1.8215596914e+03, -3.5645853905e-01
-1.8247907228e+03, -3.5642205994e-01
-1.8280214245e+03, -3.5638578889e-01
-1.8312517984e+03, -3.5634972428e-01
-1.8344818463e+03, -3.5631386448e-01
-1.8377115700e+03, -3.5627820791e-01
-1.8409409715e+03, -3.5624275299e-01
-1.8441700524e+03, -3.5620749816e-01
-1.8473988147e+03, -3.5617244186e-01
-1.8506272601e+03, -3.5613758257e-01
-1.8538553904e+03, -3.5610291876e-01
-1.8570832074e+03, -3.5606844895e-01
-1.8603107128e+03, -3.5603417163e-01
-1.8635379083e+03, -3.5600008534e-01
-1.8667647957e+03, -3.5596618862e-01
-1.8699913767e+03, -3.5593248002e-01
-1.8732176530e+03, -3.5589895812e-01
-1.8764436263e+03, -3.5586562149e-01
-1.8796692982e+03, -3.5583246875e-01
-1.8828946704e+03, -3.5579949849e-01
-1.8861197446e+03, -3.5576670934e-01
-1.8893445224e+03, -3.5573409995e-01
-1.8925690053e+03, -3.5570166895e-01
-1.8957931952e+03, -3.5566941503e-01
-1.8990170934e+03, -3.5563733685e-01
-1.9022407016e+03, -3.5560543310e-01
-1.9054640215e+03, -3.5557370248e-01
-1.9086870544e+03, -3.5554214372e-01
-1.9119098021e+03, -3.5551075553e-01
-1.9151322661e+03, -3.5547953666e-01
-1.9183544478e+03, -3.5544848585e-01
-1.9215763487e+03, -3.5541760187e-01
-1.9247979705e+03, -3.5538688350e-01
-1.9280193146e+03, -3.5535632951e-01
-1.9312403825e+03, -3.5532593871e-01
-1.9344611756e+03, -3.5529570990e-01
-1.9376816954e+03, -3.5526564191e-01
-1.9409019434e+03, -3.5523573356e-01
-1.9441219210e+03, -3.5520598370e-01
-1.9473416296e+03, -3.5517639117e-01
-1.9505610707e+03, -3.5514695485e-01
-1.9537802457e+03, -3.5511767359e-01
-1.9569991559e+03, -3.5508854630e-01
-1.9602178028e+03, -3.5505957185e-01
-1.9634361878e+03, -3.5503074917e-01
-1.9666543122e+03, -3.5500207715e-01
-1.9730897846e+03, -3.5494518082e-01
-1.9666543122e+03, -3.5500207715e-01
-1.9730897846e+03, -3.5494518082e-01
-1.9763071353e+03, -3.5491695439e-01
-1.9763071353e+03, -3.5491695439e-01
-1.9751228961e+03, +4.9879195622e+01
-1.9374829694e+03, +7.4411230154e+01
-2.0126887104e+03, +5.1465736164e+01
-2.0053754482e+03, +4.9282964189e+01
-2.0052519646e+03, -3.5466938309e-01
-2.0084668218e+03, -3.5464257533e-01
-2.0052519646e+03, -3.5466938309e-01
-2.0116814365e+03, -3.5461590404e-01
-2.0148958101e+03, -3.5458936825e-01
-2.0181099438e+03, -3.5456296704e-01
-2.0213238388e+03, -3.5453669947e-01
-2.0245374962e+03, -3.5451056462e-01
-2.0277509174e+03, -3.5448456158e-01
-2.0309641034e+03, -3.5445868943e-01
-2.0341770555e+03, -3.5443294729e-01
-2.0373897748e+03, -3.5440733425e-01
-2.0406022626e+03, -3.5438184944e-01
-2.0438145199e+03, -3.5435649198e-01
-2.0470265479e+03, -3.5433126100e-01
-2.0502383478e+03, -3.5430615564e-01
-2.0534499207e+03, -3.5428117505e-01
-2.0566612676e+03, -3.5425631839e-01
-2.0602323586e+03, +4.5358170670e+01
-2.0553004735e+03, +5.1571620494e+01
-2.0732435533e+03, +4.9577517711e+01
-2.0727146534e+03, -3.5413386484e-01
-2.0759246683e+03, -3.5410973437e-01
-2.0791344651e+03, -3.5408572210e-01
-2.0823440447e+03, -3.5406182725e-01
-2.0855534083e+03, -3.5403804904e-01
-2.0887625568e+03, -3.5401438668e-01
-2.0981765234e+03, +5.0203158056e+01
-2.0983887228e+03, -3.5394408712e-01
-2.1015970217e+03, -3.5392088058e-01
-2.1039573859e+03, +4.9165515007e+01
-2.1112206632e+03, -3.5385193048e-01
-2.1144281288e+03, -3.5382916785e-01
-2.1208424432e+03, -3.5378396938e-01
-2.1236394730e+03, +4.9612548767e+01
-2.1304623883e+03, -3.5371697803e-01
-2.1373027900e+03, +4.9815516884e+01
-2.1464916233e+03, -3.5360743002e-01
-2.1593114728e+03, -3.5352163709e-01
-2.1753319577e+03, -3.5341663470e-01
-2.2041570489e+03, -3.5323366511e-01
-2.2977968140e+03, +2.8731187995e+01
-1.9988215182e+03, -3.5472341183e-01
-2.0662939645e+03, -3.5418248359e-01
-2.0919714914e+03, -3.5399083942e-01
-2.1080129909e+03, -3.5387480299e-01
-2.1176353884e+03, -3.5380651439e-01
-2.1270706237e+03, +4.9748232012e+01
-2.1338100232e+03, +4.9079772406e+01
-2.1394977985e+03, +5.2328154747e+01
-2.1432861726e+03, -3.5362913237e-01
-2.1502394530e+03, +4.9033261306e+01
-2.1529019369e+03, -3.5356433157e-01
-2.1535881292e+03, +5.0941412877e+01
-2.1625159514e+03, -3.5350043973e-01
-2.1657202383e+03, -3.5347934143e-01
-2.1689243344e+03, -3.5345834158e-01
-2.1702838880e+03, +4.9246132395e+01
-2.1812049582e+03, +4.9505918141e+01
-2.1817388285e+03, -3.5337531415e-01
-2.1849419838e+03, -3.5335479722e-01
-2.1881449535e+03, -3.5333437507e-01
-2.1913477386e+03, -3.5331404708e-01
+4.1894964188e+02, -1.1973739036e+01
+4.1358314749e+02, -2.0779276307e+01
+4.0913214122e+02, -2.7889222743e+01
+4.0515525619e+02, -3.4098632720e+01
+4.0148448940e+02, -3.9713743407e+01
+3.9803355615e+02, -4.4893481090e+01
+3.9475086780e+02, -4.9733775108e+01
+3.9160254374e+02, -5.4298189071e+01
+3.8856485655e+02, -5.8631613481e+01
+3.8562039168e+02, -6.2767260037e+01
+3.8275590211e+02, -6.6730586966e+01
+3.7996102228e+02, -7.0541662566e+01
+3.7722745362e+02, -7.4216668448e+01
+3.7454842551e+02, -7.7768898533e+01
+3.7191832541e+02, -8.1209447295e+01
+3.6933243722e+02, -8.4547698440e+01
+3.6678675145e+02, -8.7791680860e+01
+3.6427782438e+02, -9.0948333682e+01
+3.6180267155e+02, -9.4023707446e+01
+3.5935868585e+02, -9.7023119377e+01
+3.5694357355e+02, -9.9951275033e+01
+3.5455530372e+02, -1.0281236486e+02
+3.5219206772e+02, -1.0561014178e+02
+3.4985224640e+02, -1.0834798415e+02
+3.4753438333e+02, -1.1102894742e+02
+3.4523716272e+02, -1.1365580686e+02
+3.4295939102e+02, -1.1623109315e+02
+3.4069998157e+02, -1.1875712232e+02
+3.3845794163e+02, -1.2123602107e+02
+3.3623236136e+02, -1.2366974830e+02
+3.3402240446e+02, -1.2606011357e+02
+3.3182730004e+02, -1.2840879298e+02
+3.2964633573e+02, -1.3071734293e+02
+3.2747885162e+02, -1.3298721203e+02
+3.2532423499e+02, -1.3521975159e+02
+3.2318191574e+02, -1.3741622473e+02
+3.2105136235e+02, -1.3957781445e+02
+3.1893207832e+02, -1.4170563076e+02
+3.1682359903e+02, -1.4380071700e+02
+3.1472548897e+02, -1.4586405543e+02
+3.1263733922e+02, -1.4789657227e+02
+3.1055876526e+02, -1.4989914218e+02
+3.0848940498e+02, -1.5187259229e+02
+3.0642891691e+02, -1.5381770583e+02
+3.0437697858e+02, -1.5573522540e+02
+3.0233328514e+02, -1.5762585591e+02
+3.0029754798e+02, -1.5949026730e+02
+2.9826949359e+02, -1.6132909697e+02
+2.9624886246e+02, -1.6314295196e+02
+2.9423540812e+02, -1.6493241106e+02
+2.9222889625e+02, -1.6669802655e+02
+2.9022910382e+02, -1.6844032599e+02
+2.8823581841e+02, -1.7015981376e+02
+2.8624883745e+02, -1.7185697243e+02
+2.8426796766e+02, -1.7353226415e+02
+2.8229302444e+02, -1.7518613183e+02
+2.8032383132e+02, -1.7681900027e+02
+2.7836021950e+02, -1.7843127718e+02
+2.7640202739e+02, -1.8002335416e+02
+2.7444910016e+02, -1.8159560760e+02
+2.7250128939e+02, -1.8314839946e+02
+2.7055845268e+02, -1.8468207809e+02
+2.6862045334e+02, -1.8619697894e+02
+2.6668716005e+02, -1.8769342518e+02
+2.6475844659e+02, -1.8917172838e+02
+2.6283419156e+02, -1.9063218906e+02
+2.6091427814e+02, -1.9207509724e+02
+2.5899859382e+02, -1.9350073296e+02
+2.5708703024e+02, -1.9490936673e+02
+2.5517948290e+02, -1.9630126002e+02
+2.5327585107e+02, -1.9767666562e+02
+2.5137603749e+02, -1.9903582810e+02
+2.4947994832e+02, -2.0037898415e+02
+2.4758749288e+02, -2.0170636291e+02
+2.4569858356e+02, -2.0301818633e+02
+2.4381313566e+02, -2.0431466948e+02
+2.4193106726e+02, -2.0559602083e+02
+2.4005229908e+02, -2.0686244251e+02
+2.3817675439e+02, -2.0811413063e+02
+2.3630435885e+02, -2.0935127545e+02
+2.3443504047e+02, -2.1057406168e+02
+2.3256872947e+02, -2.1178266866e+02
+2.3070535817e+02, -2.1297727060e+02
+2.2884486094e+02, -2.1415803676e+02
+2.2698717409e+02, -2.1532513164e+02
+2.2513223581e+02, -2.1647871517e+02
+2.2327998606e+02, -2.1761894286e+02
+2.2143036653e+02, -2.1874596601e+02
+2.1958332057e+02, -2.1985993179e+02
+2.1773879310e+02, -2.2096098347e+02
+2.1589673056e+02, -2.2204926048e+02
+2.1405708087e+02, -2.2312489861e+02
+2.1221979335e+02, -2.2418803011e+02
+2.1038481867e+02, -2.2523878380e+02
+2.0855210881e+02, -2.2627728519e+02
+2.0672161699e+02, -2.2730365661e+02
+2.0489329767e+02, -2.2831801731e+02
+2.0306710644e+02, -2.2932048355e+02
+2.0124300004e+02, -2.3031116868e+02
+1.9942093627e+02, -2.3129018328e+02
+1.9760087398e+02, -2.3225763521e+02
+1.9578277305e+02, -2.3321362970e+02
+1.9396659428e+02, -2.3415826947e+02
+1.9215229947e+02, -2.3509165473e+02
+1.9033985128e+02, -2.3601388334e+02
+1.8852921325e+02, -2.3692505081e+02
+1.8672034979e+02, -2.3782525041e+02
+1.8491322610e+02, -2.3871457325e+02
+1.8310780819e+02, -2.3959310829e+02
+1.8130406281e+02, -2.4046094243e+02
+1.7950195748e+02, -2.4131816058e+02
+1.7770146040e+02, -2.4216484572e+02
+1.7590254048e+02, -2.4300107890e+02
+1.7410516729e+02, -2.4382693935e+02
+1.7230931107e+02, -2.4464250452e+02
+1.7051494265e+02, -2.4544785010e+02
+1.6872203350e+02, -2.4624305009e+02
+1.6693055567e+02, -2.4702817685e+02
+1.6514048176e+02, -2.4780330111e+02
+1.6335178494e+02, -2.4856849205e+02
+1.6156443892e+02, -2.4932381731e+02
+1.5977841792e+02, -2.5006934306e+02
+1.5799369666e+02, -2.5080513399e+02
+1.5621025036e+02, -2.5153125340e+02
+1.5442805471e+02, -2.5224776319e+02
+1.5264708584e+02, -2.5295472392e+02
+1.5086732035e+02, -2.5365219483e+02
+1.4908873526e+02, -2.5434023387e+02
+1.4731130802e+02, -2.5501889775e+02
+1.4553501647e+02, -2.5568824192e+02
+1.4375983887e+02, -2.5634832067e+02
+1.4198575383e+02, -2.5699918710e+02
+1.4021274038e+02, -2.5764089315e+02
+1.3844077786e+02, -2.5827348966e+02
+1.3666984599e+02, -2.5889702637e+02
+1.3489992484e+02, -2.5951155193e+02
+1.3313099479e+02, -2.6011711396e+02
+1.3136303656e+02, -2.6071375903e+02
+1.2959603117e+02, -2.6130153273e+02
+1.2782995995e+02, -2.6188047965e+02
+1.2606480452e+02, -2.6245064339e+02
+1.2430054680e+02, -2.6301206664e+02
+1.2253716899e+02, -2.6356479115e+02
+1.2077465355e+02, -2.6410885774e+02
+1.1901298319e+02, -2.6464430637e+02
+1.1725214092e+02, -2.6517117608e+02
+1.1549210996e+02, -2.6568950509e+02
+1.1373287380e+02, -2.6619933076e+02
+1.1197441613e+02, -2.6670068962e+02
+1.1021672091e+02, -2.6719361738e+02
+1.0845977229e+02, -2.6767814898e+02
+1.0670355466e+02, -2.6815431853e+02
+1.0494805261e+02, -2.6862215940e+02
+1.0319325093e+02, -2.6908170420e+02
+1.0143913462e+02, -2.6953298478e+02
+9.9685688860e+01, -2.6997603226e+02
+9.7932899029e+01, -2.7041087705e+02
+9.6180750684e+01, -2.7083754883e+02
+9.4429229558e+01, -2.7125607659e+02
+9.2678321558e+01, -2.7166648865e+02
+9.0928012757e+01, -2.7206881262e+02
+8.9178289392e+01, -2.7246307547e+02
+8.7429137856e+01, -2.7284930349e+02
+8.5680544696e+01, -2.7322752234e+02
+8.3932496609e+01, -2.7359775703e+02
+8.2184980434e+01, -2.7396003194e+02
+8.0437983152e+01, -2.7431437084e+02
+7.8691491880e+01, -2.7466079687e+02
+7.6945493866e+01, -2.7499933257e+02
+7.5199976485e+01, -2.7532999990e+02
+7.3454927239e+01, -2.7565282021e+02
+7.1710333747e+01, -2.7596781428e+02
+6.9966183746e+01, -2.7627500230e+02
+6.8222465086e+01, -2.7657440392e+02
+6.6479165726e+01, -2.7686603819e+02
+6.4736273730e+01, -2.7714992364e+02
+6.2993777266e+01, -2.7742607822e+02
+6.1251664598e+01, -2.7769451937e+02
+5.9509924087e+01, -2.7795526397e+02
+5.7768544188e+01, -2.7820832837e+02
+5.6027513443e+01, -2.7845372841e+02
+5.4286820479e+01, -2.7869147938e+02
+5.2546454008e+01, -2.7892159607e+02
+5.0806402821e+01, -2.7914409278e+02
+4.9066655785e+01, -2.7935898326e+02
+4.7327201842e+01, -2.7956628079e+02
+4.5588030004e+01, -2.7976599813e+02
+4.3849129351e+01, -2.7995814758e+02
+4.2110489029e+01, -2.8014274090e+02
+4.0372098245e+01, -2.8031978940e+02
+3.8633946267e+01, -2.8048930389e+02
+3.6896022419e+01, -2.8065129472e+02
+3.5158316081e+01, -2.8080577174e+02
+3.3420816682e+01, -2.8095274434e+02
+3.1683513701e+01, -2.8109222143e+02
+2.9946396665e+01, -2.8122421146e+02
+2.8209455142e+01, -2.8134872242e+02
+2.6472678744e+01, -2.8146576182e+02
+2.4736057120e+01, -2.8157533673e+02
+2.2999579955e+01, -2.8167745374e+02
+2.1263236970e+01, -2.8177211900e+02
+1.9527017916e+01, -2.8185933820e+02
+1.7790912571e+01, -2.8193911657e+02
+1.6054910744e+01, -2.8201145891e+02
+1.4319002263e+01, -2.8207636955e+02
+1.2583176982e+01, -2.8213385238e+02
+1.0847424771e+01, -2.8218391083e+02
+9.1117355200e+00, -2.8222654791e+02
+7.3760991311e+00, -2.8226176616e+02
+5.6405055197e+00, -2.8228956769e+02
+3.9049446112e+00, -2.8230995416e+02
+2.1694063383e+00, -2.8232292679e+02
+4.3388063901e-01, -2.8232848635e+02
-1.3016425457e+00, -2.8232663317e+02
-3.0371732743e+00, -2.8231736715e+02
-4.7727216070e+00, -2.8230068772e+02
-6.5082976081e+00, -2.8227659390e+02
-8.2439113483e+00, -2.8224508425e+02
-9.9795729071e+00, -2.8220615687e+02
-1.1715292375e+01, -2.8215980945e+02
-1.3451079856e+01, -2.8210603922e+02
-1.5186945470e+01, -2.8204484294e+02
-1.6922899354e+01, -2.8197621697e+02
-1.8658951667e+01, -2.8190015718e+02
-2.0395112591e+01, -2.8181665902e+02
-2.2131392332e+01, -2.8172571747e+02
-2.3867801123e+01, -2.8162732708e+02
-2.5604349230e+01, -2.8152148191e+02
-2.7341046950e+01, -2.8140817561e+02
-2.9077904614e+01, -2.8128740135e+02
-3.0814932593e+01, -2.8115915182e+02
-3.2552141295e+01, -2.8102341928e+02
-3.4289541172e+01, -2.8088019552e+02
-3.6027142723e+01, -2.8072947186e+02
-3.7764956492e+01, -2.8057123914e+02
-3.9502993074e+01, -2.8040548774e+02
-4.1241263117e+01, -2.8023220756e+02
-4.2979777324e+01, -2.8005138803e+02
-4.4718546459e+01, -2.7986301810e+02
-4.6457581344e+01, -2.7966708621e+02
-4.8196892866e+01, -2.7946358033e+02
-4.9936491977e+01, -2.7925248796e+02
-5.1676389702e+01, -2.7903379605e+02
-5.3416597134e+01, -2.7880749110e+02
-5.5157125446e+01, -2.7857355909e+02
-5.6897985884e+01, -2.7833198547e+02
-5.8639189780e+01, -2.7808275519e+02
-6.0380748547e+01, -2.7782585271e+02
-6.2122673687e+01, -2.7756126191e+02
-6.3864976792e+01, -2.7728896618e+02
-6.5607669550e+01, -2.7700894838e+02
-6.7350763742e+01, -2.7672119080e+02
-6.9094271253e+01, -2.7642567521e+02
-7.0838204072e+01, -2.7612238281e+02
-7.2582574292e+01, -2.7581129425e+02
-7.4327394122e+01, -2.7549238962e+02
-7.6072675880e+01, -2.7516564843e+02
-7.7818432008e+01, -2.7483104962e+02
-7.9564675065e+01, -2.7448857154e+02
-8.1311417740e+01, -2.7413819193e+02
-8.3058672849e+01, -2.7377988796e+02
-8.4806453344e+01, -2.7341363617e+02
-8.6554772314e+01, -2.7303941249e+02
-8.8303642989e+01, -2.7265719222e+02
-9.0053078749e+01, -2.7226695003e+02
-9.1803093122e+01, -2.7186865995e+02
-9.3553699792e+01, -2.7146229534e+02
-9.5304912604e+01, -2.7104782893e+02
-9.7056745567e+01, -2.7062523273e+02
-9.8809212860e+01, -2.7019447812e+02
-1.0056232884e+02, -2.6975553574e+02
-1.0231610803e+02, -2.6930837556e+02
-1.0407056517e+02, -2.6885296680e+02
-1.0582571514e+02, -2.6838927800e+02
-1.0758157307e+02, -2.6791727691e+02
-1.0933815425e+02, -2.6743693055e+02
-1.1109547421e+02, -2.6694820519e+02
-1.1285354866e+02, -2.6645106629e+02
-1.1461239355e+02, -2.6594547854e+02
-1.1637202507e+02, -2.6543140582e+02
-1.1813245960e+02, -2.6490881118e+02
-1.1989371380e+02, -2.6437765684e+02
-1.2165580456e+02, -2.6383790417e+02
-1.2341874901e+02, -2.6328951367e+02
-1.2518256457e+02, -2.6273244495e+02
-1.2694726890e+02, -2.6216665672e+02
-1.2871287994e+02, -2.6159210679e+02
-1.3047941593e+02, -2.6100875200e+02
-1.3224689539e+02, -2.6041654824e+02
-1.3401533714e+02, -2.5981545045e+02
-1.3578476031e+02, -2.5920541254e+02
-1.3755518435e+02, -2.5858638743e+02
-1.3932662902e+02, -2.5795832697e+02
-1.4109911446e+02, -2.5732118197e+02
-1.4287266110e+02, -2.5667490215e+02
-1.4464728977e+02, -2.5601943613e+02
-1.4642302165e+02, -2.5535473138e+02
-1.4819987830e+02, -2.5468073421e+02
-1.4997788167e+02, -2.5399738976e+02
-1.5175705411e+02, -2.5330464195e+02
-1.5353741840e+02, -2.5260243346e+02
-1.5531899771e+02, -2.5189070569e+02
-1.5710181567e+02, -2.5116939874e+02
-1.5888589638e+02, -2.5043845139e+02
-1.6067126438e+02, -2.4969780105e+02
-1.6245794470e+02, -2.4894738372e+02
-1.6424596287e+02, -2.4818713398e+02
-1.6603534491e+02, -2.4741698493e+02
-1.6782611740e+02, -2.4663686816e+02
-1.6961830743e+02, -2.4584671373e+02
-1.7141194268e+02, -2.4504645009e+02
-1.7320705140e+02, -2.4423600407e+02
-1.7500366242e+02, -2.4341530083e+02
-1.7680180521e+02, -2.4258426381e+02
-1.7860150986e+02, -2.4174281467e+02
-1.8040280714e+02, -2.4089087327e+02
-1.8220572848e+02, -2.4002835762e+02
-1.8401030602e+02, -2.3915518377e+02
-1.8581657262e+02, -2.3827126582e+02
-1.8762456189e+02, -2.3737651585e+02
-1.8943430824e+02, -2.3647084383e+02
-1.9124584684e+02, -2.3555415759e+02
-1.9305921374e+02, -2.3462636274e+02
-1.9487444580e+02, -2.3368736261e+02
-1.9669158082e+02, -2.3273705816e+02
-1.9851065747e+02, -2.3177534794e+02
-2.0033171542e+02, -2.3080212799e+02
-2.0215479530e+02, -2.2981729177e+02
-2.0397993877e+02, -2.2882073009e+02
-2.0580718857e+02, -2.2781233097e+02
-2.0763658852e+02, -2.2679197962e+02
-2.0946818359e+02, -2.2575955831e+02
-2.1130201994e+02, -2.2471494626e+02
-2.1313814496e+02, -2.2365801956e+02
-2.1497660731e+02, -2.2258865106e+02
-2.1681745700e+02, -2.2150671023e+02
-2.1866074541e+02, -2.2041206309e+02
-2.2050652534e+02, -2.1930457203e+02
-2.2235485110e+02, -2.1818409571e+02
-2.2420577855e+02, -2.1705048894e+02
-2.2605936517e+02, -2.1590360250e+02
-2.2791567012e+02, -2.1474328301e+02
-2.2977475432e+02, -2.1356937277e+02
-2.3163668050e+02, -2.1238170957e+02
-2.3350151333e+02, -2.1118012657e+02
-2.3536931943e+02, -2.0996445205e+02
-2.3724016753e+02, -2.0873450928e+02
-2.3911412850e+02, -2.0749011624e+02
-2.4099127550e+02, -2.0623108548e+02
-2.4287168404e+02, -2.0495722385e+02
-2.4475543212e+02, -2.0366833226e+02
-2.4664260031e+02, -2.0236420544e+02
-2.4853327193e+02, -2.0104463165e+02
-2.5042753309e+02, -1.9970939244e+02
-2.5232547294e+02, -1.9835826228e+02
-2.5422718371e+02, -1.9699100830e+02
-2.5613276092e+02, -1.9560738994e+02
-2.5804230356e+02, -1.9420715854e+02
-2.5995591421e+02, -1.9279005703e+02
-2.6187369928e+02, -1.9135581948e+02
-2.6379576918e+02, -1.8990417067e+02
-2.6572223854e+02, -1.8843482563e+02
-2.6765322644e+02, -1.8694748915e+02
-2.6958885667e+02, -1.8544185526e+02
-2.7152925795e+02, -1.8391760667e+02
-2.7347456425e+02, -1.8237441414e+02
-2.7542491508e+02, -1.8081193587e+02
-2.7738045581e+02, -1.7922981679e+02
-2.7934133801e+02, -1.7762768782e+02
-2.8130771984e+02, -1.7600516509e+02
-2.8327976644e+02, -1.7436184904e+02
-2.8525765039e+02, -1.7269732354e+02
-2.8724155216e+02, -1.7101115488e+02
-2.8923166062e+02, -1.6930289068e+02
-2.9122817362e+02, -1.6757205873e+02
-2.9323129857e+02, -1.6581816572e+02
-2.9524125311e+02, -1.6404069588e+02
-2.9725826581e+02, -1.6223910949e+02
-2.9928257697e+02, -1.6041284122e+02
-3.0131443946e+02, -1.5856129842e+02
-3.0335411966e+02, -1.5668385912e+02
-3.0540189848e+02, -1.5477986995e+02
-3.0745807250e+02, -1.5284864381e+02
-3.0952295521e+02, -1.5088945727e+02
-3.1159687840e+02, -1.4890154782e+02
-3.1368019364e+02, -1.4688411072e+02
-3.1577327400e+02, -1.4483629554e+02
-3.1787651595e+02, -1.4275720238e+02
-3.1999034142e+02, -1.4064587758e+02
-3.2211520013e+02, -1.3850130901e+02
-3.2425157227e+02, -1.3632242074e+02
-3.2639997145e+02, -1.3410806709e+02
-3.2856094800e+02, -1.3185702596e+02
-3.3073509278e+02, -1.2956799121e+02
-3.3292304151e+02, -1.2723956408e+02
-3.3512547962e+02, -1.2487024346e+02
-3.3734314793e+02, -1.2245841472e+02
-3.3957684910e+02, -1.2000233686e+02
-3.4182745512e+02, -1.1750012779e+02
-3.4409591601e+02, -1.1494974718e+02
-3.4638326999e+02, -1.1234897660e+02
-3.4869065539e+02, -1.0969539610e+02
-3.5101932478e+02, -1.0698635679e+02
-3.5337066179e+02, -1.0421894816e+02
-3.5574620116e+02, -1.0138995916e+02
-3.5814765310e+02, -9.8495831253e+01
-3.6057693286e+02, -9.5532601444e+01
-3.6303619715e+02, -9.2495832498e+01
-3.6552788931e+02, -8.9380526495e+01
-3.6805479614e+02, -8.6181016622e+01
-3.7062012014e+02, -8.2890829982e+01
-3.7322757272e+02, -7.9502511198e+01
-4.2246793573e+02, +1.2764935219e+02
-5.3152240493e+02, +8.1119401346e+01
-5.2690682281e+02, +8.2170034622e+01
-5.2227986589e+02, +8.3280924834e+01
-4.3703772186e+02, +1.1846143783e+02
-4.4086217194e+02, +1.1618547691e+02
-4.4476256953e+02, +1.1392833489e+02
-4.4873955130e+02, +1.1169602238e+02
-4.5279304593e+02, +1.0949489692e+02
-4.5692220014e+02, +1.0733153672e+02
-4.6112538233e+02, +1.0521257224e+02
-4.6540041328e+02, +1.0314446490e+02
-4.6974591051e+02, +1.0113318290e+02
-4.7418374472e+02, +9.9187980088e+01
-4.7194702636e+02, +1.0015060409e+02
-4.6756414388e+02, +1.0213144604e+02
-4.6325391501e+02, +1.0417184020e+02
-4.5484811383e+02, +1.0840815218e+02
           NaN, -8.1759644795e+02
           NaN, -8.4961368561e+02
           NaN, -8.8073485745e+02
           NaN, -9.1098753638e+02
           NaN, -9.4039658601e+02
           NaN, -9.6898474476e+02
           NaN, -9.9677308752e+02
           NaN, -1.0237813770e+03
           NaN, -1.0500283441e+03
           NaN, -1.0755319061e+03
           NaN, -1.1003093355e+03
           NaN, -1.1243773909e+03
           NaN, -1.1477524214e+03
           NaN, -1.1704504456e+03
           NaN, -1.1924872033e+03
           NaN, -1.2138782084e+03
           NaN, -1.2346387741e+03
           NaN, -1.2547840351e+03
           NaN, -1.2743289624e+03
           NaN, -1.2932883704e+03
           NaN, -1.3116769202e+03
           NaN, -1.3295091162e+03
           NaN, -1.3467993062e+03
           NaN, -1.3635616741e+03
           NaN, -1.3798102330e+03
           NaN, -1.3955588165e+03
           NaN, -1.4108210731e+03
           NaN, -1.4256104548e+03
           NaN, -1.4399402099e+03
           NaN, -1.4538233736e+03
           NaN, -1.4672727666e+03
           NaN, -1.4803009765e+03
           NaN, -1.4929203616e+03
           NaN, -1.5051430400e+03
           NaN, -1.5169808876e+03
           NaN, -1.5284455273e+03
           NaN, -1.5395483339e+03
           NaN, -1.5503004260e+03
-3.0973542904e+02, +2.0750931484e+02
-3.0745532383e+02, +2.0902466230e+02
-3.0518610080e+02, +2.1052342466e+02
-3.0292741958e+02, +2.1200580797e+02
-3.0067895464e+02, +2.1347201442e+02
-2.9844039438e+02, +2.1492224230e+02
-2.9621144041e+02, +2.1635668603e+02
-2.9399180681e+02, +2.1777553613e+02
-2.9178121946e+02, +2.1917897925e+02
-2.8957941541e+02, +2.2056719822e+02
-2.8738614226e+02, +2.2194037204e+02
-2.8520115767e+02, +2.2329867596e+02
-2.8302422877e+02, +2.2464228152e+02
-2.8085513171e+02, +2.2597135661e+02
-2.7869365122e+02, +2.2728606552e+02
-2.7653958012e+02, +2.2858656899e+02
-2.7439271900e+02, +2.2987302431e+02
-2.7225287577e+02, +2.3114558536e+02
-2.7011986534e+02, +2.3240440268e+02
-2.6799350927e+02, +2.3364962354e+02
-4.2247796570e+02, -6.0404603523e+00
-4.1609791150e+02, -1.6685283904e+01
-4.1128181848e+02, -2.4476837326e+01
-4.0709780782e+02, -3.1082186832e+01
-4.0328812682e+02, -3.6968503299e+01
-3.9973531267e+02, -4.2351045045e+01
-3.9637359957e+02, -4.7351534230e+01
-3.9316157485e+02, -5.2047326190e+01
-3.9007107621e+02, -5.6491481581e+01
-3.8708187891e+02, -6.0722419226e+01
-3.8417885413e+02, -6.4769103572e+01
-3.8135032075e+02, -6.8654067317e+01
-3.7858702805e+02, -7.2395284921e+01
-3.7588149643e+02, -7.6007392015e+01
-3.7322757272e+02, -7.9502511198e+01
-3.7062012014e+02, -8.2890829982e+01
-3.6805479614e+02, -8.6181016622e+01
-3.6552788931e+02, -8.9380526495e+01
-3.6303619715e+02, -9.2495832498e+01
-3.6057693286e+02, -9.5532601444e+01
-3.5814765310e+02, -9.8495831253e+01
-3.5574620116e+02, -1.0138995916e+02
-3.5337066179e+02, -1.0421894816e+02
-3.5101932478e+02, -1.0698635679e+02
-3.4869065539e+02, -1.0969539610e+02
-3.4638326999e+02, -1.1234897660e+02
-3.4409591601e+02, -1.1494974718e+02
-3.4182745512e+02, -1.1750012779e+02
-3.3957684910e+02, -1.2000233686e+02
-3.3734314793e+02, -1.2245841472e+02
-3.3512547962e+02, -1.2487024346e+02
-3.3292304151e+02, -1.2723956408e+02
-3.3073509278e+02, -1.2956799121e+02
-3.2856094800e+02, -1.3185702596e+02
-3.2639997145e+02, -1.3410806709e+02
-3.2425157227e+02, -1.3632242074e+02
-3.2211520013e+02, -1.3850130901e+02
-3.1999034142e+02, -1.4064587758e+02
-3.1787651595e+02, -1.4275720238e+02
-3.1577327400e+02, -1.4483629554e+02
-3.1368019364e+02, -1.4688411072e+02
-3.1159687840e+02, -1.4890154782e+02
-3.0952295521e+02, -1.5088945727e+02
-3.0745807250e+02, -1.5284864381e+02
-3.0540189848e+02, -1.5477986995e+02
-3.0335411966e+02, -1.5668385912e+02
-3.0131443946e+02, -1.5856129842e+02
-2.9928257697e+02, -1.6041284122e+02
-2.9725826581e+02, -1.6223910949e+02
-2.9524125311e+02, -1.6404069588e+02
-2.9323129857e+02, -1.6581816572e+02
-2.9122817362e+02, -1.6757205873e+02
-2.8923166062e+02, -1.6930289068e+02
-2.8724155216e+02, -1.7101115488e+02
-2.8525765039e+02, -1.7269732354e+02
-2.8327976644e+02, -1.7436184904e+02
-2.8130771984e+02, -1.7600516509e+02
-2.7934133801e+02, -1.7762768782e+02
-2.7738045581e+02, -1.7922981679e+02
-2.7542491508e+02, -1.8081193587e+02
-2.7347456425e+02, -1.8237441414e+02
-2.7152925795e+02, -1.8391760667e+02
-2.6958885667e+02, -1.8544185526e+02
-2.6765322644e+02, -1.8694748915e+02
-2.6572223854e+02, -1.8843482563e+02
-2.6379576918e+02, -1.8990417067e+02
-2.6187369928e+02, -1.9135581948e+02
-2.5995591421e+02, -1.9279005703e+02
-2.5804230356e+02, -1.9420715854e+02
-2.5613276092e+02, -1.9560738994e+02
-2.5422718371e+02, -1.9699100830e+02
-2.5232547294e+02, -1.9835826228e+02
-2.5042753309e+02, -1.9970939244e+02
-2.4853327193e+02, -2.0104463165e+02
-2.4664260031e+02, -2.0236420544e+02
-2.4475543212e+02, -2.0366833226e+02
-2.4287168404e+02, -2.0495722385e+02
-2.4099127550e+02, -2.0623108548e+02
-2.3911412850e+02, -2.0749011624e+02
-2.3724016753e+02, -2.0873450928e+02
-2.3536931943e+02, -2.0996445205e+02
-2.3350151333e+02, -2.1118012657e+02
-2.3163668050e+02, -2.1238170957e+02
-2.2977475432e+02, -2.1356937277e+02
-2.2791567012e+02, -2.1474328301e+02
-2.2605936517e+02, -2.1590360250e+02
-2.2420577855e+02, -2.1705048894e+02
-2.2235485110e+02, -2.1818409571e+02
-2.2050652534e+02, -2.1930457203e+02
-2.1866074541e+02, -2.2041206309e+02
-2.1681745700e+02, -2.2150671023e+02
-2.1497660731e+02, -2.2258865106e+02
-2.1313814496e+02, -2.2365801956e+02
-2.1130201994e+02, -2.2471494626e+02
-2.0946818359e+02, -2.2575955831e+02
-2.0763658852e+02, -2.2679197962e+02
-2.0580718857e+02, -2.2781233097e+02
-2.0397993877e+02, -2.2882073009e+02
-2.0215479530e+02, -2.2981729177e+02
-2.0033171542e+02, -2.3080212799e+02
-1.9851065747e+02, -2.3177534794e+02
-1.9669158082e+02, -2.3273705816e+02
-1.9487444580e+02, -2.3368736261e+02
-1.9305921374e+02, -2.3462636274e+02
-1.9124584684e+02, -2.3555415759e+02
-1.8943430824e+02, -2.3647084383e+02
-1.8762456189e+02, -2.3737651585e+02
-1.8581657262e+02, -2.3827126582e+02
-1.8401030602e+02, -2.3915518377e+02
-1.8220572848e+02, -2.4002835762e+02
-1.8040280714e+02, -2.4089087327e+02
-1.7860150986e+02, -2.4174281467e+02
-1.7680180521e+02, -2.4258426381e+02
-1.7500366242e+02, -2.4341530083e+02
-1.7320705140e+02, -2.4423600407e+02
-1.7141194268e+02, -2.4504645009e+02
-1.6961830743e+02, -2.4584671373e+02
-1.6782611740e+02, -2.4663686816e+02
-1.6603534491e+02, -2.4741698493e+02
-1.6424596287e+02, -2.4818713398e+02
-1.6245794470e+02, -2.4894738372e+02
-1.6067126438e+02, -2.4969780105e+02
-1.5888589638e+02, -2.5043845139e+02
-1.5710181567e+02, -2.5116939874e+02
-1.5531899771e+02, -2.5189070569e+02
-1.5353741840e+02, -2.5260243346e+02
-1.5175705411e+02, -2.5330464195e+02
-1.4997788167e+02, -2.5399738976e+02
-1.4819987830e+02, -2.5468073421e+02
-1.4642302165e+02, -2.5535473138e+02
-1.4464728977e+02, -2.5601943613e+02
-1.4287266110e+02, -2.5667490215e+02
-1.4109911446e+02, -2.5732118197e+02
-1.3932662902e+02, -2.5795832697e+02
-1.3755518435e+02, -2.5858638743e+02
-1.3578476031e+02, -2.5920541254e+02
-1.3401533714e+02, -2.5981545045e+02
-1.3224689539e+02, -2.6041654824e+02
-1.3047941593e+02, -2.6100875200e+02
-1.2871287994e+02, -2.6159210679e+02
-1.2694726890e+02, -2.6216665672e+02
-1.2518256457e+02, -2.6273244495e+02
-1.2341874901e+02, -2.6328951367e+02
-1.2165580456e+02, -2.6383790417e+02
-1.1989371380e+02, -2.6437765684e+02
-1.1813245960e+02, -2.6490881118e+02
-1.1637202507e+02, -2.6543140582e+02
-1.1461239355e+02, -2.6594547854e+02
-1.1285354866e+02, -2.6645106629e+02
-1.1109547421e+02, -2.6694820519e+02
-1.0933815425e+02, -2.6743693055e+02
-1.0758157307e+02, -2.6791727691e+02
-1.0582571514e+02, -2.6838927800e+02
-1.0407056517e+02, -2.6885296680e+02
-1.0231610803e+02, -2.6930837556e+02
-1.0056232884e+02, -2.6975553574e+02
-9.8809212860e+01, -2.7019447812e+02
-9.7056745567e+01, -2.7062523273e+02
-9.5304912604e+01, -2.7104782893e+02
-9.3553699792e+01, -2.7146229534e+02
-9.1803093122e+01, -2.7186865995e+02
-9.0053078749e+01, -2.7226695003e+02
-8.8303642989e+01, -2.7265719222e+02
-8.6554772314e+01, -2.7303941249e+02
-8.4806453344e+01, -2.7341363617e+02
-8.3058672849e+01, -2.7377988796e+02
-8.1311417740e+01, -2.7413819193e+02
-7.9564675065e+01, -2.7448857154e+02
-7.7818432008e+01, -2.7483104962e+02
-7.6072675880e+01, -2.7516564843e+02
-7.4327394122e+01, -2.7549238962e+02
-7.2582574292e+01, -2.7581129425e+02
-7.0838204072e+01, -2.7612238281e+02
-6.9094271253e+01, -2.7642567521e+02
-6.7350763742e+01, -2.7672119080e+02
-6.5607669550e+01, -2.7700894838e+02
-6.3864976792e+01, -2.7728896618e+02
-6.2122673687e+01, -2.7756126191e+02
-6.0380748547e+01, -2.7782585271e+02
-5.8639189780e+01, -2.7808275519e+02
-5.6897985884e+01, -2.7833198547e+02
-5.5157125446e+01, -2.7857355909e+02
-5.3416597134e+01, -2.7880749110e+02
-5.1676389702e+01, -2.7903379605e+02
-4.9936491977e+01, -2.7925248796e+02
-4.8196892866e+01, -2.7946358033e+02
-4.6457581344e+01, -2.7966708621e+02
-4.4718546459e+01, -2.7986301810e+02
-4.2979777324e+01, -2.8005138803e+02
-4.1241263117e+01, -2.8023220756e+02
-3.9502993074e+01, -2.8040548774e+02
-3.7764956492e+01, -2.8057123914e+02
-3.6027142723e+01, -2.8072947186e+02
-3.4289541172e+01, -2.8088019552e+02
-3.2552141295e+01, -2.8102341928e+02
-3.0814932593e+01, -2.8115915182e+02
-2.9077904614e+01, -2.8128740135e+02
-2.7341046950e+01, -2.8140817561e+02
-2.5604349230e+01, -2.8152148191e+02
-2.3867801123e+01, -2.8162732708e+02
-2.2131392332e+01, -2.8172571747e+02
-2.0395112591e+01, -2.8181665902e+02
-1.8658951667e+01, -2.8190015718e+02
-1.6922899354e+01, -2.8197621697e+02
-1.5186945470e+01, -2.8204484294e+02
-1.3451079856e+01, -2.8210603922e+02
-1.1715292375e+01, -2.8215980945e+02
-9.9795729071e+00, -2.8220615687e+02
-8.2439113483e+00, -2.8224508425e+02
-6.5082976081e+00, -2.8227659390e+02
-4.7727216070e+00, -2.8230068772e+02
-3.0371732743e+00, -2.8231736715e+02
-1.3016425457e+00, -2.8232663317e+02
+4.3388063901e-01, -2.8232848635e+02
+2.1694063383e+00, -2.8232292679e+02
+3.9049446112e+00, -2.8230995416e+02
+5.6405055197e+00, -2.8228956769e+02
+7.3760991311e+00, -2.8226176616e+02
+9.1117355200e+00, -2.8222654791e+02
+1.0847424771e+01, -2.8218391083e+02
+1.2583176982e+01, -2.8213385238e+02
+1.4319002263e+01, -2.8207636955e+02
+1.6054910744e+01, -2.8201145891e+02
+1.7790912571e+01, -2.8193911657e+02
+1.9527017916e+01, -2.8185933820e+02
+2.1263236970e+01, -2.8177211900e+02
+2.2999579955e+01, -2.8167745374e+02
+2.4736057120e+01, -2.8157533673e+02
+2.6472678744e+01, -2.8146576182e+02
+2.8209455142e+01, -2.8134872242e+02
+2.9946396665e+01, -2.8122421146e+02
+3.1683513701e+01, -2.8109222143e+02
+3.3420816682e+01, -2.8095274434e+02
+3.5158316081e+01, -2.8080577174e+02
+3.6896022419e+01, -2.8065129472e+02
+3.8633946267e+01, -2.8048930389e+02
+4.0372098245e+01, -2.8031978940e+02
+4.2110489029e+01, -2.8014274090e+02
+4.3849129351e+01, -2.7995814758e+02
+4.5588030004e+01, -2.7976599813e+02
+4.7327201842e+01, -2.7956628079e+02
+4.9066655785e+01, -2.7935898326e+02
+5.0806402821e+01, -2.7914409278e+02
+5.2546454008e+01, -2.7892159607e+02
+5.4286820479e+01, -2.7869147938e+02
+5.6027513443e+01, -2.7845372841e+02
+5.7768544188e+01, -2.7820832837e+02
+5.9509924087e+01, -2.7795526397e+02
+6.1251664598e+01, -2.7769451937e+02
+6.2993777266e+01, -2.7742607822e+02
+6.4736273730e+01, -2.7714992364e+02
+6.6479165726e+01, -2.7686603819e+02
+6.8222465086e+01, -2.7657440392e+02
+6.9966183746e+01, -2.7627500230e+02
+7.1710333747e+01, -2.7596781428e+02
+7.3454927239e+01, -2.7565282021e+02
+7.5199976485e+01, -2.7532999990e+02
+7.6945493866e+01, -2.7499933257e+02
+7.8691491880e+01, -2.7466079687e+02
+8.0437983152e+01, -2.7431437084e+02
+8.2184980434e+01, -2.7396003194e+02
+8.3932496609e+01, -2.7359775703e+02
+8.5680544696e+01, -2.7322752234e+02
+8.7429137856e+01, -2.7284930349e+02
+8.9178289392e+01, -2.7246307547e+02
+9.0928012757e+01, -2.7206881262e+02
+9.2678321558e+01, -2.7166648865e+02
+9.4429229558e+01, -2.7125607659e+02
+9.6180750684e+01, -2.7083754883e+02
+9.7932899029e+01, -2.7041087705e+02
+9.9685688860e+01, -2.6997603226e+02
+1.0143913462e+02, -2.6953298478e+02
+1.0319325093e+02, -2.6908170420e+02
+1.0494805261e+02, -2.6862215940e+02
+1.0670355466e+02, -2.6815431853e+02
+1.0845977229e+02, -2.6767814898e+02
+1.1021672091e+02, -2.6719361738e+02
+1.1197441613e+02, -2.6670068962e+02
+1.1373287380e+02, -2.6619933076e+02
+1.1549210996e+02, -2.6568950509e+02
+1.1725214092e+02, -2.6517117608e+02
+1.1901298319e+02, -2.6464430637e+02
+1.2077465355e+02, -2.6410885774e+02
+1.2253716899e+02, -2.6356479115e+02
+1.2430054680e+02, -2.6301206664e+02
+1.2606480452e+02, -2.6245064339e+02
+1.2782995995e+02, -2.6188047965e+02
+1.2959603117e+02, -2.6130153273e+02
+1.3136303656e+02, -2.6071375903e+02
+1.3313099479e+02, -2.6011711396e+02
+1.3489992484e+02, -2.5951155193e+02
+1.3666984599e+02, -2.5889702637e+02
+1.3844077786e+02, -2.5827348966e+02
+1.4021274038e+02, -2.5764089315e+02
+1.4198575383e+02, -2.5699918710e+02
+1.4375983887e+02, -2.5634832067e+02
+1.4553501647e+02, -2.5568824192e+02
+1.4731130802e+02, -2.5501889775e+02
+1.4908873526e+02, -2.5434023387e+02
+1.5086732035e+02, -2.5365219483e+02
+1.5264708584e+02, -2.5295472392e+02
+1.5442805471e+02, -2.5224776319e+02
+1.5621025036e+02, -2.5153125340e+02
+1.5799369666e+02, -2.5080513399e+02
+1.5977841792e+02, -2.5006934306e+02
+1.6156443892e+02, -2.4932381731e+02
+1.6335178494e+02, -2.4856849205e+02
+1.6514048176e+02, -2.4780330111e+02
+1.6693055567e+02, -2.4702817685e+02
+1.6872203350e+02, -2.4624305009e+02
+1.7051494265e+02, -2.4544785010e+02
+1.7230931107e+02, -2.4464250452e+02
+1.7410516729e+02, -2.4382693935e+02
+1.7590254048e+02, -2.4300107890e+02
+1.7770146040e+02, -2.4216484572e+02
+1.7950195748e+02, -2.4131816058e+02
+1.8130406281e+02, -2.4046094243e+02
+1.8310780819e+02, -2.3959310829e+02
+1.8491322610e+02, -2.3871457325e+02
+1.8672034979e+02, -2.3782525041e+02
+1.8852921325e+02, -2.3692505081e+02
+1.9033985128e+02, -2.3601388334e+02
+1.9215229947e+02, -2.3509165473e+02
+1.9396659428e+02, -2.3415826947e+02
+1.9578277305e+02, -2.3321362970e+02
+1.9760087398e+02, -2.3225763521e+02
+1.9942093627e+02, -2.3129018328e+02
+2.0124300004e+02, -2.3031116868e+02
+2.0306710644e+02, -2.2932048355e+02
+2.0489329767e+02, -2.2831801731e+02
+2.0672161699e+02, -2.2730365661e+02
+2.0855210881e+02, -2.2627728519e+02
+2.1038481867e+02, -2.2523878380e+02
+2.1221979335e+02, -2.2418803011e+02
+2.1405708087e+02, -2.2312489861e+02
+2.1589673056e+02, -2.2204926048e+02
+2.1773879310e+02, -2.2096098347e+02
+2.1958332057e+02, -2.1985993179e+02
+2.2143036653e+02, -2.1874596601e+02
+2.2327998606e+02, -2.1761894286e+02
+2.2513223581e+02, -2.1647871517e+02
+2.2698717409e+02, -2.1532513164e+02
+2.2884486094e+02, -2.1415803676e+02
+2.3070535817e+02, -2.1297727060e+02
+2.3256872947e+02, -2.1178266866e+02
+2.3443504047e+02, -2.1057406168e+02
+2.3630435885e+02, -2.0935127545e+02
+2.3817675439e+02, -2.0811413063e+02
+2.4005229908e+02, -2.0686244251e+02
+2.4193106726e+02, -2.0559602083e+02
+2.4381313566e+02, -2.0431466948e+02
+2.4569858356e+02, -2.0301818633e+02
+2.4758749288e+02, -2.0170636291e+02
+2.4947994832e+02, -2.0037898415e+02
+2.5137603749e+02, -1.9903582810e+02
+2.5327585107e+02, -1.9767666562e+02
+2.5517948290e+02, -1.9630126002e+02
+2.5708703024e+02, -1.9490936673e+02
+2.5899859382e+02, -1.9350073296e+02
+2.6091427814e+02, -1.9207509724e+02
+2.6283419156e+02, -1.9063218906e+02
+2.6475844659e+02, -1.8917172838e+02
+2.6668716005e+02, -1.8769342518e+02
+2.6862045334e+02, -1.8619697894e+02
+2.7055845268e+02, -1.8468207809e+02
+2.7250128939e+02, -1.8314839946e+02
+2.7444910016e+02, -1.8159560760e+02
+2.7640202739e+02, -1.8002335416e+02
+2.7836021950e+02, -1.7843127718e+02
+2.8032383132e+02, -1.7681900027e+02
+2.8229302444e+02, -1.7518613183e+02
+2.8426796766e+02, -1.7353226415e+02
+2.8624883745e+02, -1.7185697243e+02
+2.8823581841e+02, -1.7015981376e+02
+2.9022910382e+02, -1.6844032599e+02
+2.9222889625e+02, -1.6669802655e+02
+2.9423540812e+02, -1.6493241106e+02
+2.9624886246e+02, -1.6314295196e+02
+2.9826949359e+02, -1.6132909697e+02
+3.0029754798e+02, -1.5949026730e+02
+3.0233328514e+02, -1.5762585591e+02
+3.0437697858e+02, -1.5573522540e+02
+3.0642891691e+02, -1.5381770583e+02
+3.0848940498e+02, -1.5187259229e+02
+3.1055876526e+02, -1.4989914218e+02
+3.1263733922e+02, -1.4789657227e+02
+3.1472548897e+02, -1.4586405543e+02
+3.1682359903e+02, -1.4380071700e+02
+3.1893207832e+02, -1.4170563076e+02
+3.2105136235e+02, -1.3957781445e+02
+3.2318191574e+02, -1.3741622473e+02
+3.2532423499e+02, -1.3521975159e+02
+3.2747885162e+02, -1.3298721203e+02
+3.2964633573e+02, -1.3071734293e+02
+3.3182730004e+02, -1.2840879298e+02
+3.3402240446e+02, -1.2606011357e+02
+3.3623236136e+02, -1.2366974830e+02
+3.3845794163e+02, -1.2123602107e+02
+3.4069998157e+02, -1.1875712232e+02
+3.4295939102e+02, -1.1623109315e+02
+3.4523716272e+02, -1.1365580686e+02
+3.4753438333e+02, -1.1102894742e+02
+3.4985224640e+02, -1.0834798415e+02
+3.5219206772e+02, -1.0561014178e+02
+3.5455530372e+02, -1.0281236486e+02
+3.5694357355e+02, -9.9951275033e+01
+3.5935868585e+02, -9.7023119377e+01
+3.6180267155e+02, -9.4023707446e+01
+3.6427782438e+02, -9.0948333682e+01
+3.6678675145e+02, -8.7791680860e+01
+3.6933243722e+02, -8.4547698440e+01
+4.1728463769e+02, +1.3109135724e+02
+4.2072412934e+02, +1.2879824210e+02
+5.3382507313e+02, +8.0615620774e+01
+5.2921621537e+02, +8.1637397627e+01
+5.2459457804e+02, +8.2717736634e+01
+3.8562039168e+02, -6.2767260037e+01
+4.3894051814e+02, +1.1732146449e+02
+4.4280282205e+02, +1.1505418721e+02
+4.4674147417e+02, +1.1280868445e+02
+4.5075676900e+02, +1.1059115355e+02
+4.5484825025e+02, +1.0840808070e+02
+4.5901466683e+02, +1.0626609415e+02
+4.6325405624e+02, +1.0417177187e+02
+4.6756428742e+02, +1.0213137959e+02
+4.7194717257e+02, +1.0015053971e+02
+3.9160254374e+02, -5.4298189071e+01
+4.6974576577e+02, +1.0113324834e+02
+4.6540027089e+02, +1.0314453231e+02
+4.5692206249e+02, +1.0733160750e+02
+4.5279291075e+02, +1.0949496905e+02
           NaN, -8.3371892352e+02
           NaN, -8.6528448482e+02
           NaN, -8.9596814866e+02
           NaN, -9.2579604978e+02
           NaN, -9.5479192504e+02
           NaN, -9.8297763074e+02
           NaN, -1.0103735468e+03
           NaN, -1.0369988894e+03
           NaN, -1.0628719579e+03
           NaN, -1.0880103293e+03
           NaN, -1.1124310043e+03
           NaN, -1.1361505264e+03
           NaN, -1.1591850700e+03
           NaN, -1.1815505080e+03
           NaN, -1.2032624641e+03
           NaN, -1.2243363465e+03
           NaN, -1.2447873783e+03
           NaN, -1.2646306110e+03
           NaN, -1.2838809368e+03
           NaN, -1.3025530924e+03
           NaN, -1.3206616620e+03
           NaN, -1.3382210719e+03
           NaN, -1.3552455878e+03
           NaN, -1.3717493108e+03
           NaN, -1.3877461645e+03
           NaN, -1.4032498904e+03
           NaN, -1.4182740407e+03
           NaN, -1.4328319655e+03
           NaN, -1.4469368094e+03
           NaN, -1.4606015002e+03
           NaN, -1.4738387416e+03
           NaN, -1.4866610092e+03
           NaN, -1.4990805411e+03
           NaN, -1.5111093358e+03
           NaN, -1.5227591410e+03
           NaN, -1.5340414587e+03
           NaN, -1.5449675343e+03
           NaN, -1.5555483581e+03
           NaN, -1.5657946633e+03
           NaN, -1.5757169214e+03
+3.0405546315e+02, +2.1126665097e+02
+3.0180192987e+02, +2.1274092082e+02
+2.9955845538e+02, +2.1419911344e+02
+2.9732473476e+02, +2.1564142518e+02
+2.9510047597e+02, +2.1706804853e+02
+2.9288539905e+02, +2.1847917205e+02
+2.9067923554e+02, +2.1987498048e+02
+2.8848172785e+02, +2.2125565473e+02
+2.8629262867e+02, +2.2262137193e+02
+2.8411170045e+02, +2.2397230546e+02
+2.8193871491e+02, +2.2530862502e+02
+2.7977345253e+02, +2.2663049671e+02
+2.7761570213e+02, +2.2793808302e+02
+2.7546526049e+02, +2.2923154297e+02
+2.7332193188e+02, +2.3051103214e+02
+2.7118552776e+02, +2.3177670271e+02
+2.6905586641e+02, +2.3302870359e+02
+2.6693277260e+02, +2.3426718044e+02
