-5.2655526012e+02, -6.1200445053e-01
-5.3204333748e+02, -5.9912230580e-01
-5.3742102704e+02, -5.8760442120e-01
-5.4269963043e+02, -5.7722583567e-01
-5.4788864491e+02, -5.6781067137e-01
-5.5299614538e+02, -5.5921910558e-01
-5.5802906775e+02, -5.5133834748e-01
-5.6299342329e+02, -5.4407623842e-01
-5.7897550872e+02, +7.1957368103e+01
-5.8695041689e+02, -5.1477037969e-01
-5.5802906775e+02, -5.5133834748e-01
-5.7777630119e+02, +7.2322559732e+01
-5.8226133278e+02, -5.1986500312e-01
-5.8695041689e+02, -5.1477037969e-01
-5.9159473741e+02, -5.0998311262e-01
-5.9619694537e+02, -5.0547411473e-01
-6.0075944557e+02, -5.0121802265e-01
-6.0528442747e+02, -4.9719260318e-01
-6.0977389137e+02, -4.9337827161e-01
-6.1422967052e+02, -4.8975769799e-01
-6.1865345008e+02, -4.8631548284e-01
-6.2304678332e+02, -4.8303788822e-01
-6.2741110568e+02, -4.7991261345e-01
-6.3174774687e+02, -4.7692860672e-01
-6.4378656426e+02, +6.5302694457e+01
-6.5305610476e+02, -4.6381006248e-01
-6.3174774687e+02, -4.7692860672e-01
-6.4205768033e+02, +6.7693062180e+01
-6.4884095166e+02, -4.6621967951e-01
-6.5305610476e+02, -4.6381006248e-01
-6.5724984497e+02, -4.6149420377e-01
-6.6142299615e+02, -4.5926644083e-01
-6.6557633296e+02, -4.5712157665e-01
-6.6971058487e+02, -4.5505483162e-01
-6.7382643976e+02, -4.5306180127e-01
-6.7792454716e+02, -4.5113841925e-01
-6.8200552113e+02, -4.4928092460e-01
-6.8606994292e+02, -4.4748583285e-01
-6.9011836335e+02, -4.4574991044e-01
-7.0108497707e+02, +6.3050708688e+01
-7.0616209900e+02, -4.3934081494e-01
-6.9011836335e+02, -4.4574991044e-01
-6.9886969509e+02, +6.3144338517e+01
-7.0616209900e+02, -4.3934081494e-01
-7.1013785137e+02, -4.3785955263e-01
-7.1410037719e+02, -4.3642220867e-01
-7.1805006544e+02, -4.3502678728e-01
-7.2198728754e+02, -4.3367141608e-01
-7.2591239848e+02, -4.3235433645e-01
-7.2982573778e+02, -4.3107389476e-01
-7.3372763044e+02, -4.2982853449e-01
-7.3761838774e+02, -4.2861678904e-01
-7.4149830806e+02, -4.2743727512e-01
-7.4536767758e+02, -4.2628868683e-01
-7.4828014413e+02, +6.1616285163e+01
-7.5918074513e+02, +5.8759349986e+01
-7.2982573778e+02, -4.3107389476e-01
-7.5307585210e+02, -4.2407941787e-01
-7.6074498171e+02, -4.2197988558e-01
-7.6456550850e+02, -4.2096868635e-01
-7.6837698053e+02, -4.1998192579e-01
-7.7217961526e+02, -4.1901870956e-01
-7.7597362222e+02, -4.1807818769e-01
-7.7975920344e+02, -4.1715955186e-01
-7.8353655378e+02, -4.1626203277e-01
-7.8730586131e+02, -4.1538489778e-01
-7.9106730762e+02, -4.1452744872e-01
-7.9482106812e+02, -4.1368901980e-01
-7.9856731232e+02, -4.1286897575e-01
-8.0230620409e+02, -4.1206671002e-01
-8.0603790195e+02, -4.1128164317e-01
-8.1476792939e+02, +5.6894958038e+01
-8.2192742718e+02, +5.5524833673e+01
-7.9856731232e+02, -4.1286897575e-01
-8.1348032450e+02, -4.0976091473e-01
-8.2264234554e+02, +5.6484933750e+01
-8.2459368310e+02, -4.0759572385e-01
-8.2828527365e+02, -4.0690301892e-01
-8.3197064784e+02, -4.0622409905e-01
-8.3564992874e+02, -4.0555855428e-01
-8.3932323581e+02, -4.0490599111e-01
-8.4299068500e+02, -4.0426603168e-01
-8.4665238889e+02, -4.0363831299e-01
-8.5030845686e+02, -4.0302248613e-01
-8.5395899517e+02, -4.0241821562e-01
-8.5760410710e+02, -4.0182517874e-01
-8.6124389306e+02, -4.0124306494e-01
-8.6487845071e+02, -4.0067157523e-01
-8.6850787504e+02, -4.0011042164e-01
-8.7213225848e+02, -3.9955932675e-01
-8.8117232802e+02, +5.5971360423e+01
-8.8602225846e+02, +5.5662791569e+01
-8.7575169097e+02, -3.9901802313e-01
-8.8301004964e+02, +5.5227764590e+01
-8.9018162925e+02, -3.9694569942e-01
-8.9377757604e+02, -3.9644966147e-01
-8.9736906451e+02, -3.9596199705e-01
-9.0095616960e+02, -3.9548249744e-01
-9.0453896441e+02, -3.9501096093e-01
-9.0811752024e+02, -3.9454719251e-01
-9.1169190663e+02, -3.9409100357e-01
-9.1526219147e+02, -3.9364221166e-01
-9.1882844100e+02, -3.9320064022e-01
-9.2239071989e+02, -3.9276611837e-01
-9.2594909129e+02, -3.9233848062e-01
-9.2950361688e+02, -3.9191756671e-01
-9.3305435689e+02, -3.9150322139e-01
-9.3660137018e+02, -3.9109529420e-01
-9.4014471427e+02, -3.9069363931e-01
-9.4368444537e+02, -3.9029811533e-01
-9.4722061843e+02, -3.8990858513e-01
-9.5075328717e+02, -3.8952491571e-01
-9.6014960803e+02, +6.2334007539e+01
-9.6133078716e+02, -3.8840780032e-01
-9.7187857232e+02, -3.8733900642e-01
-9.2239071989e+02, -3.9276611837e-01
-9.5780832071e+02, -3.8877464673e-01
-9.6484995266e+02, -3.8804632070e-01
-9.7614368757e+02, +5.6119598275e+01
-9.7538811968e+02, -3.8699295213e-01
-9.7889455257e+02, -3.8665182515e-01
-9.8239791519e+02, -3.8631552322e-01
-9.8589825082e+02, -3.8598394693e-01
-9.8939560186e+02, -3.8565699959e-01
-9.9289000984e+02, -3.8533458716e-01
-9.9638151546e+02, -3.8501661815e-01
-9.9987015857e+02, -3.8470300354e-01
-1.0033559783e+03, -3.8439365667e-01
-1.0068390129e+03, -3.8408849319e-01
-1.0103192999e+03, -3.8378743098e-01
-1.0137968761e+03, -3.8349039006e-01
-1.0172717777e+03, -3.8319729253e-01
-1.0207440401e+03, -3.8290806250e-01
-1.0242136979e+03, -3.8262262603e-01
-1.0276807852e+03, -3.8234091106e-01
-1.0311453355e+03, -3.8206284734e-01
-1.0346073815e+03, -3.8178836640e-01
-1.0380669553e+03, -3.8151740147e-01
-1.0415240887e+03, -3.8124988745e-01
-1.0449788125e+03, -3.8098576083e-01
-1.0484311572e+03, -3.8072495965e-01
-1.0518811526e+03, -3.8046742346e-01
-1.0502331014e+03, +5.6801626316e+01
-1.0622173342e+03, -3.7971382204e-01
-1.0657827329e+03, +5.2579693321e+01
-1.0759677405e+03, -3.7875130822e-01
-1.0561566466e+03, +5.2829007002e+01
-1.0679453173e+03, +5.5032127280e+01
-1.0725333973e+03, -3.7898756471e-01
-1.0714561874e+03, +5.6362728654e+01
-1.0828300662e+03, -3.7828723785e-01
-1.0862580991e+03, -3.7805932753e-01
-1.0896840782e+03, -3.7783410465e-01
-1.0931080278e+03, -3.7761152370e-01
-1.0965299715e+03, -3.7739154016e-01
-1.0999499328e+03, -3.7717411054e-01
-1.1033679346e+03, -3.7695919228e-01
-1.1067839994e+03, -3.7674674379e-01
-1.1101981494e+03, -3.7653672436e-01
-1.1136104066e+03, -3.7632909420e-01
-1.1170207923e+03, -3.7612381436e-01
-1.1204293277e+03, -3.7592084673e-01
-1.1238360337e+03, -3.7572015403e-01
-1.1272409305e+03, -3.7552169978e-01
-1.1306440385e+03, -3.7532544825e-01
-1.1340453773e+03, -3.7513136448e-01
-1.1374449666e+03, -3.7493941424e-01
-1.1408428253e+03, -3.7474956401e-01
-1.1442389726e+03, -3.7456178098e-01
-1.1476334269e+03, -3.7437603299e-01
-1.1510262065e+03, -3.7419228858e-01
-1.1544173296e+03, -3.7401051688e-01
-1.1578068137e+03, -3.7383068771e-01
-1.1611946764e+03, -3.7365277144e-01
-1.1645809350e+03, -3.7347673907e-01
-1.1679656063e+03, -3.7330256218e-01
-1.1713487070e+03, -3.7313021290e-01
-1.1747302536e+03, -3.7295966392e-01
-1.1781102623e+03, -3.7279088846e-01
-1.1814887490e+03, -3.7262386029e-01
-1.1848657295e+03, -3.7245855366e-01
-1.1882412192e+03, -3.7229494334e-01
-1.1916152334e+03, -3.7213300457e-01
-1.1949877872e+03, -3.7197271309e-01
-1.1941960552e+03, +5.2652440408e+01
-1.2071291195e+03, +5.1692178247e+01
-1.2084636913e+03, -3.7134755052e-01
-1.2118291610e+03, -3.7119514720e-01
-1.2185559902e+03, -3.7089485233e-01
-1.2286361594e+03, -3.7045537658e-01
-1.2621535351e+03, -3.6907919665e-01
-1.1882412192e+03, -3.7229494334e-01
-1.2118291610e+03, -3.7119514720e-01
-1.2185559902e+03, -3.7089485234e-01
-1.2252774287e+03, -3.7060043347e-01
-1.2286361594e+03, -3.7045537658e-01
-1.2307323787e+03, +5.1343516716e+01
-1.2470682667e+03, +5.5383573669e+01
-1.2420581231e+03, -3.6988904314e-01
-1.2454104363e+03, -3.6975083903e-01
-1.2487615028e+03, -3.6961395009e-01
-1.2521113343e+03, -3.6947835861e-01
-1.2554599425e+03, -3.6934404722e-01
-1.2588073390e+03, -3.6921099882e-01
-1.2621535351e+03, -3.6907919665e-01
-1.2654985420e+03, -3.6894862420e-01
-1.2688423708e+03, -3.6881926528e-01
-1.2721850325e+03, -3.6869110396e-01
-1.2755265377e+03, -3.6856412459e-01
-1.2788668973e+03, -3.6843831179e-01
-1.2822061216e+03, -3.6831365044e-01
-1.2855442211e+03, -3.6819012568e-01
-1.2888812059e+03, -3.6806772289e-01
-1.2922170862e+03, -3.6794642771e-01
-1.2955518720e+03, -3.6782622602e-01
-1.2988855731e+03, -3.6770710393e-01
-1.3022181993e+03, -3.6758904777e-01
-1.3055497600e+03, -3.6747204411e-01
-1.3088802649e+03, -3.6735607976e-01
-1.3122097233e+03, -3.6724114170e-01
-1.3155381443e+03, -3.6712721717e-01
-1.3188655373e+03, -3.6701429358e-01
-1.3221919111e+03, -3.6690235857e-01
-1.3255172747e+03, -3.6679139997e-01
-1.3288416368e+03, -3.6668140580e-01
-1.3321650062e+03, -3.6657236429e-01
-1.3354873915e+03, -3.6646426384e-01
-1.3388088011e+03, -3.6635709304e-01
-1.3421292433e+03, -3.6625084066e-01
-1.3454487266e+03, -3.6614549565e-01
-1.3487672590e+03, -3.6604104714e-01
-1.3520848486e+03, -3.6593748441e-01
-1.3554015034e+03, -3.6583479692e-01
-1.3587172314e+03, -3.6573297430e-01
-1.3620320402e+03, -3.6563200634e-01
-1.3653459376e+03, -3.6553188296e-01
-1.3686589312e+03, -3.6543259427e-01
-1.3719710285e+03, -3.6533413052e-01
-1.3752822370e+03, -3.6523648210e-01
-1.3785925640e+03, -3.6513963955e-01
-1.3819020167e+03, -3.6504359355e-01
-1.3852106024e+03, -3.6494833494e-01
-1.3885183282e+03, -3.6485385466e-01
-1.3918252010e+03, -3.6476014383e-01
-1.3951312278e+03, -3.6466719367e-01
-1.3984364154e+03, -3.6457499554e-01
-1.4017407707e+03, -3.6448354093e-01
-1.4050443003e+03, -3.6439282146e-01
-1.4083470108e+03, -3.6430282885e-01
-1.4116489089e+03, -3.6421355498e-01
-1.4149500009e+03, -3.6412499181e-01
-1.4182502933e+03, -3.6403713143e-01
-1.4215497925e+03, -3.6394996607e-01
-1.4248485046e+03, -3.6386348802e-01
-1.4281464360e+03, -3.6377768974e-01
-1.4314435926e+03, -3.6369256375e-01
-1.4314435926e+03, -3.6369256375e-01
-1.4262796195e+03, +5.5018065201e+01
-1.4487222573e+03, +5.0837582920e+01
-1.4479179655e+03, -3.6327676443e-01
-1.4512105990e+03, -3.6319552136e-01
-1.4545024989e+03, -3.6311490124e-01
-1.4577936708e+03, -3.6303489740e-01
-1.4594518039e+03, +5.1068017245e+01
-1.4676628739e+03, -3.6279851840e-01
-1.4705223736e+03, +5.1101025627e+01
-1.4779866254e+03, +5.0994727870e+01
-1.4840974928e+03, -3.6241628367e-01
-1.5136373738e+03, -3.6176309546e-01
-1.4479179655e+03, -3.6327676443e-01
-1.4643738528e+03, -3.6287671241e-01
-1.4742388028e+03, -3.6264389582e-01
-1.4808119497e+03, -3.6249158619e-01
-1.4840974928e+03, -3.6241628368e-01
-1.4927018602e+03, +5.1007487509e+01
-1.4939500619e+03, -3.6219371495e-01
-1.4972329149e+03, -3.6212061923e-01
-1.5005151077e+03, -3.6204806110e-01
-1.5037966452e+03, -3.6197603504e-01
-1.5070775323e+03, -3.6190453564e-01
-1.5042380484e+03, +5.1221593686e+01
-1.5283610815e+03, +5.3259444467e+01
-1.5234723744e+03, -3.6155475352e-01
-1.5228831689e+03, +4.8691731320e+01
-1.5267494565e+03, -3.6148630404e-01
-1.5300259203e+03, -3.6141834519e-01
-1.5333017703e+03, -3.6135087207e-01
-1.5365770109e+03, -3.6128387988e-01
-1.5398516464e+03, -3.6121736383e-01
-1.5431256810e+03, -3.6115131925e-01
-1.5463991191e+03, -3.6108574149e-01
-1.5496719649e+03, -3.6102062598e-01
-1.5529442224e+03, -3.6095596819e-01
-1.5562158960e+03, -3.6089176366e-01
-1.5594869896e+03, -3.6082800799e-01
-1.5627575072e+03, -3.6076469681e-01
-1.5660274530e+03, -3.6070182585e-01
-1.5692968308e+03, -3.6063939084e-01
-1.5725656447e+03, -3.6057738761e-01
-1.5758338984e+03, -3.6051581202e-01
-1.5791015959e+03, -3.6045465997e-01
-1.5823687410e+03, -3.6039392743e-01
-1.5856353374e+03, -3.6033361042e-01
-1.5889013890e+03, -3.6027370500e-01
-1.5921668993e+03, -3.6021420727e-01
-1.5954318722e+03, -3.6015511340e-01
-1.5986963112e+03, -3.6009641960e-01
-1.6019602200e+03, -3.6003812210e-01
-1.6052236021e+03, -3.5998021721e-01
-1.6084864611e+03, -3.5992270128e-01
-1.6117488005e+03, -3.5986557067e-01
-1.6150106237e+03, -3.5980882183e-01
-1.6182719342e+03, -3.5975245123e-01
-1.6215327355e+03, -3.5969645537e-01
-1.6247930309e+03, -3.5964083082e-01
-1.6280528237e+03, -3.5958557417e-01
-1.6313121172e+03, -3.5953068205e-01
-1.6345709149e+03, -3.5947615114e-01
-1.6378292198e+03, -3.5942197816e-01
-1.6410870353e+03, -3.5936815985e-01
-1.6443443645e+03, -3.5931469302e-01
-1.6476012107e+03, -3.5926157449e-01
-1.6508575769e+03, -3.5920880112e-01
-1.6541134663e+03, -3.5915636982e-01
-1.6573688820e+03, -3.5910427752e-01
-1.6606238270e+03, -3.5905252120e-01
-1.6638783043e+03, -3.5900109787e-01
-1.6671323170e+03, -3.5895000457e-01
-1.6703858680e+03, -3.5889923838e-01
-1.6736389604e+03, -3.5884879640e-01
-1.6768915969e+03, -3.5879867578e-01
-1.6801437806e+03, -3.5874887370e-01
-1.6833955142e+03, -3.5869938735e-01
-1.6866468007e+03, -3.5865021399e-01
-1.6898976429e+03, -3.5860135087e-01
-1.6931480435e+03, -3.5855279531e-01
-1.6963980054e+03, -3.5850454463e-01
-1.6996475312e+03, -3.5845659619e-01
-1.7028966238e+03, -3.5840894738e-01
-1.7061452858e+03, -3.5836159562e-01
-1.7093935199e+03, -3.5831453836e-01
-1.7126413288e+03, -3.5826777307e-01
-1.7158887151e+03, -3.5822129727e-01
-1.7191356814e+03, -3.5817510847e-01
-1.7223822303e+03, -3.5812920424e-01
-1.7256283643e+03, -3.5808358217e-01
-1.7288740861e+03, -3.5803823985e-01
-1.7321193981e+03, -3.5799317495e-01
-1.7353643029e+03, -3.5794838510e-01
-1.7386088029e+03, -3.5790386801e-01
-1.7418529006e+03, -3.5785962139e-01
-1.7450965984e+03, -3.5781564297e-01
-1.7483398988e+03, -3.5777193053e-01
-1.7515828042e+03, -3.5772848183e-01
-1.7548253168e+03, -3.5768529470e-01
-1.7580674392e+03, -3.5764236697e-01
-1.7613091736e+03, -3.5759969649e-01
-1.7645505224e+03, -3.5755728115e-01
-1.7677914879e+03, -3.5751511885e-01
-1.7710320723e+03, -3.5747320750e-01
-1.7742722779e+03, -3.5743154506e-01
-1.7775121069e+03, -3.5739012950e-01
-1.7807515617e+03, -3.5734895879e-01
-1.7839906444e+03, -3.5730803096e-01
-1.7872293571e+03, -3.5726734403e-01
-1.7904677021e+03, -3.5722689606e-01
-1.7937056816e+03, -3.5718668511e-01
-1.7969432976e+03, -3.5714670928e-01
-1.8001805523e+03, -3.5710696668e-01
-1.8034174478e+03, -3.5706745544e-01
-1.8066539862e+03, -3.5702817371e-01
-1.8098901696e+03, -3.5698911965e-01
-1.8131259999e+03, -3.5695029146e-01
-1.8163614793e+03, -3.5691168735e-01
-1.8195966098e+03, -3.5687330552e-01
-1.8228313933e+03, -3.5683514424e-01
-1.8260658320e+03, -3.5679720176e-01
-1.8292999277e+03, -3.5675947636e-01
-1.8325336823e+03, -3.5672196632e-01
-1.8357670980e+03, -3.5668466998e-01
-1.8390001765e+03, -3.5664758565e-01
-1.8422329198e+03, -3.5661071168e-01
-1.8454653298e+03, -3.5657404643e-01
-1.8486974084e+03, -3.5653758829e-01
-1.8519291574e+03, -3.5650133564e-01
-1.8551605788e+03, -3.5646528691e-01
-1.8583916743e+03, -3.5642944051e-01
-1.8616224457e+03, -3.5639379489e-01
-1.8648528950e+03, -3.5635834851e-01
-1.8680830238e+03, -3.5632309984e-01
-1.8713128340e+03, -3.5628804737e-01
-1.8745423274e+03, -3.5625318960e-01
-1.8777715056e+03, -3.5621852505e-01
-1.8810003705e+03, -3.5618405225e-01
-1.8842289238e+03, -3.5614976975e-01
-1.8874571671e+03, -3.5611567611e-01
-1.8906851023e+03, -3.5608176990e-01
-1.8939127310e+03, -3.5604804971e-01
-1.8971400548e+03, -3.5601451415e-01
-1.9003670755e+03, -3.5598116182e-01
-1.9035937947e+03, -3.5594799136e-01
-1.9068202140e+03, -3.5591500141e-01
-1.9100463351e+03, -3.5588219062e-01
-1.9132721595e+03, -3.5584955766e-01
-1.9164976890e+03, -3.5581710121e-01
-1.9197229250e+03, -3.5578481997e-01
-1.9229478692e+03, -3.5575271264e-01
-1.9261725232e+03, -3.5572077793e-01
-1.9293968884e+03, -3.5568901458e-01
-1.9326209665e+03, -3.5565742133e-01
-1.9358447590e+03, -3.5562599693e-01
-1.9390682674e+03, -3.5559474015e-01
-1.9422914932e+03, -3.5556364976e-01
-1.9455144380e+03, -3.5553272455e-01
-1.9487371031e+03, -3.5550196332e-01
-1.9519594902e+03, -3.5547136489e-01
-1.9551816006e+03, -3.5544092806e-01
-1.9584034358e+03, -3.5541065168e-01
-1.9616249973e+03, -3.5538053460e-01
-1.9648462866e+03, -3.5535057565e-01
-1.9680673049e+03, -3.5532077371e-01
-1.9712880539e+03, -3.5529112765e-01
-1.9745085348e+03, -3.5526163636e-01
-1.9777287490e+03, -3.5523229874e-01
-1.9809486981e+03, -3.5520311368e-01
-1.9841683832e+03, -3.5517408010e-01
-1.9873878059e+03, -3.5514519694e-01
-1.9906069674e+03, -3.5511646312e-01
-1.9938258691e+03, -3.5508787759e-01
-1.9970445124e+03, -3.5505943930e-01
-2.0002628986e+03, -3.5503114722e-01
-2.0034810289e+03, -3.5500300032e-01
-2.0066989048e+03, -3.5497499758e-01
-2.0099165275e+03, -3.5494713800e-01
-2.0131338983e+03, -3.5491942057e-01
-2.0163510184e+03, -3.5489184430e-01
-2.0227845120e+03, -3.5483711134e-01
-2.0104977747e+03, +4.5459845943e+01
-2.0227845120e+03, -3.5483711134e-01
-2.0260008880e+03, -3.5480995271e-01
-2.0260008880e+03, -3.5480995271e-01
-2.0269405213e+03, +4.9492102259e+01
-2.0126905348e+03, +5.4450710485e+01
-2.0745656507e+03, +5.6125458857e+01
-2.0570354565e+03, +4.9527049348e+01
-2.0549373684e+03, -3.5457159104e-01
-2.0581513435e+03, -3.5454576363e-01
-2.0670860531e+03, +4.1339407419e+01
-2.0613650851e+03, -3.5452006441e-01
-2.0645785943e+03, -3.5449449250e-01
-2.0677918723e+03, -3.5446904703e-01
-2.0710049202e+03, -3.5444372717e-01
-2.0742177391e+03, -3.5441853205e-01
-2.0774303303e+03, -3.5439346085e-01
-2.0806426947e+03, -3.5436851273e-01
-2.0838548335e+03, -3.5434368688e-01
-2.0870667479e+03, -3.5431898246e-01
-2.0902784388e+03, -3.5429439867e-01
-2.0934899075e+03, -3.5426993471e-01
-2.0967011549e+03, -3.5424558978e-01
-2.0999121822e+03, -3.5422136309e-01
-2.1031229904e+03, -3.5419725387e-01
-2.1063335806e+03, -3.5417326132e-01
-2.1095439538e+03, -3.5414938469e-01
-2.1095439538e+03, -3.5414938469e-01
-2.1039264063e+03, +5.5653073944e+01
-2.1253545155e+03, +4.9293268903e+01
-2.1255926020e+03, -3.5403171374e-01
-2.1288016953e+03, -3.5400851679e-01
-2.1320105787e+03, -3.5398543053e-01
-2.1352192534e+03, -3.5396245426e-01
-2.1384277203e+03, -3.5393958726e-01
-2.1416359804e+03, -3.5391682882e-01
-2.1517052836e+03, +5.0733691806e+01
-2.1512595298e+03, -3.5384919788e-01
-2.1544669725e+03, -3.5382686672e-01
-2.1576742133e+03, -3.5380464068e-01
-2.1647087247e+03, +4.9012154225e+01
-2.1672947333e+03, -3.5373858648e-01
-2.1748470743e+03, +5.0375729187e+01
-2.1769134697e+03, -3.5367345434e-01
-2.1833249819e+03, -3.5363053653e-01
-2.1897357196e+03, -3.5358801568e-01
-2.1976466460e+03, +4.9913918880e+01
-2.2079484410e+03, +4.8999272353e+01
-2.2217780385e+03, -3.5338119408e-01
-2.2441967086e+03, -3.5324193161e-01
-2.2986063655e+03, -3.5292135507e-01
-1.9648462866e+03, -3.5535057565e-01
-2.0999121822e+03, -3.5422136309e-01
-2.1352192534e+03, -3.5396245426e-01
-2.1544669725e+03, -3.5382686672e-01
-2.1672947333e+03, -3.5373858648e-01
-2.1769134697e+03, -3.5367345434e-01
-2.1833249819e+03, -3.5363053653e-01
-2.1897357196e+03, -3.5358801568e-01
+4.2690663331e+02, -1.2049702710e+01
+4.2150850955e+02, -2.0913054028e+01
+4.1703196459e+02, -2.8070947978e+01
+4.1303277600e+02, -3.4323195905e+01
+4.0934184078e+02, -3.9977846065e+01
+4.0587230328e+02, -4.5194755163e+01
+4.0257223018e+02, -5.0070409018e+01
+3.9940751243e+02, -5.4668736862e+01
+3.9635426124e+02, -5.9034885381e+01
+3.9339494264e+02, -6.3202254406e+01
+3.9051621802e+02, -6.7196445374e+01
+3.8770764963e+02, -7.1037638725e+01
+3.8496088065e+02, -7.4742105929e+01
+3.8226909260e+02, -7.8323214284e+01
+3.7962663297e+02, -8.1792119161e+01
+3.7702875185e+02, -8.5158255493e+01
+3.7447141078e+02, -8.8429695776e+01
+3.7195114104e+02, -9.1613416640e+01
+3.6946493633e+02, -9.4715501175e+01
+3.6701017034e+02, -9.7741295084e+01
+3.6458453234e+02, -1.0069552902e+02
+3.6218597627e+02, -1.0358241570e+02
+3.5981267990e+02, -1.0640572789e+02
+3.5746301188e+02, -1.0916886179e+02
+3.5513550472e+02, -1.1187488890e+02
+3.5282883257e+02, -1.1452659904e+02
+3.5054179271e+02, -1.1712653610e+02
+3.4827329011e+02, -1.1967702820e+02
+3.4602232429e+02, -1.2218021310e+02
+3.4378797831e+02, -1.2463805985e+02
+3.4156940931e+02, -1.2705238739e+02
+3.3936584031e+02, -1.2942488048e+02
+3.3717655328e+02, -1.3175710356e+02
+3.3500088304e+02, -1.3405051270e+02
+3.3283821196e+02, -1.3630646616e+02
+3.3068796535e+02, -1.3852623357e+02
+3.2854960738e+02, -1.4071100400e+02
+3.2642263750e+02, -1.4286189319e+02
+3.2430658731e+02, -1.4497994980e+02
+3.2220101769e+02, -1.4706616117e+02
+3.2010551636e+02, -1.4912145827e+02
+3.1801969561e+02, -1.5114672025e+02
+3.1594319031e+02, -1.5314277850e+02
+3.1387565613e+02, -1.5511042028e+02
+3.1181676790e+02, -1.5705039201e+02
+3.0976621818e+02, -1.5896340226e+02
+3.0772371591e+02, -1.6085012442e+02
+3.0568898526e+02, -1.6271119919e+02
+3.0366176451e+02, -1.6454723679e+02
+3.0164180507e+02, -1.6635881897e+02
+2.9962887058e+02, -1.6814650093e+02
+2.9762273611e+02, -1.6991081299e+02
+2.9562318738e+02, -1.7165226216e+02
+2.9363002006e+02, -1.7337133356e+02
+2.9164303919e+02, -1.7506849179e+02
+2.8966205853e+02, -1.7674418210e+02
+2.8768690007e+02, -1.7839883154e+02
+2.8571739352e+02, -1.8003285003e+02
+2.8375337584e+02, -1.8164663127e+02
+2.8179469086e+02, -1.8324055365e+02
+2.7984118881e+02, -1.8481498114e+02
+2.7789272603e+02, -1.8637026398e+02
+2.7594916459e+02, -1.8790673944e+02
+2.7401037202e+02, -1.8942473249e+02
+2.7207622094e+02, -1.9092455643e+02
+2.7014658886e+02, -1.9240651347e+02
+2.6822135789e+02, -1.9387089525e+02
+2.6630041453e+02, -1.9531798341e+02
+2.6438364941e+02, -1.9674804999e+02
+2.6247095710e+02, -1.9816135797e+02
+2.6056223593e+02, -1.9955816163e+02
+2.5865738777e+02, -2.0093870694e+02
+2.5675631790e+02, -2.0230323199e+02
+2.5485893484e+02, -2.0365196729e+02
+2.5296515016e+02, -2.0498513613e+02
+2.5107487838e+02, -2.0630295488e+02
+2.4918803683e+02, -2.0760563326e+02
+2.4730454550e+02, -2.0889337469e+02
+2.4542432695e+02, -2.1016637646e+02
+2.4354730617e+02, -2.1142483006e+02
+2.4167341051e+02, -2.1266892136e+02
+2.3980256952e+02, -2.1389883087e+02
+2.3793471492e+02, -2.1511473392e+02
+2.3606978048e+02, -2.1631680089e+02
+2.3420770191e+02, -2.1750519738e+02
+2.3234841683e+02, -2.1868008438e+02
+2.3049186467e+02, -2.1984161848e+02
+2.2863798657e+02, -2.2098995202e+02
+2.2678672535e+02, -2.2212523320e+02
+2.2493802544e+02, -2.2324760630e+02
+2.2309183280e+02, -2.2435721176e+02
+2.2124809485e+02, -2.2545418636e+02
+2.1940676047e+02, -2.2653866331e+02
+2.1756777987e+02, -2.2761077241e+02
+2.1573110460e+02, -2.2867064012e+02
+2.1389668747e+02, -2.2971838972e+02
+2.1206448251e+02, -2.3075414139e+02
+2.1023444493e+02, -2.3177801229e+02
+2.0840653106e+02, -2.3279011671e+02
+2.0658069835e+02, -2.3379056613e+02
+2.0475690527e+02, -2.3477946930e+02
+2.0293511135e+02, -2.3575693236e+02
+2.0111527706e+02, -2.3672305889e+02
+1.9929736384e+02, -2.3767794999e+02
+1.9748133404e+02, -2.3862170437e+02
+1.9566715090e+02, -2.3955441843e+02
+1.9385477851e+02, -2.4047618630e+02
+1.9204418177e+02, -2.4138709991e+02
+1.9023532641e+02, -2.4228724909e+02
+1.8842817891e+02, -2.4317672160e+02
+1.8662270650e+02, -2.4405560317e+02
+1.8481887713e+02, -2.4492397760e+02
+1.8301665946e+02, -2.4578192680e+02
+1.8121602282e+02, -2.4662953083e+02
+1.7941693719e+02, -2.4746686795e+02
+1.7761937319e+02, -2.4829401468e+02
+1.7582330206e+02, -2.4911104585e+02
+1.7402869562e+02, -2.4991803463e+02
+1.7223552629e+02, -2.5071505256e+02
+1.7044376702e+02, -2.5150216965e+02
+1.6865339133e+02, -2.5227945436e+02
+1.6686437325e+02, -2.5304697365e+02
+1.6507668732e+02, -2.5380479305e+02
+1.6329030859e+02, -2.5455297664e+02
+1.6150521256e+02, -2.5529158717e+02
+1.5972137523e+02, -2.5602068598e+02
+1.5793877302e+02, -2.5674033313e+02
+1.5615738282e+02, -2.5745058740e+02
+1.5437718191e+02, -2.5815150629e+02
+1.5259814802e+02, -2.5884314609e+02
+1.5082025925e+02, -2.5952556188e+02
+1.4904349412e+02, -2.6019880758e+02
+1.4726783150e+02, -2.6086293597e+02
+1.4549325064e+02, -2.6151799868e+02
+1.4371973114e+02, -2.6216404629e+02
+1.4194725297e+02, -2.6280112826e+02
+1.4017579642e+02, -2.6342929305e+02
+1.3840534210e+02, -2.6404858805e+02
+1.3663587095e+02, -2.6465905968e+02
+1.3486736422e+02, -2.6526075336e+02
+1.3309980346e+02, -2.6585371354e+02
+1.3133317050e+02, -2.6643798374e+02
+1.2956744749e+02, -2.6701360654e+02
+1.2780261681e+02, -2.6758062363e+02
+1.2603866113e+02, -2.6813907581e+02
+1.2427556340e+02, -2.6868900298e+02
+1.2251330681e+02, -2.6923044421e+02
+1.2075187477e+02, -2.6976343772e+02
+1.1899125098e+02, -2.7028802092e+02
+1.1723141933e+02, -2.7080423039e+02
+1.1547236398e+02, -2.7131210194e+02
+1.1371406926e+02, -2.7181167056e+02
+1.1195651977e+02, -2.7230297053e+02
+1.1019970028e+02, -2.7278603532e+02
+1.0844359578e+02, -2.7326089770e+02
+1.0668819145e+02, -2.7372758969e+02
+1.0493347268e+02, -2.7418614260e+02
+1.0317942502e+02, -2.7463658705e+02
+1.0142603422e+02, -2.7507895294e+02
+9.9673286203e+01, -2.7551326952e+02
+9.7921167071e+01, -2.7593956534e+02
+9.6169663084e+01, -2.7635786830e+02
+9.4418760666e+01, -2.7676820566e+02
+9.2668446402e+01, -2.7717060402e+02
+9.0918707030e+01, -2.7756508937e+02
+8.9169529436e+01, -2.7795168706e+02
+8.7420900651e+01, -2.7833042184e+02
+8.5672807850e+01, -2.7870131785e+02
+8.3925238340e+01, -2.7906439862e+02
+8.2178179566e+01, -2.7941968712e+02
+8.0431619097e+01, -2.7976720571e+02
+7.8685544632e+01, -2.8010697620e+02
+7.6939943987e+01, -2.8043901982e+02
+7.5194805100e+01, -2.8076335725e+02
+7.3450116021e+01, -2.8108000861e+02
+7.1705864911e+01, -2.8138899348e+02
+6.9962040039e+01, -2.8169033090e+02
+6.8218629777e+01, -2.8198403938e+02
+6.6475622600e+01, -2.8227013690e+02
+6.4733007078e+01, -2.8254864092e+02
+6.2990771877e+01, -2.8281956838e+02
+6.1248905754e+01, -2.8308293573e+02
+5.9507397554e+01, -2.8333875889e+02
+5.7766236207e+01, -2.8358705329e+02
+5.6025410727e+01, -2.8382783387e+02
+5.4284910205e+01, -2.8406111508e+02
+5.2544723811e+01, -2.8428691088e+02
+5.0804840786e+01, -2.8450523474e+02
+4.9065250445e+01, -2.8471609967e+02
+4.7325942168e+01, -2.8491951820e+02
+4.5586905405e+01, -2.8511550239e+02
+4.3848129664e+01, -2.8530406383e+02
+4.2109604517e+01, -2.8548521366e+02
+4.0371319593e+01, -2.8565896255e+02
+3.8633264575e+01, -2.8582532072e+02
+3.6895429200e+01, -2.8598429793e+02
+3.5157803255e+01, -2.8613590350e+02
+3.3420376574e+01, -2.8628014630e+02
+3.1683139038e+01, -2.8641703476e+02
+2.9946080570e+01, -2.8654657686e+02
+2.8209191133e+01, -2.8666878014e+02
+2.6472460729e+01, -2.8678365172e+02
+2.4735879398e+01, -2.8689119826e+02
+2.2999437209e+01, -2.8699142601e+02
+2.1263124266e+01, -2.8708434077e+02
+1.9526930702e+01, -2.8716994793e+02
+1.7790846675e+01, -2.8724825243e+02
+1.6054862369e+01, -2.8731925881e+02
+1.4318967989e+01, -2.8738297116e+02
+1.2583153762e+01, -2.8743939316e+02
+1.0847409931e+01, -2.8748852806e+02
+9.1117267570e+00, -2.8753037869e+02
+7.3760945119e+00, -2.8756494747e+02
+5.6405034809e+00, -2.8759223639e+02
+3.9049439577e+00, -2.8761224702e+02
+2.1694062432e+00, -2.8762498050e+02
+4.3388064295e-01, -2.8763043758e+02
-1.3016425345e+00, -2.8762861856e+02
-3.0371729803e+00, -2.8761952335e+02
-4.7727203872e+00, -2.8760315141e+02
-6.5082944515e+00, -2.8757950181e+02
-8.2439048757e+00, -2.8754857318e+02
-9.9795613704e+00, -2.8751036375e+02
-1.1715273656e+01, -2.8746487131e+02
-1.3451051467e+01, -2.8741209324e+02
-1.5186904550e+01, -2.8735202650e+02
-1.6922842670e+01, -2.8728466762e+02
-1.8658875611e+01, -2.8721001272e+02
-2.0395013178e+01, -2.8712805748e+02
-2.2131265199e+01, -2.8703879717e+02
-2.3867641530e+01, -2.8694222661e+02
-2.5604152051e+01, -2.8683834022e+02
-2.7340806675e+01, -2.8672713197e+02
-2.9077615348e+01, -2.8660859540e+02
-3.0814588049e+01, -2.8648272362e+02
-3.2551734794e+01, -2.8634950931e+02
-3.4289065640e+01, -2.8620894471e+02
-3.6026590685e+01, -2.8606102160e+02
-3.7764320072e+01, -2.8590573135e+02
-3.9502263989e+01, -2.8574306485e+02
-4.1240432674e+01, -2.8557301257e+02
-4.2978836416e+01, -2.8539556452e+02
-4.4717485560e+01, -2.8521071025e+02
-4.6456390505e+01, -2.8501843885e+02
-4.8195561709e+01, -2.8481873897e+02
-4.9935009695e+01, -2.8461159878e+02
-5.1674745047e+01, -2.8439700597e+02
-5.3414778416e+01, -2.8417494780e+02
-5.5155120525e+01, -2.8394541101e+02
-5.6895782167e+01, -2.8370838189e+02
-5.8636774212e+01, -2.8346384624e+02
-6.0378107607e+01, -2.8321178936e+02
-6.2119793380e+01, -2.8295219606e+02
-6.3861842642e+01, -2.8268505068e+02
-6.5604266592e+01, -2.8241033702e+02
-6.7347076520e+01, -2.8212803840e+02
-6.9090283804e+01, -2.8183813762e+02
-7.0833899924e+01, -2.8154061695e+02
-7.2577936456e+01, -2.8123545815e+02
-7.4322405077e+01, -2.8092264245e+02
-7.6067317574e+01, -2.8060215054e+02
-7.7812685839e+01, -2.8027396257e+02
-7.9558521878e+01, -2.7993805813e+02
-8.1304837815e+01, -2.7959441628e+02
-8.3051645891e+01, -2.7924301550e+02
-8.4798958471e+01, -2.7888383369e+02
-8.6546788049e+01, -2.7851684821e+02
-8.8295147247e+01, -2.7814203580e+02
-9.0044048824e+01, -2.7775937261e+02
-9.1793505678e+01, -2.7736883422e+02
-9.3543530847e+01, -2.7697039557e+02
-9.5294137521e+01, -2.7656403100e+02
-9.7045339037e+01, -2.7614971420e+02
-9.8797148890e+01, -2.7572741826e+02
-1.0054958073e+02, -2.7529711560e+02
-1.0230264839e+02, -2.7485877797e+02
-1.0405636585e+02, -2.7441237650e+02
-1.0581074728e+02, -2.7395788160e+02
-1.0756580701e+02, -2.7349526302e+02
-1.0932155959e+02, -2.7302448979e+02
-1.1107801972e+02, -2.7254553025e+02
-1.1283520232e+02, -2.7205835202e+02
-1.1459312251e+02, -2.7156292196e+02
-1.1635179560e+02, -2.7105920620e+02
-1.1811123713e+02, -2.7054717012e+02
-1.1987146285e+02, -2.7002677830e+02
-1.2163248874e+02, -2.6949799457e+02
-1.2339433101e+02, -2.6896078192e+02
-1.2515700608e+02, -2.6841510255e+02
-1.2692053067e+02, -2.6786091782e+02
-1.2868492169e+02, -2.6729818823e+02
-1.3045019636e+02, -2.6672687344e+02
-1.3221637213e+02, -2.6614693220e+02
-1.3398346673e+02, -2.6555832239e+02
-1.3575149819e+02, -2.6496100096e+02
-1.3752048481e+02, -2.6435492393e+02
-1.3929044518e+02, -2.6374004635e+02
-1.4106139821e+02, -2.6311632232e+02
-1.4283336313e+02, -2.6248370492e+02
-1.4460635948e+02, -2.6184214625e+02
-1.4638040713e+02, -2.6119159735e+02
-1.4815552630e+02, -2.6053200819e+02
-1.4993173756e+02, -2.5986332767e+02
-1.5170906185e+02, -2.5918550359e+02
-1.5348752047e+02, -2.5849848261e+02
-1.5526713510e+02, -2.5780221022e+02
-1.5704792785e+02, -2.5709663076e+02
-1.5882992119e+02, -2.5638168731e+02
-1.6061313804e+02, -2.5565732175e+02
-1.6239760175e+02, -2.5492347467e+02
-1.6418333610e+02, -2.5418008537e+02
-1.6597036534e+02, -2.5342709180e+02
-1.6775871419e+02, -2.5266443055e+02
-1.6954840787e+02, -2.5189203684e+02
-1.7133947207e+02, -2.5110984440e+02
-1.7313193302e+02, -2.5031778554e+02
-1.7492581749e+02, -2.4951579103e+02
-1.7672115279e+02, -2.4870379010e+02
-1.7851796680e+02, -2.4788171040e+02
-1.8031628798e+02, -2.4704947793e+02
-1.8211614541e+02, -2.4620701703e+02
-1.8391756877e+02, -2.4535425031e+02
-1.8572058841e+02, -2.4449109861e+02
-1.8752523534e+02, -2.4361748097e+02
-1.8933154125e+02, -2.4273331452e+02
-1.9113953854e+02, -2.4183851452e+02
-1.9294926035e+02, -2.4093299422e+02
-1.9476074058e+02, -2.4001666484e+02
-1.9657401391e+02, -2.3908943551e+02
-1.9838911583e+02, -2.3815121319e+02
-2.0020608269e+02, -2.3720190264e+02
-2.0202495168e+02, -2.3624140631e+02
-2.0384576091e+02, -2.3526962431e+02
-2.0566854941e+02, -2.3428645430e+02
-2.0749335718e+02, -2.3329179143e+02
-2.0932022521e+02, -2.3228552828e+02
-2.1114919555e+02, -2.3126755472e+02
-2.1298031130e+02, -2.3023775791e+02
-2.1481361667e+02, -2.2919602211e+02
-2.1664915705e+02, -2.2814222866e+02
-2.1848697901e+02, -2.2707625586e+02
-2.2032713036e+02, -2.2599797885e+02
-2.2216966022e+02, -2.2490726951e+02
-2.2401461903e+02, -2.2380399635e+02
-2.2586205865e+02, -2.2268802439e+02
-2.2771203236e+02, -2.2155921504e+02
-2.2956459497e+02, -2.2041742596e+02
-2.3141980285e+02, -2.1926251093e+02
-2.3327771401e+02, -2.1809431967e+02
-2.3513838815e+02, -2.1691269778e+02
-2.3700188674e+02, -2.1571748646e+02
-2.3886827311e+02, -2.1450852244e+02
-2.4073761250e+02, -2.1328563776e+02
-2.4260997216e+02, -2.1204865959e+02
-2.4448542143e+02, -2.1079741003e+02
-2.4636403187e+02, -2.0953170593e+02
-2.4824587728e+02, -2.0825135862e+02
-2.5013103388e+02, -2.0695617376e+02
-2.5201958039e+02, -2.0564595101e+02
-2.5391159811e+02, -2.0432048384e+02
-2.5580717112e+02, -2.0297955924e+02
-2.5770638634e+02, -2.0162295742e+02
-2.5960933372e+02, -2.0025045151e+02
-2.6151610634e+02, -1.9886180728e+02
-2.6342680060e+02, -1.9745678272e+02
-2.6534151637e+02, -1.9603512775e+02
-2.6726035719e+02, -1.9459658381e+02
-2.6918343043e+02, -1.9314088344e+02
-2.7111084749e+02, -1.9166774985e+02
-2.7304272406e+02, -1.9017689646e+02
-2.7497918028e+02, -1.8866802642e+02
-2.7692034105e+02, -1.8714083204e+02
-2.7886633626e+02, -1.8559499427e+02
-2.8081730108e+02, -1.8403018206e+02
-2.8277337627e+02, -1.8244605174e+02
-2.8473470849e+02, -1.8084224631e+02
-2.8670145066e+02, -1.7921839468e+02
-2.8867376234e+02, -1.7757411092e+02
-2.9065181014e+02, -1.7590899333e+02
-2.9263576816e+02, -1.7422262355e+02
-2.9462581844e+02, -1.7251456558e+02
-2.9662215152e+02, -1.7078436462e+02
-2.9862496698e+02, -1.6903154598e+02
-3.0063447402e+02, -1.6725561377e+02
-3.0265089218e+02, -1.6545604950e+02
-3.0467445198e+02, -1.6363231063e+02
-3.0670539581e+02, -1.6178382890e+02
-3.0874397870e+02, -1.5991000857e+02
-3.1079046929e+02, -1.5801022444e+02
-3.1284515089e+02, -1.5608381976e+02
-3.1490832259e+02, -1.5413010387e+02
-3.1698030052e+02, -1.5214834964e+02
-3.1906141924e+02, -1.5013779061e+02
-3.2115203327e+02, -1.4809761789e+02
-3.2325251880e+02, -1.4602697669e+02
-3.2536327555e+02, -1.4392496248e+02
-3.2748472892e+02, -1.4179061671e+02
-3.2961733236e+02, -1.3962292203e+02
-3.3176156996e+02, -1.3742079700e+02
-3.3391795948e+02, -1.3518309006e+02
-3.3608705572e+02, -1.3290857280e+02
-3.3826945429e+02, -1.3059593236e+02
-3.4046579599e+02, -1.2824376279e+02
-3.4267677171e+02, -1.2585055525e+02
-3.4490312813e+02, -1.2341468674e+02
-3.4714567424e+02, -1.2093440726e+02
-3.4940528886e+02, -1.1840782497e+02
-3.5168292941e+02, -1.1583288896e+02
-3.5397964213e+02, -1.1320736921e+02
-3.5629657415e+02, -1.1052883318e+02
-3.5863498763e+02, -1.0779461809e+02
-3.6099627671e+02, -1.0500179818e+02
-3.6338198778e+02, -1.0214714546e+02
-3.6579384390e+02, -9.9227082611e+01
-3.6823377466e+02, -9.6237625621e+01
-3.7070395278e+02, -9.3174313634e+01
-3.7320683966e+02, -9.0032122020e+01
-3.7574524256e+02, -8.6805353550e+01
-4.2367654351e+02, +1.3305346093e+02
-4.2709920259e+02, +1.3074370267e+02
-5.4475219916e+02, +8.0497222077e+01
-5.4013052150e+02, +8.1499693521e+01
-5.3549459101e+02, +8.2559475876e+01
-4.4145257259e+02, +1.2146755244e+02
-4.4521884078e+02, +1.1915853600e+02
-4.4906025398e+02, +1.1686300753e+02
-4.5297805311e+02, +1.1458657925e+02
-4.5697287170e+02, +1.1233529958e+02
-4.6104463012e+02, +1.1011556536e+02
-4.6519246111e+02, +1.0793399471e+02
-4.6941471274e+02, +1.0579725726e+02
-4.7370917915e+02, +1.0371185125e+02
-4.7807444753e+02, +1.0168377581e+02
-4.8253244649e+02, +9.9722308541e+01
-4.8028557385e+02, +1.0069299463e+02
-4.7588275708e+02, +1.0269037033e+02
-4.7155292125e+02, +1.0474781377e+02
-4.6310898782e+02, +1.0901966240e+02
           NaN, -8.2268538756e+02
           NaN, -8.5499417391e+02
           NaN, -8.8641382983e+02
           NaN, -9.1697195711e+02
           NaN, -9.4669336678e+02
           NaN, -9.7560067697e+02
           NaN, -1.0037147750e+03
           NaN, -1.0310551862e+03
           NaN, -1.0576403558e+03
           NaN, -1.0834878753e+03
           NaN, -1.1086146581e+03
           NaN, -1.1330370776e+03
           NaN, -1.1567710753e+03
           NaN, -1.1798322406e+03
           NaN, -1.2022358789e+03
           NaN, -1.2239970561e+03
           NaN, -1.2451306334e+03
           NaN, -1.2656512943e+03
           NaN, -1.2855735589e+03
           NaN, -1.3049117953e+03
           NaN, -1.3236802254e+03
           NaN, -1.3418929241e+03
           NaN, -1.3595638227e+03
           NaN, -1.3767066966e+03
           NaN, -1.3933351678e+03
           NaN, -1.4094626938e+03
           NaN, -1.4251025632e+03
           NaN, -1.4402678817e+03
           NaN, -1.4549715722e+03
           NaN, -1.4692263633e+03
           NaN, -1.4830447810e+03
           NaN, -1.4964391413e+03
           NaN, -1.5094215481e+03
           NaN, -1.5220038818e+03
           NaN, -1.5341977953e+03
           NaN, -1.5460147140e+03
           NaN, -1.5574658238e+03
           NaN, -1.5685620760e+03
           NaN, -1.5793141758e+03
-3.1516090129e+02, +2.1068269650e+02
-3.1288529699e+02, +2.1220187674e+02
-3.1062032942e+02, +2.1370466858e+02
-3.0836567099e+02, +2.1519127504e+02
-3.0612100812e+02, +2.1666189524e+02
-3.0388604056e+02, +2.1811672442e+02
-3.0166048056e+02, +2.1955595393e+02
-2.9944405228e+02, +2.2097977124e+02
-2.9723649108e+02, +2.2238835999e+02
-2.9503754299e+02, +2.2378190000e+02
-2.9284696410e+02, +2.2516056733e+02
-4.3045626901e+02, -6.0784097393e+00
-4.2403797915e+02, -1.6791970384e+01
-4.1919389897e+02, -2.4635406005e+01
-4.1498616233e+02, -3.1285825571e+01
-4.1115533853e+02, -3.7213178244e+01
-4.0758319151e+02, -4.2633988767e+01
-4.0420351815e+02, -4.7670688577e+01
-4.0097462780e+02, -5.2401079816e+01
-3.9786816744e+02, -5.6878527126e+01
-3.9486377420e+02, -6.1141667756e+01
-3.9194621512e+02, -6.5219629649e+01
-3.8910372799e+02, -6.9135071828e+01
-3.8632699741e+02, -7.2906068876e+01
-3.8360849111e+02, -7.6547337451e+01
-3.8094201224e+02, -8.0071066876e+01
-3.7832238731e+02, -8.3487500424e+01
-3.7574524256e+02, -8.6805353550e+01
-3.7320683966e+02, -9.0032122020e+01
-3.7070395278e+02, -9.3174313634e+01
-3.6823377466e+02, -9.6237625621e+01
-3.6579384390e+02, -9.9227082611e+01
-3.6338198778e+02, -1.0214714546e+02
-3.6099627671e+02, -1.0500179818e+02
-3.5863498763e+02, -1.0779461809e+02
-3.5629657415e+02, -1.1052883318e+02
-3.5397964213e+02, -1.1320736921e+02
-3.5168292941e+02, -1.1583288896e+02
-3.4940528886e+02, -1.1840782497e+02
-3.4714567424e+02, -1.2093440726e+02
-3.4490312813e+02, -1.2341468674e+02
-3.4267677171e+02, -1.2585055525e+02
-3.4046579599e+02, -1.2824376279e+02
-3.3826945429e+02, -1.3059593236e+02
-3.3608705572e+02, -1.3290857280e+02
-3.3391795948e+02, -1.3518309006e+02
-3.3176156996e+02, -1.3742079700e+02
-3.2961733236e+02, -1.3962292203e+02
-3.2748472892e+02, -1.4179061671e+02
-3.2536327555e+02, -1.4392496248e+02
-3.2325251880e+02, -1.4602697669e+02
-3.2115203327e+02, -1.4809761789e+02
-3.1906141924e+02, -1.5013779061e+02
-3.1698030052e+02, -1.5214834964e+02
-3.1490832259e+02, -1.5413010387e+02
-3.1284515089e+02, -1.5608381976e+02
-3.1079046929e+02, -1.5801022444e+02
-3.0874397870e+02, -1.5991000857e+02
-3.0670539581e+02, -1.6178382890e+02
-3.0467445198e+02, -1.6363231063e+02
-3.0265089218e+02, -1.6545604950e+02
-3.0063447402e+02, -1.6725561377e+02
-2.9862496698e+02, -1.6903154598e+02
-2.9662215152e+02, -1.7078436462e+02
-2.9462581844e+02, -1.7251456558e+02
-2.9263576816e+02, -1.7422262355e+02
-2.9065181014e+02, -1.7590899333e+02
-2.8867376234e+02, -1.7757411092e+02
-2.8670145066e+02, -1.7921839468e+02
-2.8473470849e+02, -1.8084224631e+02
-2.8277337627e+02, -1.8244605174e+02
-2.8081730108e+02, -1.8403018206e+02
-2.7886633626e+02, -1.8559499427e+02
-2.7692034105e+02, -1.8714083204e+02
-2.7497918028e+02, -1.8866802642e+02
-2.7304272406e+02, -1.9017689646e+02
-2.7111084749e+02, -1.9166774985e+02
-2.6918343043e+02, -1.9314088344e+02
-2.6726035719e+02, -1.9459658381e+02
-2.6534151637e+02, -1.9603512775e+02
-2.6342680060e+02, -1.9745678272e+02
-2.6151610634e+02, -1.9886180728e+02
-2.5960933372e+02, -2.0025045151e+02
-2.5770638634e+02, -2.0162295742e+02
-2.5580717112e+02, -2.0297955924e+02
-2.5391159811e+02, -2.0432048384e+02
-2.5201958039e+02, -2.0564595101e+02
-2.5013103388e+02, -2.0695617376e+02
-2.4824587728e+02, -2.0825135862e+02
-2.4636403187e+02, -2.0953170593e+02
-2.4448542143e+02, -2.1079741003e+02
-2.4260997216e+02, -2.1204865959e+02
-2.4073761250e+02, -2.1328563776e+02
-2.3886827311e+02, -2.1450852244e+02
-2.3700188674e+02, -2.1571748646e+02
-2.3513838815e+02, -2.1691269778e+02
-2.3327771401e+02, -2.1809431967e+02
-2.3141980285e+02, -2.1926251093e+02
-2.2956459497e+02, -2.2041742596e+02
-2.2771203236e+02, -2.2155921504e+02
-2.2586205865e+02, -2.2268802439e+02
-2.2401461903e+02, -2.2380399635e+02
-2.2216966022e+02, -2.2490726951e+02
-2.2032713036e+02, -2.2599797885e+02
-2.1848697901e+02, -2.2707625586e+02
-2.1664915705e+02, -2.2814222866e+02
-2.1481361667e+02, -2.2919602211e+02
-2.1298031130e+02, -2.3023775791e+02
-2.1114919555e+02, -2.3126755472e+02
-2.0932022521e+02, -2.3228552828e+02
-2.0749335718e+02, -2.3329179143e+02
-2.0566854941e+02, -2.3428645430e+02
-2.0384576091e+02, -2.3526962431e+02
-2.0202495168e+02, -2.3624140631e+02
-2.0020608269e+02, -2.3720190264e+02
-1.9838911583e+02, -2.3815121319e+02
-1.9657401391e+02, -2.3908943551e+02
-1.9476074058e+02, -2.4001666484e+02
-1.9294926035e+02, -2.4093299422e+02
-1.9113953854e+02, -2.4183851452e+02
-1.8933154125e+02, -2.4273331452e+02
-1.8752523534e+02, -2.4361748097e+02
-1.8572058841e+02, -2.4449109861e+02
-1.8391756877e+02, -2.4535425031e+02
-1.8211614541e+02, -2.4620701703e+02
-1.8031628798e+02, -2.4704947793e+02
-1.7851796680e+02, -2.4788171040e+02
-1.7672115279e+02, -2.4870379010e+02
-1.7492581749e+02, -2.4951579103e+02
-1.7313193302e+02, -2.5031778554e+02
-1.7133947207e+02, -2.5110984440e+02
-1.6954840787e+02, -2.5189203684e+02
-1.6775871419e+02, -2.5266443055e+02
-1.6597036534e+02, -2.5342709180e+02
-1.6418333610e+02, -2.5418008537e+02
-1.6239760175e+02, -2.5492347467e+02
-1.6061313804e+02, -2.5565732175e+02
-1.5882992119e+02, -2.5638168731e+02
-1.5704792785e+02, -2.5709663076e+02
-1.5526713510e+02, -2.5780221022e+02
-1.5348752047e+02, -2.5849848261e+02
-1.5170906185e+02, -2.5918550359e+02
-1.4993173756e+02, -2.5986332767e+02
-1.4815552630e+02, -2.6053200819e+02
-1.4638040713e+02, -2.6119159735e+02
-1.4460635948e+02, -2.6184214625e+02
-1.4283336313e+02, -2.6248370492e+02
-1.4106139821e+02, -2.6311632232e+02
-1.3929044518e+02, -2.6374004635e+02
-1.3752048481e+02, -2.6435492393e+02
-1.3575149819e+02, -2.6496100096e+02
-1.3398346673e+02, -2.6555832239e+02
-1.3221637213e+02, -2.6614693220e+02
-1.3045019636e+02, -2.6672687344e+02
-1.2868492169e+02, -2.6729818823e+02
-1.2692053067e+02, -2.6786091782e+02
-1.2515700608e+02, -2.6841510255e+02
-1.2339433101e+02, -2.6896078192e+02
-1.2163248874e+02, -2.6949799457e+02
-1.1987146285e+02, -2.7002677830e+02
-1.1811123713e+02, -2.7054717012e+02
-1.1635179560e+02, -2.7105920620e+02
-1.1459312251e+02, -2.7156292196e+02
-1.1283520232e+02, -2.7205835202e+02
-1.1107801972e+02, -2.7254553025e+02
-1.0932155959e+02, -2.7302448979e+02
-1.0756580701e+02, -2.7349526302e+02
-1.0581074728e+02, -2.7395788160e+02
-1.0405636585e+02, -2.7441237650e+02
-1.0230264839e+02, -2.7485877797e+02
-1.0054958073e+02, -2.7529711560e+02
-9.8797148890e+01, -2.7572741826e+02
-9.7045339037e+01, -2.7614971420e+02
-9.5294137521e+01, -2.7656403100e+02
-9.3543530847e+01, -2.7697039557e+02
-9.1793505678e+01, -2.7736883422e+02
-9.0044048824e+01, -2.7775937261e+02
-8.8295147247e+01, -2.7814203580e+02
-8.6546788049e+01, -2.7851684821e+02
-8.4798958471e+01, -2.7888383369e+02
-8.3051645891e+01, -2.7924301550e+02
-8.1304837815e+01, -2.7959441628e+02
-7.9558521878e+01, -2.7993805813e+02
-7.7812685839e+01, -2.8027396257e+02
-7.6067317574e+01, -2.8060215054e+02
-7.4322405077e+01, -2.8092264245e+02
-7.2577936456e+01, -2.8123545815e+02
-7.0833899924e+01, -2.8154061695e+02
-6.9090283804e+01, -2.8183813762e+02
-6.7347076520e+01, -2.8212803840e+02
-6.5604266592e+01, -2.8241033702e+02
-6.3861842642e+01, -2.8268505068e+02
-6.2119793380e+01, -2.8295219606e+02
-6.0378107607e+01, -2.8321178936e+02
-5.8636774212e+01, -2.8346384624e+02
-5.6895782167e+01, -2.8370838189e+02
-5.5155120525e+01, -2.8394541101e+02
-5.3414778416e+01, -2.8417494780e+02
-5.1674745047e+01, -2.8439700597e+02
-4.9935009695e+01, -2.8461159878e+02
-4.8195561709e+01, -2.8481873897e+02
-4.6456390505e+01, -2.8501843885e+02
-4.4717485560e+01, -2.8521071025e+02
-4.2978836416e+01, -2.8539556452e+02
-4.1240432674e+01, -2.8557301257e+02
-3.9502263989e+01, -2.8574306485e+02
-3.7764320072e+01, -2.8590573135e+02
-3.6026590685e+01, -2.8606102160e+02
-3.4289065640e+01, -2.8620894471e+02
-3.2551734794e+01, -2.8634950931e+02
-3.0814588049e+01, -2.8648272362e+02
-2.9077615348e+01, -2.8660859540e+02
-2.7340806675e+01, -2.8672713197e+02
-2.5604152051e+01, -2.8683834022e+02
-2.3867641530e+01, -2.8694222661e+02
-2.2131265199e+01, -2.8703879717e+02
-2.0395013178e+01, -2.8712805748e+02
-1.8658875611e+01, -2.8721001272e+02
-1.6922842670e+01, -2.8728466762e+02
-1.5186904550e+01, -2.8735202650e+02
-1.3451051467e+01, -2.8741209324e+02
-1.1715273656e+01, -2.8746487131e+02
-9.9795613704e+00, -2.8751036375e+02
-8.2439048757e+00, -2.8754857318e+02
-6.5082944515e+00, -2.8757950181e+02
-4.7727203872e+00, -2.8760315141e+02
-3.0371729803e+00, -2.8761952335e+02
-1.3016425345e+00, -2.8762861856e+02
+4.3388064295e-01, -2.8763043758e+02
+2.1694062432e+00, -2.8762498050e+02
+3.9049439577e+00, -2.8761224702e+02
+5.6405034809e+00, -2.8759223639e+02
+7.3760945119e+00, -2.8756494747e+02
+9.1117267570e+00, -2.8753037869e+02
+1.0847409931e+01, -2.8748852806e+02
+1.2583153762e+01, -2.8743939316e+02
+1.4318967989e+01, -2.8738297116e+02
+1.6054862369e+01, -2.8731925881e+02
+1.7790846675e+01, -2.8724825243e+02
+1.9526930702e+01, -2.8716994793e+02
+2.1263124266e+01, -2.8708434077e+02
+2.2999437209e+01, -2.8699142601e+02
+2.4735879398e+01, -2.8689119826e+02
+2.6472460729e+01, -2.8678365172e+02
+2.8209191133e+01, -2.8666878014e+02
+2.9946080570e+01, -2.8654657686e+02
+3.1683139038e+01, -2.8641703476e+02
+3.3420376574e+01, -2.8628014630e+02
+3.5157803255e+01, -2.8613590350e+02
+3.6895429200e+01, -2.8598429793e+02
+3.8633264575e+01, -2.8582532072e+02
+4.0371319593e+01, -2.8565896255e+02
+4.2109604517e+01, -2.8548521366e+02
+4.3848129664e+01, -2.8530406383e+02
+4.5586905405e+01, -2.8511550239e+02
+4.7325942168e+01, -2.8491951820e+02
+4.9065250445e+01, -2.8471609967e+02
+5.0804840786e+01, -2.8450523474e+02
+5.2544723811e+01, -2.8428691088e+02
+5.4284910205e+01, -2.8406111508e+02
+5.6025410727e+01, -2.8382783387e+02
+5.7766236207e+01, -2.8358705329e+02
+5.9507397554e+01, -2.8333875889e+02
+6.1248905754e+01, -2.8308293573e+02
+6.2990771877e+01, -2.8281956838e+02
+6.4733007078e+01, -2.8254864092e+02
+6.6475622600e+01, -2.8227013690e+02
+6.8218629777e+01, -2.8198403938e+02
+6.9962040039e+01, -2.8169033090e+02
+7.1705864911e+01, -2.8138899348e+02
+7.3450116021e+01, -2.8108000861e+02
+7.5194805100e+01, -2.8076335725e+02
+7.6939943987e+01, -2.8043901982e+02
+7.8685544632e+01, -2.8010697620e+02
+8.0431619097e+01, -2.7976720571e+02
+8.2178179566e+01, -2.7941968712e+02
+8.3925238340e+01, -2.7906439862e+02
+8.5672807850e+01, -2.7870131785e+02
+8.7420900651e+01, -2.7833042184e+02
+8.9169529436e+01, -2.7795168706e+02
+9.0918707030e+01, -2.7756508937e+02
+9.2668446402e+01, -2.7717060402e+02
+9.4418760666e+01, -2.7676820566e+02
+9.6169663084e+01, -2.7635786830e+02
+9.7921167071e+01, -2.7593956534e+02
+9.9673286203e+01, -2.7551326952e+02
+1.0142603422e+02, -2.7507895294e+02
+1.0317942502e+02, -2.7463658705e+02
+1.0493347268e+02, -2.7418614260e+02
+1.0668819145e+02, -2.7372758969e+02
+1.0844359578e+02, -2.7326089770e+02
+1.1019970028e+02, -2.7278603532e+02
+1.1195651977e+02, -2.7230297053e+02
+1.1371406926e+02, -2.7181167056e+02
+1.1547236398e+02, -2.7131210194e+02
+1.1723141933e+02, -2.7080423039e+02
+1.1899125098e+02, -2.7028802092e+02
+1.2075187477e+02, -2.6976343772e+02
+1.2251330681e+02, -2.6923044421e+02
+1.2427556340e+02, -2.6868900298e+02
+1.2603866113e+02, -2.6813907581e+02
+1.2780261681e+02, -2.6758062363e+02
+1.2956744749e+02, -2.6701360654e+02
+1.3133317050e+02, -2.6643798374e+02
+1.3309980346e+02, -2.6585371354e+02
+1.3486736422e+02, -2.6526075336e+02
+1.3663587095e+02, -2.6465905968e+02
+1.3840534210e+02, -2.6404858805e+02
+1.4017579642e+02, -2.6342929305e+02
+1.4194725297e+02, -2.6280112826e+02
+1.4371973114e+02, -2.6216404629e+02
+1.4549325064e+02, -2.6151799868e+02
+1.4726783150e+02, -2.6086293597e+02
+1.4904349412e+02, -2.6019880758e+02
+1.5082025925e+02, -2.5952556188e+02
+1.5259814802e+02, -2.5884314609e+02
+1.5437718191e+02, -2.5815150629e+02
+1.5615738282e+02, -2.5745058740e+02
+1.5793877302e+02, -2.5674033313e+02
+1.5972137523e+02, -2.5602068598e+02
+1.6150521256e+02, -2.5529158717e+02
+1.6329030859e+02, -2.5455297664e+02
+1.6507668732e+02, -2.5380479305e+02
+1.6686437325e+02, -2.5304697365e+02
+1.6865339133e+02, -2.5227945436e+02
+1.7044376702e+02, -2.5150216965e+02
+1.7223552629e+02, -2.5071505256e+02
+1.7402869562e+02, -2.4991803463e+02
+1.7582330206e+02, -2.4911104585e+02
+1.7761937319e+02, -2.4829401468e+02
+1.7941693719e+02, -2.4746686795e+02
+1.8121602282e+02, -2.4662953083e+02
+1.8301665946e+02, -2.4578192680e+02
+1.8481887713e+02, -2.4492397760e+02
+1.8662270650e+02, -2.4405560317e+02
+1.8842817891e+02, -2.4317672160e+02
+1.9023532641e+02, -2.4228724909e+02
+1.9204418177e+02, -2.4138709991e+02
+1.9385477851e+02, -2.4047618630e+02
+1.9566715090e+02, -2.3955441843e+02
+1.9748133404e+02, -2.3862170437e+02
+1.9929736384e+02, -2.3767794999e+02
+2.0111527706e+02, -2.3672305889e+02
+2.0293511135e+02, -2.3575693236e+02
+2.0475690527e+02, -2.3477946930e+02
+2.0658069835e+02, -2.3379056613e+02
+2.0840653106e+02, -2.3279011671e+02
+2.1023444493e+02, -2.3177801229e+02
+2.1206448251e+02, -2.3075414139e+02
+2.1389668747e+02, -2.2971838972e+02
+2.1573110460e+02, -2.2867064012e+02
+2.1756777987e+02, -2.2761077241e+02
+2.1940676047e+02, -2.2653866331e+02
+2.2124809485e+02, -2.2545418636e+02
+2.2309183280e+02, -2.2435721176e+02
+2.2493802544e+02, -2.2324760630e+02
+2.2678672535e+02, -2.2212523320e+02
+2.2863798657e+02, -2.2098995202e+02
+2.3049186467e+02, -2.1984161848e+02
+2.3234841683e+02, -2.1868008438e+02
+2.3420770191e+02, -2.1750519738e+02
+2.3606978048e+02, -2.1631680089e+02
+2.3793471492e+02, -2.1511473392e+02
+2.3980256952e+02, -2.1389883087e+02
+2.4167341051e+02, -2.1266892136e+02
+2.4354730617e+02, -2.1142483006e+02
+2.4542432695e+02, -2.1016637646e+02
+2.4730454550e+02, -2.0889337469e+02
+2.4918803683e+02, -2.0760563326e+02
+2.5107487838e+02, -2.0630295488e+02
+2.5296515016e+02, -2.0498513613e+02
+2.5485893484e+02, -2.0365196729e+02
+2.5675631790e+02, -2.0230323199e+02
+2.5865738777e+02, -2.0093870694e+02
+2.6056223593e+02, -1.9955816163e+02
+2.6247095710e+02, -1.9816135797e+02
+2.6438364941e+02, -1.9674804999e+02
+2.6630041453e+02, -1.9531798341e+02
+2.6822135789e+02, -1.9387089525e+02
+2.7014658886e+02, -1.9240651347e+02
+2.7207622094e+02, -1.9092455643e+02
+2.7401037202e+02, -1.8942473249e+02
+2.7594916459e+02, -1.8790673944e+02
+2.7789272603e+02, -1.8637026398e+02
+2.7984118881e+02, -1.8481498114e+02
+2.8179469086e+02, -1.8324055365e+02
+2.8375337584e+02, -1.8164663127e+02
+2.8571739352e+02, -1.8003285003e+02
+2.8768690007e+02, -1.7839883154e+02
+2.8966205853e+02, -1.7674418210e+02
+2.9164303919e+02, -1.7506849179e+02
+2.9363002006e+02, -1.7337133356e+02
+2.9562318738e+02, -1.7165226216e+02
+2.9762273611e+02, -1.6991081299e+02
+2.9962887058e+02, -1.6814650093e+02
+3.0164180507e+02, -1.6635881897e+02
+3.0366176451e+02, -1.6454723679e+02
+3.0568898526e+02, -1.6271119919e+02
+3.0772371591e+02, -1.6085012442e+02
+3.0976621818e+02, -1.5896340226e+02
+3.1181676790e+02, -1.5705039201e+02
+3.1387565613e+02, -1.5511042028e+02
+3.1594319031e+02, -1.5314277850e+02
+3.1801969561e+02, -1.5114672025e+02
+3.2010551636e+02, -1.4912145827e+02
+3.2220101769e+02, -1.4706616117e+02
+3.2430658731e+02, -1.4497994980e+02
+3.2642263750e+02, -1.4286189319e+02
+3.2854960738e+02, -1.4071100400e+02
+3.3068796535e+02, -1.3852623357e+02
+3.3283821196e+02, -1.3630646616e+02
+3.3500088304e+02, -1.3405051270e+02
+3.3717655328e+02, -1.3175710356e+02
+3.3936584031e+02, -1.2942488048e+02
+3.4156940931e+02, -1.2705238739e+02
+3.4378797831e+02, -1.2463805985e+02
+3.4602232429e+02, -1.2218021310e+02
+3.4827329011e+02, -1.1967702820e+02
+3.5054179271e+02, -1.1712653610e+02
+3.5282883257e+02, -1.1452659904e+02
+3.5513550472e+02, -1.1187488890e+02
+3.5746301188e+02, -1.0916886179e+02
+3.5981267990e+02, -1.0640572789e+02
+3.6218597627e+02, -1.0358241570e+02
+3.6458453234e+02, -1.0069552902e+02
+3.6701017034e+02, -9.7741295084e+01
+3.6946493633e+02, -9.4715501175e+01
+3.7195114104e+02, -9.1613416640e+01
+3.7447141078e+02, -8.8429695776e+01
+4.2198822966e+02, +1.3420482185e+02
+4.2538008694e+02, +1.3189964616e+02
+3.8226909260e+02, -7.8323214284e+01
+5.4244329046e+02, +8.0991507565e+01
+5.3781418158e+02, +8.2022206840e+01
+5.3317210281e+02, +8.3111928297e+01
+3.9339494264e+02, -6.3202254406e+01
+4.4713006380e+02, +1.1800874601e+02
+4.5100955015e+02, +1.1572203722e+02
+4.5496582214e+02, +1.1345740291e+02
+4.5899916866e+02, +1.1122107907e+02
+4.6310912233e+02, +1.0901959164e+02
+4.6729441495e+02, +1.0685960858e+02
+4.7155306051e+02, +1.0474774614e+02
+4.7588289862e+02, +1.0269030456e+02
+4.8028571802e+02, +1.0069293090e+02
+3.9940751243e+02, -5.4668736862e+01
+4.7807430481e+02, +1.0168384059e+02
+4.7370903875e+02, +1.0371191798e+02
+4.6519232538e+02, +1.0793406476e+02
+4.6104449684e+02, +1.1011563676e+02
           NaN, -8.3895277588e+02
           NaN, -8.7081334458e+02
           NaN, -9.0179897618e+02
           NaN, -9.3193579275e+02
           NaN, -9.6124744322e+02
           NaN, -9.8975562894e+02
           NaN, -1.0174805168e+03
           NaN, -1.0444410592e+03
           NaN, -1.0706552505e+03
           NaN, -1.0961403242e+03
           NaN, -1.1209129079e+03
           NaN, -1.1449891475e+03
           NaN, -1.1683847992e+03
           NaN, -1.1911153038e+03
           NaN, -1.2131958416e+03
           NaN, -1.2346413728e+03
           NaN, -1.2554666675e+03
           NaN, -1.2756863245e+03
           NaN, -1.2953147885e+03
           NaN, -1.3143663525e+03
           NaN, -1.3328551667e+03
           NaN, -1.3507952344e+03
           NaN, -1.3682004077e+03
           NaN, -1.3850843876e+03
           NaN, -1.4014607140e+03
           NaN, -1.4173427624e+03
           NaN, -1.4327437286e+03
           NaN, -1.4476766304e+03
           NaN, -1.4621542922e+03
           NaN, -1.4761893434e+03
           NaN, -1.4897942068e+03
           NaN, -1.5029810912e+03
           NaN, -1.5157619901e+03
           NaN, -1.5281486717e+03
           NaN, -1.5401526747e+03
           NaN, -1.5517853051e+03
           NaN, -1.5630576323e+03
           NaN, -1.5739804853e+03
           NaN, -1.5845644490e+03
           NaN, -1.5948198681e+03
           NaN, -1.6047568398e+03
+3.0949173148e+02, +2.1444998245e+02
+3.0724210918e+02, +2.1592857113e+02
+3.0500233070e+02, +2.1739127166e+02
+3.0277210212e+02, +2.1883827733e+02
+3.0055114175e+02, +2.2026977754e+02
+2.9833917941e+02, +2.2168595786e+02
+2.9613595587e+02, +2.2308699999e+02
+2.9394122226e+02, +2.2447308189e+02
+2.9175473951e+02, +2.2584437774e+02
