-5.2230233778e+02, -6.1052091751e-01
-5.2777720002e+02, -5.9768919766e-01
-5.3314210915e+02, -5.8621694661e-01
-5.3840832696e+02, -5.7587996519e-01
-5.4358531704e+02, -5.6650297406e-01
-5.4868112540e+02, -5.5794662860e-01
-5.5860874155e+02, +7.8057080000e+01
-5.7139429625e+02, +7.2343849997e+01
-5.2777720002e+02, -5.9768919766e-01
-5.5865591940e+02, -5.4286682374e-01
-5.6837788914e+02, -5.2996157495e-01
-5.7315528223e+02, -5.2417129009e-01
-5.7788193631e+02, -5.1875943294e-01
-5.8256110120e+02, -5.1368720352e-01
-5.8719570015e+02, -5.0892117145e-01
-5.9178837417e+02, -5.0443235295e-01
-5.9634151890e+02, -5.0019547521e-01
-6.0085731545e+02, -4.9618838472e-01
-6.0533775639e+02, -4.9239156726e-01
-6.0978466788e+02, -4.8878775550e-01
-6.1419972853e+02, -4.8536160581e-01
-6.1858448552e+02, -4.8209943029e-01
-6.2393933041e+02, +6.7740229487e+01
-6.3517932134e+02, +6.5012646384e+01
-6.0299334451e+02, +4.5649538964e+01
-6.2726870233e+02, -4.7601922334e-01
-6.3584755466e+02, -4.7046309672e-01
-6.4010028408e+02, -4.6785961066e-01
-6.4432990090e+02, -4.6536240059e-01
-6.4853733743e+02, -4.6296472451e-01
-6.5272346757e+02, -4.6066042240e-01
-6.5688911177e+02, -4.5844385306e-01
-6.6103504149e+02, -4.5630983912e-01
-6.6516198318e+02, -4.5425361909e-01
-6.6927062185e+02, -4.5227080531e-01
-6.7336160429e+02, -4.5035734695e-01
-6.7743554199e+02, -4.4850949748e-01
-6.8226302740e+02, +6.1862052845e+01
-6.8956072507e+02, -4.4332611909e-01
-6.6516198318e+02, -4.5425361909e-01
-6.8553456798e+02, -4.4499699101e-01
-6.9357197914e+02, -4.4170838333e-01
-6.9756879992e+02, -4.4014118596e-01
-7.0155163443e+02, -4.3862210199e-01
-7.0552090840e+02, -4.3714886478e-01
-7.0947702768e+02, -4.3571935295e-01
-7.1342037954e+02, -4.3433157865e-01
-7.1735133376e+02, -4.3298367692e-01
-7.2127024375e+02, -4.3167389614e-01
-7.2517744752e+02, -4.3040058932e-01
-7.2907326860e+02, -4.2916220618e-01
-7.3295801687e+02, -4.2795728600e-01
-7.3683198936e+02, -4.2678445112e-01
-7.4454873509e+02, -4.2452990633e-01
-7.6367063699e+02, -4.1937217233e-01
-7.3952791150e+02, +5.9013303117e+01
-7.5072521807e+02, +6.4169893979e+01
-7.5222565110e+02, -4.2238899676e-01
-7.5604979796e+02, -4.2135843905e-01
-7.5986471835e+02, -4.2035314353e-01
-7.6367063699e+02, -4.1937217233e-01
-7.6746777030e+02, -4.1841463480e-01
-7.7125632683e+02, -4.1747968452e-01
-7.7503650764e+02, -4.1656651655e-01
-7.7880850669e+02, -4.1567436480e-01
-7.8257251114e+02, -4.1480249973e-01
-7.8632870171e+02, -4.1395022609e-01
-7.9007725296e+02, -4.1311688092e-01
-7.9381833358e+02, -4.1230183164e-01
-8.0257580131e+02, +6.2841147420e+01
-8.0801399031e+02, +5.7072595488e+01
-7.7125632683e+02, -4.1747968452e-01
-8.0127872994e+02, -4.1072423192e-01
-8.1192626902e+02, +5.8301954993e+01
-8.1241720296e+02, -4.0848079838e-01
-8.1611670541e+02, -4.0776373467e-01
-8.1980977435e+02, -4.0706125600e-01
-8.2349653995e+02, -4.0637291869e-01
-8.2717712846e+02, -4.0569829728e-01
-8.3085166235e+02, -4.0503698361e-01
-8.3452026045e+02, -4.0438858590e-01
-8.3818303815e+02, -4.0375272798e-01
-8.4184010744e+02, -4.0312904843e-01
-8.4549157715e+02, -4.0251719990e-01
-8.4913755299e+02, -4.0191684839e-01
-8.5277813771e+02, -4.0132767265e-01
-8.5641343121e+02, -4.0074936348e-01
-8.6004353063e+02, -4.0018162325e-01
-8.6991492405e+02, +5.7494577169e+01
-8.7238020086e+02, +5.5946444333e+01
-9.0323160293e+02, -3.9409836471e-01
-8.6366853047e+02, -3.9962416530e-01
-8.7090359675e+02, -3.9853900148e-01
-8.7811933662e+02, -3.9749177966e-01
-8.8172016990e+02, -3.9698178339e-01
-8.8531642011e+02, -3.9648055336e-01
-8.8890816571e+02, -3.9598786696e-01
-8.9249548316e+02, -3.9550350919e-01
-8.9607844702e+02, -3.9502727229e-01
-8.9965712997e+02, -3.9455895550e-01
-9.0323160293e+02, -3.9409836471e-01
-9.0680193507e+02, -3.9364531219e-01
-9.1036819390e+02, -3.9319961634e-01
-9.1393044531e+02, -3.9276110145e-01
-9.1748875362e+02, -3.9232959740e-01
-9.2104318162e+02, -3.9190493952e-01
-9.2459379064e+02, -3.9148696830e-01
-9.2814064060e+02, -3.9107552922e-01
-9.3168379002e+02, -3.9067047254e-01
-9.3522329610e+02, -3.9027165313e-01
-9.3875921473e+02, -3.8987893027e-01
-9.4875631066e+02, +5.5869665346e+01
-9.4934598633e+02, -3.8873599668e-01
-9.5990236685e+02, -3.8764325658e-01
-9.2459379064e+02, -3.9148696830e-01
-9.4741479015e+02, +5.5153429498e+01
-9.5286808960e+02, -3.8836633553e-01
-9.6214620349e+02, +5.3990764559e+01
-9.6341463758e+02, -3.8728960719e-01
-9.6692372583e+02, -3.8694106897e-01
-9.7042967744e+02, -3.8659753422e-01
-9.7393253729e+02, -3.8625889826e-01
-9.7743234932e+02, -3.8592505936e-01
-9.8092915657e+02, -3.8559591859e-01
-9.8442300118e+02, -3.8527137974e-01
-9.8791392444e+02, -3.8495134924e-01
-9.9140196681e+02, -3.8463573607e-01
-9.9488716792e+02, -3.8432445162e-01
-9.9836956662e+02, -3.8401740970e-01
-1.0018492010e+03, -3.8371452638e-01
-1.0053261083e+03, -3.8341571993e-01
-1.0088003253e+03, -3.8312091080e-01
-1.0122718877e+03, -3.8283002148e-01
-1.0157408307e+03, -3.8254297646e-01
-1.0192071889e+03, -3.8225970218e-01
-1.0226709962e+03, -3.8198012694e-01
-1.0261322857e+03, -3.8170418086e-01
-1.0295910899e+03, -3.8143179583e-01
-1.0330474410e+03, -3.8116290542e-01
-1.0365013703e+03, -3.8089744485e-01
-1.0399529085e+03, -3.8063535095e-01
-1.0494087501e+03, +5.3562643663e+01
-1.0502934768e+03, -3.7986866038e-01
-1.0571757738e+03, -3.7937327586e-01
-1.0743431744e+03, -3.7818672692e-01
-1.0295910899e+03, -3.8143179583e-01
-1.0502934768e+03, -3.7986866038e-01
-1.0571757738e+03, -3.7937327586e-01
-1.0599859971e+03, +5.2561534057e+01
-1.0704849591e+03, +5.3005181356e+01
-1.0709139700e+03, -3.7841831092e-01
-1.0743431744e+03, -3.7818672692e-01
-1.0777702920e+03, -3.7795790707e-01
-1.0811953478e+03, -3.7773180395e-01
-1.0846183661e+03, -3.7750837124e-01
-1.0880393711e+03, -3.7728756366e-01
-1.0914583862e+03, -3.7706933694e-01
-1.0948754347e+03, -3.7685364781e-01
-1.0982905394e+03, -3.7664045396e-01
-1.1017037227e+03, -3.7642971400e-01
-1.1051150066e+03, -3.7622138747e-01
-1.1085244130e+03, -3.7601543477e-01
-1.1119319630e+03, -3.7581181718e-01
-1.1153376777e+03, -3.7561049680e-01
-1.1187415778e+03, -3.7541143656e-01
-1.1221436836e+03, -3.7521460015e-01
-1.1255440151e+03, -3.7501995206e-01
-1.1289425919e+03, -3.7482745752e-01
-1.1323394334e+03, -3.7463708250e-01
-1.1357345588e+03, -3.7444879365e-01
-1.1391279866e+03, -3.7426255835e-01
-1.1425197355e+03, -3.7407834462e-01
-1.1459098236e+03, -3.7389612117e-01
-1.1492982688e+03, -3.7371585732e-01
-1.1526850887e+03, -3.7353752303e-01
-1.1560703007e+03, -3.7336108886e-01
-1.1594539219e+03, -3.7318652597e-01
-1.1628359691e+03, -3.7301380610e-01
-1.1662164589e+03, -3.7284290154e-01
-1.1695954076e+03, -3.7267378512e-01
-1.1729728313e+03, -3.7250643024e-01
-1.1763487459e+03, -3.7234081080e-01
-1.1797231670e+03, -3.7217690120e-01
-1.1789474592e+03, +5.2695052494e+01
-1.1918094449e+03, +5.1700553901e+01
-1.1932062203e+03, -3.7153786663e-01
-1.1965734001e+03, -3.7138213941e-01
-1.2033035602e+03, -3.7107536161e-01
-1.2133885103e+03, -3.7062655751e-01
-1.2536114861e+03, -3.6895739061e-01
-1.1763487459e+03, -3.7234081080e-01
-1.1965734001e+03, -3.7138213941e-01
-1.2032233312e+03, +5.1576664547e+01
-1.2100282141e+03, -3.7077467243e-01
-1.2133885103e+03, -3.7062655751e-01
-1.2148269223e+03, +5.1615163034e+01
-1.2287886552e+03, +5.2665002657e+01
-1.2268164656e+03, -3.7004848289e-01
-1.2301702114e+03, -3.6990746151e-01
-1.2335226850e+03, -3.6976780069e-01
-1.2368738987e+03, -3.6962948186e-01
-1.2402238646e+03, -3.6949248680e-01
-1.2435725946e+03, -3.6935679758e-01
-1.2469201005e+03, -3.6922239661e-01
-1.2502663939e+03, -3.6908926661e-01
-1.2536114861e+03, -3.6895739061e-01
-1.2569553886e+03, -3.6882675192e-01
-1.2602981124e+03, -3.6869733415e-01
-1.2636396686e+03, -3.6856912119e-01
-1.2669800679e+03, -3.6844209723e-01
-1.2703193211e+03, -3.6831624670e-01
-1.2736574388e+03, -3.6819155431e-01
-1.2769944314e+03, -3.6806800505e-01
-1.2803303092e+03, -3.6794558412e-01
-1.2836650823e+03, -3.6782427703e-01
-1.2869987608e+03, -3.6770406948e-01
-1.2903313546e+03, -3.6758494744e-01
-1.2936628734e+03, -3.6746689710e-01
-1.2969933270e+03, -3.6734990490e-01
-1.3003227248e+03, -3.6723395748e-01
-1.3036510762e+03, -3.6711904171e-01
-1.3069783906e+03, -3.6700514468e-01
-1.3103046771e+03, -3.6689225370e-01
-1.3136299448e+03, -3.6678035625e-01
-1.3169542027e+03, -3.6666944007e-01
-1.3202774595e+03, -3.6655949304e-01
-1.3235997241e+03, -3.6645050327e-01
-1.3269210049e+03, -3.6634245906e-01
-1.3302413107e+03, -3.6623534888e-01
-1.3335606496e+03, -3.6612916139e-01
-1.3368790302e+03, -3.6602388545e-01
-1.3401964606e+03, -3.6591951006e-01
-1.3435129488e+03, -3.6581602442e-01
-1.3468285030e+03, -3.6571341789e-01
-1.3501431311e+03, -3.6561167999e-01
-1.3534568408e+03, -3.6551080042e-01
-1.3567696399e+03, -3.6541076902e-01
-1.3600815361e+03, -3.6531157581e-01
-1.3633925369e+03, -3.6521321092e-01
-1.3667026497e+03, -3.6511566469e-01
-1.3700118820e+03, -3.6501892757e-01
-1.3733202410e+03, -3.6492299015e-01
-1.3766277340e+03, -3.6482784318e-01
-1.3799343680e+03, -3.6473347755e-01
-1.3832401502e+03, -3.6463988428e-01
-1.3865450874e+03, -3.6454705452e-01
-1.3898491865e+03, -3.6445497957e-01
-1.3931524545e+03, -3.6436365083e-01
-1.3964548979e+03, -3.6427305985e-01
-1.3997565234e+03, -3.6418319831e-01
-1.4030573376e+03, -3.6409405798e-01
-1.4063573471e+03, -3.6400563079e-01
-1.4096565582e+03, -3.6391790877e-01
-1.4129549772e+03, -3.6383088405e-01
-1.4129549772e+03, -3.6383088405e-01
-1.4109388158e+03, +5.2743369291e+01
-1.4311784364e+03, +5.1199527625e+01
-1.4294354101e+03, -3.6340595303e-01
-1.4327292067e+03, -3.6332295345e-01
-1.4360222538e+03, -3.6324059926e-01
-1.4393145574e+03, -3.6315888349e-01
-1.4412690621e+03, +5.0809789649e+01
-1.4491870636e+03, -3.6291749804e-01
-1.4520991675e+03, +5.0914465097e+01
-1.4594831252e+03, +5.0927728204e+01
-1.4689127562e+03, -3.6245106223e-01
-1.4981336692e+03, +4.8003712227e+01
-1.4294354101e+03, -3.6340595303e-01
-1.4458969566e+03, -3.6299733963e-01
-1.4557651202e+03, -3.6275964247e-01
-1.4623403368e+03, -3.6260418067e-01
-1.4656268935e+03, -3.6252733162e-01
-1.4735744334e+03, +5.0476264618e+01
-1.4754824205e+03, -3.6230023813e-01
-1.4787662324e+03, -3.6222567149e-01
-1.4820493709e+03, -3.6215166066e-01
-1.4853318411e+03, -3.6207819985e-01
-1.4853318411e+03, -3.6207819985e-01
-1.4827974835e+03, +5.2647886275e+01
-1.5061333907e+03, +5.1391140083e+01
-1.5050128998e+03, -3.6164867263e-01
-1.5050128998e+03, -3.6164867263e-01
-1.5082908273e+03, -3.6157890705e-01
-1.5115681246e+03, -3.6150964809e-01
-1.5148447964e+03, -3.6144089064e-01
-1.5181208472e+03, -3.6137262965e-01
-1.5213962815e+03, -3.6130486014e-01
-1.5246711036e+03, -3.6123757721e-01
-1.5279453181e+03, -3.6117077600e-01
-1.5312189292e+03, -3.6110445173e-01
-1.5344919412e+03, -3.6103859967e-01
-1.5377643584e+03, -3.6097321516e-01
-1.5410361850e+03, -3.6090829360e-01
-1.5443074252e+03, -3.6084383043e-01
-1.5475780831e+03, -3.6077982117e-01
-1.5508481628e+03, -3.6071626138e-01
-1.5541176684e+03, -3.6065314670e-01
-1.5573866039e+03, -3.6059047280e-01
-1.5606549733e+03, -3.6052823542e-01
-1.5639227804e+03, -3.6046643033e-01
-1.5671900293e+03, -3.6040505339e-01
-1.5704567237e+03, -3.6034410049e-01
-1.5737228675e+03, -3.6028356756e-01
-1.5769884644e+03, -3.6022345060e-01
-1.5802535183e+03, -3.6016374565e-01
-1.5835180328e+03, -3.6010444881e-01
-1.5867820117e+03, -3.6004555620e-01
-1.5900454585e+03, -3.5998706403e-01
-1.5933083770e+03, -3.5992896851e-01
-1.5965707705e+03, -3.5987126593e-01
-1.5998326428e+03, -3.5981395261e-01
-1.6030939973e+03, -3.5975702492e-01
-1.6063548376e+03, -3.5970047927e-01
-1.6096151669e+03, -3.5964431211e-01
-1.6128749888e+03, -3.5958851995e-01
-1.6161343067e+03, -3.5953309931e-01
-1.6193931239e+03, -3.5947804679e-01
-1.6226514437e+03, -3.5942335900e-01
-1.6259092694e+03, -3.5936903260e-01
-1.6291666042e+03, -3.5931506430e-01
-1.6324234515e+03, -3.5926145083e-01
-1.6356798144e+03, -3.5920818896e-01
-1.6389356961e+03, -3.5915527552e-01
-1.6421910996e+03, -3.5910270736e-01
-1.6454460283e+03, -3.5905048137e-01
-1.6487004850e+03, -3.5899859446e-01
-1.6519544729e+03, -3.5894704361e-01
-1.6552079951e+03, -3.5889582581e-01
-1.6584610545e+03, -3.5884493808e-01
-1.6617136540e+03, -3.5879437750e-01
-1.6649657968e+03, -3.5874414116e-01
-1.6682174856e+03, -3.5869422619e-01
-1.6714687233e+03, -3.5864462976e-01
-1.6747195130e+03, -3.5859534906e-01
-1.6779698573e+03, -3.5854638133e-01
-1.6812197592e+03, -3.5849772382e-01
-1.6844692214e+03, -3.5844937382e-01
-1.6877182467e+03, -3.5840132865e-01
-1.6909668379e+03, -3.5835358567e-01
-1.6942149976e+03, -3.5830614225e-01
-1.6974627287e+03, -3.5825899580e-01
-1.7007100337e+03, -3.5821214377e-01
-1.7039569153e+03, -3.5816558362e-01
-1.7072033762e+03, -3.5811931285e-01
-1.7104494190e+03, -3.5807332897e-01
-1.7136950462e+03, -3.5802762954e-01
-1.7169402604e+03, -3.5798221214e-01
-1.7201850642e+03, -3.5793707437e-01
-1.7234294602e+03, -3.5789221385e-01
-1.7266734507e+03, -3.5784762826e-01
-1.7299170383e+03, -3.5780331525e-01
-1.7331602254e+03, -3.5775927255e-01
-1.7364030145e+03, -3.5771549789e-01
-1.7396454081e+03, -3.5767198901e-01
-1.7428874084e+03, -3.5762874370e-01
-1.7461290179e+03, -3.5758575976e-01
-1.7493702389e+03, -3.5754303503e-01
-1.7526110738e+03, -3.5750056734e-01
-1.7558515250e+03, -3.5745835458e-01
-1.7590915946e+03, -3.5741639463e-01
-1.7623312850e+03, -3.5737468543e-01
-1.7655705984e+03, -3.5733322490e-01
-1.7688095372e+03, -3.5729201101e-01
-1.7720481034e+03, -3.5725104174e-01
-1.7752862994e+03, -3.5721031511e-01
-1.7785241273e+03, -3.5716982912e-01
-1.7817615893e+03, -3.5712958184e-01
-1.7849986875e+03, -3.5708957132e-01
-1.7882354242e+03, -3.5704979565e-01
-1.7914718013e+03, -3.5701025295e-01
-1.7947078210e+03, -3.5697094133e-01
-1.7979434854e+03, -3.5693185894e-01
-1.8011787966e+03, -3.5689300394e-01
-1.8044137566e+03, -3.5685437453e-01
-1.8076483674e+03, -3.5681596889e-01
-1.8108826311e+03, -3.5677778526e-01
-1.8141165497e+03, -3.5673982187e-01
-1.8173501252e+03, -3.5670207697e-01
-1.8205833595e+03, -3.5666454885e-01
-1.8238162546e+03, -3.5662723579e-01
-1.8270488124e+03, -3.5659013610e-01
-1.8302810349e+03, -3.5655324811e-01
-1.8335129239e+03, -3.5651657016e-01
-1.8367444815e+03, -3.5648010061e-01
-1.8399757093e+03, -3.5644383784e-01
-1.8432066094e+03, -3.5640778023e-01
-1.8464371836e+03, -3.5637192620e-01
-1.8496674337e+03, -3.5633627418e-01
-1.8528973615e+03, -3.5630082259e-01
-1.8561269689e+03, -3.5626556990e-01
-1.8593562576e+03, -3.5623051458e-01
-1.8625852294e+03, -3.5619565511e-01
-1.8658138861e+03, -3.5616098999e-01
-1.8690422294e+03, -3.5612651774e-01
-1.8722702612e+03, -3.5609223688e-01
-1.8754979830e+03, -3.5605814597e-01
-1.8787253967e+03, -3.5602424355e-01
-1.8819525040e+03, -3.5599052821e-01
-1.8851793064e+03, -3.5595699853e-01
-1.8884058058e+03, -3.5592365310e-01
-1.8916320037e+03, -3.5589049055e-01
-1.8948579018e+03, -3.5585750949e-01
-1.8980835018e+03, -3.5582470857e-01
-1.9013088052e+03, -3.5579208644e-01
-1.9045338138e+03, -3.5575964177e-01
-1.9077585290e+03, -3.5572737323e-01
-1.9109829526e+03, -3.5569527952e-01
-1.9142070860e+03, -3.5566335934e-01
-1.9174309308e+03, -3.5563161140e-01
-1.9206544886e+03, -3.5560003444e-01
-1.9238777610e+03, -3.5556862720e-01
-1.9271007494e+03, -3.5553738841e-01
-1.9303234554e+03, -3.5550631686e-01
-1.9335458806e+03, -3.5547541132e-01
-1.9367680263e+03, -3.5544467056e-01
-1.9399898941e+03, -3.5541409340e-01
-1.9432114854e+03, -3.5538367864e-01
-1.9464328018e+03, -3.5535342509e-01
-1.9496538447e+03, -3.5532333160e-01
-1.9528746155e+03, -3.5529339700e-01
-1.9560951157e+03, -3.5526362015e-01
-1.9593153467e+03, -3.5523399991e-01
-1.9625353098e+03, -3.5520453516e-01
-1.9657550066e+03, -3.5517522477e-01
-1.9689744384e+03, -3.5514606765e-01
-1.9721936066e+03, -3.5511706269e-01
-1.9754125125e+03, -3.5508820882e-01
-1.9786311576e+03, -3.5505950496e-01
-1.9818495432e+03, -3.5503095004e-01
-1.9850676706e+03, -3.5500254301e-01
-1.9882855411e+03, -3.5497428281e-01
-1.9915031562e+03, -3.5494616843e-01
-1.9979376250e+03, -3.5489037296e-01
-1.9915031562e+03, -3.5494616843e-01
-1.9979376250e+03, -3.5489037296e-01
-2.0011544814e+03, -3.5486268985e-01
-2.0011544814e+03, -3.5486268985e-01
-2.0010491885e+03, +4.9671805427e+01
-1.9776923011e+03, +6.0052358902e+01
-2.0418104806e+03, +5.2808168976e+01
-2.0310410714e+03, +4.9376600926e+01
-2.0300950772e+03, -3.5461980349e-01
-2.0333094872e+03, -3.5459349431e-01
-2.0268804282e+03, -3.5464624580e-01
-2.0365236593e+03, -3.5456731736e-01
-2.0397375947e+03, -3.5454127173e-01
-2.0429512946e+03, -3.5451535652e-01
-2.0461647602e+03, -3.5448957083e-01
-2.0493779926e+03, -3.5446391379e-01
-2.0525909930e+03, -3.5443838453e-01
-2.0558037626e+03, -3.5441298216e-01
-2.0590163025e+03, -3.5438770584e-01
-2.0622286138e+03, -3.5436255470e-01
-2.0654406977e+03, -3.5433752791e-01
-2.0686525553e+03, -3.5431262462e-01
-2.0718641877e+03, -3.5428784401e-01
-2.0750755961e+03, -3.5426318524e-01
-2.0782867815e+03, -3.5423864752e-01
-2.0814977450e+03, -3.5421423001e-01
-2.0847084876e+03, -3.5418993192e-01
-2.0846710565e+03, +4.9337542873e+01
-2.1053762651e+03, +5.4743833712e+01
-2.0975492719e+03, -3.5409391796e-01
-2.1007589267e+03, -3.5407020517e-01
-2.1039683670e+03, -3.5404660712e-01
-2.1071775939e+03, -3.5402312306e-01
-2.1103866085e+03, -3.5399975224e-01
-2.1135954117e+03, -3.5397649391e-01
-2.1119459416e+03, +5.2211950738e+01
-2.1232205635e+03, -3.5390738654e-01
-2.1264285315e+03, -3.5388457087e-01
-2.1296362931e+03, -3.5386186407e-01
-2.1373005445e+03, +5.5795667487e+01
-2.1392583499e+03, -3.5379438981e-01
-2.1417041713e+03, +4.9485625543e+01
-2.1488785849e+03, -3.5372787024e-01
-2.1555271820e+03, +4.9136759793e+01
-2.1617609174e+03, +4.9513558653e+01
-2.1681136914e+03, -3.5359762226e-01
-2.1777286130e+03, -3.5353385854e-01
-2.1905458340e+03, -3.5345021246e-01
-2.2097660483e+03, -3.5332760464e-01
-2.2483470377e+03, +4.2842906443e+01
-2.0573453822e+03, +4.2109215484e+01
-2.1025089100e+03, +4.7359080783e+01
-2.1232536854e+03, +4.8042288788e+01
-2.1376849819e+03, +4.9249664187e+01
-2.1473574710e+03, +5.0047979659e+01
-2.1552910754e+03, -3.5368404516e-01
-2.1617027751e+03, -3.5364063091e-01
-2.1685680870e+03, +4.9264536273e+01
-2.1713188581e+03, -3.5357626842e-01
-2.1777286130e+03, -3.5353385854e-01
-2.1809332030e+03, -3.5351280123e-01
-2.1826383760e+03, +5.6870248155e+01
-2.1905458340e+03, -3.5345021246e-01
-2.1937496675e+03, -3.5342954189e-01
+4.2292807157e+02, -1.2011839788e+01
+4.1754571482e+02, -2.0846376067e+01
+4.1308190128e+02, -2.7980373479e+01
+4.0909383178e+02, -3.4211272116e+01
+4.0541295158e+02, -3.9846217428e+01
+4.0195268959e+02, -4.5044602309e+01
+3.9866128427e+02, -4.9902635172e+01
+3.9550474043e+02, -5.4484062983e+01
+3.9245924970e+02, -5.8833904718e+01
+3.8950733762e+02, -6.2985466419e+01
+3.8663571124e+02, -6.6964278132e+01
+3.8383396877e+02, -7.0790464390e+01
+3.8109378243e+02, -7.4480251866e+01
+3.7840835759e+02, -7.8046971279e+01
+3.7577206166e+02, -8.1501747640e+01
+3.7318016157e+02, -8.4853990344e+01
+3.7062863331e+02, -8.8111750148e+01
+3.6811402061e+02, -9.1281984988e+01
+3.6563332805e+02, -9.4370761726e+01
+3.6318393889e+02, -9.7383411868e+01
+3.6076355089e+02, -1.0032465356e+02
+3.5837012550e+02, -1.0319868841e+02
+3.5600184728e+02, -1.0600927929e+02
+3.5365709095e+02, -1.0875981351e+02
+3.5133439454e+02, -1.1145335458e+02
+3.4903243721e+02, -1.1409268504e+02
+3.4675002080e+02, -1.1668034222e+02
+3.4448605446e+02, -1.1921864821e+02
+3.4223954157e+02, -1.2170973524e+02
+3.4000956874e+02, -1.2415556731e+02
+3.3779529634e+02, -1.2655795870e+02
+3.3559595045e+02, -1.2891858984e+02
+3.3341081587e+02, -1.3123902115e+02
+3.3123923002e+02, -1.3352070500e+02
+3.2908057774e+02, -1.3576499618e+02
+3.2693428661e+02, -1.3797316107e+02
+3.2479982295e+02, -1.4014638573e+02
+3.2267668824e+02, -1.4228578303e+02
+3.2056441596e+02, -1.4439239899e+02
+3.1846256878e+02, -1.4646721841e+02
+3.1637073609e+02, -1.4851116989e+02
+3.1428853179e+02, -1.5052513036e+02
+3.1221559224e+02, -1.5250992908e+02
+3.1015157454e+02, -1.5446635129e+02
+3.0809615486e+02, -1.5639514151e+02
+3.0604902706e+02, -1.5829700650e+02
+3.0400990129e+02, -1.6017261793e+02
+3.0197850288e+02, -1.6202261484e+02
+2.9995457121e+02, -1.6384760588e+02
+2.9793785876e+02, -1.6564817132e+02
+2.9592813017e+02, -1.6742486491e+02
+2.9392516146e+02, -1.6917821560e+02
+2.9192873928e+02, -1.7090872907e+02
+2.8993866018e+02, -1.7261688920e+02
+2.8795473003e+02, -1.7430315934e+02
+2.8597676341e+02, -1.7596798360e+02
+2.8400458308e+02, -1.7761178790e+02
+2.8203801949e+02, -1.7923498105e+02
+2.8007691032e+02, -1.8083795572e+02
+2.7812110007e+02, -1.8242108929e+02
+2.7617043965e+02, -1.8398474475e+02
+2.7422478602e+02, -1.8552927138e+02
+2.7228400188e+02, -1.8705500556e+02
+2.7034795531e+02, -1.8856227135e+02
+2.6841651952e+02, -1.9005138121e+02
+2.6648957257e+02, -1.9152263648e+02
+2.6456699710e+02, -1.9297632802e+02
+2.6264868011e+02, -1.9441273666e+02
+2.6073451271e+02, -1.9583213369e+02
+2.5882438996e+02, -1.9723478132e+02
+2.5691821063e+02, -1.9862093311e+02
+2.5501587706e+02, -1.9999083433e+02
+2.5311729494e+02, -2.0134472237e+02
+2.5122237319e+02, -2.0268282706e+02
+2.4933102381e+02, -2.0400537102e+02
+2.4744316170e+02, -2.0531256998e+02
+2.4555870455e+02, -2.0660463304e+02
+2.4367757273e+02, -2.0788176298e+02
+2.4179968915e+02, -2.0914415649e+02
+2.3992497914e+02, -2.1039200446e+02
+2.3805337036e+02, -2.1162549220e+02
+2.3618479271e+02, -2.1284479961e+02
+2.3431917820e+02, -2.1405010148e+02
+2.3245646091e+02, -2.1524156763e+02
+2.3059657685e+02, -2.1641936311e+02
+2.2873946391e+02, -2.1758364840e+02
+2.2688506179e+02, -2.1873457954e+02
+2.2503331192e+02, -2.1987230835e+02
+2.2318415736e+02, -2.2099698254e+02
+2.2133754281e+02, -2.2210874586e+02
+2.1949341444e+02, -2.2320773828e+02
+2.1765171995e+02, -2.2429409607e+02
+2.1581240842e+02, -2.2536795197e+02
+2.1397543029e+02, -2.2642943529e+02
+2.1214073734e+02, -2.2747867203e+02
+2.1030828257e+02, -2.2851578499e+02
+2.0847802023e+02, -2.2954089388e+02
+2.0664990572e+02, -2.3055411543e+02
+2.0482389557e+02, -2.3155556346e+02
+2.0299994741e+02, -2.3254534901e+02
+2.0117801991e+02, -2.3352358038e+02
+1.9935807275e+02, -2.3449036327e+02
+1.9754006659e+02, -2.3544580082e+02
+1.9572396304e+02, -2.3638999370e+02
+1.9390972460e+02, -2.3732304019e+02
+1.9209731466e+02, -2.3824503626e+02
+1.9028669748e+02, -2.3915607562e+02
+1.8847783810e+02, -2.4005624978e+02
+1.8667070240e+02, -2.4094564814e+02
+1.8486525699e+02, -2.4182435804e+02
+1.8306146924e+02, -2.4269246482e+02
+1.8125930723e+02, -2.4355005185e+02
+1.7945873975e+02, -2.4439720062e+02
+1.7765973625e+02, -2.4523399080e+02
+1.7586226682e+02, -2.4606050022e+02
+1.7406630222e+02, -2.4687680502e+02
+1.7227181378e+02, -2.4768297959e+02
+1.7047877344e+02, -2.4847909672e+02
+1.6868715372e+02, -2.4926522755e+02
+1.6689692767e+02, -2.5004144168e+02
+1.6510806891e+02, -2.5080780716e+02
+1.6332055156e+02, -2.5156439055e+02
+1.6153435026e+02, -2.5231125699e+02
+1.5974944014e+02, -2.5304847016e+02
+1.5796579680e+02, -2.5377609239e+02
+1.5618339629e+02, -2.5449418464e+02
+1.5440221515e+02, -2.5520280657e+02
+1.5262223031e+02, -2.5590201655e+02
+1.5084341914e+02, -2.5659187167e+02
+1.4906575944e+02, -2.5727242784e+02
+1.4728922938e+02, -2.5794373972e+02
+1.4551380752e+02, -2.5860586085e+02
+1.4373947282e+02, -2.5925884358e+02
+1.4196620457e+02, -2.5990273916e+02
+1.4019398245e+02, -2.6053759775e+02
+1.3842278645e+02, -2.6116346842e+02
+1.3665259693e+02, -2.6178039920e+02
+1.3488339454e+02, -2.6238843710e+02
+1.3311516027e+02, -2.6298762812e+02
+1.3134787542e+02, -2.6357801726e+02
+1.2958152156e+02, -2.6415964858e+02
+1.2781608057e+02, -2.6473256517e+02
+1.2605153463e+02, -2.6529680920e+02
+1.2428786616e+02, -2.6585242195e+02
+1.2252505786e+02, -2.6639944378e+02
+1.2076309269e+02, -2.6693791420e+02
+1.1900195387e+02, -2.6746787184e+02
+1.1724162485e+02, -2.6798935451e+02
+1.1548208933e+02, -2.6850239917e+02
+1.1372333123e+02, -2.6900704200e+02
+1.1196533471e+02, -2.6950331835e+02
+1.1020808414e+02, -2.6999126280e+02
+1.0845156410e+02, -2.7047090918e+02
+1.0669575938e+02, -2.7094229054e+02
+1.0494065497e+02, -2.7140543919e+02
+1.0318623607e+02, -2.7186038672e+02
+1.0143248804e+02, -2.7230716399e+02
+9.9679396461e+01, -2.7274580115e+02
+9.7926947061e+01, -2.7317632768e+02
+9.6175125763e+01, -2.7359877235e+02
+9.4423918652e+01, -2.7401316326e+02
+9.2673311981e+01, -2.7441952784e+02
+9.0923292160e+01, -2.7481789290e+02
+8.9173845758e+01, -2.7520828456e+02
+8.7424959493e+01, -2.7559072834e+02
+8.5676620231e+01, -2.7596524911e+02
+8.3928814980e+01, -2.7633187113e+02
+8.2181530887e+01, -2.7669061807e+02
+8.0434755235e+01, -2.7704151296e+02
+7.8688475433e+01, -2.7738457828e+02
+7.6942679021e+01, -2.7771983591e+02
+7.5197353660e+01, -2.7804730713e+02
+7.3452487129e+01, -2.7836701267e+02
+7.1708067325e+01, -2.7867897271e+02
+6.9964082255e+01, -2.7898320685e+02
+6.8220520034e+01, -2.7927973415e+02
+6.6477368883e+01, -2.7956857313e+02
+6.4734617124e+01, -2.7984974176e+02
+6.2992253178e+01, -2.8012325748e+02
+6.1250265559e+01, -2.8038913722e+02
+5.9508642875e+01, -2.8064739738e+02
+5.7767373822e+01, -2.8089805384e+02
+5.6026447180e+01, -2.8114112197e+02
+5.4285851815e+01, -2.8137661664e+02
+5.2545576669e+01, -2.8160455222e+02
+5.0805610763e+01, -2.8182494259e+02
+4.9065943191e+01, -2.8203780111e+02
+4.7326563117e+01, -2.8224314068e+02
+4.5587459776e+01, -2.8244097372e+02
+4.3848622465e+01, -2.8263131214e+02
+4.2110040547e+01, -2.8281416741e+02
+4.0371703442e+01, -2.8298955050e+02
+3.8633600629e+01, -2.8315747193e+02
+3.6895721643e+01, -2.8331794173e+02
+3.5158056068e+01, -2.8347096950e+02
+3.3420593540e+01, -2.8361656436e+02
+3.1683323742e+01, -2.8375473497e+02
+2.9946236402e+01, -2.8388548954e+02
+2.8209321288e+01, -2.8400883584e+02
+2.6472568210e+01, -2.8412478118e+02
+2.4735967015e+01, -2.8423333240e+02
+2.2999507584e+01, -2.8433449595e+02
+2.1263179830e+01, -2.8442827778e+02
+1.9526973699e+01, -2.8451468343e+02
+1.7790879163e+01, -2.8459371799e+02
+1.6054886218e+01, -2.8466538612e+02
+1.4318984887e+01, -2.8472969202e+02
+1.2583165210e+01, -2.8478663949e+02
+1.0847417248e+01, -2.8483623187e+02
+9.1117310773e+00, -2.8487847207e+02
+7.3760967893e+00, -2.8491336256e+02
+5.6405044861e+00, -2.8494090540e+02
+3.9049442799e+00, -2.8496110220e+02
+2.1694062901e+00, -2.8497395414e+02
+4.3388064101e-01, -2.8497946198e+02
-1.3016425400e+00, -2.8497762604e+02
-3.0371731252e+00, -2.8496844622e+02
-4.7727209885e+00, -2.8495192197e+02
-6.5082960078e+00, -2.8492805232e+02
-8.2439080668e+00, -2.8489683589e+02
-9.9795670582e+00, -2.8485827082e+02
-1.1715282885e+01, -2.8481235488e+02
-1.3451065463e+01, -2.8475908534e+02
-1.5186924724e+01, -2.8469845910e+02
-1.6922870616e+01, -2.8463047258e+02
-1.8658913107e+01, -2.8455512179e+02
-2.0395062189e+01, -2.8447240230e+02
-2.2131327876e+01, -2.8438230922e+02
-2.3867720210e+01, -2.8428483725e+02
-2.5604249260e+01, -2.8417998064e+02
-2.7340925130e+01, -2.8406773319e+02
-2.9077757955e+01, -2.8394808826e+02
-3.0814757905e+01, -2.8382103877e+02
-3.2551935193e+01, -2.8368657717e+02
-3.4289300069e+01, -2.8354469549e+02
-3.6026862828e+01, -2.8339538529e+02
-3.7764633810e+01, -2.8323863767e+02
-3.9502623404e+01, -2.8307444328e+02
-4.1240842052e+01, -2.8290279231e+02
-4.2979300245e+01, -2.8272367447e+02
-4.4718008533e+01, -2.8253707903e+02
-4.6456977525e+01, -2.8234299476e+02
-4.8196217891e+01, -2.8214140998e+02
-4.9935740364e+01, -2.8193231251e+02
-5.1675555744e+01, -2.8171568971e+02
-5.3415674902e+01, -2.8149152844e+02
-5.5156108781e+01, -2.8125981508e+02
-5.6896868397e+01, -2.8102053550e+02
-5.8637964848e+01, -2.8077367510e+02
-6.0379409309e+01, -2.8051921874e+02
-6.2121213041e+01, -2.8025715081e+02
-6.3863387394e+01, -2.7998745516e+02
-6.5605943806e+01, -2.7971011513e+02
-6.7348893807e+01, -2.7942511355e+02
-6.9092249027e+01, -2.7913243269e+02
-7.0836021194e+01, -2.7883205432e+02
-7.2580222139e+01, -2.7852395964e+02
-7.4324863800e+01, -2.7820812933e+02
-7.6069958226e+01, -2.7788454351e+02
-7.7815517577e+01, -2.7755318171e+02
-7.9561554134e+01, -2.7721402294e+02
-8.1308080296e+01, -2.7686704560e+02
-8.3055108587e+01, -2.7651222753e+02
-8.4802651660e+01, -2.7614954597e+02
-8.6550722301e+01, -2.7577897757e+02
-8.8299333432e+01, -2.7540049837e+02
-9.0048498115e+01, -2.7501408380e+02
-9.1798229557e+01, -2.7461970867e+02
-9.3548541115e+01, -2.7421734715e+02
-9.5299446298e+01, -2.7380697279e+02
-9.7050958773e+01, -2.7338855847e+02
-9.8803092372e+01, -2.7296207643e+02
-1.0055586109e+02, -2.7252749822e+02
-1.0230927910e+02, -2.7208479473e+02
-1.0406336075e+02, -2.7163393615e+02
-1.0581812057e+02, -2.7117489196e+02
-1.0757357326e+02, -2.7070763095e+02
-1.0932973376e+02, -2.7023212117e+02
-1.1108661715e+02, -2.6974832993e+02
-1.1284423875e+02, -2.6925622380e+02
-1.1460261410e+02, -2.6875576858e+02
-1.1636175891e+02, -2.6824692931e+02
-1.1812168916e+02, -2.6772967021e+02
-1.1988242102e+02, -2.6720395473e+02
-1.2164397094e+02, -2.6666974548e+02
-1.2340635555e+02, -2.6612700424e+02
-1.2516959180e+02, -2.6557569194e+02
-1.2693369683e+02, -2.6501576865e+02
-1.2869868808e+02, -2.6444719356e+02
-1.3046458325e+02, -2.6386992493e+02
-1.3223140033e+02, -2.6328392015e+02
-1.3399915757e+02, -2.6268913564e+02
-1.3576787354e+02, -2.6208552687e+02
-1.3753756710e+02, -2.6147304833e+02
-1.3930825742e+02, -2.6085165355e+02
-1.4107996400e+02, -2.6022129499e+02
-1.4285270666e+02, -2.5958192410e+02
-1.4462650558e+02, -2.5893349128e+02
-1.4640138125e+02, -2.5827594583e+02
-1.4817735455e+02, -2.5760923594e+02
-1.4995444673e+02, -2.5693330868e+02
-1.5173267941e+02, -2.5624810994e+02
-1.5351207461e+02, -2.5555358446e+02
-1.5529265475e+02, -2.5484967572e+02
-1.5707444267e+02, -2.5413632601e+02
-1.5885746163e+02, -2.5341347630e+02
-1.6064173534e+02, -2.5268106631e+02
-1.6242728797e+02, -2.5193903438e+02
-1.6421414416e+02, -2.5118731751e+02
-1.6600232901e+02, -2.5042585130e+02
-1.6779186815e+02, -2.4965456992e+02
-1.6958278770e+02, -2.4887340604e+02
-1.7137511433e+02, -2.4808229085e+02
-1.7316887525e+02, -2.4728115400e+02
-1.7496409823e+02, -2.4646992351e+02
-1.7676081162e+02, -2.4564852580e+02
-1.7855904438e+02, -2.4481688563e+02
-1.8035882610e+02, -2.4397492600e+02
-1.8216018698e+02, -2.4312256816e+02
-1.8396315792e+02, -2.4225973157e+02
-1.8576777046e+02, -2.4138633377e+02
-1.8757405690e+02, -2.4050229043e+02
-1.8938205022e+02, -2.3960751521e+02
-1.9119178418e+02, -2.3870191976e+02
-1.9300329332e+02, -2.3778541362e+02
-1.9481661299e+02, -2.3685790419e+02
-1.9663177936e+02, -2.3591929664e+02
-1.9844882947e+02, -2.3496949386e+02
-2.0026780127e+02, -2.3400839638e+02
-2.0208873363e+02, -2.3303590230e+02
-2.0391166635e+02, -2.3205190721e+02
-2.0573664027e+02, -2.3105630413e+02
-2.0756369724e+02, -2.3004898339e+02
-2.0939288016e+02, -2.2902983258e+02
-2.1122423307e+02, -2.2799873643e+02
-2.1305780114e+02, -2.2695557673e+02
-2.1489363073e+02, -2.2590023225e+02
-2.1673176944e+02, -2.2483257860e+02
-2.1857226618e+02, -2.2375248813e+02
-2.2041517115e+02, -2.2265982983e+02
-2.2226053598e+02, -2.2155446922e+02
-2.2410841372e+02, -2.2043626820e+02
-2.2595885892e+02, -2.1930508491e+02
-2.2781192770e+02, -2.1816077365e+02
-2.2966767780e+02, -2.1700318467e+02
-2.3152616865e+02, -2.1583216407e+02
-2.3338746145e+02, -2.1464755360e+02
-2.3525161923e+02, -2.1344919051e+02
-2.3711870694e+02, -2.1223690740e+02
-2.3898879152e+02, -2.1101053199e+02
-2.4086194202e+02, -2.0976988696e+02
-2.4273822963e+02, -2.0851478972e+02
-2.4461772785e+02, -2.0724505222e+02
-2.4650051254e+02, -2.0596048068e+02
-2.4838666206e+02, -2.0466087541e+02
-2.5027625734e+02, -2.0334603049e+02
-2.5216938209e+02, -2.0201573355e+02
-2.5406612283e+02, -2.0066976546e+02
-2.5596656909e+02, -1.9930790003e+02
-2.5787081355e+02, -1.9792990368e+02
-2.5977895216e+02, -1.9653553513e+02
-2.6169108436e+02, -1.9512454503e+02
-2.6360731320e+02, -1.9369667553e+02
-2.6552774557e+02, -1.9225165994e+02
-2.6745249238e+02, -1.9078922225e+02
-2.6938166880e+02, -1.8930907668e+02
-2.7131539444e+02, -1.8781092721e+02
-2.7325379363e+02, -1.8629446699e+02
-2.7519699570e+02, -1.8475937785e+02
-2.7714513521e+02, -1.8320532964e+02
-2.7909835230e+02, -1.8163197963e+02
-2.8105679298e+02, -1.8003897176e+02
-2.8302060950e+02, -1.7842593596e+02
-2.8498996073e+02, -1.7679248730e+02
-2.8696501254e+02, -1.7513822517e+02
-2.8894593827e+02, -1.7346273232e+02
-2.9093291919e+02, -1.7176557388e+02
-2.9292614499e+02, -1.7004629625e+02
-2.9492581441e+02, -1.6830442599e+02
-2.9693213574e+02, -1.6653946848e+02
-2.9894532757e+02, -1.6475090659e+02
-3.0096561947e+02, -1.6293819919e+02
-3.0299325277e+02, -1.6110077947e+02
-3.0502848143e+02, -1.5923805323e+02
-3.0707157296e+02, -1.5734939689e+02
-3.0912280948e+02, -1.5543415537e+02
-3.1118248883e+02, -1.5349163979e+02
-3.1325092582e+02, -1.5152112487e+02
-3.1532845363e+02, -1.4952184610e+02
-3.1741542530e+02, -1.4749299667e+02
-3.1951221549e+02, -1.4543372397e+02
-3.2161922228e+02, -1.4334312576e+02
-3.2373686935e+02, -1.4122024593e+02
-3.2586560829e+02, -1.3906406974e+02
-3.2800592125e+02, -1.3687351849e+02
-3.3015832391e+02, -1.3464744355e+02
-3.3232336886e+02, -1.3238461966e+02
-3.3450164933e+02, -1.3008373729e+02
-3.3669380358e+02, -1.2774339411e+02
-3.3890051981e+02, -1.2536208510e+02
-3.4112254175e+02, -1.2293819144e+02
-3.4336067526e+02, -1.2046996763e+02
-3.4561579574e+02, -1.1795552667e+02
-3.4788885692e+02, -1.1539282294e+02
-3.5018090105e+02, -1.1277963218e+02
-3.5249307088e+02, -1.1011352814e+02
-3.5482662380e+02, -1.0739185497e+02
-3.5718294869e+02, -1.0461169449e+02
-3.5956358614e+02, -1.0176982718e+02
-3.6197025282e+02, -9.8862685054e+01
-3.6440487116e+02, -9.5886294602e+01
-3.6686960590e+02, -9.2836206736e+01
-3.6936690946e+02, -8.9707410140e+01
-3.7189957889e+02, -8.6494222750e+01
-4.1963266779e+02, +1.3264542406e+02
-5.4503427350e+02, +7.9367476135e+01
-4.2652701656e+02, +1.2803929648e+02
-5.3582736666e+02, +8.1310043636e+01
-5.3120158514e+02, +8.2365267287e+01
-5.2656433774e+02, +8.3480985427e+01
-4.4112864954e+02, +1.1881103481e+02
-4.4496160185e+02, +1.1652525567e+02
-4.4887072156e+02, +1.1425843664e+02
-4.5285664374e+02, +1.1201660733e+02
-4.5691929291e+02, +1.0980614496e+02
-4.6105780876e+02, +1.0763364777e+02
-4.6527054950e+02, +1.0550576586e+02
-4.6955532253e+02, +1.0342897910e+02
-4.7391073014e+02, +1.0140927121e+02
-4.7835867199e+02, +9.9455907902e+01
-4.7611686378e+02, +1.0042257697e+02
-4.7172398915e+02, +1.0241171451e+02
-4.6740393222e+02, +1.0446066294e+02
-4.5897901727e+02, +1.0871480512e+02
           NaN, -8.2015214531e+02
           NaN, -8.5231611142e+02
           NaN, -8.8358751499e+02
           NaN, -9.1399393957e+02
           NaN, -9.4356021857e+02
           NaN, -9.7230902651e+02
           NaN, -1.0002613408e+03
           NaN, -1.0274368001e+03
           NaN, -1.0538539888e+03
           NaN, -1.0795306577e+03
           NaN, -1.1044838936e+03
           NaN, -1.1287302599e+03
           NaN, -1.1522858972e+03
           NaN, -1.1751666053e+03
           NaN, -1.1973879038e+03
           NaN, -1.2189650786e+03
           NaN, -1.2399132142e+03
           NaN, -1.2602472150e+03
           NaN, -1.2799818245e+03
           NaN, -1.2991316320e+03
           NaN, -1.3177110755e+03
           NaN, -1.3357344436e+03
           NaN, -1.3532158729e+03
           NaN, -1.3701693427e+03
           NaN, -1.3866086679e+03
           NaN, -1.4025474924e+03
           NaN, -1.4179992856e+03
           NaN, -1.4329773246e+03
           NaN, -1.4474946947e+03
           NaN, -1.4615642777e+03
           NaN, -1.4751987469e+03
           NaN, -1.4884105534e+03
           NaN, -1.5012119282e+03
           NaN, -1.5136148722e+03
           NaN, -1.5256311494e+03
           NaN, -1.5372722845e+03
           NaN, -1.5485495603e+03
           NaN, -1.5594740089e+03
           NaN, -1.5700564168e+03
           NaN, -1.5803073203e+03
           NaN, -1.5902370002e+03
-3.0677379164e+02, +2.1285821151e+02
-3.0452222768e+02, +2.1433466090e+02
-3.0228061404e+02, +2.1579512802e+02
-3.0004865139e+02, +2.1723980770e+02
-2.9782605289e+02, +2.1866889089e+02
-2.9561254355e+02, +2.2008256466e+02
-2.9340785959e+02, +2.2148101222e+02
-2.9121174782e+02, +2.2286441300e+02
-2.8902396509e+02, +2.2423294265e+02
-2.8684427782e+02, +2.2558677313e+02
-2.8467246144e+02, +2.2692607273e+02
-2.8250829998e+02, +2.2825100613e+02
-2.8035158562e+02, +2.2956173448e+02
-4.2646708388e+02, -6.0594941703e+00
-4.2006785370e+02, -1.6738794785e+01
-4.1523772524e+02, -2.4556372387e+01
-4.1104181659e+02, -3.1184329886e+01
-4.0722153340e+02, -3.7091231513e+01
-4.0365902500e+02, -4.2492970707e+01
-4.0028830621e+02, -4.7511625331e+01
-3.9706782495e+02, -5.2224774791e+01
-3.9396932324e+02, -5.6685632191e+01
-3.9097250705e+02, -6.0932725889e+01
-3.8806219532e+02, -6.4995102322e+01
-3.8522666625e+02, -6.8895357539e+01
-3.8245663669e+02, -7.2651516209e+01
-3.7974460060e+02, -7.6278254594e+01
-3.7708438290e+02, -7.9787728755e+01
-3.7447082840e+02, -8.3190154165e+01
-3.7189957889e+02, -8.6494222750e+01
-3.6936690946e+02, -8.9707410140e+01
-3.6686960590e+02, -9.2836206736e+01
-3.6440487116e+02, -9.5886294602e+01
-3.6197025282e+02, -9.8862685054e+01
-3.5956358614e+02, -1.0176982718e+02
-3.5718294869e+02, -1.0461169449e+02
-3.5482662380e+02, -1.0739185497e+02
-3.5249307088e+02, -1.1011352814e+02
-3.5018090105e+02, -1.1277963218e+02
-3.4788885692e+02, -1.1539282294e+02
-3.4561579574e+02, -1.1795552667e+02
-3.4336067526e+02, -1.2046996763e+02
-3.4112254175e+02, -1.2293819144e+02
-3.3890051981e+02, -1.2536208510e+02
-3.3669380358e+02, -1.2774339411e+02
-3.3450164933e+02, -1.3008373729e+02
-3.3232336886e+02, -1.3238461966e+02
-3.3015832391e+02, -1.3464744355e+02
-3.2800592125e+02, -1.3687351849e+02
-3.2586560829e+02, -1.3906406974e+02
-3.2373686935e+02, -1.4122024593e+02
-3.2161922228e+02, -1.4334312576e+02
-3.1951221549e+02, -1.4543372397e+02
-3.1741542530e+02, -1.4749299667e+02
-3.1532845363e+02, -1.4952184610e+02
-3.1325092582e+02, -1.5152112487e+02
-3.1118248883e+02, -1.5349163979e+02
-3.0912280948e+02, -1.5543415537e+02
-3.0707157296e+02, -1.5734939689e+02
-3.0502848143e+02, -1.5923805323e+02
-3.0299325277e+02, -1.6110077947e+02
-3.0096561947e+02, -1.6293819919e+02
-2.9894532757e+02, -1.6475090659e+02
-2.9693213574e+02, -1.6653946848e+02
-2.9492581441e+02, -1.6830442599e+02
-2.9292614499e+02, -1.7004629625e+02
-2.9093291919e+02, -1.7176557388e+02
-2.8894593827e+02, -1.7346273232e+02
-2.8696501254e+02, -1.7513822517e+02
-2.8498996073e+02, -1.7679248730e+02
-2.8302060950e+02, -1.7842593596e+02
-2.8105679298e+02, -1.8003897176e+02
-2.7909835230e+02, -1.8163197963e+02
-2.7714513521e+02, -1.8320532964e+02
-2.7519699570e+02, -1.8475937785e+02
-2.7325379363e+02, -1.8629446699e+02
-2.7131539444e+02, -1.8781092721e+02
-2.6938166880e+02, -1.8930907668e+02
-2.6745249238e+02, -1.9078922225e+02
-2.6552774557e+02, -1.9225165994e+02
-2.6360731320e+02, -1.9369667553e+02
-2.6169108436e+02, -1.9512454503e+02
-2.5977895216e+02, -1.9653553513e+02
-2.5787081355e+02, -1.9792990368e+02
-2.5596656909e+02, -1.9930790003e+02
-2.5406612283e+02, -2.0066976546e+02
-2.5216938209e+02, -2.0201573355e+02
-2.5027625734e+02, -2.0334603049e+02
-2.4838666206e+02, -2.0466087541e+02
-2.4650051254e+02, -2.0596048068e+02
-2.4461772785e+02, -2.0724505222e+02
-2.4273822963e+02, -2.0851478972e+02
-2.4086194202e+02, -2.0976988696e+02
-2.3898879152e+02, -2.1101053199e+02
-2.3711870694e+02, -2.1223690740e+02
-2.3525161923e+02, -2.1344919051e+02
-2.3338746145e+02, -2.1464755360e+02
-2.3152616865e+02, -2.1583216407e+02
-2.2966767780e+02, -2.1700318467e+02
-2.2781192770e+02, -2.1816077365e+02
-2.2595885892e+02, -2.1930508491e+02
-2.2410841372e+02, -2.2043626820e+02
-2.2226053598e+02, -2.2155446922e+02
-2.2041517115e+02, -2.2265982983e+02
-2.1857226618e+02, -2.2375248813e+02
-2.1673176944e+02, -2.2483257860e+02
-2.1489363073e+02, -2.2590023225e+02
-2.1305780114e+02, -2.2695557673e+02
-2.1122423307e+02, -2.2799873643e+02
-2.0939288016e+02, -2.2902983258e+02
-2.0756369724e+02, -2.3004898339e+02
-2.0573664027e+02, -2.3105630413e+02
-2.0391166635e+02, -2.3205190721e+02
-2.0208873363e+02, -2.3303590230e+02
-2.0026780127e+02, -2.3400839638e+02
-1.9844882947e+02, -2.3496949386e+02
-1.9663177936e+02, -2.3591929664e+02
-1.9481661299e+02, -2.3685790419e+02
-1.9300329332e+02, -2.3778541362e+02
-1.9119178418e+02, -2.3870191976e+02
-1.8938205022e+02, -2.3960751521e+02
-1.8757405690e+02, -2.4050229043e+02
-1.8576777046e+02, -2.4138633377e+02
-1.8396315792e+02, -2.4225973157e+02
-1.8216018698e+02, -2.4312256816e+02
-1.8035882610e+02, -2.4397492600e+02
-1.7855904438e+02, -2.4481688563e+02
-1.7676081162e+02, -2.4564852580e+02
-1.7496409823e+02, -2.4646992351e+02
-1.7316887525e+02, -2.4728115400e+02
-1.7137511433e+02, -2.4808229085e+02
-1.6958278770e+02, -2.4887340604e+02
-1.6779186815e+02, -2.4965456992e+02
-1.6600232901e+02, -2.5042585130e+02
-1.6421414416e+02, -2.5118731751e+02
-1.6242728797e+02, -2.5193903438e+02
-1.6064173534e+02, -2.5268106631e+02
-1.5885746163e+02, -2.5341347630e+02
-1.5707444267e+02, -2.5413632601e+02
-1.5529265475e+02, -2.5484967572e+02
-1.5351207461e+02, -2.5555358446e+02
-1.5173267941e+02, -2.5624810994e+02
-1.4995444673e+02, -2.5693330868e+02
-1.4817735455e+02, -2.5760923594e+02
-1.4640138125e+02, -2.5827594583e+02
-1.4462650558e+02, -2.5893349128e+02
-1.4285270666e+02, -2.5958192410e+02
-1.4107996400e+02, -2.6022129499e+02
-1.3930825742e+02, -2.6085165355e+02
-1.3753756710e+02, -2.6147304833e+02
-1.3576787354e+02, -2.6208552687e+02
-1.3399915757e+02, -2.6268913564e+02
-1.3223140033e+02, -2.6328392015e+02
-1.3046458325e+02, -2.6386992493e+02
-1.2869868808e+02, -2.6444719356e+02
-1.2693369683e+02, -2.6501576865e+02
-1.2516959180e+02, -2.6557569194e+02
-1.2340635555e+02, -2.6612700424e+02
-1.2164397094e+02, -2.6666974548e+02
-1.1988242102e+02, -2.6720395473e+02
-1.1812168916e+02, -2.6772967021e+02
-1.1636175891e+02, -2.6824692931e+02
-1.1460261410e+02, -2.6875576858e+02
-1.1284423875e+02, -2.6925622380e+02
-1.1108661715e+02, -2.6974832993e+02
-1.0932973376e+02, -2.7023212117e+02
-1.0757357326e+02, -2.7070763095e+02
-1.0581812057e+02, -2.7117489196e+02
-1.0406336075e+02, -2.7163393615e+02
-1.0230927910e+02, -2.7208479473e+02
-1.0055586109e+02, -2.7252749822e+02
-9.8803092372e+01, -2.7296207643e+02
-9.7050958773e+01, -2.7338855847e+02
-9.5299446298e+01, -2.7380697279e+02
-9.3548541115e+01, -2.7421734715e+02
-9.1798229557e+01, -2.7461970867e+02
-9.0048498115e+01, -2.7501408380e+02
-8.8299333432e+01, -2.7540049837e+02
-8.6550722301e+01, -2.7577897757e+02
-8.4802651660e+01, -2.7614954597e+02
-8.3055108587e+01, -2.7651222753e+02
-8.1308080296e+01, -2.7686704560e+02
-7.9561554134e+01, -2.7721402294e+02
-7.7815517577e+01, -2.7755318171e+02
-7.6069958226e+01, -2.7788454351e+02
-7.4324863800e+01, -2.7820812933e+02
-7.2580222139e+01, -2.7852395964e+02
-7.0836021194e+01, -2.7883205432e+02
-6.9092249027e+01, -2.7913243269e+02
-6.7348893807e+01, -2.7942511355e+02
-6.5605943806e+01, -2.7971011513e+02
-6.3863387394e+01, -2.7998745516e+02
-6.2121213041e+01, -2.8025715081e+02
-6.0379409309e+01, -2.8051921874e+02
-5.8637964848e+01, -2.8077367510e+02
-5.6896868397e+01, -2.8102053550e+02
-5.5156108781e+01, -2.8125981508e+02
-5.3415674902e+01, -2.8149152844e+02
-5.1675555744e+01, -2.8171568971e+02
-4.9935740364e+01, -2.8193231251e+02
-4.8196217891e+01, -2.8214140998e+02
-4.6456977525e+01, -2.8234299476e+02
-4.4718008533e+01, -2.8253707903e+02
-4.2979300245e+01, -2.8272367447e+02
-4.1240842052e+01, -2.8290279231e+02
-3.9502623404e+01, -2.8307444328e+02
-3.7764633810e+01, -2.8323863767e+02
-3.6026862828e+01, -2.8339538529e+02
-3.4289300069e+01, -2.8354469549e+02
-3.2551935193e+01, -2.8368657717e+02
-3.0814757905e+01, -2.8382103877e+02
-2.9077757955e+01, -2.8394808826e+02
-2.7340925130e+01, -2.8406773319e+02
-2.5604249260e+01, -2.8417998064e+02
-2.3867720210e+01, -2.8428483725e+02
-2.2131327876e+01, -2.8438230922e+02
-2.0395062189e+01, -2.8447240230e+02
-1.8658913107e+01, -2.8455512179e+02
-1.6922870616e+01, -2.8463047258e+02
-1.5186924724e+01, -2.8469845910e+02
-1.3451065463e+01, -2.8475908534e+02
-1.1715282885e+01, -2.8481235488e+02
-9.9795670582e+00, -2.8485827082e+02
-8.2439080668e+00, -2.8489683589e+02
-6.5082960078e+00, -2.8492805232e+02
-4.7727209885e+00, -2.8495192197e+02
-3.0371731252e+00, -2.8496844622e+02
-1.3016425400e+00, -2.8497762604e+02
+4.3388064101e-01, -2.8497946198e+02
+2.1694062901e+00, -2.8497395414e+02
+3.9049442799e+00, -2.8496110220e+02
+5.6405044861e+00, -2.8494090540e+02
+7.3760967893e+00, -2.8491336256e+02
+9.1117310773e+00, -2.8487847207e+02
+1.0847417248e+01, -2.8483623187e+02
+1.2583165210e+01, -2.8478663949e+02
+1.4318984887e+01, -2.8472969202e+02
+1.6054886218e+01, -2.8466538612e+02
+1.7790879163e+01, -2.8459371799e+02
+1.9526973699e+01, -2.8451468343e+02
+2.1263179830e+01, -2.8442827778e+02
+2.2999507584e+01, -2.8433449595e+02
+2.4735967015e+01, -2.8423333240e+02
+2.6472568210e+01, -2.8412478118e+02
+2.8209321288e+01, -2.8400883584e+02
+2.9946236402e+01, -2.8388548954e+02
+3.1683323742e+01, -2.8375473497e+02
+3.3420593540e+01, -2.8361656436e+02
+3.5158056068e+01, -2.8347096950e+02
+3.6895721643e+01, -2.8331794173e+02
+3.8633600629e+01, -2.8315747193e+02
+4.0371703442e+01, -2.8298955050e+02
+4.2110040547e+01, -2.8281416741e+02
+4.3848622465e+01, -2.8263131214e+02
+4.5587459776e+01, -2.8244097372e+02
+4.7326563117e+01, -2.8224314068e+02
+4.9065943191e+01, -2.8203780111e+02
+5.0805610763e+01, -2.8182494259e+02
+5.2545576669e+01, -2.8160455222e+02
+5.4285851815e+01, -2.8137661664e+02
+5.6026447180e+01, -2.8114112197e+02
+5.7767373822e+01, -2.8089805384e+02
+5.9508642875e+01, -2.8064739738e+02
+6.1250265559e+01, -2.8038913722e+02
+6.2992253178e+01, -2.8012325748e+02
+6.4734617124e+01, -2.7984974176e+02
+6.6477368883e+01, -2.7956857313e+02
+6.8220520034e+01, -2.7927973415e+02
+6.9964082255e+01, -2.7898320685e+02
+7.1708067325e+01, -2.7867897271e+02
+7.3452487129e+01, -2.7836701267e+02
+7.5197353660e+01, -2.7804730713e+02
+7.6942679021e+01, -2.7771983591e+02
+7.8688475433e+01, -2.7738457828e+02
+8.0434755235e+01, -2.7704151296e+02
+8.2181530887e+01, -2.7669061807e+02
+8.3928814980e+01, -2.7633187113e+02
+8.5676620231e+01, -2.7596524911e+02
+8.7424959493e+01, -2.7559072834e+02
+8.9173845758e+01, -2.7520828456e+02
+9.0923292160e+01, -2.7481789290e+02
+9.2673311981e+01, -2.7441952784e+02
+9.4423918652e+01, -2.7401316326e+02
+9.6175125763e+01, -2.7359877235e+02
+9.7926947061e+01, -2.7317632768e+02
+9.9679396461e+01, -2.7274580115e+02
+1.0143248804e+02, -2.7230716399e+02
+1.0318623607e+02, -2.7186038672e+02
+1.0494065497e+02, -2.7140543919e+02
+1.0669575938e+02, -2.7094229054e+02
+1.0845156410e+02, -2.7047090918e+02
+1.1020808414e+02, -2.6999126280e+02
+1.1196533471e+02, -2.6950331835e+02
+1.1372333123e+02, -2.6900704200e+02
+1.1548208933e+02, -2.6850239917e+02
+1.1724162485e+02, -2.6798935451e+02
+1.1900195387e+02, -2.6746787184e+02
+1.2076309269e+02, -2.6693791420e+02
+1.2252505786e+02, -2.6639944378e+02
+1.2428786616e+02, -2.6585242195e+02
+1.2605153463e+02, -2.6529680920e+02
+1.2781608057e+02, -2.6473256517e+02
+1.2958152156e+02, -2.6415964858e+02
+1.3134787542e+02, -2.6357801726e+02
+1.3311516027e+02, -2.6298762812e+02
+1.3488339454e+02, -2.6238843710e+02
+1.3665259693e+02, -2.6178039920e+02
+1.3842278645e+02, -2.6116346842e+02
+1.4019398245e+02, -2.6053759775e+02
+1.4196620457e+02, -2.5990273916e+02
+1.4373947282e+02, -2.5925884358e+02
+1.4551380752e+02, -2.5860586085e+02
+1.4728922938e+02, -2.5794373972e+02
+1.4906575944e+02, -2.5727242784e+02
+1.5084341914e+02, -2.5659187167e+02
+1.5262223031e+02, -2.5590201655e+02
+1.5440221515e+02, -2.5520280657e+02
+1.5618339629e+02, -2.5449418464e+02
+1.5796579680e+02, -2.5377609239e+02
+1.5974944014e+02, -2.5304847016e+02
+1.6153435026e+02, -2.5231125699e+02
+1.6332055156e+02, -2.5156439055e+02
+1.6510806891e+02, -2.5080780716e+02
+1.6689692767e+02, -2.5004144168e+02
+1.6868715372e+02, -2.4926522755e+02
+1.7047877344e+02, -2.4847909672e+02
+1.7227181378e+02, -2.4768297959e+02
+1.7406630222e+02, -2.4687680502e+02
+1.7586226682e+02, -2.4606050022e+02
+1.7765973625e+02, -2.4523399080e+02
+1.7945873975e+02, -2.4439720062e+02
+1.8125930723e+02, -2.4355005185e+02
+1.8306146924e+02, -2.4269246482e+02
+1.8486525699e+02, -2.4182435804e+02
+1.8667070240e+02, -2.4094564814e+02
+1.8847783810e+02, -2.4005624978e+02
+1.9028669748e+02, -2.3915607562e+02
+1.9209731466e+02, -2.3824503626e+02
+1.9390972460e+02, -2.3732304019e+02
+1.9572396304e+02, -2.3638999370e+02
+1.9754006659e+02, -2.3544580082e+02
+1.9935807275e+02, -2.3449036327e+02
+2.0117801991e+02, -2.3352358038e+02
+2.0299994741e+02, -2.3254534901e+02
+2.0482389557e+02, -2.3155556346e+02
+2.0664990572e+02, -2.3055411543e+02
+2.0847802023e+02, -2.2954089388e+02
+2.1030828257e+02, -2.2851578499e+02
+2.1214073734e+02, -2.2747867203e+02
+2.1397543029e+02, -2.2642943529e+02
+2.1581240842e+02, -2.2536795197e+02
+2.1765171995e+02, -2.2429409607e+02
+2.1949341444e+02, -2.2320773828e+02
+2.2133754281e+02, -2.2210874586e+02
+2.2318415736e+02, -2.2099698254e+02
+2.2503331192e+02, -2.1987230835e+02
+2.2688506179e+02, -2.1873457954e+02
+2.2873946391e+02, -2.1758364840e+02
+2.3059657685e+02, -2.1641936311e+02
+2.3245646091e+02, -2.1524156763e+02
+2.3431917820e+02, -2.1405010148e+02
+2.3618479271e+02, -2.1284479961e+02
+2.3805337036e+02, -2.1162549220e+02
+2.3992497914e+02, -2.1039200446e+02
+2.4179968915e+02, -2.0914415649e+02
+2.4367757273e+02, -2.0788176298e+02
+2.4555870455e+02, -2.0660463304e+02
+2.4744316170e+02, -2.0531256998e+02
+2.4933102381e+02, -2.0400537102e+02
+2.5122237319e+02, -2.0268282706e+02
+2.5311729494e+02, -2.0134472237e+02
+2.5501587706e+02, -1.9999083433e+02
+2.5691821063e+02, -1.9862093311e+02
+2.5882438996e+02, -1.9723478132e+02
+2.6073451271e+02, -1.9583213369e+02
+2.6264868011e+02, -1.9441273666e+02
+2.6456699710e+02, -1.9297632802e+02
+2.6648957257e+02, -1.9152263648e+02
+2.6841651952e+02, -1.9005138121e+02
+2.7034795531e+02, -1.8856227135e+02
+2.7228400188e+02, -1.8705500556e+02
+2.7422478602e+02, -1.8552927138e+02
+2.7617043965e+02, -1.8398474475e+02
+2.7812110007e+02, -1.8242108929e+02
+2.8007691032e+02, -1.8083795572e+02
+2.8203801949e+02, -1.7923498105e+02
+2.8400458308e+02, -1.7761178790e+02
+2.8597676341e+02, -1.7596798360e+02
+2.8795473003e+02, -1.7430315934e+02
+2.8993866018e+02, -1.7261688920e+02
+2.9192873928e+02, -1.7090872907e+02
+2.9392516146e+02, -1.6917821560e+02
+2.9592813017e+02, -1.6742486491e+02
+2.9793785876e+02, -1.6564817132e+02
+2.9995457121e+02, -1.6384760588e+02
+3.0197850288e+02, -1.6202261484e+02
+3.0400990129e+02, -1.6017261793e+02
+3.0604902706e+02, -1.5829700650e+02
+3.0809615486e+02, -1.5639514151e+02
+3.1015157454e+02, -1.5446635129e+02
+3.1221559224e+02, -1.5250992908e+02
+3.1428853179e+02, -1.5052513036e+02
+3.1637073609e+02, -1.4851116989e+02
+3.1846256878e+02, -1.4646721841e+02
+3.2056441596e+02, -1.4439239899e+02
+3.2267668824e+02, -1.4228578303e+02
+3.2479982295e+02, -1.4014638573e+02
+3.2693428661e+02, -1.3797316107e+02
+3.2908057774e+02, -1.3576499618e+02
+3.3123923002e+02, -1.3352070500e+02
+3.3341081587e+02, -1.3123902115e+02
+3.3559595045e+02, -1.2891858984e+02
+3.3779529634e+02, -1.2655795870e+02
+3.4000956874e+02, -1.2415556731e+02
+3.4223954157e+02, -1.2170973524e+02
+3.4448605446e+02, -1.1921864821e+02
+3.4675002080e+02, -1.1668034222e+02
+3.4903243721e+02, -1.1409268504e+02
+3.5133439454e+02, -1.1145335458e+02
+3.5365709095e+02, -1.0875981351e+02
+3.5600184728e+02, -1.0600927929e+02
+3.5837012550e+02, -1.0319868841e+02
+3.6076355089e+02, -1.0032465356e+02
+3.6318393889e+02, -9.7383411868e+01
+3.6563332805e+02, -9.4370761726e+01
+3.6811402061e+02, -9.1281984988e+01
+3.7062863331e+02, -8.8111750148e+01
+4.1794788942e+02, +1.3379163591e+02
+4.2133262869e+02, +1.3149674729e+02
+3.7840835759e+02, -7.8046971279e+01
+5.3813509770e+02, +8.0804052747e+01
+5.3351608936e+02, +8.1830306254e+01
+5.2888420592e+02, +8.2915352725e+01
+3.8950733762e+02, -6.2985466419e+01
+4.4303566944e+02, +1.1766613585e+02
+4.4690658558e+02, +1.1538910864e+02
+4.5085406931e+02, +1.1313400656e+02
+4.5487841231e+02, +1.1090704630e+02
+4.5897915273e+02, +1.0871473401e+02
+4.6315503088e+02, +1.0656371784e+02
+4.6740407245e+02, +1.0446059496e+02
+4.7172413168e+02, +1.0241164840e+02
+4.7611700896e+02, +1.0042251292e+02
+3.9550474043e+02, -5.4484062983e+01
+4.7391058641e+02, +1.0140933632e+02
+4.6955518114e+02, +1.0342904617e+02
+4.6105767209e+02, +1.0763371818e+02
+4.5691915868e+02, +1.0980621672e+02
           NaN, -8.3634754984e+02
           NaN, -8.6806158708e+02
           NaN, -8.9889724075e+02
           NaN, -9.2888063575e+02
           NaN, -9.5803546018e+02
           NaN, -9.8638349024e+02
           NaN, -1.0139449939e+03
           NaN, -1.0407390517e+03
           NaN, -1.0667838067e+03
           NaN, -1.0920966585e+03
           NaN, -1.1166944183e+03
           NaN, -1.1405934254e+03
           NaN, -1.1638096414e+03
           NaN, -1.1863587204e+03
           NaN, -1.2082560598e+03
           NaN, -1.2295168408e+03
           NaN, -1.2501560562e+03
           NaN, -1.2701885285e+03
           NaN, -1.2896289226e+03
           NaN, -1.3084917526e+03
           NaN, -1.3267913820e+03
           NaN, -1.3445420230e+03
           NaN, -1.3617577357e+03
           NaN, -1.3784524161e+03
           NaN, -1.3946397966e+03
           NaN, -1.4103334344e+03
           NaN, -1.4255467019e+03
           NaN, -1.4402927834e+03
           NaN, -1.4545846622e+03
           NaN, -1.4684351184e+03
           NaN, -1.4818567127e+03
           NaN, -1.4948617897e+03
           NaN, -1.5074624633e+03
           NaN, -1.5196706182e+03
           NaN, -1.5314978990e+03
           NaN, -1.5429557091e+03
           NaN, -1.5540552075e+03
           NaN, -1.5648073043e+03
+3.1244832011e+02, +2.0909585202e+02
+3.1017048198e+02, +2.1061313493e+02
+3.0790340213e+02, +2.1211393152e+02
+3.0564674665e+02, +2.1359844631e+02
+3.0340019608e+02, +2.1506687997e+02
+3.0116344455e+02, +2.1651942927e+02
+2.9893619907e+02, +2.1795628708e+02
+2.9671817882e+02, +2.1937764241e+02
+2.9450911447e+02, +2.2078368041e+02
+2.9230874760e+02, +2.2217458239e+02
+2.9011683014e+02, +2.2355052588e+02
+2.8793312377e+02, +2.2491168469e+02
+2.8575739946e+02, +2.2625822892e+02
+2.8358943702e+02, +2.2759032505e+02
+2.8142902459e+02, +2.2890813600e+02
+2.7927595829e+02, +2.3021182118e+02
