-5.2974399743e+02, -6.1311190977e-01
-5.3524194010e+02, -6.0019216779e-01
-5.4062917087e+02, -5.8864025889e-01
-5.4591702105e+02, -5.7823065380e-01
-5.5111501306e+02, -5.6878702833e-01
-5.5623124329e+02, -5.6016920322e-01
-5.6127266627e+02, -5.5226409873e-01
-5.6624530948e+02, -5.4497931908e-01
-5.7115443874e+02, -5.3823850666e-01
-5.8721650181e+02, +7.7759550673e+01
-5.9024099490e+02, -5.1557934320e-01
-5.5623124329e+02, -5.6016920322e-01
-5.8080015725e+02, -5.2614383978e-01
-5.9024099490e+02, -5.1557934320e-01
-5.9489257604e+02, -5.1077624453e-01
-5.9950190474e+02, -5.0625220203e-01
-6.0407139261e+02, -5.0198178484e-01
-6.0860323537e+02, -4.9794270032e-01
-6.1309943904e+02, -4.9411531121e-01
-6.1756184219e+02, -4.9048224088e-01
-6.2199213484e+02, -4.8702804816e-01
-6.2639187481e+02, -4.8373895785e-01
-6.3076250176e+02, -4.8060263571e-01
-6.3510534931e+02, -4.7760799971e-01
-6.3942165574e+02, -4.7474506072e-01
-6.5112524137e+02, +7.0297152641e+01
-6.5644338606e+02, -4.6444170535e-01
-6.3727647814e+02, +6.1969138220e+01
-6.5032661284e+02, +6.4694115779e+01
-6.5644338606e+02, -4.6444170535e-01
-6.6064281267e+02, -4.6211723025e-01
-6.6482157337e+02, -4.5988112152e-01
-6.6898044522e+02, -4.5772816750e-01
-6.7312015995e+02, -4.5565357504e-01
-6.7724140759e+02, -4.5365292717e-01
-6.8134483967e+02, -4.5172214596e-01
-6.8543107220e+02, -4.4985745969e-01
-6.8950068827e+02, -4.4805537390e-01
-6.9355424044e+02, -4.4631264569e-01
-6.9759225294e+02, -4.4462626090e-01
-7.0344915838e+02, +6.7068331887e+01
-7.1359850484e+02, -4.3839079773e-01
-6.8950068827e+02, -4.4805537390e-01
-7.0704172149e+02, +6.1017369368e+01
-7.1359850484e+02, -4.3839079773e-01
-7.1756581967e+02, -4.3694761350e-01
-7.2152024461e+02, -4.3554648978e-01
-7.2546215232e+02, -4.3418554863e-01
-7.2939189896e+02, -4.3286302620e-01
-7.3330982519e+02, -4.3157726394e-01
-7.3721625707e+02, -4.3032670068e-01
-7.4111150695e+02, -4.2910986539e-01
-7.4499587421e+02, -4.2792537065e-01
-7.4886964600e+02, -4.2677190657e-01
-7.5273309795e+02, -4.2564823540e-01
-7.5667689885e+02, +5.8907596803e+01
-7.6426413072e+02, -4.2244458072e-01
-7.6043009081e+02, -4.2348565153e-01
-7.7115219143e+02, +5.9454897813e+01
-7.7190447463e+02, -4.2043790018e-01
-7.7571122338e+02, -4.1947044865e-01
-7.7950930633e+02, -4.1852577131e-01
-7.8329892622e+02, -4.1760305732e-01
-7.8708027861e+02, -4.1670153499e-01
-7.9085355224e+02, -4.1582046937e-01
-7.9461892934e+02, -4.1495916009e-01
-7.9837658594e+02, -4.1411693928e-01
-8.0212669217e+02, -4.1329316964e-01
-8.0586941249e+02, -4.1248724271e-01
-8.0960490600e+02, -4.1169857721e-01
-8.1333332663e+02, -4.1092661747e-01
-8.2062528559e+02, +6.3621305983e+01
-8.2667768407e+02, +5.7125885243e+01
-7.9461892934e+02, -4.1495916009e-01
-8.2076954053e+02, -4.0943071244e-01
-8.3162633602e+02, +6.0749469621e+01
-8.3187439089e+02, -4.0729958013e-01
-8.3556334522e+02, -4.0661745362e-01
-8.3924617743e+02, -4.0594875241e-01
-8.4292300741e+02, -4.0529308171e-01
-8.4659395156e+02, -4.0465006244e-01
-8.5025912289e+02, -4.0401933037e-01
-8.5391863119e+02, -4.0340053545e-01
-8.5757258312e+02, -4.0279334110e-01
-8.6122108237e+02, -4.0219742352e-01
-8.6486422973e+02, -4.0161247112e-01
-8.6850212323e+02, -4.0103818390e-01
-8.7213485824e+02, -4.0047427295e-01
-8.7576252753e+02, -3.9992045989e-01
-8.7938522142e+02, -3.9937647640e-01
-8.8086795978e+02, +5.7191223353e+01
-8.9022431849e+02, -3.9780096176e-01
-9.0461187267e+02, -3.9582319409e-01
-8.7715140252e+02, +5.3232293004e+01
-8.9022431849e+02, -3.9780096176e-01
-9.0129357003e+02, +5.7850120485e+01
-9.0102166824e+02, -3.9630512842e-01
-9.0461187267e+02, -3.9582319409e-01
-9.0819774488e+02, -3.9534925492e-01
-9.1177935648e+02, -3.9488311520e-01
-9.1535677729e+02, -3.9442458568e-01
-9.1893007546e+02, -3.9397348326e-01
-9.2249931751e+02, -3.9352963079e-01
-9.2606456838e+02, -3.9309285675e-01
-9.2962589147e+02, -3.9266299510e-01
-9.3318334871e+02, -3.9223988500e-01
-9.3673700060e+02, -3.9182337065e-01
-9.4028690622e+02, -3.9141330107e-01
-9.4383312334e+02, -3.9100952990e-01
-9.4737570841e+02, -3.9061191524e-01
-9.5091471659e+02, -3.9022031949e-01
-9.5445020185e+02, -3.8983460915e-01
-9.5798221694e+02, -3.8945465469e-01
-9.6151081346e+02, -3.8908033040e-01
-9.6973932159e+02, +5.3924361245e+01
-9.7258038181e+02, +5.4267523742e+01
-9.8962235371e+02, -3.8627448995e-01
-9.5464320963e+02, +5.1048234803e+01
-9.7245390633e+02, +5.4206653868e+01
-9.7533985997e+02, +5.3740211560e+01
-9.8434282626e+02, +5.3610816848e+01
-9.8611937616e+02, -3.8660788441e-01
-9.8962235371e+02, -3.8627448995e-01
-9.9312233027e+02, -3.8594574460e-01
-9.9661934757e+02, -3.8562155395e-01
-1.0001134465e+03, -3.8530182619e-01
-1.0036046670e+03, -3.8498647194e-01
-1.0070930485e+03, -3.8467540424e-01
-1.0105786293e+03, -3.8436853842e-01
-1.0140614472e+03, -3.8406579205e-01
-1.0175415391e+03, -3.8376708483e-01
-1.0210189414e+03, -3.8347233859e-01
-1.0244936896e+03, -3.8318147714e-01
-1.0279658185e+03, -3.8289442626e-01
-1.0314353623e+03, -3.8261111362e-01
-1.0349023547e+03, -3.8233146869e-01
-1.0383668286e+03, -3.8205542276e-01
-1.0418288162e+03, -3.8178290879e-01
-1.0452883494e+03, -3.8151386143e-01
-1.0487454591e+03, -3.8124821691e-01
-1.0522001761e+03, -3.8098591305e-01
-1.0556525303e+03, -3.8072688917e-01
-1.0591025511e+03, -3.8047108604e-01
-1.0625502675e+03, -3.8021844587e-01
-1.0630950440e+03, +6.4915383872e+01
-1.0728798720e+03, -3.7947894561e-01
-1.0763447604e+03, +5.3379526551e+01
-1.0866220839e+03, -3.7853395204e-01
-1.0694389003e+03, -3.7972243009e-01
-1.0801421017e+03, +5.4080422759e+01
-1.0831897302e+03, -3.7876595903e-01
-1.0813777432e+03, +5.8787458698e+01
-1.0934805443e+03, -3.7807813203e-01
-1.0969066999e+03, -3.7785422655e-01
-1.1003308377e+03, -3.7763293083e-01
-1.1037529812e+03, -3.7741420119e-01
-1.1071731535e+03, -3.7719799492e-01
-1.1105913772e+03, -3.7698427024e-01
-1.1140076746e+03, -3.7677298629e-01
-1.1174220677e+03, -3.7656410310e-01
-1.1208345781e+03, -3.7635758158e-01
-1.1242452270e+03, -3.7615338347e-01
-1.1276540353e+03, -3.7595147132e-01
-1.1310610235e+03, -3.7575180850e-01
-1.1344662119e+03, -3.7555435915e-01
-1.1378696203e+03, -3.7535908815e-01
-1.1412712685e+03, -3.7516596114e-01
-1.1446711755e+03, -3.7497494445e-01
-1.1480693606e+03, -3.7478600514e-01
-1.1514658422e+03, -3.7459911093e-01
-1.1548606388e+03, -3.7441423019e-01
-1.1582537686e+03, -3.7423133197e-01
-1.1616452493e+03, -3.7405038592e-01
-1.1650350985e+03, -3.7387136232e-01
-1.1684233335e+03, -3.7369423203e-01
-1.1718099713e+03, -3.7351896651e-01
-1.1751950288e+03, -3.7334553777e-01
-1.1785785224e+03, -3.7317391839e-01
-1.1819604684e+03, -3.7300408149e-01
-1.1853408829e+03, -3.7283600070e-01
-1.1887197816e+03, -3.7266965018e-01
-1.1920971802e+03, -3.7250500458e-01
-1.1954730939e+03, -3.7234203905e-01
-1.1988475380e+03, -3.7218072921e-01
-1.2022205272e+03, -3.7202105115e-01
-1.2055920762e+03, -3.7186298140e-01
-1.2067326929e+03, +5.1671629389e+01
-1.2201268085e+03, +5.2991333247e+01
-1.2190641576e+03, -3.7124633176e-01
-1.2224287191e+03, -3.7109596691e-01
-1.2298053063e+03, +5.2046895903e+01
-1.2358735339e+03, -3.7050906913e-01
-1.2526502955e+03, -3.6980673697e-01
-1.1684233335e+03, -3.7369423203e-01
-1.2190641576e+03, -3.7124633176e-01
-1.2291537864e+03, -3.7079964626e-01
-1.2365401927e+03, +5.1422745648e+01
-1.2392314449e+03, -3.7036588507e-01
-1.2425880643e+03, -3.7022407842e-01
-1.2368932844e+03, +5.9178856477e+01
-1.2548425265e+03, +5.1199662308e+01
-1.2560018705e+03, -3.6967025565e-01
-1.2593522142e+03, -3.6953506120e-01
-1.2627013382e+03, -3.6940113648e-01
-1.2660492539e+03, -3.6926846462e-01
-1.2693959725e+03, -3.6913702905e-01
-1.2727415053e+03, -3.6900681351e-01
-1.2760858632e+03, -3.6887780200e-01
-1.2794290570e+03, -3.6874997879e-01
-1.2827710974e+03, -3.6862332844e-01
-1.2861119951e+03, -3.6849783575e-01
-1.2894517604e+03, -3.6837348580e-01
-1.2927904037e+03, -3.6825026390e-01
-1.2961279350e+03, -3.6812815563e-01
-1.2994643644e+03, -3.6800714680e-01
-1.3027997019e+03, -3.6788722344e-01
-1.3061339571e+03, -3.6776837186e-01
-1.3094671398e+03, -3.6765057854e-01
-1.3127992595e+03, -3.6753383021e-01
-1.3161303256e+03, -3.6741811383e-01
-1.3194603474e+03, -3.6730341655e-01
-1.3227893340e+03, -3.6718972574e-01
-1.3261172946e+03, -3.6707702898e-01
-1.3294442381e+03, -3.6696531403e-01
-1.3327701733e+03, -3.6685456887e-01
-1.3360951090e+03, -3.6674478166e-01
-1.3394190538e+03, -3.6663594076e-01
-1.3427420163e+03, -3.6652803470e-01
-1.3460640048e+03, -3.6642105219e-01
-1.3493850277e+03, -3.6631498214e-01
-1.3527050931e+03, -3.6620981362e-01
-1.3560242093e+03, -3.6610553586e-01
-1.3593423843e+03, -3.6600213828e-01
-1.3626596259e+03, -3.6589961046e-01
-1.3659759421e+03, -3.6579794211e-01
-1.3692913405e+03, -3.6569712314e-01
-1.3726058288e+03, -3.6559714360e-01
-1.3759194146e+03, -3.6549799369e-01
-1.3792321054e+03, -3.6539966375e-01
-1.3825439085e+03, -3.6530214428e-01
-1.3858548312e+03, -3.6520542593e-01
-1.3891648809e+03, -3.6510949946e-01
-1.3924740645e+03, -3.6501435581e-01
-1.3957823892e+03, -3.6491998601e-01
-1.3990898620e+03, -3.6482638128e-01
-1.4023964897e+03, -3.6473353291e-01
-1.4057022791e+03, -3.6464143235e-01
-1.4090072370e+03, -3.6455007119e-01
-1.4123113701e+03, -3.6445944112e-01
-1.4156146849e+03, -3.6436953395e-01
-1.4189171880e+03, -3.6428034162e-01
-1.4222188858e+03, -3.6419185619e-01
-1.4255197847e+03, -3.6410406982e-01
-1.4288198909e+03, -3.6401697479e-01
-1.4321192108e+03, -3.6393056351e-01
-1.4354177505e+03, -3.6384482847e-01
-1.4387155160e+03, -3.6375976228e-01
-1.4420125134e+03, -3.6367535766e-01
-1.4453087487e+03, -3.6359160741e-01
-1.4453087487e+03, -3.6359160741e-01
-1.4372326844e+03, +5.8197288916e+01
-1.4621211799e+03, +5.0675309711e+01
-1.4617786974e+03, -3.6318242752e-01
-1.4650704816e+03, -3.6310245828e-01
-1.4683615436e+03, -3.6302309589e-01
-1.4716518890e+03, -3.6294433392e-01
-1.4731502728e+03, +5.1217480944e+01
-1.4815186790e+03, -3.6271158768e-01
-1.4843613447e+03, +5.1106169346e+01
-1.4917686757e+03, +5.0901236499e+01
-1.5006082343e+03, +4.8121235715e+01
-1.5274831435e+03, -3.6169143031e-01
-1.4584861856e+03, -3.6326301011e-01
-1.4782304513e+03, -3.6278858601e-01
-1.4880930533e+03, -3.6255931186e-01
-1.4951621302e+03, +5.0423614205e+01
-1.4979494897e+03, -3.6233511156e-01
-1.5073858729e+03, +5.2097545037e+01
-1.5077998964e+03, -3.6211582974e-01
-1.5110820482e+03, -3.6204380282e-01
-1.5143635495e+03, -3.6197230039e-01
-1.5176444050e+03, -3.6190131713e-01
-1.5209246195e+03, -3.6183084779e-01
-1.5195420157e+03, +5.0702940747e+01
-1.5480633565e+03, +5.8303367427e+01
-1.5373086718e+03, +5.0065847973e+01
-1.5340391580e+03, -3.6155400734e-01
-1.5405926990e+03, -3.6141853938e-01
-1.5438685528e+03, -3.6135152644e-01
-1.5471438014e+03, -3.6128498789e-01
-1.5504184489e+03, -3.6121891906e-01
-1.5536924997e+03, -3.6115331534e-01
-1.5569659579e+03, -3.6108817220e-01
-1.5602388276e+03, -3.6102348514e-01
-1.5635111130e+03, -3.6095924974e-01
-1.5667828182e+03, -3.6089546162e-01
-1.5700539471e+03, -3.6083211647e-01
-1.5733245039e+03, -3.6076921001e-01
-1.5765944924e+03, -3.6070673803e-01
-1.5798639165e+03, -3.6064469638e-01
-1.5831327802e+03, -3.6058308094e-01
-1.5864010873e+03, -3.6052188767e-01
-1.5896688416e+03, -3.6046111254e-01
-1.5929360468e+03, -3.6040075160e-01
-1.5962027068e+03, -3.6034080094e-01
-1.5994688252e+03, -3.6028125669e-01
-1.6027344056e+03, -3.6022211506e-01
-1.6059994518e+03, -3.6016337225e-01
-1.6092639672e+03, -3.6010502455e-01
-1.6125279556e+03, -3.6004706828e-01
-1.6157914203e+03, -3.5998949981e-01
-1.6190543649e+03, -3.5993231555e-01
-1.6223167929e+03, -3.5987551194e-01
-1.6255787078e+03, -3.5981908548e-01
-1.6288401128e+03, -3.5976303271e-01
-1.6321010114e+03, -3.5970735020e-01
-1.6353614069e+03, -3.5965203458e-01
-1.6386213026e+03, -3.5959708249e-01
-1.6418807019e+03, -3.5954249065e-01
-1.6451396079e+03, -3.5948825577e-01
-1.6483980239e+03, -3.5943437464e-01
-1.6516559531e+03, -3.5938084407e-01
-1.6549133986e+03, -3.5932766090e-01
-1.6581703635e+03, -3.5927482203e-01
-1.6614268511e+03, -3.5922232436e-01
-1.6646828643e+03, -3.5917016487e-01
-1.6679384062e+03, -3.5911834053e-01
-1.6711934799e+03, -3.5906684838e-01
-1.6744480883e+03, -3.5901568548e-01
-1.6777022344e+03, -3.5896484892e-01
-1.6809559212e+03, -3.5891433582e-01
-1.6842091515e+03, -3.5886414335e-01
-1.6874619282e+03, -3.5881426870e-01
-1.6907142544e+03, -3.5876470908e-01
-1.6939661326e+03, -3.5871546177e-01
-1.6972175659e+03, -3.5866652403e-01
-1.7004685570e+03, -3.5861789319e-01
-1.7037191086e+03, -3.5856956659e-01
-1.7069692235e+03, -3.5852154161e-01
-1.7102189045e+03, -3.5847381565e-01
-1.7134681541e+03, -3.5842638615e-01
-1.7167169752e+03, -3.5837925056e-01
-1.7199653703e+03, -3.5833240638e-01
-1.7232133421e+03, -3.5828585112e-01
-1.7264608932e+03, -3.5823958233e-01
-1.7297080262e+03, -3.5819359758e-01
-1.7329547436e+03, -3.5814789447e-01
-1.7362010479e+03, -3.5810247061e-01
-1.7394469418e+03, -3.5805732367e-01
-1.7426924277e+03, -3.5801245131e-01
-1.7459375081e+03, -3.5796785124e-01
-1.7491821854e+03, -3.5792352118e-01
-1.7524264621e+03, -3.5787945889e-01
-1.7556703406e+03, -3.5783566212e-01
-1.7589138232e+03, -3.5779212869e-01
-1.7621569125e+03, -3.5774885641e-01
-1.7653996106e+03, -3.5770584313e-01
-1.7686419201e+03, -3.5766308672e-01
-1.7718838431e+03, -3.5762058505e-01
-1.7751253819e+03, -3.5757833606e-01
-1.7783665390e+03, -3.5753633766e-01
-1.7816073165e+03, -3.5749458782e-01
-1.7848477166e+03, -3.5745308451e-01
-1.7880877416e+03, -3.5741182573e-01
-1.7913273938e+03, -3.5737080950e-01
-1.7945666752e+03, -3.5733003387e-01
-1.7978055881e+03, -3.5728949688e-01
-1.8010441346e+03, -3.5724919662e-01
-1.8042823169e+03, -3.5720913120e-01
-1.8075201370e+03, -3.5716929872e-01
-1.8107575971e+03, -3.5712969733e-01
-1.8139946993e+03, -3.5709032519e-01
-1.8172314456e+03, -3.5705118047e-01
-1.8204678381e+03, -3.5701226137e-01
-1.8237038788e+03, -3.5697356611e-01
-1.8269395698e+03, -3.5693509291e-01
-1.8301749130e+03, -3.5689684003e-01
-1.8334099105e+03, -3.5685880573e-01
-1.8366445642e+03, -3.5682098830e-01
-1.8398788760e+03, -3.5678338604e-01
-1.8431128480e+03, -3.5674599727e-01
-1.8463464820e+03, -3.5670882033e-01
-1.8495797800e+03, -3.5667185357e-01
-1.8528127438e+03, -3.5663509536e-01
-1.8560453754e+03, -3.5659854408e-01
-1.8592776765e+03, -3.5656219814e-01
-1.8625096491e+03, -3.5652605595e-01
-1.8657412951e+03, -3.5649011595e-01
-1.8689726161e+03, -3.5645437659e-01
-1.8722036141e+03, -3.5641883633e-01
-1.8754342908e+03, -3.5638349365e-01
-1.8786646480e+03, -3.5634834704e-01
-1.8818946876e+03, -3.5631339501e-01
-1.8851244111e+03, -3.5627863608e-01
-1.8883538205e+03, -3.5624406880e-01
-1.8915829174e+03, -3.5620969171e-01
-1.8948117035e+03, -3.5617550339e-01
-1.8980401805e+03, -3.5614150240e-01
-1.9012683502e+03, -3.5610768734e-01
-1.9044962142e+03, -3.5607405683e-01
-1.9077237742e+03, -3.5604060947e-01
-1.9109510318e+03, -3.5600734391e-01
-1.9141779887e+03, -3.5597425878e-01
-1.9174046465e+03, -3.5594135276e-01
-1.9206310068e+03, -3.5590862451e-01
-1.9238570713e+03, -3.5587607271e-01
-1.9270828415e+03, -3.5584369606e-01
-1.9303083189e+03, -3.5581149328e-01
-1.9335335053e+03, -3.5577946309e-01
-1.9367584021e+03, -3.5574760421e-01
-1.9399830109e+03, -3.5571591540e-01
-1.9432073331e+03, -3.5568439540e-01
-1.9464313705e+03, -3.5565304300e-01
-1.9496551243e+03, -3.5562185697e-01
-1.9528785963e+03, -3.5559083610e-01
-1.9561017877e+03, -3.5555997920e-01
-1.9593247002e+03, -3.5552928508e-01
-1.9625473353e+03, -3.5549875257e-01
-1.9657696942e+03, -3.5546838049e-01
-1.9689917786e+03, -3.5543816771e-01
-1.9722135898e+03, -3.5540811307e-01
-1.9754351293e+03, -3.5537821544e-01
-1.9786563985e+03, -3.5534847371e-01
-1.9818773988e+03, -3.5531888676e-01
-1.9850981316e+03, -3.5528945348e-01
-1.9883185983e+03, -3.5526017280e-01
-1.9915388003e+03, -3.5523104362e-01
-1.9947587388e+03, -3.5520206487e-01
-1.9979784154e+03, -3.5517323550e-01
-2.0011978313e+03, -3.5514455445e-01
-2.0044169879e+03, -3.5511602068e-01
-2.0076358866e+03, -3.5508763315e-01
-2.0108545285e+03, -3.5505939084e-01
-2.0140729151e+03, -3.5503129273e-01
-2.0172910477e+03, -3.5500333783e-01
-2.0205089274e+03, -3.5497552513e-01
-2.0237265558e+03, -3.5494785364e-01
-2.0269439339e+03, -3.5492032238e-01
-2.0301610631e+03, -3.5489293039e-01
-2.0333779446e+03, -3.5486567670e-01
-2.0358056280e+03, +4.7436448503e+01
-2.0462430188e+03, -3.5475802602e-01
-2.0385203858e+03, +4.8654014445e+01
-2.0430271155e+03, -3.5478473595e-01
-2.0462430188e+03, -3.5475802602e-01
-2.0462430188e+03, -3.5475802602e-01
-2.0441006744e+03, +4.9996312976e+01
-1.9974730955e+03, +8.8202853593e+01
-2.0820624858e+03, +5.1200601900e+01
-2.0753390571e+03, +4.9250511549e+01
-2.0751754229e+03, -3.5452354153e-01
-2.0783889644e+03, -3.5449812764e-01
-2.0751754229e+03, -3.5452354153e-01
-2.0816022760e+03, -3.5447283859e-01
-2.0848153590e+03, -3.5444767355e-01
-2.0880282144e+03, -3.5442263168e-01
-2.0912408434e+03, -3.5439771216e-01
-2.0944532470e+03, -3.5437291418e-01
-2.0976654264e+03, -3.5434823693e-01
-2.1008773827e+03, -3.5432367960e-01
-2.1040891169e+03, -3.5429924141e-01
-2.1073006301e+03, -3.5427492156e-01
-2.1105119233e+03, -3.5425071928e-01
-2.1137229978e+03, -3.5422663378e-01
-2.1169338544e+03, -3.5420266430e-01
-2.1201444943e+03, -3.5417881008e-01
-2.1233549184e+03, -3.5415507036e-01
-2.1265651279e+03, -3.5413144440e-01
-2.1297751237e+03, -3.5410793145e-01
-2.1297751237e+03, -3.5410793145e-01
-2.1232874781e+03, +7.3755497930e+01
-2.1449417352e+03, +4.9107348938e+01
-2.1458219336e+03, -3.5399203627e-01
-2.1490306688e+03, -3.5396918612e-01
-2.1522391973e+03, -3.5394644396e-01
-2.1554475201e+03, -3.5392380907e-01
-2.1586556382e+03, -3.5390128079e-01
-2.1606560986e+03, +4.9037669353e+01
-2.1710526580e+03, +4.9952218489e+01
-2.1714860830e+03, -3.5381222001e-01
-2.1746931920e+03, -3.5379021456e-01
-2.1779001020e+03, -3.5376831169e-01
-2.1843133286e+03, -3.5372481107e-01
-2.1875196471e+03, -3.5370321204e-01
-2.1949787484e+03, +5.0039084799e+01
-2.1971374342e+03, -3.5363901245e-01
-2.2035483276e+03, -3.5359670441e-01
-2.2099584574e+03, -3.5355478398e-01
-2.2176061138e+03, +4.9886861702e+01
-2.2278422074e+03, +4.9119851481e+01
-2.2419978956e+03, -3.5335082987e-01
-2.2644146992e+03, -3.5321344833e-01
-2.3146445075e+03, +4.1007418240e+01
-1.9625473353e+03, -3.5549875257e-01
-2.1137229978e+03, -3.5422663378e-01
-2.1554475201e+03, -3.5392380907e-01
+4.2989064006e+02, -1.2077946036e+01
+4.2448075275e+02, -2.0962789636e+01
+4.1999470834e+02, -2.8138506107e+01
+4.1598722275e+02, -3.4406675874e+01
+4.1228878407e+02, -4.0076020755e+01
+4.0881232442e+02, -4.5306743501e+01
+4.0550578235e+02, -5.0195536907e+01
+4.0233496389e+02, -5.4806466198e+01
+3.9927592027e+02, -5.9184773351e+01
+3.9631107313e+02, -6.3363928177e+01
+3.9342704984e+02, -6.7369585381e+01
+3.9061338580e+02, -7.1221967120e+01
+3.8786170256e+02, -7.4937378288e+01
+3.8516516384e+02, -7.8529213481e+01
+3.8251810227e+02, -8.2008650723e+01
+3.7991575538e+02, -8.5385144001e+01
+3.7735407397e+02, -8.8666782033e+01
+3.7482958000e+02, -9.1860555399e+01
+3.7233925906e+02, -9.4972559296e+01
+3.6988047772e+02, -9.8008150023e+01
+3.6745091892e+02, -1.0097206757e+02
+3.6504853098e+02, -1.0386853292e+02
+3.6267148663e+02, -1.0670132626e+02
+3.6031814998e+02, -1.0947385038e+02
+3.5798704942e+02, -1.1218918278e+02
+3.5567685538e+02, -1.1485011867e+02
+3.5338636174e+02, -1.1745920688e+02
+3.5111447032e+02, -1.2001878001e+02
+3.4886017781e+02, -1.2253097992e+02
+3.4662256462e+02, -1.2499777946e+02
+3.4440078543e+02, -1.2742100105e+02
+3.4219406102e+02, -1.2980233267e+02
+3.4000167126e+02, -1.3214334173e+02
+3.3782294900e+02, -1.3444548709e+02
+3.3565727480e+02, -1.3671012960e+02
+3.3350407225e+02, -1.3893854130e+02
+3.3136280391e+02, -1.4113191353e+02
+3.2923296776e+02, -1.4329136412e+02
+3.2711409396e+02, -1.4541794376e+02
+3.2500574207e+02, -1.4751264164e+02
+3.2290749856e+02, -1.4957639049e+02
+3.2081897453e+02, -1.5161007116e+02
+3.1873980373e+02, -1.5361451661e+02
+3.1666964076e+02, -1.5559051558e+02
+3.1460815946e+02, -1.5753881594e+02
+3.1255505141e+02, -1.5946012758e+02
+3.1051002467e+02, -1.6135512521e+02
+3.0847280252e+02, -1.6322445072e+02
+3.0644312243e+02, -1.6506871552e+02
+3.0442073501e+02, -1.6688850248e+02
+3.0240540317e+02, -1.6868436786e+02
+3.0039690125e+02, -1.7045684301e+02
+2.9839501428e+02, -1.7220643591e+02
+2.9639953729e+02, -1.7393363264e+02
+2.9441027467e+02, -1.7563889869e+02
+2.9242703960e+02, -1.7732268019e+02
+2.9044965349e+02, -1.7898540504e+02
+2.8847794549e+02, -1.8062748394e+02
+2.8651175203e+02, -1.8224931138e+02
+2.8455091642e+02, -1.8385126652e+02
+2.8259528841e+02, -1.8543371403e+02
+2.8064472386e+02, -1.8699700487e+02
+2.7869908440e+02, -1.8854147699e+02
+2.7675823709e+02, -1.9006745602e+02
+2.7482205416e+02, -1.9157525591e+02
+2.7289041270e+02, -1.9306517947e+02
+2.7096319443e+02, -1.9453751896e+02
+2.6904028546e+02, -1.9599255660e+02
+2.6712157606e+02, -1.9743056501e+02
+2.6520696045e+02, -1.9885180771e+02
+2.6329633662e+02, -2.0025653953e+02
+2.6138960610e+02, -2.0164500697e+02
+2.5948667386e+02, -2.0301744863e+02
+2.5758744810e+02, -2.0437409554e+02
+2.5569184011e+02, -2.0571517145e+02
+2.5379976410e+02, -2.0704089323e+02
+2.5191113714e+02, -2.0835147108e+02
+2.5002587893e+02, -2.0964710885e+02
+2.4814391178e+02, -2.1092800430e+02
+2.4626516042e+02, -2.1219434936e+02
+2.4438955194e+02, -2.1344633034e+02
+2.4251701568e+02, -2.1468412816e+02
+2.4064748311e+02, -2.1590791857e+02
+2.3878088777e+02, -2.1711787236e+02
+2.3691716516e+02, -2.1831415553e+02
+2.3505625270e+02, -2.1949692948e+02
+2.3319808958e+02, -2.2066635118e+02
+2.3134261677e+02, -2.2182257335e+02
+2.2948977690e+02, -2.2296574457e+02
+2.2763951419e+02, -2.2409600950e+02
+2.2579177442e+02, -2.2521350894e+02
+2.2394650486e+02, -2.2631838003e+02
+2.2210365418e+02, -2.2741075635e+02
+2.2026317245e+02, -2.2849076803e+02
+2.1842501104e+02, -2.2955854191e+02
+2.1658912262e+02, -2.3061420159e+02
+2.1475546105e+02, -2.3165786759e+02
+2.1292398140e+02, -2.3268965742e+02
+2.1109463986e+02, -2.3370968571e+02
+2.0926739372e+02, -2.3471806425e+02
+2.0744220135e+02, -2.3571490214e+02
+2.0561902210e+02, -2.3670030582e+02
+2.0379781635e+02, -2.3767437921e+02
+2.0197854540e+02, -2.3863722373e+02
+2.0016117147e+02, -2.3958893840e+02
+1.9834565770e+02, -2.4052961994e+02
+1.9653196805e+02, -2.4145936278e+02
+1.9472006732e+02, -2.4237825918e+02
+1.9290992113e+02, -2.4328639927e+02
+1.9110149585e+02, -2.4418387110e+02
+1.8929475861e+02, -2.4507076073e+02
+1.8748967726e+02, -2.4594715225e+02
+1.8568622038e+02, -2.4681312788e+02
+1.8388435718e+02, -2.4766876798e+02
+1.8208405757e+02, -2.4851415110e+02
+1.8028529208e+02, -2.4934935407e+02
+1.7848803186e+02, -2.5017445201e+02
+1.7669224865e+02, -2.5098951839e+02
+1.7489791479e+02, -2.5179462505e+02
+1.7310500316e+02, -2.5258984229e+02
+1.7131348720e+02, -2.5337523886e+02
+1.6952334087e+02, -2.5415088203e+02
+1.6773453865e+02, -2.5491683760e+02
+1.6594705550e+02, -2.5567316998e+02
+1.6416086688e+02, -2.5641994217e+02
+1.6237594870e+02, -2.5715721584e+02
+1.6059227736e+02, -2.5788505133e+02
+1.5880982965e+02, -2.5860350769e+02
+1.5702858283e+02, -2.5931264275e+02
+1.5524851456e+02, -2.6001251307e+02
+1.5346960289e+02, -2.6070317404e+02
+1.5169182628e+02, -2.6138467986e+02
+1.4991516357e+02, -2.6205708359e+02
+1.4813959396e+02, -2.6272043720e+02
+1.4636509702e+02, -2.6337479152e+02
+1.4459165265e+02, -2.6402019634e+02
+1.4281924112e+02, -2.6465670039e+02
+1.4104784300e+02, -2.6528435137e+02
+1.3927743919e+02, -2.6590319600e+02
+1.3750801092e+02, -2.6651327999e+02
+1.3573953969e+02, -2.6711464810e+02
+1.3397200732e+02, -2.6770734415e+02
+1.3220539592e+02, -2.6829141102e+02
+1.3043968785e+02, -2.6886689070e+02
+1.2867486576e+02, -2.6943382428e+02
+1.2691091256e+02, -2.6999225200e+02
+1.2514781143e+02, -2.7054221321e+02
+1.2338554578e+02, -2.7108374646e+02
+1.2162409926e+02, -2.7161688944e+02
+1.1986345578e+02, -2.7214167908e+02
+1.1810359945e+02, -2.7265815146e+02
+1.1634451463e+02, -2.7316634193e+02
+1.1458618587e+02, -2.7366628504e+02
+1.1282859796e+02, -2.7415801462e+02
+1.1107173587e+02, -2.7464156374e+02
+1.0931558479e+02, -2.7511696474e+02
+1.0756013009e+02, -2.7558424927e+02
+1.0580535732e+02, -2.7604344826e+02
+1.0405125225e+02, -2.7649459195e+02
+1.0229780080e+02, -2.7693770991e+02
+1.0054498906e+02, -2.7737283103e+02
+9.8792803310e+01, -2.7779998354e+02
+9.7041229978e+01, -2.7821919505e+02
+9.5290255660e+01, -2.7863049250e+02
+9.3539867103e+01, -2.7903390220e+02
+9.1790051207e+01, -2.7942944987e+02
+9.0040795020e+01, -2.7981716060e+02
+8.8292085731e+01, -2.8019705888e+02
+8.6543910667e+01, -2.8056916860e+02
+8.4796257291e+01, -2.8093351307e+02
+8.3049113196e+01, -2.8129011503e+02
+8.1302466103e+01, -2.8163899664e+02
+7.9556303856e+01, -2.8198017951e+02
+7.7810614417e+01, -2.8231368467e+02
+7.6065385867e+01, -2.8263953263e+02
+7.4320606397e+01, -2.8295774333e+02
+7.2576264309e+01, -2.8326833621e+02
+7.0832348009e+01, -2.8357133015e+02
+6.9088846008e+01, -2.8386674351e+02
+6.7345746916e+01, -2.8415459416e+02
+6.5603039438e+01, -2.8443489942e+02
+6.3860712372e+01, -2.8470767614e+02
+6.2118754608e+01, -2.8497294064e+02
+6.0377155122e+01, -2.8523070876e+02
+5.8635902975e+01, -2.8548099586e+02
+5.6894987308e+01, -2.8572381678e+02
+5.5154397341e+01, -2.8595918592e+02
+5.3414122372e+01, -2.8618711717e+02
+5.1674151769e+01, -2.8640762396e+02
+4.9934474972e+01, -2.8662071926e+02
+4.8195081488e+01, -2.8682641555e+02
+4.6455960889e+01, -2.8702472489e+02
+4.4717102811e+01, -2.8721565885e+02
+4.2978496947e+01, -2.8739922855e+02
+4.1240133051e+01, -2.8757544466e+02
+3.9502000928e+01, -2.8774431743e+02
+3.7764090440e+01, -2.8790585662e+02
+3.6026391495e+01, -2.8806007159e+02
+3.4288894051e+01, -2.8820697124e+02
+3.2551588111e+01, -2.8834656403e+02
+3.0814463719e+01, -2.8847885800e+02
+2.9077510964e+01, -2.8860386076e+02
+2.7340719969e+01, -2.8872157947e+02
+2.5604080894e+01, -2.8883202089e+02
+2.3867583936e+01, -2.8893519134e+02
+2.2131219319e+01, -2.8903109672e+02
+2.0394977301e+01, -2.8911974251e+02
+1.8658848162e+01, -2.8920113377e+02
+1.6922822212e+01, -2.8927527514e+02
+1.5186889781e+01, -2.8934217085e+02
+1.3451041221e+01, -2.8940182470e+02
+1.1715266901e+01, -2.8945424008e+02
+9.9795572066e+00, -2.8949941999e+02
+8.2439025397e+00, -2.8953736697e+02
+6.5082933122e+00, -2.8956808320e+02
+4.7727199469e+00, -2.8959157042e+02
+3.0371728742e+00, -2.8960782995e+02
+1.3016425305e+00, -2.8961686273e+02
-4.3388064437e-01, -2.8961866926e+02
-2.1694062088e+00, -2.8961324964e+02
-3.9049437218e+00, -2.8960060358e+02
-5.6405027451e+00, -2.8958073034e+02
-7.3760928448e+00, -2.8955362881e+02
-9.1117235943e+00, -2.8951929745e+02
-1.0847404576e+01, -2.8947773430e+02
-1.2583145382e+01, -2.8942893700e+02
-1.4318955620e+01, -2.8937290278e+02
-1.6054844911e+01, -2.8930962846e+02
-1.7790822894e+01, -2.8923911042e+02
-1.9526899228e+01, -2.8916134466e+02
-2.1263083593e+01, -2.8907632674e+02
-2.2999385695e+01, -2.8898405181e+02
-2.4735815262e+01, -2.8888451461e+02
-2.6472382055e+01, -2.8877770944e+02
-2.8209095862e+01, -2.8866363019e+02
-2.9945966505e+01, -2.8854227032e+02
-3.1683003842e+01, -2.8841362288e+02
-3.3420217766e+01, -2.8827768048e+02
-3.5157618211e+01, -2.8813443529e+02
-3.6895215153e+01, -2.8798387907e+02
-3.8633018612e+01, -2.8782600313e+02
-4.0371038653e+01, -2.8766079834e+02
-4.2109285391e+01, -2.8748825515e+02
-4.3847768994e+01, -2.8730836355e+02
-4.5586499680e+01, -2.8712111309e+02
-4.7325487727e+01, -2.8692649286e+02
-4.9064743469e+01, -2.8672449152e+02
-5.0804277302e+01, -2.8651509725e+02
-5.2544099687e+01, -2.8629829780e+02
-5.4284221148e+01, -2.8607408043e+02
-5.6024652283e+01, -2.8584243195e+02
-5.7765403757e+01, -2.8560333868e+02
-5.9506486312e+01, -2.8535678650e+02
-6.1247910766e+01, -2.8510276078e+02
-6.2989688018e+01, -2.8484124641e+02
-6.4731829050e+01, -2.8457222781e+02
-6.6474344927e+01, -2.8429568890e+02
-6.8217246807e+01, -2.8401161308e+02
-6.9960545936e+01, -2.8371998327e+02
-7.1704253656e+01, -2.8342078188e+02
-7.3448381407e+01, -2.8311399081e+02
-7.5192940731e+01, -2.8279959141e+02
-7.6937943272e+01, -2.8247756454e+02
-7.8683400783e+01, -2.8214789051e+02
-8.0429325129e+01, -2.8181054909e+02
-8.2175728287e+01, -2.8146551952e+02
-8.3922622354e+01, -2.8111278047e+02
-8.5670019546e+01, -2.8075231006e+02
-8.7417932207e+01, -2.8038408584e+02
-8.9166372808e+01, -2.8000808479e+02
-9.0915353954e+01, -2.7962428331e+02
-9.2664888385e+01, -2.7923265721e+02
-9.4414988983e+01, -2.7883318170e+02
-9.6165668774e+01, -2.7842583137e+02
-9.7916940934e+01, -2.7801058022e+02
-9.9668818790e+01, -2.7758740162e+02
-1.0142131583e+02, -2.7715626829e+02
-1.0317444570e+02, -2.7671715233e+02
-1.0492822221e+02, -2.7627002516e+02
-1.0668265936e+02, -2.7581485755e+02
-1.0843777130e+02, -2.7535161962e+02
-1.1019357237e+02, -2.7488028076e+02
-1.1195007712e+02, -2.7440080970e+02
-1.1370730026e+02, -2.7391317444e+02
-1.1546525670e+02, -2.7341734227e+02
-1.1722396157e+02, -2.7291327976e+02
-1.1898343020e+02, -2.7240095270e+02
-1.2074367814e+02, -2.7188032615e+02
-1.2250472114e+02, -2.7135136441e+02
-1.2426657520e+02, -2.7081403095e+02
-1.2602925653e+02, -2.7026828849e+02
-1.2779278161e+02, -2.6971409889e+02
-1.2955716713e+02, -2.6915142322e+02
-1.3132243005e+02, -2.6858022167e+02
-1.3308858761e+02, -2.6800045358e+02
-1.3485565727e+02, -2.6741207743e+02
-1.3662365682e+02, -2.6681505077e+02
-1.3839260427e+02, -2.6620933026e+02
-1.4016251798e+02, -2.6559487160e+02
-1.4193341658e+02, -2.6497162957e+02
-1.4370531900e+02, -2.6433955795e+02
-1.4547824450e+02, -2.6369860955e+02
-1.4725221267e+02, -2.6304873613e+02
-1.4902724341e+02, -2.6238988846e+02
-1.5080335700e+02, -2.6172201621e+02
-1.5258057403e+02, -2.6104506800e+02
-1.5435891550e+02, -2.6035899131e+02
-1.5613840276e+02, -2.5966373251e+02
-1.5791905754e+02, -2.5895923682e+02
-1.5970090198e+02, -2.5824544826e+02
-1.6148395864e+02, -2.5752230963e+02
-1.6326825047e+02, -2.5678976252e+02
-1.6505380089e+02, -2.5604774721e+02
-1.6684063373e+02, -2.5529620272e+02
-1.6862877332e+02, -2.5453506671e+02
-1.7041824444e+02, -2.5376427547e+02
-1.7220907236e+02, -2.5298376392e+02
-1.7400128287e+02, -2.5219346552e+02
-1.7579490226e+02, -2.5139331225e+02
-1.7758995737e+02, -2.5058323462e+02
-1.7938647559e+02, -2.4976316154e+02
-1.8118448488e+02, -2.4893302037e+02
-1.8298401378e+02, -2.4809273682e+02
-1.8478509146e+02, -2.4724223492e+02
-1.8658774770e+02, -2.4638143699e+02
-1.8839201293e+02, -2.4551026357e+02
-1.9019791825e+02, -2.4462863339e+02
-1.9200549545e+02, -2.4373646329e+02
-1.9381477703e+02, -2.4283366821e+02
-1.9562579624e+02, -2.4192016110e+02
-1.9743858708e+02, -2.4099585288e+02
-1.9925318434e+02, -2.4006065236e+02
-2.0106962363e+02, -2.3911446620e+02
-2.0288794140e+02, -2.3815719884e+02
-2.0470817498e+02, -2.3718875241e+02
-2.0653036258e+02, -2.3620902670e+02
-2.0835454338e+02, -2.3521791906e+02
-2.1018075749e+02, -2.3421532431e+02
-2.1200904606e+02, -2.3320113470e+02
-2.1383945125e+02, -2.3217523979e+02
-2.1567201631e+02, -2.3113752638e+02
-2.1750678562e+02, -2.3008787842e+02
-2.1934380469e+02, -2.2902617690e+02
-2.2118312026e+02, -2.2795229977e+02
-2.2302478031e+02, -2.2686612182e+02
-2.2486883410e+02, -2.2576751460e+02
-2.2671533227e+02, -2.2465634625e+02
-2.2856432682e+02, -2.2353248143e+02
-2.3041587124e+02, -2.2239578120e+02
-2.3227002051e+02, -2.2124610283e+02
-2.3412683120e+02, -2.2008329972e+02
-2.3598636150e+02, -2.1890722124e+02
-2.3784867133e+02, -2.1771771258e+02
-2.3971382236e+02, -2.1651461456e+02
-2.4158187814e+02, -2.1529776350e+02
-2.4345290412e+02, -2.1406699104e+02
-2.4532696779e+02, -2.1282212393e+02
-2.4720413873e+02, -2.1156298386e+02
-2.4908448873e+02, -2.1028938723e+02
-2.5096809185e+02, -2.0900114497e+02
-2.5285502457e+02, -2.0769806226e+02
-2.5474536586e+02, -2.0637993832e+02
-2.5663919731e+02, -2.0504656616e+02
-2.5853660329e+02, -2.0369773228e+02
-2.6043767101e+02, -2.0233321641e+02
-2.6234249071e+02, -2.0095279120e+02
-2.6425115580e+02, -1.9955622188e+02
-2.6616376300e+02, -1.9814326595e+02
-2.6808041252e+02, -1.9671367278e+02
-2.7000120824e+02, -1.9526718325e+02
-2.7192625788e+02, -1.9380352936e+02
-2.7385567324e+02, -1.9232243372e+02
-2.7578957037e+02, -1.9082360918e+02
-2.7772806983e+02, -1.8930675825e+02
-2.7967129693e+02, -1.8777157263e+02
-2.8161938198e+02, -1.8621773261e+02
-2.8357246061e+02, -1.8464490648e+02
-2.8553067403e+02, -1.8305274986e+02
-2.8749416939e+02, -1.8144090504e+02
-2.8946310011e+02, -1.7980900021e+02
-2.9143762628e+02, -1.7815664864e+02
-2.9341791504e+02, -1.7648344786e+02
-2.9540414106e+02, -1.7478897868e+02
-2.9739648697e+02, -1.7307280424e+02
-2.9939514393e+02, -1.7133446887e+02
-3.0140031215e+02, -1.6957349694e+02
-3.0341220151e+02, -1.6778939160e+02
-3.0543103223e+02, -1.6598163336e+02
-3.0745703560e+02, -1.6414967864e+02
-3.0949045475e+02, -1.6229295808e+02
-3.1153154552e+02, -1.6041087479e+02
-3.1358057740e+02, -1.5850280238e+02
-3.1563783458e+02, -1.5656808286e+02
-3.1770361709e+02, -1.5460602424e+02
-3.1977824203e+02, -1.5261589799e+02
-3.2186204501e+02, -1.5059693622e+02
-3.2395538163e+02, -1.4854832847e+02
-3.2605862923e+02, -1.4646921835e+02
-3.2817218875e+02, -1.4435869961e+02
-3.3029648690e+02, -1.4221581186e+02
-3.3243197847e+02, -1.4003953584e+02
-3.3457914903e+02, -1.3782878804e+02
-3.3673851788e+02, -1.3558241472e+02
-3.3891064147e+02, -1.3329918513e+02
-3.4109611718e+02, -1.3097778392e+02
-3.4329558770e+02, -1.2861680247e+02
-3.4550974594e+02, -1.2621472902e+02
-3.4773934077e+02, -1.2376993751e+02
-3.4998518352e+02, -1.2128067459e+02
-3.5224815554e+02, -1.1874504477e+02
-3.5452921701e+02, -1.1616099320e+02
-3.5682941717e+02, -1.1352628559e+02
-3.5914990638e+02, -1.1083848468e+02
-3.6149195039e+02, -1.0809492255e+02
-3.6385694724e+02, -1.0529266773e+02
-3.6624644764e+02, -1.0242848598e+02
-3.6866217943e+02, -9.9498792965e+01
-3.7110607752e+02, -9.6499596859e+01
-3.7358032059e+02, -9.3426428022e+01
-3.7608737675e+02, -9.0274251888e+01
-3.7863006085e+02, -8.7037359912e+01
-4.2670911816e+02, +1.3335785266e+02
-4.3013716517e+02, +1.3104044431e+02
-5.4798590102e+02, +8.0635583413e+01
-5.4335671793e+02, +8.1641287499e+01
-5.3871320842e+02, +8.2704468411e+01
-3.9485966936e+02, -6.5387073650e+01
-4.4828600901e+02, +1.1941780534e+02
-4.5213374103e+02, +1.1711500942e+02
-4.5605802203e+02, +1.1483141796e+02
-4.6005948435e+02, +1.1257309347e+02
-4.6413804533e+02, +1.1034644740e+02
-4.6829283248e+02, +1.0815811270e+02
-4.7252218636e+02, +1.0601477361e+02
-4.7682389121e+02, +1.0392294204e+02
-4.8119652300e+02, +1.0188862864e+02
-4.8566203200e+02, +9.9921119938e+01
-4.8341137753e+02, +1.0089480066e+02
-4.7900113660e+02, +1.0289831788e+02
-4.7466399849e+02, +1.0496209428e+02
-4.6620586303e+02, +1.0924714275e+02
           NaN, -8.2457088066e+02
           NaN, -8.5698705730e+02
           NaN, -8.8851663222e+02
           NaN, -9.1918722466e+02
           NaN, -9.4902363444e+02
           NaN, -9.7804844040e+02
           NaN, -1.0062824704e+03
           NaN, -1.0337451675e+03
           NaN, -1.0604548790e+03
           NaN, -1.0864290839e+03
           NaN, -1.1116845684e+03
           NaN, -1.1362375703e+03
           NaN, -1.1601038858e+03
           NaN, -1.1832989535e+03
           NaN, -1.2058379221e+03
           NaN, -1.2277356966e+03
           NaN, -1.2490069766e+03
           NaN, -1.2696662811e+03
           NaN, -1.2897279673e+03
           NaN, -1.3092062437e+03
           NaN, -1.3281151700e+03
           NaN, -1.3464686659e+03
           NaN, -1.3642805076e+03
           NaN, -1.3815643254e+03
           NaN, -1.3983335945e+03
           NaN, -1.4146016336e+03
           NaN, -1.4303815979e+03
           NaN, -1.4456864681e+03
           NaN, -1.4605290433e+03
           NaN, -1.4749219387e+03
           NaN, -1.4888775698e+03
           NaN, -1.5024081509e+03
           NaN, -1.5155256905e+03
           NaN, -1.5282419784e+03
           NaN, -1.5405685874e+03
           NaN, -1.5525168599e+03
           NaN, -1.5640979163e+03
           NaN, -1.5753226391e+03
           NaN, -1.5862016775e+03
           NaN, -1.5967454408e+03
           NaN, -1.6069641050e+03
           NaN, -1.6168675990e+03
-3.1124837035e+02, +2.1582983866e+02
-3.0900142339e+02, +2.1730801814e+02
-3.0676420473e+02, +2.1877040372e+02
-3.0453642596e+02, +2.2021718705e+02
-3.0231781057e+02, +2.2164855591e+02
-4.3344820118e+02, -6.0925199105e+00
-4.2701569183e+02, -1.6831635182e+01
-4.2216120206e+02, -2.4694356845e+01
-4.1794463973e+02, -3.1361528589e+01
-4.1410595034e+02, -3.7304132822e+01
-4.1052661040e+02, -4.2739165295e+01
-4.0714025420e+02, -4.7789321247e+01
-4.0390508778e+02, -5.2532569007e+01
-4.0079268721e+02, -5.7022386286e+01
-3.9778263830e+02, -6.1297491582e+01
-3.9485966936e+02, -6.5387073650e+01
-3.9201198806e+02, -6.9313838506e+01
-3.8923025497e+02, -7.3095897977e+01
-3.8650691822e+02, -7.6747998859e+01
-3.8383576474e+02, -8.0282355300e+01
-3.8121160742e+02, -8.3709231314e+01
-3.7863006085e+02, -8.7037359912e+01
-3.7608737675e+02, -9.0274251888e+01
-3.7358032059e+02, -9.3426428022e+01
-3.7110607752e+02, -9.6499596859e+01
-3.6866217943e+02, -9.9498792965e+01
-3.6624644764e+02, -1.0242848598e+02
-3.6385694724e+02, -1.0529266773e+02
-3.6149195039e+02, -1.0809492255e+02
-3.5914990638e+02, -1.1083848468e+02
-3.5682941717e+02, -1.1352628559e+02
-3.5452921701e+02, -1.1616099320e+02
-3.5224815554e+02, -1.1874504477e+02
-3.4998518352e+02, -1.2128067459e+02
-3.4773934077e+02, -1.2376993751e+02
-3.4550974594e+02, -1.2621472902e+02
-3.4329558770e+02, -1.2861680247e+02
-3.4109611718e+02, -1.3097778392e+02
-3.3891064147e+02, -1.3329918513e+02
-3.3673851788e+02, -1.3558241472e+02
-3.3457914903e+02, -1.3782878804e+02
-3.3243197847e+02, -1.4003953584e+02
-3.3029648690e+02, -1.4221581186e+02
-3.2817218875e+02, -1.4435869961e+02
-3.2605862923e+02, -1.4646921835e+02
-3.2395538163e+02, -1.4854832847e+02
-3.2186204501e+02, -1.5059693622e+02
-3.1977824203e+02, -1.5261589799e+02
-3.1770361709e+02, -1.5460602424e+02
-3.1563783458e+02, -1.5656808286e+02
-3.1358057740e+02, -1.5850280238e+02
-3.1153154552e+02, -1.6041087479e+02
-3.0949045475e+02, -1.6229295808e+02
-3.0745703560e+02, -1.6414967864e+02
-3.0543103223e+02, -1.6598163336e+02
-3.0341220151e+02, -1.6778939160e+02
-3.0140031215e+02, -1.6957349694e+02
-2.9939514393e+02, -1.7133446887e+02
-2.9739648697e+02, -1.7307280424e+02
-2.9540414106e+02, -1.7478897868e+02
-2.9341791504e+02, -1.7648344786e+02
-2.9143762628e+02, -1.7815664864e+02
-2.8946310011e+02, -1.7980900021e+02
-2.8749416939e+02, -1.8144090504e+02
-2.8553067403e+02, -1.8305274986e+02
-2.8357246061e+02, -1.8464490648e+02
-2.8161938198e+02, -1.8621773261e+02
-2.7967129693e+02, -1.8777157263e+02
-2.7772806983e+02, -1.8930675825e+02
-2.7578957037e+02, -1.9082360918e+02
-2.7385567324e+02, -1.9232243372e+02
-2.7192625788e+02, -1.9380352936e+02
-2.7000120824e+02, -1.9526718325e+02
-2.6808041252e+02, -1.9671367278e+02
-2.6616376300e+02, -1.9814326595e+02
-2.6425115580e+02, -1.9955622188e+02
-2.6234249071e+02, -2.0095279120e+02
-2.6043767101e+02, -2.0233321641e+02
-2.5853660329e+02, -2.0369773228e+02
-2.5663919731e+02, -2.0504656616e+02
-2.5474536586e+02, -2.0637993832e+02
-2.5285502457e+02, -2.0769806226e+02
-2.5096809185e+02, -2.0900114497e+02
-2.4908448873e+02, -2.1028938723e+02
-2.4720413873e+02, -2.1156298386e+02
-2.4532696779e+02, -2.1282212393e+02
-2.4345290412e+02, -2.1406699104e+02
-2.4158187814e+02, -2.1529776350e+02
-2.3971382236e+02, -2.1651461456e+02
-2.3784867133e+02, -2.1771771258e+02
-2.3598636150e+02, -2.1890722124e+02
-2.3412683120e+02, -2.2008329972e+02
-2.3227002051e+02, -2.2124610283e+02
-2.3041587124e+02, -2.2239578120e+02
-2.2856432682e+02, -2.2353248143e+02
-2.2671533227e+02, -2.2465634625e+02
-2.2486883410e+02, -2.2576751460e+02
-2.2302478031e+02, -2.2686612182e+02
-2.2118312026e+02, -2.2795229977e+02
-2.1934380469e+02, -2.2902617690e+02
-2.1750678562e+02, -2.3008787842e+02
-2.1567201631e+02, -2.3113752638e+02
-2.1383945125e+02, -2.3217523979e+02
-2.1200904606e+02, -2.3320113470e+02
-2.1018075749e+02, -2.3421532431e+02
-2.0835454338e+02, -2.3521791906e+02
-2.0653036258e+02, -2.3620902670e+02
-2.0470817498e+02, -2.3718875241e+02
-2.0288794140e+02, -2.3815719884e+02
-2.0106962363e+02, -2.3911446620e+02
-1.9925318434e+02, -2.4006065236e+02
-1.9743858708e+02, -2.4099585288e+02
-1.9562579624e+02, -2.4192016110e+02
-1.9381477703e+02, -2.4283366821e+02
-1.9200549545e+02, -2.4373646329e+02
-1.9019791825e+02, -2.4462863339e+02
-1.8839201293e+02, -2.4551026357e+02
-1.8658774770e+02, -2.4638143699e+02
-1.8478509146e+02, -2.4724223492e+02
-1.8298401378e+02, -2.4809273682e+02
-1.8118448488e+02, -2.4893302037e+02
-1.7938647559e+02, -2.4976316154e+02
-1.7758995737e+02, -2.5058323462e+02
-1.7579490226e+02, -2.5139331225e+02
-1.7400128287e+02, -2.5219346552e+02
-1.7220907236e+02, -2.5298376392e+02
-1.7041824444e+02, -2.5376427547e+02
-1.6862877332e+02, -2.5453506671e+02
-1.6684063373e+02, -2.5529620272e+02
-1.6505380089e+02, -2.5604774721e+02
-1.6326825047e+02, -2.5678976252e+02
-1.6148395864e+02, -2.5752230963e+02
-1.5970090198e+02, -2.5824544826e+02
-1.5791905754e+02, -2.5895923682e+02
-1.5613840276e+02, -2.5966373251e+02
-1.5435891550e+02, -2.6035899131e+02
-1.5258057403e+02, -2.6104506800e+02
-1.5080335700e+02, -2.6172201621e+02
-1.4902724341e+02, -2.6238988846e+02
-1.4725221267e+02, -2.6304873613e+02
-1.4547824450e+02, -2.6369860955e+02
-1.4370531900e+02, -2.6433955795e+02
-1.4193341658e+02, -2.6497162957e+02
-1.4016251798e+02, -2.6559487160e+02
-1.3839260427e+02, -2.6620933026e+02
-1.3662365682e+02, -2.6681505077e+02
-1.3485565727e+02, -2.6741207743e+02
-1.3308858761e+02, -2.6800045358e+02
-1.3132243005e+02, -2.6858022167e+02
-1.2955716713e+02, -2.6915142322e+02
-1.2779278161e+02, -2.6971409889e+02
-1.2602925653e+02, -2.7026828849e+02
-1.2426657520e+02, -2.7081403095e+02
-1.2250472114e+02, -2.7135136441e+02
-1.2074367814e+02, -2.7188032615e+02
-1.1898343020e+02, -2.7240095270e+02
-1.1722396157e+02, -2.7291327976e+02
-1.1546525670e+02, -2.7341734227e+02
-1.1370730026e+02, -2.7391317444e+02
-1.1195007712e+02, -2.7440080970e+02
-1.1019357237e+02, -2.7488028076e+02
-1.0843777130e+02, -2.7535161962e+02
-1.0668265936e+02, -2.7581485755e+02
-1.0492822221e+02, -2.7627002516e+02
-1.0317444570e+02, -2.7671715233e+02
-1.0142131583e+02, -2.7715626829e+02
-9.9668818790e+01, -2.7758740162e+02
-9.7916940934e+01, -2.7801058022e+02
-9.6165668774e+01, -2.7842583137e+02
-9.4414988983e+01, -2.7883318170e+02
-9.2664888385e+01, -2.7923265721e+02
-9.0915353954e+01, -2.7962428331e+02
-8.9166372808e+01, -2.8000808479e+02
-8.7417932207e+01, -2.8038408584e+02
-8.5670019546e+01, -2.8075231006e+02
-8.3922622354e+01, -2.8111278047e+02
-8.2175728287e+01, -2.8146551952e+02
-8.0429325129e+01, -2.8181054909e+02
-7.8683400783e+01, -2.8214789051e+02
-7.6937943272e+01, -2.8247756454e+02
-7.5192940731e+01, -2.8279959141e+02
-7.3448381407e+01, -2.8311399081e+02
-7.1704253656e+01, -2.8342078188e+02
-6.9960545936e+01, -2.8371998327e+02
-6.8217246807e+01, -2.8401161308e+02
-6.6474344927e+01, -2.8429568890e+02
-6.4731829050e+01, -2.8457222781e+02
-6.2989688018e+01, -2.8484124641e+02
-6.1247910766e+01, -2.8510276078e+02
-5.9506486312e+01, -2.8535678650e+02
-5.7765403757e+01, -2.8560333868e+02
-5.6024652283e+01, -2.8584243195e+02
-5.4284221148e+01, -2.8607408043e+02
-5.2544099687e+01, -2.8629829780e+02
-5.0804277302e+01, -2.8651509725e+02
-4.9064743469e+01, -2.8672449152e+02
-4.7325487727e+01, -2.8692649286e+02
-4.5586499680e+01, -2.8712111309e+02
-4.3847768994e+01, -2.8730836355e+02
-4.2109285391e+01, -2.8748825515e+02
-4.0371038653e+01, -2.8766079834e+02
-3.8633018612e+01, -2.8782600313e+02
-3.6895215153e+01, -2.8798387907e+02
-3.5157618211e+01, -2.8813443529e+02
-3.3420217766e+01, -2.8827768048e+02
-3.1683003842e+01, -2.8841362288e+02
-2.9945966505e+01, -2.8854227032e+02
-2.8209095862e+01, -2.8866363019e+02
-2.6472382055e+01, -2.8877770944e+02
-2.4735815262e+01, -2.8888451461e+02
-2.2999385695e+01, -2.8898405181e+02
-2.1263083593e+01, -2.8907632674e+02
-1.9526899228e+01, -2.8916134466e+02
-1.7790822894e+01, -2.8923911042e+02
-1.6054844911e+01, -2.8930962846e+02
-1.4318955620e+01, -2.8937290278e+02
-1.2583145382e+01, -2.8942893700e+02
-1.0847404576e+01, -2.8947773430e+02
-9.1117235943e+00, -2.8951929745e+02
-7.3760928448e+00, -2.8955362881e+02
-5.6405027451e+00, -2.8958073034e+02
-3.9049437218e+00, -2.8960060358e+02
-2.1694062088e+00, -2.8961324964e+02
-4.3388064437e-01, -2.8961866926e+02
+1.3016425305e+00, -2.8961686273e+02
+3.0371728742e+00, -2.8960782995e+02
+4.7727199469e+00, -2.8959157042e+02
+6.5082933122e+00, -2.8956808320e+02
+8.2439025397e+00, -2.8953736697e+02
+9.9795572066e+00, -2.8949941999e+02
+1.1715266901e+01, -2.8945424008e+02
+1.3451041221e+01, -2.8940182470e+02
+1.5186889781e+01, -2.8934217085e+02
+1.6922822212e+01, -2.8927527514e+02
+1.8658848162e+01, -2.8920113377e+02
+2.0394977301e+01, -2.8911974251e+02
+2.2131219319e+01, -2.8903109672e+02
+2.3867583936e+01, -2.8893519134e+02
+2.5604080894e+01, -2.8883202089e+02
+2.7340719969e+01, -2.8872157947e+02
+2.9077510964e+01, -2.8860386076e+02
+3.0814463719e+01, -2.8847885800e+02
+3.2551588111e+01, -2.8834656403e+02
+3.4288894051e+01, -2.8820697124e+02
+3.6026391495e+01, -2.8806007159e+02
+3.7764090440e+01, -2.8790585662e+02
+3.9502000928e+01, -2.8774431743e+02
+4.1240133051e+01, -2.8757544466e+02
+4.2978496947e+01, -2.8739922855e+02
+4.4717102811e+01, -2.8721565885e+02
+4.6455960889e+01, -2.8702472489e+02
+4.8195081488e+01, -2.8682641555e+02
+4.9934474972e+01, -2.8662071926e+02
+5.1674151769e+01, -2.8640762396e+02
+5.3414122372e+01, -2.8618711717e+02
+5.5154397341e+01, -2.8595918592e+02
+5.6894987308e+01, -2.8572381678e+02
+5.8635902975e+01, -2.8548099586e+02
+6.0377155122e+01, -2.8523070876e+02
+6.2118754608e+01, -2.8497294064e+02
+6.3860712372e+01, -2.8470767614e+02
+6.5603039438e+01, -2.8443489942e+02
+6.7345746916e+01, -2.8415459416e+02
+6.9088846008e+01, -2.8386674351e+02
+7.0832348009e+01, -2.8357133015e+02
+7.2576264309e+01, -2.8326833621e+02
+7.4320606397e+01, -2.8295774333e+02
+7.6065385867e+01, -2.8263953263e+02
+7.7810614417e+01, -2.8231368467e+02
+7.9556303856e+01, -2.8198017951e+02
+8.1302466103e+01, -2.8163899664e+02
+8.3049113196e+01, -2.8129011503e+02
+8.4796257291e+01, -2.8093351307e+02
+8.6543910667e+01, -2.8056916860e+02
+8.8292085731e+01, -2.8019705888e+02
+9.0040795020e+01, -2.7981716060e+02
+9.1790051207e+01, -2.7942944987e+02
+9.3539867103e+01, -2.7903390220e+02
+9.5290255660e+01, -2.7863049250e+02
+9.7041229978e+01, -2.7821919505e+02
+9.8792803310e+01, -2.7779998354e+02
+1.0054498906e+02, -2.7737283103e+02
+1.0229780080e+02, -2.7693770991e+02
+1.0405125225e+02, -2.7649459195e+02
+1.0580535732e+02, -2.7604344826e+02
+1.0756013009e+02, -2.7558424927e+02
+1.0931558479e+02, -2.7511696474e+02
+1.1107173587e+02, -2.7464156374e+02
+1.1282859796e+02, -2.7415801462e+02
+1.1458618587e+02, -2.7366628504e+02
+1.1634451463e+02, -2.7316634193e+02
+1.1810359945e+02, -2.7265815146e+02
+1.1986345578e+02, -2.7214167908e+02
+1.2162409926e+02, -2.7161688944e+02
+1.2338554578e+02, -2.7108374646e+02
+1.2514781143e+02, -2.7054221321e+02
+1.2691091256e+02, -2.6999225200e+02
+1.2867486576e+02, -2.6943382428e+02
+1.3043968785e+02, -2.6886689070e+02
+1.3220539592e+02, -2.6829141102e+02
+1.3397200732e+02, -2.6770734415e+02
+1.3573953969e+02, -2.6711464810e+02
+1.3750801092e+02, -2.6651327999e+02
+1.3927743919e+02, -2.6590319600e+02
+1.4104784300e+02, -2.6528435137e+02
+1.4281924112e+02, -2.6465670039e+02
+1.4459165265e+02, -2.6402019634e+02
+1.4636509702e+02, -2.6337479152e+02
+1.4813959396e+02, -2.6272043720e+02
+1.4991516357e+02, -2.6205708359e+02
+1.5169182628e+02, -2.6138467986e+02
+1.5346960289e+02, -2.6070317404e+02
+1.5524851456e+02, -2.6001251307e+02
+1.5702858283e+02, -2.5931264275e+02
+1.5880982965e+02, -2.5860350769e+02
+1.6059227736e+02, -2.5788505133e+02
+1.6237594870e+02, -2.5715721584e+02
+1.6416086688e+02, -2.5641994217e+02
+1.6594705550e+02, -2.5567316998e+02
+1.6773453865e+02, -2.5491683760e+02
+1.6952334087e+02, -2.5415088203e+02
+1.7131348720e+02, -2.5337523886e+02
+1.7310500316e+02, -2.5258984229e+02
+1.7489791479e+02, -2.5179462505e+02
+1.7669224865e+02, -2.5098951839e+02
+1.7848803186e+02, -2.5017445201e+02
+1.8028529208e+02, -2.4934935407e+02
+1.8208405757e+02, -2.4851415110e+02
+1.8388435718e+02, -2.4766876798e+02
+1.8568622038e+02, -2.4681312788e+02
+1.8748967726e+02, -2.4594715225e+02
+1.8929475861e+02, -2.4507076073e+02
+1.9110149585e+02, -2.4418387110e+02
+1.9290992113e+02, -2.4328639927e+02
+1.9472006732e+02, -2.4237825918e+02
+1.9653196805e+02, -2.4145936278e+02
+1.9834565770e+02, -2.4052961994e+02
+2.0016117147e+02, -2.3958893840e+02
+2.0197854540e+02, -2.3863722373e+02
+2.0379781635e+02, -2.3767437921e+02
+2.0561902210e+02, -2.3670030582e+02
+2.0744220135e+02, -2.3571490214e+02
+2.0926739372e+02, -2.3471806425e+02
+2.1109463986e+02, -2.3370968571e+02
+2.1292398140e+02, -2.3268965742e+02
+2.1475546105e+02, -2.3165786759e+02
+2.1658912262e+02, -2.3061420159e+02
+2.1842501104e+02, -2.2955854191e+02
+2.2026317245e+02, -2.2849076803e+02
+2.2210365418e+02, -2.2741075635e+02
+2.2394650486e+02, -2.2631838003e+02
+2.2579177442e+02, -2.2521350894e+02
+2.2763951419e+02, -2.2409600950e+02
+2.2948977690e+02, -2.2296574457e+02
+2.3134261677e+02, -2.2182257335e+02
+2.3319808958e+02, -2.2066635118e+02
+2.3505625270e+02, -2.1949692948e+02
+2.3691716516e+02, -2.1831415553e+02
+2.3878088777e+02, -2.1711787236e+02
+2.4064748311e+02, -2.1590791857e+02
+2.4251701568e+02, -2.1468412816e+02
+2.4438955194e+02, -2.1344633034e+02
+2.4626516042e+02, -2.1219434936e+02
+2.4814391178e+02, -2.1092800430e+02
+2.5002587893e+02, -2.0964710885e+02
+2.5191113714e+02, -2.0835147108e+02
+2.5379976410e+02, -2.0704089323e+02
+2.5569184011e+02, -2.0571517145e+02
+2.5758744810e+02, -2.0437409554e+02
+2.5948667386e+02, -2.0301744863e+02
+2.6138960610e+02, -2.0164500697e+02
+2.6329633662e+02, -2.0025653953e+02
+2.6520696045e+02, -1.9885180771e+02
+2.6712157606e+02, -1.9743056501e+02
+2.6904028546e+02, -1.9599255660e+02
+2.7096319443e+02, -1.9453751896e+02
+2.7289041270e+02, -1.9306517947e+02
+2.7482205416e+02, -1.9157525591e+02
+2.7675823709e+02, -1.9006745602e+02
+2.7869908440e+02, -1.8854147699e+02
+2.8064472386e+02, -1.8699700487e+02
+2.8259528841e+02, -1.8543371403e+02
+2.8455091642e+02, -1.8385126652e+02
+2.8651175203e+02, -1.8224931138e+02
+2.8847794549e+02, -1.8062748394e+02
+2.9044965349e+02, -1.7898540504e+02
+2.9242703960e+02, -1.7732268019e+02
+2.9441027467e+02, -1.7563889869e+02
+2.9639953729e+02, -1.7393363264e+02
+2.9839501428e+02, -1.7220643591e+02
+3.0039690125e+02, -1.7045684301e+02
+3.0240540317e+02, -1.6868436786e+02
+3.0442073501e+02, -1.6688850248e+02
+3.0644312243e+02, -1.6506871552e+02
+3.0847280252e+02, -1.6322445072e+02
+3.1051002467e+02, -1.6135512521e+02
+3.1255505141e+02, -1.5946012758e+02
+3.1460815946e+02, -1.5753881594e+02
+3.1666964076e+02, -1.5559051558e+02
+3.1873980373e+02, -1.5361451661e+02
+3.2081897453e+02, -1.5161007116e+02
+3.2290749856e+02, -1.4957639049e+02
+3.2500574207e+02, -1.4751264164e+02
+3.2711409396e+02, -1.4541794376e+02
+3.2923296776e+02, -1.4329136412e+02
+3.3136280391e+02, -1.4113191353e+02
+3.3350407225e+02, -1.3893854130e+02
+3.3565727480e+02, -1.3671012960e+02
+3.3782294900e+02, -1.3444548709e+02
+3.4000167126e+02, -1.3214334173e+02
+3.4219406102e+02, -1.2980233267e+02
+3.4440078543e+02, -1.2742100105e+02
+3.4662256462e+02, -1.2499777946e+02
+3.4886017781e+02, -1.2253097992e+02
+3.5111447032e+02, -1.2001878001e+02
+3.5338636174e+02, -1.1745920688e+02
+3.5567685538e+02, -1.1485011867e+02
+3.5798704942e+02, -1.1218918278e+02
+3.6031814998e+02, -1.0947385038e+02
+3.6267148663e+02, -1.0670132626e+02
+3.6504853098e+02, -1.0386853292e+02
+3.6745091892e+02, -1.0097206757e+02
+3.6988047772e+02, -9.8008150023e+01
+3.7233925906e+02, -9.4972559296e+01
+3.7482958000e+02, -9.1860555399e+01
+3.7735407397e+02, -8.8666782033e+01
+4.2501816330e+02, +1.3451305137e+02
+4.2841533770e+02, +1.3220020832e+02
+3.8516516384e+02, -7.8529213481e+01
+5.4567324914e+02, +8.1131465101e+01
+5.4103659734e+02, +8.2165478737e+01
+5.3638690501e+02, +8.3258685440e+01
+3.9631107313e+02, -6.3363928177e+01
+4.5020037105e+02, +1.1826436944e+02
+4.5408625778e+02, +1.1597044362e+02
+4.5804909283e+02, +1.1369870351e+02
+4.6208916301e+02, +1.1145539949e+02
+4.6620599684e+02, +1.0924707226e+02
+4.7039831976e+02, +1.0708040457e+02
+4.7466413703e+02, +1.0496202690e+02
+4.7900127740e+02, +1.0289825236e+02
+4.8341152095e+02, +1.0089473718e+02
+4.0233496389e+02, -5.4806466198e+01
+4.8119638102e+02, +1.0188869317e+02
+4.7682375154e+02, +1.0392300851e+02
+4.6829269747e+02, +1.0815818249e+02
+4.6413791274e+02, +1.1034651854e+02
           NaN, -8.4089165050e+02
           NaN, -8.7286086971e+02
           NaN, -9.0395769302e+02
           NaN, -9.3420824568e+02
           NaN, -9.6363614989e+02
           NaN, -9.9226305833e+02
           NaN, -1.0201090661e+03
           NaN, -1.0471930360e+03
           NaN, -1.0735328561e+03
           NaN, -1.0991456398e+03
           NaN, -1.1240478833e+03
           NaN, -1.1482555912e+03
           NaN, -1.1717843728e+03
           NaN, -1.1946495136e+03
           NaN, -1.2168660353e+03
           NaN, -1.2384487370e+03
           NaN, -1.2594122246e+03
           NaN, -1.2797709353e+03
           NaN, -1.2995391502e+03
           NaN, -1.3187310024e+03
           NaN, -1.3373604823e+03
           NaN, -1.3554414381e+03
           NaN, -1.3729875743e+03
           NaN, -1.3900124419e+03
           NaN, -1.4065294419e+03
           NaN, -1.4225518097e+03
           NaN, -1.4380926151e+03
           NaN, -1.4531647495e+03
           NaN, -1.4677809204e+03
           NaN, -1.4819536435e+03
           NaN, -1.4956952368e+03
           NaN, -1.5090178095e+03
           NaN, -1.5219332630e+03
           NaN, -1.5344532781e+03
           NaN, -1.5465893157e+03
           NaN, -1.5583526044e+03
           NaN, -1.5697541485e+03
           NaN, -1.5808047133e+03
           NaN, -1.5915148278e+03
+3.1691030713e+02, +2.1206399882e+02
           NaN, -1.6119546372e+03
+3.1237558548e+02, +2.1508476525e+02
+3.1012366232e+02, +2.1657091477e+02
+3.0788161633e+02, +2.1804117310e+02
+3.0564915291e+02, +2.1949573384e+02
+3.0342598967e+02, +2.2093478671e+02
+3.0121185584e+02, +2.2235851754e+02
