-5.7781241500e+02, -6.1407027951e-01
-5.8332342764e+02, -6.0208018602e-01
-5.8873126832e+02, -5.9127112371e-01
-5.9404578334e+02, -5.8146101175e-01
-5.9927534634e+02, -5.7250507323e-01
-6.0442715156e+02, -5.6428650278e-01
-6.0950743559e+02, -5.5670984694e-01
-6.1452164806e+02, -5.4969621011e-01
-6.1947458485e+02, -5.4317971800e-01
-6.2886434749e+02, +7.2796725662e+01
-6.3400596580e+02, -5.2609825872e-01
-6.6638305608e+02, -4.9630607290e-01
-6.3285478843e+02, +7.2738453467e+01
-6.4642188449e+02, +7.6104718482e+01
-6.4345391287e+02, -5.1637366102e-01
-6.4811430614e+02, -5.1191884437e-01
-6.5273542186e+02, -5.0770385714e-01
-6.5731933994e+02, -5.0370838488e-01
-6.6186796701e+02, -4.9991444939e-01
-6.6638305608e+02, -4.9630607291e-01
-6.7086622331e+02, -4.9286899964e-01
-6.7531896255e+02, -4.8959046346e-01
-6.7974265796e+02, -4.8645899281e-01
-6.8413859491e+02, -4.8346424612e-01
-6.8850796968e+02, -4.8059687214e-01
-6.9285189776e+02, -4.7784839089e-01
-7.0146751599e+02, -4.7267794532e-01
-7.2786174939e+02, +4.2751951468e+01
-6.9922605775e+02, +6.5372977787e+01
-7.1029388942e+02, +6.5862292431e+01
-7.0999302067e+02, -4.6789895807e-01
-7.1422409730e+02, -4.6564183368e-01
-7.1843508678e+02, -4.6346618811e-01
-7.2262670668e+02, -4.6136744343e-01
-7.2679963464e+02, -4.5934137254e-01
-7.3095451148e+02, -4.5738406527e-01
-7.3509194387e+02, -4.5549189845e-01
-7.3921250688e+02, -4.5366150934e-01
-7.4331674613e+02, -4.5188977199e-01
-7.4740517995e+02, -4.5017377619e-01
-7.5147830116e+02, -4.4851080871e-01
-7.5958045985e+02, -4.4533399132e-01
-7.7959817226e+02, -4.3816123844e-01
-7.5569284393e+02, +6.2016923787e+01
-7.6739679683e+02, +6.3166232465e+01
-7.6762671682e+02, -4.4234095518e-01
-7.7162988782e+02, -4.4090823749e-01
-7.7562025457e+02, -4.3951557256e-01
-7.7959817226e+02, -4.3816123844e-01
-7.8356398091e+02, -4.3684361405e-01
-7.8751800631e+02, -4.3556117176e-01
-7.9146056075e+02, -4.3431247056e-01
-7.9539194388e+02, -4.3309614982e-01
-7.9931244332e+02, -4.3191092369e-01
-8.0322233538e+02, -4.3075557581e-01
-8.0712188561e+02, -4.2962895463e-01
-8.1642208479e+02, +5.9328691146e+01
-8.2647312184e+02, -4.2439045870e-01
-8.0712188561e+02, -4.2962895463e-01
-8.1487201623e+02, +6.1811710912e+01
-8.2262163499e+02, -4.2538873871e-01
-8.2647312184e+02, -4.2439045870e-01
-8.3031566426e+02, -4.2341513520e-01
-8.3414946668e+02, -4.2246196562e-01
-8.3797472641e+02, -4.2153018555e-01
-8.4179163403e+02, -4.2061906639e-01
-8.4560037364e+02, -4.1972791330e-01
-8.4940112319e+02, -4.1885606316e-01
-8.5319405477e+02, -4.1800288277e-01
-8.5697933486e+02, -4.1716776715e-01
-8.6075712456e+02, -4.1635013792e-01
-8.6452757986e+02, -4.1554944182e-01
-8.7404614453e+02, +5.8556564506e+01
-8.7953900924e+02, -4.1250572876e-01
-8.5697933486e+02, -4.1716776715e-01
-8.7204708685e+02, -4.1399675354e-01
-8.7953900924e+02, -4.1250572876e-01
-8.8327496763e+02, -4.1178218759e-01
-8.8700443142e+02, -4.1107271656e-01
-8.9072752628e+02, -4.1037690433e-01
-8.9444437422e+02, -4.0969435586e-01
-8.9815509373e+02, -4.0902469159e-01
-9.0185979996e+02, -4.0836754665e-01
-9.0555860477e+02, -4.0772257017e-01
-9.0925161694e+02, -4.0708942458e-01
-9.1293894222e+02, -4.0646778497e-01
-9.1662068349e+02, -4.0585733853e-01
-9.2029694083e+02, -4.0525778392e-01
-9.2396781165e+02, -4.0466883077e-01
-9.2763339077e+02, -4.0409019918e-01
-9.3713111138e+02, +5.7336480182e+01
-9.4187986168e+02, +5.5912900427e+01
-9.0925161694e+02, -4.0708942458e-01
-9.3477075456e+02, +5.6459830243e+01
-9.3721033232e+02, +5.9602465831e+01
-9.4588506016e+02, -4.0134274252e-01
-9.4952074682e+02, -4.0082069132e-01
-9.5315174047e+02, -4.0030725838e-01
-9.5677811825e+02, -3.9980223231e-01
-9.6039995545e+02, -3.9930540874e-01
-9.6401732553e+02, -3.9881659002e-01
-9.6763030015e+02, -3.9833558487e-01
-9.7123894933e+02, -3.9786220820e-01
-9.7484334137e+02, -3.9739628082e-01
-9.7844354303e+02, -3.9693762920e-01
-9.8203961948e+02, -3.9648608527e-01
-9.8563163442e+02, -3.9604148616e-01
-9.8921965008e+02, -3.9560367404e-01
-9.9280372727e+02, -3.9517249589e-01
-9.9638392547e+02, -3.9474780336e-01
-9.9996030281e+02, -3.9432945252e-01
-1.0103113109e+03, +5.8629178059e+01
-1.0106670719e+03, -3.9311107451e-01
-1.0284403395e+03, -3.9119502276e-01
-9.9704879191e+02, +5.2526792422e+01
-1.0106670719e+03, -3.9311107451e-01
-1.0128933634e+03, +6.1898798261e+01
-1.0213414270e+03, -3.9194498524e-01
-1.0248925828e+03, -3.9156733788e-01
-1.0284403395e+03, -3.9119502276e-01
-1.0319847451e+03, -3.9082792935e-01
-1.0355258463e+03, -3.9046595021e-01
-1.0390636891e+03, -3.9010898083e-01
-1.0425983183e+03, -3.8975691958e-01
-1.0461297782e+03, -3.8940966762e-01
-1.0496581117e+03, -3.8906712872e-01
-1.0531833612e+03, -3.8872920928e-01
-1.0567055681e+03, -3.8839581817e-01
-1.0602247732e+03, -3.8806686665e-01
-1.0637410161e+03, -3.8774226834e-01
-1.0672543362e+03, -3.8742193908e-01
-1.0707647715e+03, -3.8710579690e-01
-1.0742723598e+03, -3.8679376193e-01
-1.0777771379e+03, -3.8648575635e-01
-1.0812791420e+03, -3.8618170430e-01
-1.0847784076e+03, -3.8588153182e-01
-1.0882749695e+03, -3.8558516681e-01
-1.0988499634e+03, +5.6000181407e+01
-1.0987487721e+03, -3.8471822212e-01
-1.1057183992e+03, -3.8415805251e-01
-1.0917688620e+03, -3.8529253896e-01
-1.1022348551e+03, -3.8443640095e-01
-1.1047186616e+03, +5.3627109935e+01
-1.1126779952e+03, -3.8361152662e-01
-1.1161541078e+03, -3.8334322927e-01
-1.1196278030e+03, -3.8307816471e-01
-1.1230991100e+03, -3.8281627648e-01
-1.1265680572e+03, -3.8255750940e-01
-1.1300346727e+03, -3.8230180957e-01
-1.1334989840e+03, -3.8204912433e-01
-1.1369610183e+03, -3.8179940225e-01
-1.1404208022e+03, -3.8155259302e-01
-1.1438783618e+03, -3.8130864752e-01
-1.1473337229e+03, -3.8106751769e-01
-1.1507869109e+03, -3.8082915657e-01
-1.1542379505e+03, -3.8059351822e-01
-1.1576868663e+03, -3.8036055774e-01
-1.1611336824e+03, -3.8013023118e-01
-1.1645784224e+03, -3.7990249558e-01
-1.1680211096e+03, -3.7967730890e-01
-1.1714617670e+03, -3.7945463000e-01
-1.1749004171e+03, -3.7923441862e-01
-1.1783370820e+03, -3.7901663538e-01
-1.1817717837e+03, -3.7880124172e-01
-1.1852045435e+03, -3.7858819988e-01
-1.1886353828e+03, -3.7837747292e-01
-1.1920643222e+03, -3.7816902464e-01
-1.1954913822e+03, -3.7796281961e-01
-1.1989165832e+03, -3.7775882313e-01
-1.2023399448e+03, -3.7755700120e-01
-1.2142174745e+03, +5.5607592712e+01
-1.2125991880e+03, -3.7696425313e-01
-1.2158307091e+03, +5.3098021295e+01
-1.2262535823e+03, -3.7620242119e-01
-1.2670586932e+03, -3.7409498397e-01
-1.2023399448e+03, -3.7755700120e-01
-1.2160153852e+03, -3.7677080310e-01
-1.2228425643e+03, -3.7638991693e-01
-1.2262535823e+03, -3.7620242119e-01
-1.2402975606e+03, +5.7472617777e+01
-1.2364765602e+03, -3.7565137812e-01
-1.2398809178e+03, -3.7547141915e-01
-1.2432836523e+03, -3.7529327621e-01
-1.2466847802e+03, -3.7511692309e-01
-1.2500843175e+03, -3.7494233407e-01
-1.2534822801e+03, -3.7476948393e-01
-1.2568786836e+03, -3.7459834791e-01
-1.2602735436e+03, -3.7442890172e-01
-1.2636668751e+03, -3.7426112154e-01
-1.2670586932e+03, -3.7409498397e-01
-1.2704490126e+03, -3.7393046607e-01
-1.2738378480e+03, -3.7376754529e-01
-1.2772252138e+03, -3.7360619953e-01
-1.2806111240e+03, -3.7344640708e-01
-1.2839955927e+03, -3.7328814660e-01
-1.2873786337e+03, -3.7313139718e-01
-1.2907602606e+03, -3.7297613825e-01
-1.2941404868e+03, -3.7282234964e-01
-1.2975193255e+03, -3.7267001151e-01
-1.3008967898e+03, -3.7251910439e-01
-1.3042728926e+03, -3.7236960916e-01
-1.3076476466e+03, -3.7222150702e-01
-1.3110210644e+03, -3.7207477951e-01
-1.3143931582e+03, -3.7192940849e-01
-1.3177639404e+03, -3.7178537613e-01
-1.3211334230e+03, -3.7164266492e-01
-1.3245016179e+03, -3.7150125765e-01
-1.3278685368e+03, -3.7136113739e-01
-1.3312341913e+03, -3.7122228751e-01
-1.3345985929e+03, -3.7108469167e-01
-1.3379617528e+03, -3.7094833380e-01
-1.3413236822e+03, -3.7081319809e-01
-1.3446843922e+03, -3.7067926902e-01
-1.3480438935e+03, -3.7054653129e-01
-1.3514021970e+03, -3.7041496991e-01
-1.3547593131e+03, -3.7028457008e-01
-1.3581152525e+03, -3.7015531729e-01
-1.3614700253e+03, -3.7002719724e-01
-1.3621390743e+03, +5.1507088393e+01
-1.3765475604e+03, +5.2925049155e+01
-1.3748776539e+03, -3.6952576677e-01
-1.3782267448e+03, -3.6940310412e-01
-1.3807975421e+03, +5.1847699808e+01
-1.3882674126e+03, -3.6904137587e-01
-1.3982983684e+03, -3.6868877579e-01
-1.4316678121e+03, -3.6757532949e-01
-1.3514021970e+03, -3.7041496991e-01
-1.3782267448e+03, -3.6940310412e-01
-1.3882674126e+03, -3.6904137587e-01
-1.3961655285e+03, +5.1891811676e+01
-1.3982983684e+03, -3.6868877579e-01
-1.4016399045e+03, -3.6857321464e-01
-1.4027420192e+03, +5.1346767227e+01
-1.4185477091e+03, +5.3161365638e+01
-1.4149957041e+03, -3.6812052308e-01
-1.4183321105e+03, -3.6800968271e-01
-1.4216675164e+03, -3.6789975365e-01
-1.4250019299e+03, -3.6779072533e-01
-1.4283353591e+03, -3.6768258736e-01
-1.4316678121e+03, -3.6757532949e-01
-1.4349992968e+03, -3.6746894163e-01
-1.4383298210e+03, -3.6736341384e-01
-1.4416593925e+03, -3.6725873633e-01
-1.4449880189e+03, -3.6715489946e-01
-1.4483157078e+03, -3.6705189372e-01
-1.4516424668e+03, -3.6694970976e-01
-1.4549683032e+03, -3.6684833836e-01
-1.4582932243e+03, -3.6674777042e-01
-1.4616172374e+03, -3.6664799699e-01
-1.4649403497e+03, -3.6654900926e-01
-1.4682625682e+03, -3.6645079851e-01
-1.4715839000e+03, -3.6635335619e-01
-1.4749043519e+03, -3.6625667384e-01
-1.4782239308e+03, -3.6616074314e-01
-1.4815426435e+03, -3.6606555588e-01
-1.4848604967e+03, -3.6597110398e-01
-1.4881774970e+03, -3.6587737946e-01
-1.4914936510e+03, -3.6578437446e-01
-1.4948089652e+03, -3.6569208122e-01
-1.4981234459e+03, -3.6560049212e-01
-1.5014370996e+03, -3.6550959960e-01
-1.5047499325e+03, -3.6541939625e-01
-1.5080619509e+03, -3.6532987474e-01
-1.5113731608e+03, -3.6524102784e-01
-1.5146835683e+03, -3.6515284842e-01
-1.5179931796e+03, -3.6506532947e-01
-1.5213020005e+03, -3.6497846406e-01
-1.5246100369e+03, -3.6489224533e-01
-1.5279172946e+03, -3.6480666657e-01
-1.5312237795e+03, -3.6472172111e-01
-1.5345294972e+03, -3.6463740239e-01
-1.5378344534e+03, -3.6455370395e-01
-1.5411386538e+03, -3.6447061940e-01
-1.5444421037e+03, -3.6438814243e-01
-1.5477448087e+03, -3.6430626684e-01
-1.5510467742e+03, -3.6422498649e-01
-1.5543480057e+03, -3.6414429534e-01
-1.5576485083e+03, -3.6406418740e-01
-1.5609482874e+03, -3.6398465680e-01
-1.5642473482e+03, -3.6390569771e-01
-1.5675456958e+03, -3.6382730439e-01
-1.5708433354e+03, -3.6374947119e-01
-1.5741402719e+03, -3.6367219252e-01
-1.5774365104e+03, -3.6359546285e-01
-1.5807320558e+03, -3.6351927674e-01
-1.5840269131e+03, -3.6344362882e-01
-1.5873210870e+03, -3.6336851378e-01
-1.5906145825e+03, -3.6329392638e-01
-1.5939074042e+03, -3.6321986145e-01
-1.5971995569e+03, -3.6314631389e-01
-1.6004910453e+03, -3.6307327866e-01
-1.6037818738e+03, -3.6300075077e-01
-1.6070720473e+03, -3.6292872532e-01
-1.6103615701e+03, -3.6285719745e-01
-1.6136504467e+03, -3.6278616237e-01
-1.6169386817e+03, -3.6271561535e-01
-1.6202262793e+03, -3.6264555173e-01
-1.6235132441e+03, -3.6257596687e-01
-1.6267995802e+03, -3.6250685623e-01
-1.6305486005e+03, +4.8557767177e+01
-1.6300852920e+03, -3.6243821531e-01
-1.6200220659e+03, +5.9068262542e+01
-1.6474747721e+03, +5.0618924805e+01
-1.6465046327e+03, -3.6210190277e-01
-1.6497866861e+03, -3.6203598869e-01
-1.6530681440e+03, -3.6197051432e-01
-1.6563490103e+03, -3.6190547558e-01
-1.6596292890e+03, -3.6184086846e-01
-1.6650686593e+03, +5.9297831703e+01
-1.6694666384e+03, -3.6164959715e-01
-1.6720616884e+03, +5.1545243194e+01
-1.6793938487e+03, +5.0132586773e+01
-1.6891259867e+03, -3.6127818498e-01
-1.7054936109e+03, -3.6097954106e-01
-1.7903996324e+03, -3.5956957474e-01
-1.6202262793e+03, -3.6264555173e-01
-1.6596292890e+03, -3.6184086846e-01
-1.6723720569e+03, +5.0303254902e+01
-1.6792988375e+03, -3.6146206976e-01
-1.6858508253e+03, -3.6133908128e-01
-1.6891259867e+03, -3.6127818498e-01
-1.6964916953e+03, +5.9705001695e+01
-1.6989481837e+03, -3.6109784506e-01
-1.7022211654e+03, -3.6103850309e-01
-1.7054936109e+03, -3.6097954106e-01
-1.7087655237e+03, -3.6092095560e-01
-1.7120369070e+03, -3.6086274338e-01
-1.7164569835e+03, +4.6214519707e+01
-1.7133188816e+03, +5.0617683199e+01
-1.7460115684e+03, +6.1064011467e+01
-1.7322266756e+03, +4.9996020404e+01
-1.7378437638e+03, +4.2020905790e+01
-1.7349220476e+03, -3.6046543591e-01
-1.7381893149e+03, -3.6041009390e-01
-1.7414560820e+03, -3.6035509675e-01
-1.7447223522e+03, -3.6030044149e-01
-1.7479881285e+03, -3.6024612517e-01
-1.7512534139e+03, -3.6019214487e-01
-1.7545182115e+03, -3.6013849773e-01
-1.7577825244e+03, -3.6008518089e-01
-1.7610463554e+03, -3.6003219153e-01
-1.7643097075e+03, -3.5997952688e-01
-1.7675725838e+03, -3.5992718418e-01
-1.7708349870e+03, -3.5987516070e-01
-1.7740969200e+03, -3.5982345376e-01
-1.7773583858e+03, -3.5977206068e-01
-1.7806193871e+03, -3.5972097883e-01
-1.7838799268e+03, -3.5967020561e-01
-1.7871400077e+03, -3.5961973843e-01
-1.7903996324e+03, -3.5956957474e-01
-1.7936588038e+03, -3.5951971202e-01
-1.7969175245e+03, -3.5947014778e-01
-1.8001757973e+03, -3.5942087954e-01
-1.8034336249e+03, -3.5937190486e-01
-1.8066910098e+03, -3.5932322132e-01
-1.8099479547e+03, -3.5927482654e-01
-1.8132044622e+03, -3.5922671814e-01
-1.8164605350e+03, -3.5917889378e-01
-1.8197161755e+03, -3.5913135115e-01
-1.8229713863e+03, -3.5908408795e-01
-1.8262261699e+03, -3.5903710192e-01
-1.8294805289e+03, -3.5899039081e-01
-1.8327344657e+03, -3.5894395241e-01
-1.8359879827e+03, -3.5889778450e-01
-1.8392410825e+03, -3.5885188493e-01
-1.8424937675e+03, -3.5880625153e-01
-1.8457460399e+03, -3.5876088217e-01
-1.8489979023e+03, -3.5871577475e-01
-1.8522493570e+03, -3.5867092718e-01
-1.8555004063e+03, -3.5862633740e-01
-1.8587510526e+03, -3.5858200336e-01
-1.8620012982e+03, -3.5853792304e-01
-1.8652511453e+03, -3.5849409443e-01
-1.8685005963e+03, -3.5845051555e-01
-1.8717496534e+03, -3.5840718445e-01
-1.8749983188e+03, -3.5836409918e-01
-1.8782465947e+03, -3.5832125781e-01
-1.8814944835e+03, -3.5827865845e-01
-1.8847419871e+03, -3.5823629921e-01
-1.8879891078e+03, -3.5819417822e-01
-1.8912358479e+03, -3.5815229364e-01
-1.8944822093e+03, -3.5811064363e-01
-1.8977281942e+03, -3.5806922640e-01
-1.9009738047e+03, -3.5802804015e-01
-1.9042190429e+03, -3.5798708310e-01
-1.9074639109e+03, -3.5794635350e-01
-1.9107084107e+03, -3.5790584960e-01
-1.9139525444e+03, -3.5786556969e-01
-1.9171963140e+03, -3.5782551206e-01
-1.9204397214e+03, -3.5778567502e-01
-1.9236827687e+03, -3.5774605691e-01
-1.9269254579e+03, -3.5770665605e-01
-1.9301677909e+03, -3.5766747082e-01
-1.9334097697e+03, -3.5762849959e-01
-1.9366513962e+03, -3.5758974075e-01
-1.9398926723e+03, -3.5755119272e-01
-1.9431335999e+03, -3.5751285390e-01
-1.9463741809e+03, -3.5747472275e-01
-1.9496144173e+03, -3.5743679771e-01
-1.9528543107e+03, -3.5739907725e-01
-1.9560938632e+03, -3.5736155985e-01
-1.9593330765e+03, -3.5732424402e-01
-1.9625719524e+03, -3.5728712826e-01
-1.9658104928e+03, -3.5725021110e-01
-1.9690486995e+03, -3.5721349107e-01
-1.9722865742e+03, -3.5717696673e-01
-1.9755241186e+03, -3.5714063665e-01
-1.9787613347e+03, -3.5710449941e-01
-1.9819982240e+03, -3.5706855360e-01
-1.9852347884e+03, -3.5703279782e-01
-1.9884710294e+03, -3.5699723071e-01
-1.9917069490e+03, -3.5696185088e-01
-1.9949425487e+03, -3.5692665699e-01
-1.9981778301e+03, -3.5689164769e-01
-2.0014127951e+03, -3.5685682165e-01
-2.0046474452e+03, -3.5682217756e-01
-2.0078817821e+03, -3.5678771412e-01
-2.0111158074e+03, -3.5675343002e-01
-2.0143495227e+03, -3.5671932399e-01
-2.0175829297e+03, -3.5668539475e-01
-2.0208160299e+03, -3.5665164106e-01
-2.0240488249e+03, -3.5661806165e-01
-2.0272813164e+03, -3.5658465531e-01
-2.0305135058e+03, -3.5655142080e-01
-2.0337453947e+03, -3.5651835691e-01
-2.0369769846e+03, -3.5648546245e-01
-2.0402082772e+03, -3.5645273621e-01
-2.0434392738e+03, -3.5642017702e-01
-2.0466699761e+03, -3.5638778371e-01
-2.0499003855e+03, -3.5635555512e-01
-2.0531305034e+03, -3.5632349010e-01
-2.0563603315e+03, -3.5629158752e-01
-2.0595898711e+03, -3.5625984624e-01
-2.0628191236e+03, -3.5622826514e-01
-2.0660480907e+03, -3.5619684313e-01
-2.0692767736e+03, -3.5616557910e-01
-2.0725051738e+03, -3.5613447196e-01
-2.0757332928e+03, -3.5610352063e-01
-2.0789611319e+03, -3.5607272404e-01
-2.0821886926e+03, -3.5604208114e-01
-2.0854159761e+03, -3.5601159087e-01
-2.0886429840e+03, -3.5598125219e-01
-2.0918697175e+03, -3.5595106407e-01
-2.0950961781e+03, -3.5592102549e-01
-2.0983223670e+03, -3.5589113542e-01
-2.1015482857e+03, -3.5586139287e-01
-2.1047739354e+03, -3.5583179683e-01
-2.1079993175e+03, -3.5580234633e-01
-2.1112244334e+03, -3.5577304037e-01
-2.1144492842e+03, -3.5574387800e-01
-2.1176738713e+03, -3.5571485823e-01
-2.1208981960e+03, -3.5568598013e-01
-2.1241222595e+03, -3.5565724274e-01
-2.1273460632e+03, -3.5562864513e-01
-2.1305696083e+03, -3.5560018636e-01
-2.1337928961e+03, -3.5557186551e-01
-2.1370159277e+03, -3.5554368166e-01
-2.1402387045e+03, -3.5551563392e-01
-2.1434612277e+03, -3.5548772138e-01
-2.1466834984e+03, -3.5545994315e-01
-2.1499055180e+03, -3.5543229835e-01
-2.1531272875e+03, -3.5540478609e-01
-2.1563488083e+03, -3.5537740551e-01
-2.1595700815e+03, -3.5535015575e-01
-2.1627911082e+03, -3.5532303595e-01
-2.1660118897e+03, -3.5529604527e-01
-2.1692324271e+03, -3.5526918286e-01
-2.1724527216e+03, -3.5524244789e-01
-2.1756727744e+03, -3.5521583954e-01
-2.1788925865e+03, -3.5518935698e-01
-2.1821121591e+03, -3.5516299940e-01
-2.1853314933e+03, -3.5513676600e-01
-2.1885505903e+03, -3.5511065597e-01
-2.1917694512e+03, -3.5508466852e-01
-2.1949880771e+03, -3.5505880287e-01
-2.1982064690e+03, -3.5503305824e-01
-2.2014246282e+03, -3.5500743385e-01
-2.2046425556e+03, -3.5498192893e-01
-2.2078602523e+03, -3.5495654273e-01
-2.2110777195e+03, -3.5493127449e-01
-2.2142949581e+03, -3.5490612345e-01
-2.2175119693e+03, -3.5488108889e-01
-2.2207287540e+03, -3.5485617005e-01
-2.2239453135e+03, -3.5483136622e-01
-2.2271616485e+03, -3.5480667666e-01
-2.2303777603e+03, -3.5478210066e-01
-2.2335936499e+03, -3.5475763749e-01
-2.2368093182e+03, -3.5473328647e-01
-2.2400247662e+03, -3.5470904688e-01
-2.2432399951e+03, -3.5468491803e-01
-2.2464550057e+03, -3.5466089922e-01
-2.2496697991e+03, -3.5463698978e-01
-2.2528843763e+03, -3.5461318902e-01
-2.2560987382e+03, -3.5458949626e-01
-2.2593128858e+03, -3.5456591085e-01
-2.2625268201e+03, -3.5454243211e-01
-2.2657405420e+03, -3.5451905939e-01
-2.2689540526e+03, -3.5449579203e-01
-2.2721673527e+03, -3.5447262939e-01
+4.6968400292e+02, -1.2442638235e+01
+4.6412204387e+02, -2.1604860146e+01
+4.5951314197e+02, -2.9010504369e+01
+4.5539830918e+02, -3.5484015120e+01
+4.5160275584e+02, -4.1342820942e+01
+4.4803667528e+02, -4.6751598370e+01
+4.4464635293e+02, -5.1809716397e+01
+4.4139649939e+02, -5.6582998835e+01
+4.3826239221e+02, -6.1117920015e+01
+4.3522588058e+02, -6.5448854860e+01
+4.3227315297e+02, -6.9602147106e+01
+4.2939339876e+02, -7.3598558517e+01
+4.2657796042e+02, -7.7454826388e+01
+4.2381977236e+02, -8.1184698452e+01
+4.2111297578e+02, -8.4799645781e+01
+4.1845264623e+02, -8.8309368892e+01
+4.1583459592e+02, -9.1722166355e+01
+4.1325522694e+02, -9.5045209234e+01
+4.1071142037e+02, -9.8284749361e+01
+4.0820045086e+02, -1.0144628007e+02
+4.0571992003e+02, -1.0453466213e+02
+4.0326770370e+02, -1.0755422362e+02
+4.0084190968e+02, -1.1050884028e+02
+3.9844084358e+02, -1.1340200063e+02
+3.9606298091e+02, -1.1623685943e+02
+3.9370694400e+02, -1.1901628182e+02
+3.9137148288e+02, -1.2174288023e+02
+3.8905545921e+02, -1.2441904529e+02
+3.8675783279e+02, -1.2704697201e+02
+3.8447765004e+02, -1.2962868207e+02
+3.8221403422e+02, -1.3216604291e+02
+3.7996617700e+02, -1.3466078412e+02
+3.7773333120e+02, -1.3711451166e+02
+3.7551480450e+02, -1.3952872025e+02
+3.7330995394e+02, -1.4190480410e+02
+3.7111818114e+02, -1.4424406642e+02
+3.6893892808e+02, -1.4654772770e+02
+3.6677167340e+02, -1.4881693311e+02
+3.6461592908e+02, -1.5105275901e+02
+3.6247123757e+02, -1.5325621874e+02
+3.6033716918e+02, -1.5542826784e+02
+3.5821331977e+02, -1.5756980863e+02
+3.5609930865e+02, -1.5968169442e+02
+3.5399477676e+02, -1.6176473324e+02
+3.5189938495e+02, -1.6381969121e+02
+3.4981281251e+02, -1.6584729562e+02
+3.4773475579e+02, -1.6784823766e+02
+3.4566492693e+02, -1.6982317500e+02
+3.4360305278e+02, -1.7177273402e+02
+3.4154887384e+02, -1.7369751194e+02
+3.3950214336e+02, -1.7559807873e+02
+3.3746262644e+02, -1.7747497885e+02
+3.3543009930e+02, -1.7932873284e+02
+3.3340434851e+02, -1.8115983885e+02
+3.3138517038e+02, -1.8296877394e+02
+3.2937237034e+02, -1.8475599537e+02
+3.2736576235e+02, -1.8652194174e+02
+3.2536516842e+02, -1.8826703406e+02
+3.2337041815e+02, -1.8999167678e+02
+3.2138134823e+02, -1.9169625863e+02
+3.1939780209e+02, -1.9338115356e+02
+3.1741962948e+02, -1.9504672147e+02
+3.1544668617e+02, -1.9669330896e+02
+3.1347883355e+02, -1.9832125007e+02
+3.1151593840e+02, -1.9993086685e+02
+3.0955787255e+02, -2.0152247000e+02
+3.0760451266e+02, -2.0309635941e+02
+3.0565573993e+02, -2.0465282473e+02
+3.0371143990e+02, -2.0619214581e+02
+3.0177150222e+02, -2.0771459317e+02
+2.9983582046e+02, -2.0922042846e+02
+2.9790429190e+02, -2.1070990485e+02
+2.9597681736e+02, -2.1218326741e+02
+2.9405330104e+02, -2.1364075349e+02
+2.9213365036e+02, -2.1508259302e+02
+2.9021777581e+02, -2.1650900888e+02
+2.8830559079e+02, -2.1792021716e+02
+2.8639701152e+02, -2.1931642747e+02
+2.8449195688e+02, -2.2069784319e+02
+2.8259034831e+02, -2.2206466177e+02
+2.8069210969e+02, -2.2341707490e+02
+2.7879716725e+02, -2.2475526880e+02
+2.7690544944e+02, -2.2607942441e+02
+2.7501688687e+02, -2.2738971760e+02
+2.7313141223e+02, -2.2868631937e+02
+2.7124896013e+02, -2.2996939603e+02
+2.6936946713e+02, -2.3123910937e+02
+2.6749287158e+02, -2.3249561684e+02
+2.6561911358e+02, -2.3373907169e+02
+2.6374813489e+02, -2.3496962317e+02
+2.6187987893e+02, -2.3618741660e+02
+2.6001429061e+02, -2.3739259358e+02
+2.5815131639e+02, -2.3858529206e+02
+2.5629090412e+02, -2.3976564651e+02
+2.5443300306e+02, -2.4093378804e+02
+2.5257756378e+02, -2.4208984446e+02
+2.5072453816e+02, -2.4323394046e+02
+2.4887387928e+02, -2.4436619767e+02
+2.4702554145e+02, -2.4548673475e+02
+2.4517948011e+02, -2.4659566755e+02
+2.4333565180e+02, -2.4769310911e+02
+2.4149401415e+02, -2.4877916984e+02
+2.3965452580e+02, -2.4985395752e+02
+2.3781714642e+02, -2.5091757744e+02
+2.3598183662e+02, -2.5197013246e+02
+2.3414855795e+02, -2.5301172307e+02
+2.3231727286e+02, -2.5404244746e+02
+2.3048794466e+02, -2.5506240163e+02
+2.2866053753e+02, -2.5607167938e+02
+2.2683501643e+02, -2.5707037247e+02
+2.2501134713e+02, -2.5805857059e+02
+2.2318949617e+02, -2.5903636145e+02
+2.2136943080e+02, -2.6000383087e+02
+2.1955111902e+02, -2.6096106279e+02
+2.1773452950e+02, -2.6190813934e+02
+2.1591963158e+02, -2.6284514086e+02
+2.1410639528e+02, -2.6377214602e+02
+2.1229479121e+02, -2.6468923178e+02
+2.1048479063e+02, -2.6559647350e+02
+2.0867636536e+02, -2.6649394494e+02
+2.0686948783e+02, -2.6738171832e+02
+2.0506413099e+02, -2.6825986437e+02
+2.0326026837e+02, -2.6912845234e+02
+2.0145787400e+02, -2.6998755007e+02
+1.9965692243e+02, -2.7083722400e+02
+1.9785738871e+02, -2.7167753922e+02
+1.9605924837e+02, -2.7250855948e+02
+1.9426247739e+02, -2.7333034726e+02
+1.9246705223e+02, -2.7414296376e+02
+1.9067294978e+02, -2.7494646898e+02
+1.8888014736e+02, -2.7574092169e+02
+1.8708862271e+02, -2.7652637951e+02
+1.8529835397e+02, -2.7730289888e+02
+1.8350931968e+02, -2.7807053517e+02
+1.8172149876e+02, -2.7882934263e+02
+1.7993487051e+02, -2.7957937442e+02
+1.7814941458e+02, -2.8032068270e+02
+1.7636511098e+02, -2.8105331858e+02
+1.7458194008e+02, -2.8177733218e+02
+1.7279988254e+02, -2.8249277262e+02
+1.7101891940e+02, -2.8319968810e+02
+1.6923903199e+02, -2.8389812586e+02
+1.6746020193e+02, -2.8458813222e+02
+1.6568241117e+02, -2.8526975262e+02
+1.6390564195e+02, -2.8594303161e+02
+1.6212987678e+02, -2.8660801286e+02
+1.6035509845e+02, -2.8726473924e+02
+1.5858129003e+02, -2.8791325275e+02
+1.5680843485e+02, -2.8855359460e+02
+1.5503651649e+02, -2.8918580520e+02
+1.5326551878e+02, -2.8980992418e+02
+1.5149542580e+02, -2.9042599041e+02
+1.4972622187e+02, -2.9103404201e+02
+1.4795789153e+02, -2.9163411635e+02
+1.4619041955e+02, -2.9222625009e+02
+1.4442379092e+02, -2.9281047919e+02
+1.4265799085e+02, -2.9338683889e+02
+1.4089300475e+02, -2.9395536376e+02
+1.3912881823e+02, -2.9451608770e+02
+1.3736541711e+02, -2.9506904394e+02
+1.3560278741e+02, -2.9561426507e+02
+1.3384091531e+02, -2.9615178305e+02
+1.3207978719e+02, -2.9668162920e+02
+1.3031938962e+02, -2.9720383422e+02
+1.2855970932e+02, -2.9771842822e+02
+1.2680073321e+02, -2.9822544070e+02
+1.2504244835e+02, -2.9872490060e+02
+1.2328484197e+02, -2.9921683624e+02
+1.2152790147e+02, -2.9970127541e+02
+1.1977161439e+02, -3.0017824532e+02
+1.1801596842e+02, -3.0064777265e+02
+1.1626095140e+02, -3.0110988351e+02
+1.1450655131e+02, -3.0156460350e+02
+1.1275275628e+02, -3.0201195769e+02
+1.1099955456e+02, -3.0245197061e+02
+1.0924693454e+02, -3.0288466632e+02
+1.0749488475e+02, -3.0331006834e+02
+1.0574339381e+02, -3.0372819971e+02
+1.0399245051e+02, -3.0413908298e+02
+1.0224204372e+02, -3.0454274021e+02
+1.0049216244e+02, -3.0493919300e+02
+9.8742795794e+01, -3.0532846245e+02
+9.6993933000e+01, -3.0571056924e+02
+9.5245563390e+01, -3.0608553354e+02
+9.3497676400e+01, -3.0645337511e+02
+9.1750261569e+01, -3.0681411325e+02
+9.0003308534e+01, -3.0716776681e+02
+8.8256807027e+01, -3.0751435422e+02
+8.6510746876e+01, -3.0785389346e+02
+8.4765117999e+01, -3.0818640210e+02
+8.3019910405e+01, -3.0851189729e+02
+8.1275114186e+01, -3.0883039574e+02
+7.9530719520e+01, -3.0914191379e+02
+7.7786716668e+01, -3.0944646733e+02
+7.6043095966e+01, -3.0974407187e+02
+7.4299847833e+01, -3.1003474252e+02
+7.2556962757e+01, -3.1031849400e+02
+7.0814431303e+01, -3.1059534062e+02
+6.9072244103e+01, -3.1086529632e+02
+6.7330391861e+01, -3.1112837466e+02
+6.5588865345e+01, -3.1138458880e+02
+6.3847655387e+01, -3.1163395154e+02
+6.2106752883e+01, -3.1187647530e+02
+6.0366148787e+01, -3.1211217214e+02
+5.8625834112e+01, -3.1234105374e+02
+5.6885799930e+01, -3.1256313143e+02
+5.5146037363e+01, -3.1277841616e+02
+5.3406537588e+01, -3.1298691854e+02
+5.1667291834e+01, -3.1318864883e+02
+4.9928291376e+01, -3.1338361691e+02
+4.8189527537e+01, -3.1357183233e+02
+4.6450991687e+01, -3.1375330429e+02
+4.4712675237e+01, -3.1392804165e+02
+4.2974569642e+01, -3.1409605290e+02
+4.1236666395e+01, -3.1425734623e+02
+3.9498957030e+01, -3.1441192945e+02
+3.7761433114e+01, -3.1455981006e+02
+3.6024086253e+01, -3.1470099523e+02
+3.4286908084e+01, -3.1483549176e+02
+3.2549890275e+01, -3.1496330615e+02
+3.0813024527e+01, -3.1508444456e+02
+2.9076302567e+01, -3.1519891282e+02
+2.7339716149e+01, -3.1530671645e+02
+2.5603257055e+01, -3.1540786060e+02
+2.3866917087e+01, -3.1550235015e+02
+2.2130688073e+01, -3.1559018962e+02
+2.0394561857e+01, -3.1567138321e+02
+1.8658530307e+01, -3.1574593481e+02
+1.6922585306e+01, -3.1581384799e+02
+1.5186718752e+01, -3.1587512600e+02
+1.3450922560e+01, -3.1592977175e+02
+1.1715188658e+01, -3.1597778787e+02
+9.9795089824e+00, -3.1601917663e+02
+8.2438754831e+00, -3.1605394001e+02
+6.5082801169e+00, -3.1608207968e+02
+4.7727148478e+00, -3.1610359696e+02
+3.0371716455e+00, -3.1611849289e+02
+1.3016424839e+00, -3.1612676818e+02
-4.3388066083e-01, -3.1612842322e+02
-2.1694058112e+00, -3.1612345809e+02
-3.9049409900e+00, -3.1611187255e+02
-5.6404942222e+00, -3.1609366605e+02
-7.3760735357e+00, -3.1606883772e+02
-9.1116869636e+00, -3.1603738638e+02
-1.0847342545e+01, -3.1599931054e+02
-1.2583048327e+01, -3.1595460836e+02
-1.4318812366e+01, -3.1590327774e+02
-1.6054642729e+01, -3.1584531620e+02
-1.7790547494e+01, -3.1578072100e+02
-1.9526534757e+01, -3.1570948903e+02
-2.1262612624e+01, -3.1563161690e+02
-2.2998789221e+01, -3.1554710087e+02
-2.4735072692e+01, -3.1545593691e+02
-2.6471471200e+01, -3.1535812065e+02
-2.8207992930e+01, -3.1525364738e+02
-2.9944646089e+01, -3.1514251211e+02
-3.1681438911e+01, -3.1502470948e+02
-3.3418379654e+01, -3.1490023383e+02
-3.5155476603e+01, -3.1476907916e+02
-3.6892738075e+01, -3.1463123914e+02
-3.8630172416e+01, -3.1448670713e+02
-4.0367788005e+01, -3.1433547613e+02
-4.2105593255e+01, -3.1417753881e+02
-4.3843596615e+01, -3.1401288752e+02
-4.5581806572e+01, -3.1384151426e+02
-4.7320231651e+01, -3.1366341068e+02
-4.9058880419e+01, -3.1347856812e+02
-5.0797761486e+01, -3.1328697754e+02
-5.2536883505e+01, -3.1308862957e+02
-5.4276255176e+01, -3.1288351450e+02
-5.6015885247e+01, -3.1267162224e+02
-5.7755782516e+01, -3.1245294238e+02
-5.9495955831e+01, -3.1222746413e+02
-6.1236414097e+01, -3.1199517635e+02
-6.2977166270e+01, -3.1175606753e+02
-6.4718221367e+01, -3.1151012581e+02
-6.6459588462e+01, -3.1125733895e+02
-6.8201276691e+01, -3.1099769433e+02
-6.9943295254e+01, -3.1073117898e+02
-7.1685653414e+01, -3.1045777954e+02
-7.3428360504e+01, -3.1017748225e+02
-7.5171425925e+01, -3.0989027300e+02
-7.6914859149e+01, -3.0959613727e+02
-7.8658669723e+01, -3.0929506014e+02
-8.0402867270e+01, -3.0898702631e+02
-8.2147461489e+01, -3.0867202008e+02
-8.3892462163e+01, -3.0835002532e+02
-8.5637879155e+01, -3.0802102553e+02
-8.7383722414e+01, -3.0768500375e+02
-8.9130001977e+01, -3.0734194265e+02
-9.0876727971e+01, -3.0699182444e+02
-9.2623910615e+01, -3.0663463092e+02
-9.4371560224e+01, -3.0627034345e+02
-9.6119687209e+01, -3.0589894295e+02
-9.7868302085e+01, -3.0552040991e+02
-9.9617415465e+01, -3.0513472434e+02
-1.0136703807e+02, -3.0474186583e+02
-1.0311718074e+02, -3.0434181349e+02
-1.0486785440e+02, -3.0393454597e+02
-1.0661907013e+02, -3.0352004144e+02
-1.0837083908e+02, -3.0309827759e+02
-1.1012317256e+02, -3.0266923164e+02
-1.1187608198e+02, -3.0223288029e+02
-1.1362957890e+02, -3.0178919977e+02
-1.1538367498e+02, -3.0133816579e+02
-1.1713838204e+02, -3.0087975353e+02
-1.1889371203e+02, -3.0041393766e+02
-1.2064967703e+02, -2.9994069234e+02
-1.2240628927e+02, -2.9945999117e+02
-1.2416356114e+02, -2.9897180720e+02
-1.2592150518e+02, -2.9847611294e+02
-1.2768013406e+02, -2.9797288033e+02
-1.2943946063e+02, -2.9746208074e+02
-1.3119949792e+02, -2.9694368495e+02
-1.3296025909e+02, -2.9641766317e+02
-1.3472175751e+02, -2.9588398498e+02
-1.3648400670e+02, -2.9534261938e+02
-1.3824702038e+02, -2.9479353473e+02
-1.4001081243e+02, -2.9423669875e+02
-1.4177539695e+02, -2.9367207854e+02
-1.4354078823e+02, -2.9309964054e+02
-1.4530700074e+02, -2.9251935050e+02
-1.4707404918e+02, -2.9193117353e+02
-1.4884194845e+02, -2.9133507403e+02
-1.5061071367e+02, -2.9073101568e+02
-1.5238036018e+02, -2.9011896149e+02
-1.5415090355e+02, -2.8949887369e+02
-1.5592235958e+02, -2.8887071381e+02
-1.5769474432e+02, -2.8823444259e+02
-1.5946807405e+02, -2.8759002001e+02
-1.6124236533e+02, -2.8693740527e+02
-1.6301763494e+02, -2.8627655675e+02
-1.6479389997e+02, -2.8560743204e+02
-1.6657117776e+02, -2.8492998786e+02
-1.6834948592e+02, -2.8424418011e+02
-1.7012884239e+02, -2.8354996378e+02
-1.7190926535e+02, -2.8284729301e+02
-1.7369077333e+02, -2.8213612101e+02
-1.7547338516e+02, -2.8141640007e+02
-1.7725711998e+02, -2.8068808154e+02
-1.7904199726e+02, -2.7995111578e+02
-1.8082803683e+02, -2.7920545220e+02
-1.8261525885e+02, -2.7845103916e+02
-1.8440368385e+02, -2.7768782400e+02
-1.8619333270e+02, -2.7691575301e+02
-1.8798422669e+02, -2.7613477141e+02
-1.8977638747e+02, -2.7534482327e+02
-1.9156983709e+02, -2.7454585158e+02
-1.9336459804e+02, -2.7373779814e+02
-1.9516069319e+02, -2.7292060357e+02
-1.9695814588e+02, -2.7209420728e+02
-1.9875697988e+02, -2.7125854743e+02
-2.0055721944e+02, -2.7041356091e+02
-2.0235888926e+02, -2.6955918330e+02
-2.0416201454e+02, -2.6869534884e+02
-2.0596662099e+02, -2.6782199040e+02
-2.0777273483e+02, -2.6693903943e+02
-2.0958038282e+02, -2.6604642595e+02
-2.1138959226e+02, -2.6514407850e+02
-2.1320039103e+02, -2.6423192408e+02
-2.1501280758e+02, -2.6330988814e+02
-2.1682687098e+02, -2.6237789452e+02
-2.1864261091e+02, -2.6143586542e+02
-2.2046005769e+02, -2.6048372135e+02
-2.2227924230e+02, -2.5952138105e+02
-2.2410019642e+02, -2.5854876152e+02
-2.2592295242e+02, -2.5756577787e+02
-2.2774754338e+02, -2.5657234336e+02
-2.2957400317e+02, -2.5556836927e+02
-2.3140236641e+02, -2.5455376491e+02
-2.3323266852e+02, -2.5352843749e+02
-2.3506494576e+02, -2.5249229213e+02
-2.3689923525e+02, -2.5144523173e+02
-2.3873557498e+02, -2.5038715697e+02
-2.4057400385e+02, -2.4931796617e+02
-2.4241456175e+02, -2.4823755528e+02
-2.4425728950e+02, -2.4714581777e+02
-2.4610222896e+02, -2.4604264456e+02
-2.4794942305e+02, -2.4492792392e+02
-2.4979891576e+02, -2.4380154143e+02
-2.5165075222e+02, -2.4266337984e+02
-2.5350497873e+02, -2.4151331903e+02
-2.5536164281e+02, -2.4035123583e+02
-2.5722079321e+02, -2.3917700402e+02
-2.5908248003e+02, -2.3799049414e+02
-2.6094675470e+02, -2.3679157344e+02
-2.6281367005e+02, -2.3558010570e+02
-2.6468328039e+02, -2.3435595118e+02
-2.6655564156e+02, -2.3311896642e+02
-2.6843081096e+02, -2.3186900416e+02
-2.7030884764e+02, -2.3060591318e+02
-2.7218981237e+02, -2.2932953813e+02
-2.7407376769e+02, -2.2803971941e+02
-2.7596077801e+02, -2.2673629301e+02
-2.7785090965e+02, -2.2541909028e+02
-2.7974423097e+02, -2.2408793782e+02
-2.8164081243e+02, -2.2274265725e+02
-2.8354072665e+02, -2.2138306501e+02
-2.8544404859e+02, -2.2000897218e+02
-2.8735085557e+02, -2.1862018421e+02
-2.8926122741e+02, -2.1721650072e+02
-2.9117524655e+02, -2.1579771525e+02
-2.9309299816e+02, -2.1436361498e+02
-2.9501457028e+02, -2.1291398047e+02
-2.9694005394e+02, -2.1144858535e+02
-2.9886954331e+02, -2.0996719601e+02
-3.0080313586e+02, -2.0846957130e+02
-3.0274093251e+02, -2.0695546214e+02
-3.0468303782e+02, -2.0542461118e+02
-3.0662956015e+02, -2.0387675237e+02
-3.0858061189e+02, -2.0231161058e+02
-3.1053630963e+02, -2.0072890114e+02
-3.1249677442e+02, -1.9912832932e+02
-3.1446213197e+02, -1.9750958992e+02
-3.1643251296e+02, -1.9587236660e+02
-3.1840805324e+02, -1.9421633143e+02
-3.2038889422e+02, -1.9254114415e+02
-3.2237518308e+02, -1.9084645161e+02
-3.2436707320e+02, -1.8913188697e+02
-3.2636472445e+02, -1.8739706900e+02
-3.2836830364e+02, -1.8564160122e+02
-3.3037798492e+02, -1.8386507103e+02
-3.3239395023e+02, -1.8206704873e+02
-3.3441638981e+02, -1.8024708655e+02
-3.3644550272e+02, -1.7840471747e+02
-3.3848149744e+02, -1.7653945405e+02
-3.4052459249e+02, -1.7465078712e+02
-3.4257501712e+02, -1.7273818437e+02
-3.4463301204e+02, -1.7080108881e+02
-3.4669883028e+02, -1.6883891706e+02
-3.4877273804e+02, -1.6685105757e+02
-3.5085501567e+02, -1.6483686860e+02
-3.5294595880e+02, -1.6279567600e+02
-3.5504587945e+02, -1.6072677088e+02
-3.5715510735e+02, -1.5862940688e+02
-3.5927399143e+02, -1.5650279734e+02
-3.6140290132e+02, -1.5434611203e+02
-3.6354222920e+02, -1.5215847363e+02
-3.6569239172e+02, -1.4993895375e+02
-3.6785383219e+02, -1.4768656857e+02
-3.7002702305e+02, -1.4540027393e+02
-3.7221246860e+02, -1.4307895982e+02
-3.7441070809e+02, -1.4072144429e+02
-3.7662231925e+02, -1.3832646645e+02
-3.7884792216e+02, -1.3589267870e+02
-3.8108818384e+02, -1.3341863785e+02
-3.8334382330e+02, -1.3090279499e+02
-3.8561561745e+02, -1.2834348400e+02
-3.8790440785e+02, -1.2573890826e+02
-3.9021110853e+02, -1.2308712544e+02
-3.9253671506e+02, -1.2038602974e+02
-3.9488231515e+02, -1.1763333136e+02
-3.9724910112e+02, -1.1482653233e+02
-3.9963838461e+02, -1.1196289806e+02
-4.0205161408e+02, -1.0903942362e+02
-4.0449039582e+02, -1.0605279344e+02
-4.0695651926e+02, -1.0299933272e+02
-4.0945198787e+02, -9.9874948552e+01
-4.1197905705e+02, -9.6675057651e+01
-4.6030779777e+02, +1.4209099841e+02
-4.6368303607e+02, +1.3969635114e+02
-4.1977727970e+02, -8.6567112440e+01
-5.9571802252e+02, +8.1440539152e+01
-5.9100882668e+02, +8.2431767680e+01
-5.8628209059e+02, +8.3479074193e+01
-4.3082473811e+02, -7.1618836581e+01
-4.8529278554e+02, +1.2518075239e+02
-4.8914525917e+02, +1.2276973908e+02
-4.9307514098e+02, +1.2037346640e+02
-4.9708367869e+02, +1.1799773119e+02
-5.0117149012e+02, +1.1564877771e+02
-5.0533845368e+02, +1.1333320641e+02
-5.0958363031e+02, +1.1105784206e+02
-5.1390526409e+02, +1.0882955767e+02
-5.1830101271e+02, +1.0665504250e+02
-5.2276930882e+02, +1.0454045698e+02
-5.2733239003e+02, +1.0249520655e+02
-5.2503259962e+02, +1.0350742167e+02
-5.2052590470e+02, +1.0558997035e+02
-5.1609389545e+02, +1.0773524030e+02
-5.0745123161e+02, +1.1219013469e+02
-5.0324499391e+02, +1.1448646449e+02
           NaN, -8.4862205013e+02
           NaN, -8.8237872122e+02
           NaN, -9.1527895735e+02
           NaN, -9.4735090516e+02
           NaN, -9.7861952289e+02
           NaN, -1.0091072265e+03
           NaN, -1.0388343928e+03
-4.7334397859e+02, -6.2747445109e+00
-4.6672769794e+02, -1.7343747119e+01
-4.6173860824e+02, -2.5455322645e+01
-4.5740787991e+02, -3.2338577653e+01
-4.5346740670e+02, -3.8477849599e+01
-4.4979495544e+02, -4.4096223114e+01
-4.4632206281e+02, -4.9319804191e+01
-4.4300560180e+02, -5.4228710067e+01
-4.3981623402e+02, -5.8877880678e+01
-4.3673288311e+02, -6.3307085313e+01
-4.3373977807e+02, -6.7546299331e+01
-4.3082473811e+02, -7.1618836581e+01
-4.2797811383e+02, -7.5543290676e+01
-4.2519210093e+02, -7.9334798330e+01
-4.2246027720e+02, -8.3005894793e+01
-4.1977727970e+02, -8.6567112440e+01
-4.1713857342e+02, -9.0027411423e+01
-4.1454028131e+02, -9.3394496913e+01
-4.1197905705e+02, -9.6675057651e+01
-4.0945198787e+02, -9.9874948552e+01
-4.0695651926e+02, -1.0299933272e+02
-4.0449039582e+02, -1.0605279344e+02
-4.0205161408e+02, -1.0903942362e+02
-3.9963838461e+02, -1.1196289806e+02
-3.9724910112e+02, -1.1482653233e+02
-3.9488231515e+02, -1.1763333136e+02
-3.9253671506e+02, -1.2038602974e+02
-3.9021110853e+02, -1.2308712544e+02
-3.8790440785e+02, -1.2573890826e+02
-3.8561561745e+02, -1.2834348400e+02
-3.8334382330e+02, -1.3090279499e+02
-3.8108818384e+02, -1.3341863785e+02
-3.7884792216e+02, -1.3589267870e+02
-3.7662231925e+02, -1.3832646645e+02
-3.7441070809e+02, -1.4072144429e+02
-3.7221246860e+02, -1.4307895982e+02
-3.7002702305e+02, -1.4540027393e+02
-3.6785383219e+02, -1.4768656857e+02
-3.6569239172e+02, -1.4993895375e+02
-3.6354222920e+02, -1.5215847363e+02
-3.6140290132e+02, -1.5434611203e+02
-3.5927399143e+02, -1.5650279734e+02
-3.5715510735e+02, -1.5862940688e+02
-3.5504587945e+02, -1.6072677088e+02
-3.5294595880e+02, -1.6279567600e+02
-3.5085501567e+02, -1.6483686860e+02
-3.4877273804e+02, -1.6685105757e+02
-3.4669883028e+02, -1.6883891706e+02
-3.4463301204e+02, -1.7080108881e+02
-3.4257501712e+02, -1.7273818437e+02
-3.4052459249e+02, -1.7465078712e+02
-3.3848149744e+02, -1.7653945405e+02
-3.3644550272e+02, -1.7840471747e+02
-3.3441638981e+02, -1.8024708655e+02
-3.3239395023e+02, -1.8206704873e+02
-3.3037798492e+02, -1.8386507103e+02
-3.2836830364e+02, -1.8564160122e+02
-3.2636472445e+02, -1.8739706900e+02
-3.2436707320e+02, -1.8913188697e+02
-3.2237518308e+02, -1.9084645161e+02
-3.2038889422e+02, -1.9254114415e+02
-3.1840805324e+02, -1.9421633143e+02
-3.1643251296e+02, -1.9587236660e+02
-3.1446213197e+02, -1.9750958992e+02
-3.1249677442e+02, -1.9912832932e+02
-3.1053630963e+02, -2.0072890114e+02
-3.0858061189e+02, -2.0231161058e+02
-3.0662956015e+02, -2.0387675237e+02
-3.0468303782e+02, -2.0542461118e+02
-3.0274093251e+02, -2.0695546214e+02
-3.0080313586e+02, -2.0846957130e+02
-2.9886954331e+02, -2.0996719601e+02
-2.9694005394e+02, -2.1144858535e+02
-2.9501457028e+02, -2.1291398047e+02
-2.9309299816e+02, -2.1436361498e+02
-2.9117524655e+02, -2.1579771525e+02
-2.8926122741e+02, -2.1721650072e+02
-2.8735085557e+02, -2.1862018421e+02
-2.8544404859e+02, -2.2000897218e+02
-2.8354072665e+02, -2.2138306501e+02
-2.8164081243e+02, -2.2274265725e+02
-2.7974423097e+02, -2.2408793782e+02
-2.7785090965e+02, -2.2541909028e+02
-2.7596077801e+02, -2.2673629301e+02
-2.7407376769e+02, -2.2803971941e+02
-2.7218981237e+02, -2.2932953813e+02
-2.7030884764e+02, -2.3060591318e+02
-2.6843081096e+02, -2.3186900416e+02
-2.6655564156e+02, -2.3311896642e+02
-2.6468328039e+02, -2.3435595118e+02
-2.6281367005e+02, -2.3558010570e+02
-2.6094675470e+02, -2.3679157344e+02
-2.5908248003e+02, -2.3799049414e+02
-2.5722079321e+02, -2.3917700402e+02
-2.5536164281e+02, -2.4035123583e+02
-2.5350497873e+02, -2.4151331903e+02
-2.5165075222e+02, -2.4266337984e+02
-2.4979891576e+02, -2.4380154143e+02
-2.4794942305e+02, -2.4492792392e+02
-2.4610222896e+02, -2.4604264456e+02
-2.4425728950e+02, -2.4714581777e+02
-2.4241456175e+02, -2.4823755528e+02
-2.4057400385e+02, -2.4931796617e+02
-2.3873557498e+02, -2.5038715697e+02
-2.3689923525e+02, -2.5144523173e+02
-2.3506494576e+02, -2.5249229213e+02
-2.3323266852e+02, -2.5352843749e+02
-2.3140236641e+02, -2.5455376491e+02
-2.2957400317e+02, -2.5556836927e+02
-2.2774754338e+02, -2.5657234336e+02
-2.2592295242e+02, -2.5756577787e+02
-2.2410019642e+02, -2.5854876152e+02
-2.2227924230e+02, -2.5952138105e+02
-2.2046005769e+02, -2.6048372135e+02
-2.1864261091e+02, -2.6143586542e+02
-2.1682687098e+02, -2.6237789452e+02
-2.1501280758e+02, -2.6330988814e+02
-2.1320039103e+02, -2.6423192408e+02
-2.1138959226e+02, -2.6514407850e+02
-2.0958038282e+02, -2.6604642595e+02
-2.0777273483e+02, -2.6693903943e+02
-2.0596662099e+02, -2.6782199040e+02
-2.0416201454e+02, -2.6869534884e+02
-2.0235888926e+02, -2.6955918330e+02
-2.0055721944e+02, -2.7041356091e+02
-1.9875697988e+02, -2.7125854743e+02
-1.9695814588e+02, -2.7209420728e+02
-1.9516069319e+02, -2.7292060357e+02
-1.9336459804e+02, -2.7373779814e+02
-1.9156983709e+02, -2.7454585158e+02
-1.8977638747e+02, -2.7534482327e+02
-1.8798422669e+02, -2.7613477141e+02
-1.8619333270e+02, -2.7691575301e+02
-1.8440368385e+02, -2.7768782400e+02
-1.8261525885e+02, -2.7845103916e+02
-1.8082803683e+02, -2.7920545220e+02
-1.7904199726e+02, -2.7995111578e+02
-1.7725711998e+02, -2.8068808154e+02
-1.7547338516e+02, -2.8141640007e+02
-1.7369077333e+02, -2.8213612101e+02
-1.7190926535e+02, -2.8284729301e+02
-1.7012884239e+02, -2.8354996378e+02
-1.6834948592e+02, -2.8424418011e+02
-1.6657117776e+02, -2.8492998786e+02
-1.6479389997e+02, -2.8560743204e+02
-1.6301763494e+02, -2.8627655675e+02
-1.6124236533e+02, -2.8693740527e+02
-1.5946807405e+02, -2.8759002001e+02
-1.5769474432e+02, -2.8823444259e+02
-1.5592235958e+02, -2.8887071381e+02
-1.5415090355e+02, -2.8949887369e+02
-1.5238036018e+02, -2.9011896149e+02
-1.5061071367e+02, -2.9073101568e+02
-1.4884194845e+02, -2.9133507403e+02
-1.4707404918e+02, -2.9193117353e+02
-1.4530700074e+02, -2.9251935050e+02
-1.4354078823e+02, -2.9309964054e+02
-1.4177539695e+02, -2.9367207854e+02
-1.4001081243e+02, -2.9423669875e+02
-1.3824702038e+02, -2.9479353473e+02
-1.3648400670e+02, -2.9534261938e+02
-1.3472175751e+02, -2.9588398498e+02
-1.3296025909e+02, -2.9641766317e+02
-1.3119949792e+02, -2.9694368495e+02
-1.2943946063e+02, -2.9746208074e+02
-1.2768013406e+02, -2.9797288033e+02
-1.2592150518e+02, -2.9847611294e+02
-1.2416356114e+02, -2.9897180720e+02
-1.2240628927e+02, -2.9945999117e+02
-1.2064967703e+02, -2.9994069234e+02
-1.1889371203e+02, -3.0041393766e+02
-1.1713838204e+02, -3.0087975353e+02
-1.1538367498e+02, -3.0133816579e+02
-1.1362957890e+02, -3.0178919977e+02
-1.1187608198e+02, -3.0223288029e+02
-1.1012317256e+02, -3.0266923164e+02
-1.0837083908e+02, -3.0309827759e+02
-1.0661907013e+02, -3.0352004144e+02
-1.0486785440e+02, -3.0393454597e+02
-1.0311718074e+02, -3.0434181349e+02
-1.0136703807e+02, -3.0474186583e+02
-9.9617415465e+01, -3.0513472434e+02
-9.7868302085e+01, -3.0552040991e+02
-9.6119687209e+01, -3.0589894295e+02
-9.4371560224e+01, -3.0627034345e+02
-9.2623910615e+01, -3.0663463092e+02
-9.0876727971e+01, -3.0699182444e+02
-8.9130001977e+01, -3.0734194265e+02
-8.7383722414e+01, -3.0768500375e+02
-8.5637879155e+01, -3.0802102553e+02
-8.3892462163e+01, -3.0835002532e+02
-8.2147461489e+01, -3.0867202008e+02
-8.0402867270e+01, -3.0898702631e+02
-7.8658669723e+01, -3.0929506014e+02
-7.6914859149e+01, -3.0959613727e+02
-7.5171425925e+01, -3.0989027300e+02
-7.3428360504e+01, -3.1017748225e+02
-7.1685653414e+01, -3.1045777954e+02
-6.9943295254e+01, -3.1073117898e+02
-6.8201276691e+01, -3.1099769433e+02
-6.6459588462e+01, -3.1125733895e+02
-6.4718221367e+01, -3.1151012581e+02
-6.2977166270e+01, -3.1175606753e+02
-6.1236414097e+01, -3.1199517635e+02
-5.9495955831e+01, -3.1222746413e+02
-5.7755782516e+01, -3.1245294238e+02
-5.6015885247e+01, -3.1267162224e+02
-5.4276255176e+01, -3.1288351450e+02
-5.2536883505e+01, -3.1308862957e+02
-5.0797761486e+01, -3.1328697754e+02
-4.9058880419e+01, -3.1347856812e+02
-4.7320231651e+01, -3.1366341068e+02
-4.5581806572e+01, -3.1384151426e+02
-4.3843596615e+01, -3.1401288752e+02
-4.2105593255e+01, -3.1417753881e+02
-4.0367788005e+01, -3.1433547613e+02
-3.8630172416e+01, -3.1448670713e+02
-3.6892738075e+01, -3.1463123914e+02
-3.5155476603e+01, -3.1476907916e+02
-3.3418379654e+01, -3.1490023383e+02
-3.1681438911e+01, -3.1502470948e+02
-2.9944646089e+01, -3.1514251211e+02
-2.8207992930e+01, -3.1525364738e+02
-2.6471471200e+01, -3.1535812065e+02
-2.4735072692e+01, -3.1545593691e+02
-2.2998789221e+01, -3.1554710087e+02
-2.1262612624e+01, -3.1563161690e+02
-1.9526534757e+01, -3.1570948903e+02
-1.7790547494e+01, -3.1578072100e+02
-1.6054642729e+01, -3.1584531620e+02
-1.4318812366e+01, -3.1590327774e+02
-1.2583048327e+01, -3.1595460836e+02
-1.0847342545e+01, -3.1599931054e+02
-9.1116869636e+00, -3.1603738638e+02
-7.3760735357e+00, -3.1606883772e+02
-5.6404942222e+00, -3.1609366605e+02
-3.9049409900e+00, -3.1611187255e+02
-2.1694058112e+00, -3.1612345809e+02
-4.3388066083e-01, -3.1612842322e+02
+1.3016424839e+00, -3.1612676818e+02
+3.0371716455e+00, -3.1611849289e+02
+4.7727148478e+00, -3.1610359696e+02
+6.5082801169e+00, -3.1608207968e+02
+8.2438754831e+00, -3.1605394001e+02
+9.9795089824e+00, -3.1601917663e+02
+1.1715188658e+01, -3.1597778787e+02
+1.3450922560e+01, -3.1592977175e+02
+1.5186718752e+01, -3.1587512600e+02
+1.6922585306e+01, -3.1581384799e+02
+1.8658530307e+01, -3.1574593481e+02
+2.0394561857e+01, -3.1567138321e+02
+2.2130688073e+01, -3.1559018962e+02
+2.3866917087e+01, -3.1550235015e+02
+2.5603257055e+01, -3.1540786060e+02
+2.7339716149e+01, -3.1530671645e+02
+2.9076302567e+01, -3.1519891282e+02
+3.0813024527e+01, -3.1508444456e+02
+3.2549890275e+01, -3.1496330615e+02
+3.4286908084e+01, -3.1483549176e+02
+3.6024086253e+01, -3.1470099523e+02
+3.7761433114e+01, -3.1455981006e+02
+3.9498957030e+01, -3.1441192945e+02
+4.1236666395e+01, -3.1425734623e+02
+4.2974569642e+01, -3.1409605290e+02
+4.4712675237e+01, -3.1392804165e+02
+4.6450991687e+01, -3.1375330429e+02
+4.8189527537e+01, -3.1357183233e+02
+4.9928291376e+01, -3.1338361691e+02
+5.1667291834e+01, -3.1318864883e+02
+5.3406537588e+01, -3.1298691854e+02
+5.5146037363e+01, -3.1277841616e+02
+5.6885799930e+01, -3.1256313143e+02
+5.8625834112e+01, -3.1234105374e+02
+6.0366148787e+01, -3.1211217214e+02
+6.2106752883e+01, -3.1187647530e+02
+6.3847655387e+01, -3.1163395154e+02
+6.5588865345e+01, -3.1138458880e+02
+6.7330391861e+01, -3.1112837466e+02
+6.9072244103e+01, -3.1086529632e+02
+7.0814431303e+01, -3.1059534062e+02
+7.2556962757e+01, -3.1031849400e+02
+7.4299847833e+01, -3.1003474252e+02
+7.6043095966e+01, -3.0974407187e+02
+7.7786716668e+01, -3.0944646733e+02
+7.9530719520e+01, -3.0914191379e+02
+8.1275114186e+01, -3.0883039574e+02
+8.3019910405e+01, -3.0851189729e+02
+8.4765117999e+01, -3.0818640210e+02
+8.6510746876e+01, -3.0785389346e+02
+8.8256807027e+01, -3.0751435422e+02
+9.0003308534e+01, -3.0716776681e+02
+9.1750261569e+01, -3.0681411325e+02
+9.3497676400e+01, -3.0645337511e+02
+9.5245563390e+01, -3.0608553354e+02
+9.6993933000e+01, -3.0571056924e+02
+9.8742795794e+01, -3.0532846245e+02
+1.0049216244e+02, -3.0493919300e+02
+1.0224204372e+02, -3.0454274021e+02
+1.0399245051e+02, -3.0413908298e+02
+1.0574339381e+02, -3.0372819971e+02
+1.0749488475e+02, -3.0331006834e+02
+1.0924693454e+02, -3.0288466632e+02
+1.1099955456e+02, -3.0245197061e+02
+1.1275275628e+02, -3.0201195769e+02
+1.1450655131e+02, -3.0156460350e+02
+1.1626095140e+02, -3.0110988351e+02
+1.1801596842e+02, -3.0064777265e+02
+1.1977161439e+02, -3.0017824532e+02
+1.2152790147e+02, -2.9970127541e+02
+1.2328484197e+02, -2.9921683624e+02
+1.2504244835e+02, -2.9872490060e+02
+1.2680073321e+02, -2.9822544070e+02
+1.2855970932e+02, -2.9771842822e+02
+1.3031938962e+02, -2.9720383422e+02
+1.3207978719e+02, -2.9668162920e+02
+1.3384091531e+02, -2.9615178305e+02
+1.3560278741e+02, -2.9561426507e+02
+1.3736541711e+02, -2.9506904394e+02
+1.3912881823e+02, -2.9451608770e+02
+1.4089300475e+02, -2.9395536376e+02
+1.4265799085e+02, -2.9338683889e+02
+1.4442379092e+02, -2.9281047919e+02
+1.4619041955e+02, -2.9222625009e+02
+1.4795789153e+02, -2.9163411635e+02
+1.4972622187e+02, -2.9103404201e+02
+1.5149542580e+02, -2.9042599041e+02
+1.5326551878e+02, -2.8980992418e+02
+1.5503651649e+02, -2.8918580520e+02
+1.5680843485e+02, -2.8855359460e+02
+1.5858129003e+02, -2.8791325275e+02
+1.6035509845e+02, -2.8726473924e+02
+1.6212987678e+02, -2.8660801286e+02
+1.6390564195e+02, -2.8594303161e+02
+1.6568241117e+02, -2.8526975262e+02
+1.6746020193e+02, -2.8458813222e+02
+1.6923903199e+02, -2.8389812586e+02
+1.7101891940e+02, -2.8319968810e+02
+1.7279988254e+02, -2.8249277262e+02
+1.7458194008e+02, -2.8177733218e+02
+1.7636511098e+02, -2.8105331858e+02
+1.7814941458e+02, -2.8032068270e+02
+1.7993487051e+02, -2.7957937442e+02
+1.8172149876e+02, -2.7882934263e+02
+1.8350931968e+02, -2.7807053517e+02
+1.8529835397e+02, -2.7730289888e+02
+1.8708862271e+02, -2.7652637951e+02
+1.8888014736e+02, -2.7574092169e+02
+1.9067294978e+02, -2.7494646898e+02
+1.9246705223e+02, -2.7414296376e+02
+1.9426247739e+02, -2.7333034726e+02
+1.9605924837e+02, -2.7250855948e+02
+1.9785738871e+02, -2.7167753922e+02
+1.9965692243e+02, -2.7083722400e+02
+2.0145787400e+02, -2.6998755007e+02
+2.0326026837e+02, -2.6912845234e+02
+2.0506413099e+02, -2.6825986437e+02
+2.0686948783e+02, -2.6738171832e+02
+2.0867636536e+02, -2.6649394494e+02
+2.1048479063e+02, -2.6559647350e+02
+2.1229479121e+02, -2.6468923178e+02
+2.1410639528e+02, -2.6377214602e+02
+2.1591963158e+02, -2.6284514086e+02
+2.1773452950e+02, -2.6190813934e+02
+2.1955111902e+02, -2.6096106279e+02
+2.2136943080e+02, -2.6000383087e+02
+2.2318949617e+02, -2.5903636145e+02
+2.2501134713e+02, -2.5805857059e+02
+2.2683501643e+02, -2.5707037247e+02
+2.2866053753e+02, -2.5607167938e+02
+2.3048794466e+02, -2.5506240163e+02
+2.3231727286e+02, -2.5404244746e+02
+2.3414855795e+02, -2.5301172307e+02
+2.3598183662e+02, -2.5197013246e+02
+2.3781714642e+02, -2.5091757744e+02
+2.3965452580e+02, -2.4985395752e+02
+2.4149401415e+02, -2.4877916984e+02
+2.4333565180e+02, -2.4769310911e+02
+2.4517948011e+02, -2.4659566755e+02
+2.4702554145e+02, -2.4548673475e+02
+2.4887387928e+02, -2.4436619767e+02
+2.5072453816e+02, -2.4323394046e+02
+2.5257756378e+02, -2.4208984446e+02
+2.5443300306e+02, -2.4093378804e+02
+2.5629090412e+02, -2.3976564651e+02
+2.5815131639e+02, -2.3858529206e+02
+2.6001429061e+02, -2.3739259358e+02
+2.6187987893e+02, -2.3618741660e+02
+2.6374813489e+02, -2.3496962317e+02
+2.6561911358e+02, -2.3373907169e+02
+2.6749287158e+02, -2.3249561684e+02
+2.6936946713e+02, -2.3123910937e+02
+2.7124896013e+02, -2.2996939603e+02
+2.7313141223e+02, -2.2868631937e+02
+2.7501688687e+02, -2.2738971760e+02
+2.7690544944e+02, -2.2607942441e+02
+2.7879716725e+02, -2.2475526880e+02
+2.8069210969e+02, -2.2341707490e+02
+2.8259034831e+02, -2.2206466177e+02
+2.8449195688e+02, -2.2069784319e+02
+2.8639701152e+02, -2.1931642747e+02
+2.8830559079e+02, -2.1792021716e+02
+2.9021777581e+02, -2.1650900888e+02
+2.9213365036e+02, -2.1508259302e+02
+2.9405330104e+02, -2.1364075349e+02
+2.9597681736e+02, -2.1218326741e+02
+2.9790429190e+02, -2.1070990485e+02
+2.9983582046e+02, -2.0922042846e+02
+3.0177150222e+02, -2.0771459317e+02
+3.0371143990e+02, -2.0619214581e+02
+3.0565573993e+02, -2.0465282473e+02
+3.0760451266e+02, -2.0309635941e+02
+3.0955787255e+02, -2.0152247000e+02
+3.1151593840e+02, -1.9993086685e+02
+3.1347883355e+02, -1.9832125007e+02
+3.1544668617e+02, -1.9669330896e+02
+3.1741962948e+02, -1.9504672147e+02
+3.1939780209e+02, -1.9338115356e+02
+3.2138134823e+02, -1.9169625863e+02
+3.2337041815e+02, -1.8999167678e+02
+3.2536516842e+02, -1.8826703406e+02
+3.2736576235e+02, -1.8652194174e+02
+3.2937237034e+02, -1.8475599537e+02
+3.3138517038e+02, -1.8296877394e+02
+3.3340434851e+02, -1.8115983885e+02
+3.3543009930e+02, -1.7932873284e+02
+3.3746262644e+02, -1.7747497885e+02
+3.3950214336e+02, -1.7559807873e+02
+3.4154887384e+02, -1.7369751194e+02
+3.4360305278e+02, -1.7177273402e+02
+3.4566492693e+02, -1.6982317500e+02
+3.4773475579e+02, -1.6784823766e+02
+3.4981281251e+02, -1.6584729562e+02
+3.5189938495e+02, -1.6381969121e+02
+3.5399477676e+02, -1.6176473324e+02
+3.5609930865e+02, -1.5968169442e+02
+3.5821331977e+02, -1.5756980863e+02
+3.6033716918e+02, -1.5542826784e+02
+3.6247123757e+02, -1.5325621874e+02
+3.6461592908e+02, -1.5105275901e+02
+3.6677167340e+02, -1.4881693311e+02
+3.6893892808e+02, -1.4654772770e+02
+3.7111818114e+02, -1.4424406642e+02
+3.7330995394e+02, -1.4190480410e+02
+3.7551480450e+02, -1.3952872025e+02
+3.7773333120e+02, -1.3711451166e+02
+3.7996617700e+02, -1.3466078412e+02
+3.8221403422e+02, -1.3216604291e+02
+3.8447765004e+02, -1.2962868207e+02
+3.8675783279e+02, -1.2704697201e+02
+3.8905545921e+02, -1.2441904529e+02
+3.9137148288e+02, -1.2174288023e+02
+3.9370694400e+02, -1.1901628182e+02
+3.9606298091e+02, -1.1623685943e+02
+3.9844084358e+02, -1.1340200063e+02
+4.0084190968e+02, -1.1050884028e+02
+4.0326770370e+02, -1.0755422362e+02
+4.0571992003e+02, -1.0453466213e+02
+4.0820045086e+02, -1.0144628007e+02
+4.1071142037e+02, -9.8284749361e+01
+4.1325522694e+02, -9.5045209234e+01
+4.6198808265e+02, +1.4089527891e+02
+4.1845264623e+02, -8.8309368892e+01
+4.2111297578e+02, -8.4799645781e+01
+5.9336574045e+02, +8.1929361956e+01
+5.8864752071e+02, +8.2948191605e+01
+5.8391283473e+02, +8.4024859438e+01
+4.3227315297e+02, -6.9602147106e+01
+4.8720944567e+02, +1.2397374626e+02
+4.9110043269e+02, +1.2156940916e+02
+4.9506952310e+02, +1.1918265095e+02
+4.9911766432e+02, +1.1681950121e+02
+5.0324511686e+02, +1.1448639616e+02
+5.0745135687e+02, +1.1219006754e+02
+5.1173502847e+02, +1.0993738926e+02
+5.1609402514e+02, +1.0773517614e+02
+5.2052603651e+02, +1.0558990796e+02
+5.2503273389e+02, +1.0350736122e+02
+4.4139649939e+02, -5.6582998835e+01
+5.2276917590e+02, +1.0454051843e+02
+5.1830088196e+02, +1.0665510580e+02
+5.1390513549e+02, +1.0882962265e+02
+5.0533832957e+02, +1.1333327417e+02
           NaN, -8.3141268693e+02
           NaN, -8.6560934482e+02
           NaN, -8.9893405099e+02
           NaN, -9.3141684099e+02
           NaN, -9.6308417605e+02
           NaN, -9.9395967310e+02
           NaN, -1.0240646713e+03
           NaN, -1.0534186857e+03
