-5.7487880721e+02, -6.4548689447e-01
-6.0394095626e+02, +8.1756570016e+01
-5.9727636138e+02, -5.9380364895e-01
-6.0261350849e+02, -5.8392295786e-01
-6.0786508922e+02, -5.7490190884e-01
-6.1303834399e+02, -5.6662297790e-01
-6.1813954970e+02, -5.5899012186e-01
-6.2317419141e+02, -5.5192395567e-01
-6.2814709635e+02, -5.4535819469e-01
-6.3306254005e+02, -5.3923698677e-01
-6.3792433120e+02, -5.3351288184e-01
-6.4273588047e+02, -5.2814526618e-01
-6.4750025668e+02, -5.2309914023e-01
-6.6179740409e+02, +7.0324857009e+01
-6.7070325642e+02, -5.0175225767e-01
-6.4273588047e+02, -5.2814526618e-01
-6.6068877461e+02, +7.0482297131e+01
-6.6613783083e+02, -5.0557716071e-01
-6.7070325642e+02, -5.0175225767e-01
-6.7523486920e+02, -4.9811419963e-01
-6.7973429657e+02, -4.9464863823e-01
-6.8420304280e+02, -4.9134272409e-01
-6.8864250176e+02, -4.8818491062e-01
-6.9305396793e+02, -4.8516478835e-01
-6.9743864603e+02, -4.8227294445e-01
-7.0179765954e+02, -4.7950084285e-01
-7.0613205811e+02, -4.7684072171e-01
-7.1044282426e+02, -4.7428550508e-01
-7.1473087913e+02, -4.7182872673e-01
-7.2324226390e+02, -4.6718728034e-01
-7.4002733665e+02, -4.5885497068e-01
-7.1473087913e+02, -4.7182872673e-01
-7.3085515988e+02, +6.9951909366e+01
-7.3167254024e+02, -4.6287453893e-01
-7.3585904601e+02, -4.6083011644e-01
-7.4002733665e+02, -4.5885497068e-01
-7.4417802338e+02, -4.5694545371e-01
-7.4831168556e+02, -4.5509817970e-01
-7.5242887297e+02, -4.5331000118e-01
-7.5653010784e+02, -4.5157798787e-01
-7.6061588676e+02, -4.4989940773e-01
-7.6468668240e+02, -4.4827171006e-01
-7.6874294505e+02, -4.4669251026e-01
-7.7278510409e+02, -4.4515957620e-01
-7.8259414259e+02, +6.1143258429e+01
-7.9807874808e+02, +5.5327124754e+01
-7.7278510409e+02, -4.4515957620e-01
-7.8704230321e+02, +6.6663583445e+01
-7.8882063133e+02, -4.3945053338e-01
-7.9279806828e+02, -4.3811998323e-01
-7.9676360606e+02, -4.3682489458e-01
-8.0071755950e+02, -4.3556381611e-01
-8.0466023060e+02, -4.3433537744e-01
-8.0859190931e+02, -4.3313828345e-01
-8.1251287415e+02, -4.3197130902e-01
-8.1642339285e+02, -4.3083329427e-01
-8.2032372288e+02, -4.2972314014e-01
-8.2421411203e+02, -4.2863980437e-01
-8.2809479888e+02, -4.2758229780e-01
-8.3821581848e+02, +6.2220556168e+01
-8.4352499785e+02, -4.2359245357e-01
-8.2525881169e+02, +5.5934254571e+01
-8.3670685225e+02, +5.8848671292e+01
-8.4352499785e+02, -4.2359245357e-01
-8.4736046065e+02, -4.2265088806e-01
-8.5118748343e+02, -4.2173015720e-01
-8.5500625183e+02, -4.2082956098e-01
-8.5881694532e+02, -4.1994843130e-01
-8.6261973746e+02, -4.1908613022e-01
-8.6641479612e+02, -4.1824204820e-01
-8.7020228380e+02, -4.1741560248e-01
-8.7398235783e+02, -4.1660623565e-01
-8.7775517057e+02, -4.1581341417e-01
-8.8152086967e+02, -4.1503662717e-01
-8.8527959826e+02, -4.1427538516e-01
-8.8787710824e+02, +5.8486693821e+01
-8.9651532791e+02, -4.1208033193e-01
-9.2251209926e+02, -4.0742348678e-01
-8.9237405452e+02, +5.7699459865e+01
-9.0045638708e+02, +6.3995464081e+01
-9.0397339797e+02, -4.1068657924e-01
-9.0769307753e+02, -4.1000939242e-01
-9.1140667611e+02, -4.0934483675e-01
-9.1511430661e+02, -4.0869255860e-01
-9.1881607875e+02, -4.0805221776e-01
-9.2251209926e+02, -4.0742348678e-01
-9.2620247194e+02, -4.0680605037e-01
-9.2988729778e+02, -4.0619960480e-01
-9.3356667507e+02, -4.0560385741e-01
-9.3724069951e+02, -4.0501852608e-01
-9.4090946427e+02, -4.0444333873e-01
-9.4457306011e+02, -4.0387803291e-01
-9.4823157545e+02, -4.0332235532e-01
-9.5188509645e+02, -4.0277606146e-01
-9.5917748925e+02, -4.0171068836e-01
-9.6910905856e+02, +5.5862309706e+01
-9.4090946427e+02, -4.0444333873e-01
-9.5917748925e+02, -4.0171068836e-01
-9.7006358746e+02, +5.8230010061e+01
-9.7008065359e+02, -4.0017735696e-01
-9.7370590099e+02, -3.9968267574e-01
-9.7732670016e+02, -3.9919588234e-01
-9.8094312172e+02, -3.9871679014e-01
-9.8455523468e+02, -3.9824521848e-01
-9.8816310639e+02, -3.9778099239e-01
-9.9176680269e+02, -3.9732394239e-01
-9.9536638787e+02, -3.9687390429e-01
-9.9896192475e+02, -3.9643071893e-01
-1.0025534748e+03, -3.9599423202e-01
-1.0061410980e+03, -3.9556429394e-01
-1.0097248530e+03, -3.9514075959e-01
-1.0133047973e+03, -3.9472348817e-01
-1.0168809871e+03, -3.9431234304e-01
-1.0204534772e+03, -3.9390719159e-01
-1.0240223214e+03, -3.9350790504e-01
-1.0329376871e+03, +6.2297278892e+01
-1.0347074990e+03, -3.9234400215e-01
-1.0489064266e+03, -3.9086704801e-01
-1.0168809871e+03, -3.9431234304e-01
-1.0347074990e+03, -3.9234400215e-01
-1.0367118892e+03, +5.5764154831e+01
-1.0453616915e+03, -3.9122858974e-01
-1.0489064266e+03, -3.9086704801e-01
-1.0524479070e+03, -3.9051046421e-01
-1.0559861772e+03, -3.9015873861e-01
-1.0595212807e+03, -3.8981177419e-01
-1.0630532603e+03, -3.8946947650e-01
-1.0665821579e+03, -3.8913175361e-01
-1.0701080146e+03, -3.8879851603e-01
-1.0736308705e+03, -3.8846967660e-01
-1.0771507652e+03, -3.8814515042e-01
-1.0806677374e+03, -3.8782485480e-01
-1.0841818251e+03, -3.8750870916e-01
-1.0876930655e+03, -3.8719663498e-01
-1.0912014952e+03, -3.8688855574e-01
-1.0947071501e+03, -3.8658439681e-01
-1.0982100654e+03, -3.8628408545e-01
-1.1017102756e+03, -3.8598755071e-01
-1.1052078147e+03, -3.8569472341e-01
-1.1087027159e+03, -3.8540553604e-01
-1.1121950120e+03, -3.8511992273e-01
-1.1140135069e+03, +5.3695638704e+01
-1.1226565875e+03, -3.8428389222e-01
-1.1263632508e+03, +5.3480735084e+01
-1.1400433303e+03, -3.8295628316e-01
-1.0947071501e+03, -3.8658439681e-01
-1.1226565875e+03, -3.8428389222e-01
-1.1296185189e+03, -3.8374327089e-01
-1.1291828340e+03, +5.8203488336e+01
-1.1400433303e+03, -3.8295628316e-01
-1.1435135585e+03, -3.8270012015e-01
-1.1469814782e+03, -3.8244695269e-01
-1.1504471164e+03, -3.8219673004e-01
-1.1539104996e+03, -3.8194940259e-01
-1.1573716538e+03, -3.8170492185e-01
-1.1608306046e+03, -3.8146324042e-01
-1.1642873771e+03, -3.8122431192e-01
-1.1677419961e+03, -3.8098809102e-01
-1.1711944859e+03, -3.8075453339e-01
-1.1746448705e+03, -3.8052359563e-01
-1.1780931734e+03, -3.8029523532e-01
-1.1815394178e+03, -3.8006941093e-01
-1.1849836265e+03, -3.7984608182e-01
-1.1884258220e+03, -3.7962520822e-01
-1.1918660263e+03, -3.7940675121e-01
-1.1953042612e+03, -3.7919067267e-01
-1.1987405480e+03, -3.7897693530e-01
-1.2021749078e+03, -3.7876550257e-01
-1.2056073613e+03, -3.7855633869e-01
-1.2090379290e+03, -3.7834940863e-01
-1.2124666309e+03, -3.7814467806e-01
-1.2158934869e+03, -3.7794211337e-01
-1.2193185163e+03, -3.7774168162e-01
-1.2227417384e+03, -3.7754335052e-01
-1.2261631721e+03, -3.7734708846e-01
-1.2295828361e+03, -3.7715286442e-01
-1.2263783255e+03, +5.9648268301e+01
-1.2398313910e+03, -3.7658211970e-01
-1.2432441564e+03, -3.7639574991e-01
-1.2500646618e+03, -3.7602865875e-01
-1.2670873882e+03, -3.7514263180e-01
-1.2120095927e+03, +4.2671166360e+01
-1.2398313910e+03, -3.7658211970e-01
-1.2507500275e+03, +5.2671508320e+01
-1.2534724356e+03, -3.7584788286e-01
-1.2540846769e+03, +5.3176794809e+01
-1.2657762382e+03, +5.2043984872e+01
-1.2670873882e+03, -3.7514263180e-01
-1.2704871704e+03, -3.7497065593e-01
-1.2738854014e+03, -3.7480036600e-01
-1.2772820962e+03, -3.7463173836e-01
-1.2806772700e+03, -3.7446474983e-01
-1.2840709374e+03, -3.7429937767e-01
-1.2874631130e+03, -3.7413559951e-01
-1.2908538112e+03, -3.7397339343e-01
-1.2942430460e+03, -3.7381273790e-01
-1.2976308315e+03, -3.7365361177e-01
-1.3010171814e+03, -3.7349599426e-01
-1.3044021093e+03, -3.7333986500e-01
-1.3077856286e+03, -3.7318520395e-01
-1.3111677526e+03, -3.7303199144e-01
-1.3145484942e+03, -3.7288020813e-01
-1.3179278663e+03, -3.7272983505e-01
-1.3213058817e+03, -3.7258085354e-01
-1.3246825528e+03, -3.7243324527e-01
-1.3280578920e+03, -3.7228699223e-01
-1.3314319116e+03, -3.7214207673e-01
-1.3348046236e+03, -3.7199848136e-01
-1.3381760398e+03, -3.7185618903e-01
-1.3415461721e+03, -3.7171518294e-01
-1.3449150319e+03, -3.7157544656e-01
-1.3482826307e+03, -3.7143696366e-01
-1.3516489799e+03, -3.7129971827e-01
-1.3550140905e+03, -3.7116369469e-01
-1.3583779736e+03, -3.7102887748e-01
-1.3617406400e+03, -3.7089525146e-01
-1.3651021005e+03, -3.7076280171e-01
-1.3684623656e+03, -3.7063151353e-01
-1.3718214459e+03, -3.7050137249e-01
-1.3751793516e+03, -3.7037236437e-01
-1.3785360929e+03, -3.7024447521e-01
-1.3818916800e+03, -3.7011769126e-01
-1.3852461228e+03, -3.6999199898e-01
-1.3885994312e+03, -3.6986738508e-01
-1.3919516148e+03, -3.6974383645e-01
-1.3953026832e+03, -3.6962134020e-01
-1.3944629165e+03, +7.3688162604e+01
-1.4053492918e+03, -3.6926003996e-01
-1.4086959933e+03, -3.6914162842e-01
-1.4120416259e+03, -3.6902420782e-01
-1.4187297202e+03, -3.6879229275e-01
-1.4254136448e+03, -3.6856420317e-01
-1.4387692576e+03, -3.6811914801e-01
-1.4020015124e+03, -3.6937945434e-01
-1.4153861986e+03, -3.6890776644e-01
-1.4220721994e+03, -3.6867777539e-01
-1.4287540650e+03, -3.6845156508e-01
-1.4320934683e+03, -3.6833985029e-01
-1.4354318631e+03, -3.6822904810e-01
-1.4331397650e+03, +5.3060226024e+01
-1.4489782170e+03, +5.1302759087e+01
-1.4487755202e+03, -3.6779475749e-01
-1.4521089939e+03, -3.6768836374e-01
-1.4554415070e+03, -3.6758282182e-01
-1.4587730673e+03, -3.6747812212e-01
-1.4621036823e+03, -3.6737425518e-01
-1.4654333594e+03, -3.6727121167e-01
-1.4687621063e+03, -3.6716898240e-01
-1.4720899301e+03, -3.6706755833e-01
-1.4754168381e+03, -3.6696693051e-01
-1.4787428375e+03, -3.6686709016e-01
-1.4820679355e+03, -3.6676802861e-01
-1.4853921390e+03, -3.6666973732e-01
-1.4887154549e+03, -3.6657220786e-01
-1.4920378903e+03, -3.6647543194e-01
-1.4953594517e+03, -3.6637940138e-01
-1.4986801460e+03, -3.6628410810e-01
-1.5019999798e+03, -3.6618954417e-01
-1.5053189597e+03, -3.6609570173e-01
-1.5086370922e+03, -3.6600257305e-01
-1.5119543837e+03, -3.6591015053e-01
-1.5152708406e+03, -3.6581842663e-01
-1.5185864692e+03, -3.6572739395e-01
-1.5219012757e+03, -3.6563704519e-01
-1.5252152662e+03, -3.6554737313e-01
-1.5285284470e+03, -3.6545837066e-01
-1.5318408240e+03, -3.6537003079e-01
-1.5351524032e+03, -3.6528234658e-01
-1.5384631905e+03, -3.6519531122e-01
-1.5417731918e+03, -3.6510891798e-01
-1.5450824128e+03, -3.6502316022e-01
-1.5483908593e+03, -3.6493803140e-01
-1.5516985370e+03, -3.6485352506e-01
-1.5550054514e+03, -3.6476963481e-01
-1.5583116082e+03, -3.6468635438e-01
-1.5616170128e+03, -3.6460367756e-01
-1.5649216707e+03, -3.6452159823e-01
-1.5682255872e+03, -3.6444011033e-01
-1.5715287677e+03, -3.6435920793e-01
-1.5748312175e+03, -3.6427888512e-01
-1.5781329418e+03, -3.6419913610e-01
-1.5814339458e+03, -3.6411995514e-01
-1.5847342345e+03, -3.6404133658e-01
-1.5880338132e+03, -3.6396327485e-01
-1.5913326867e+03, -3.6388576443e-01
-1.5946308601e+03, -3.6380879987e-01
-1.5979283383e+03, -3.6373237582e-01
-1.6012251262e+03, -3.6365648696e-01
-1.6045212286e+03, -3.6358112807e-01
-1.6078166502e+03, -3.6350629398e-01
-1.6111113959e+03, -3.6343197958e-01
-1.6144054702e+03, -3.6335817983e-01
-1.6176988779e+03, -3.6328488978e-01
-1.6209916235e+03, -3.6321210449e-01
-1.6242837116e+03, -3.6313981913e-01
-1.6275751467e+03, -3.6306802890e-01
-1.6308659333e+03, -3.6299672908e-01
-1.6341560758e+03, -3.6292591499e-01
-1.6374455785e+03, -3.6285558202e-01
-1.6407344459e+03, -3.6278572562e-01
-1.6440226822e+03, -3.6271634128e-01
-1.6473102916e+03, -3.6264742455e-01
-1.6505972785e+03, -3.6257897106e-01
-1.6538836469e+03, -3.6251097646e-01
-1.6571694010e+03, -3.6244343647e-01
-1.6604545450e+03, -3.6237634685e-01
-1.6637390828e+03, -3.6230970342e-01
-1.6670230185e+03, -3.6224350206e-01
-1.6670230185e+03, -3.6224350206e-01
-1.6638657193e+03, +5.2657050600e+01
-1.6866235433e+03, +5.1332331008e+01
-1.6830495710e+03, +4.7153939887e+01
-1.6867142096e+03, -3.6185535204e-01
-1.6899940403e+03, -3.6179213353e-01
-1.6932732998e+03, -3.6172932576e-01
-1.6965519918e+03, -3.6166692502e-01
-1.6983486036e+03, +5.0531169271e+01
-1.7063846995e+03, -3.6148212856e-01
-1.7096611580e+03, -3.6142131971e-01
-1.7162124300e+03, -3.6130086593e-01
-1.7227615323e+03, -3.6118194118e-01
-1.7369566299e+03, +5.2640651221e+01
-1.7652796593e+03, -3.6044440026e-01
-1.6834338040e+03, -3.6191898504e-01
-1.7031076880e+03, -3.6154333002e-01
-1.7131273848e+03, +5.0271094301e+01
-1.7193434784e+03, +5.0092746933e+01
-1.7260352783e+03, -3.6112304376e-01
-1.7293084921e+03, -3.6106451856e-01
-1.7376276400e+03, +5.0433775496e+01
-1.7391249739e+03, -3.6089114385e-01
-1.7423960922e+03, -3.6083407527e-01
-1.7456666949e+03, -3.6077736295e-01
-1.7489367850e+03, -3.6072100382e-01
-1.7522063659e+03, -3.6066499481e-01
-1.7522063659e+03, -3.6066499481e-01
-1.7513443171e+03, +5.1274744123e+01
-1.7786481454e+03, +5.3654065438e+01
-1.7718133311e+03, -3.6033612693e-01
-1.7685467405e+03, -3.6039009733e-01
-1.7750794339e+03, -3.6028248624e-01
-1.7783450520e+03, -3.6022917247e-01
-1.7816101882e+03, -3.6017618286e-01
-1.7848748456e+03, -3.6012351467e-01
-1.7881390270e+03, -3.6007116522e-01
-1.7914027353e+03, -3.6001913182e-01
-1.7946659734e+03, -3.5996741184e-01
-1.7979287441e+03, -3.5991600266e-01
-1.8011910501e+03, -3.5986490171e-01
-1.8044528943e+03, -3.5981410642e-01
-1.8077142795e+03, -3.5976361426e-01
-1.8109752083e+03, -3.5971342273e-01
-1.8142356835e+03, -3.5966352935e-01
-1.8174957077e+03, -3.5961393168e-01
-1.8207552837e+03, -3.5956462729e-01
-1.8240144141e+03, -3.5951561378e-01
-1.8272731015e+03, -3.5946688878e-01
-1.8305313486e+03, -3.5941844995e-01
-1.8337891578e+03, -3.5937029495e-01
-1.8370465318e+03, -3.5932242150e-01
-1.8403034731e+03, -3.5927482731e-01
-1.8435599842e+03, -3.5922751013e-01
-1.8468160677e+03, -3.5918046775e-01
-1.8500717260e+03, -3.5913369794e-01
-1.8533269615e+03, -3.5908719854e-01
-1.8565817768e+03, -3.5904096738e-01
-1.8598361742e+03, -3.5899500232e-01
-1.8630901561e+03, -3.5894930125e-01
-1.8663437250e+03, -3.5890386209e-01
-1.8695968831e+03, -3.5885868274e-01
-1.8728496329e+03, -3.5881376117e-01
-1.8761019766e+03, -3.5876909535e-01
-1.8793539166e+03, -3.5872468326e-01
-1.8826054552e+03, -3.5868052292e-01
-1.8858565946e+03, -3.5863661236e-01
-1.8891073371e+03, -3.5859294962e-01
-1.8923576849e+03, -3.5854953278e-01
-1.8956076403e+03, -3.5850635994e-01
-1.8988572054e+03, -3.5846342919e-01
-1.9021063824e+03, -3.5842073867e-01
-1.9053551735e+03, -3.5837828652e-01
-1.9086035809e+03, -3.5833607091e-01
-1.9118516067e+03, -3.5829409002e-01
-1.9150992530e+03, -3.5825234205e-01
-1.9183465220e+03, -3.5821082523e-01
-1.9215934156e+03, -3.5816953778e-01
-1.9248399360e+03, -3.5812847796e-01
-1.9280860852e+03, -3.5808764405e-01
-1.9313318653e+03, -3.5804703433e-01
-1.9345772783e+03, -3.5800664710e-01
-1.9378223262e+03, -3.5796648069e-01
-1.9410670110e+03, -3.5792653343e-01
-1.9443113346e+03, -3.5788680368e-01
-1.9475552991e+03, -3.5784728981e-01
-1.9507989064e+03, -3.5780799020e-01
-1.9540421585e+03, -3.5776890325e-01
-1.9572850571e+03, -3.5773002738e-01
-1.9605276044e+03, -3.5769136102e-01
-1.9637698020e+03, -3.5765290261e-01
-1.9670116520e+03, -3.5761465062e-01
-1.9702531562e+03, -3.5757660352e-01
-1.9734943164e+03, -3.5753875981e-01
-1.9767351345e+03, -3.5750111798e-01
-1.9799756122e+03, -3.5746367655e-01
-1.9832157515e+03, -3.5742643407e-01
-1.9864555541e+03, -3.5738938907e-01
-1.9896950218e+03, -3.5735254011e-01
-1.9929341563e+03, -3.5731588577e-01
-1.9961729595e+03, -3.5727942463e-01
-1.9994114330e+03, -3.5724315530e-01
-2.0026495786e+03, -3.5720707639e-01
-2.0058873980e+03, -3.5717118652e-01
-2.0091248929e+03, -3.5713548434e-01
-2.0123620651e+03, -3.5709996848e-01
-2.0155989161e+03, -3.5706463763e-01
-2.0188354478e+03, -3.5702949045e-01
-2.0220716616e+03, -3.5699452563e-01
-2.0253075593e+03, -3.5695974187e-01
-2.0285431426e+03, -3.5692513788e-01
-2.0317784129e+03, -3.5689071240e-01
-2.0350133721e+03, -3.5685646414e-01
-2.0382480215e+03, -3.5682239187e-01
-2.0414823629e+03, -3.5678849434e-01
-2.0447163978e+03, -3.5675477031e-01
-2.0479501278e+03, -3.5672121857e-01
-2.0511835545e+03, -3.5668783792e-01
-2.0544166793e+03, -3.5665462715e-01
-2.0576495038e+03, -3.5662158507e-01
-2.0608820296e+03, -3.5658871052e-01
-2.0641142582e+03, -3.5655600232e-01
-2.0673461910e+03, -3.5652345933e-01
-2.0705778295e+03, -3.5649108039e-01
-2.0738091753e+03, -3.5645886437e-01
-2.0770402298e+03, -3.5642681015e-01
-2.0802709944e+03, -3.5639491661e-01
-2.0835014707e+03, -3.5636318264e-01
-2.0867316600e+03, -3.5633160716e-01
-2.0899615639e+03, -3.5630018908e-01
-2.0931911836e+03, -3.5626892732e-01
-2.0964205207e+03, -3.5623782082e-01
-2.0996495765e+03, -3.5620686851e-01
-2.1028783524e+03, -3.5617606935e-01
-2.1061068498e+03, -3.5614542231e-01
-2.1093350701e+03, -3.5611492634e-01
-2.1125630146e+03, -3.5608458044e-01
-2.1157906848e+03, -3.5605438359e-01
-2.1190180818e+03, -3.5602433478e-01
-2.1222452072e+03, -3.5599443302e-01
-2.1254720622e+03, -3.5596467733e-01
-2.1286986481e+03, -3.5593506673e-01
-2.1319249663e+03, -3.5590560025e-01
-2.1351510179e+03, -3.5587627693e-01
-2.1383768045e+03, -3.5584709581e-01
-2.1416023271e+03, -3.5581805595e-01
-2.1448275872e+03, -3.5578915642e-01
-2.1480525859e+03, -3.5576039629e-01
-2.1512773246e+03, -3.5573177463e-01
-2.1545018044e+03, -3.5570329053e-01
-2.1577260266e+03, -3.5567494309e-01
-2.1609499925e+03, -3.5564673142e-01
-2.1641737033e+03, -3.5561865461e-01
-2.1673971602e+03, -3.5559071179e-01
-2.1706203644e+03, -3.5556290208e-01
-2.1738433171e+03, -3.5553522462e-01
-2.1770660195e+03, -3.5550767855e-01
-2.1802884728e+03, -3.5548026300e-01
-2.1835106782e+03, -3.5545297714e-01
-2.1867326368e+03, -3.5542582013e-01
-2.1899543498e+03, -3.5539879113e-01
-2.1931758184e+03, -3.5537188932e-01
-2.1963970438e+03, -3.5534511388e-01
-2.1996180269e+03, -3.5531846399e-01
-2.2028387691e+03, -3.5529193886e-01
-2.2060592714e+03, -3.5526553768e-01
-2.2092795349e+03, -3.5523925967e-01
-2.2124995608e+03, -3.5521310403e-01
-2.2157193501e+03, -3.5518706998e-01
-2.2189389040e+03, -3.5516115677e-01
-2.2221582236e+03, -3.5513536361e-01
-2.2253773098e+03, -3.5510968974e-01
-2.2285961639e+03, -3.5508413443e-01
-2.2318147869e+03, -3.5505869690e-01
-2.2350331798e+03, -3.5503337643e-01
-2.2382513437e+03, -3.5500817228e-01
-2.2414692797e+03, -3.5498308372e-01
-2.2446869888e+03, -3.5495811001e-01
-2.2479044720e+03, -3.5493325046e-01
-2.2511217304e+03, -3.5490850433e-01
-2.2543387650e+03, -3.5488387093e-01
-2.2575555768e+03, -3.5485934955e-01
-2.2607721668e+03, -3.5483493950e-01
-2.2639885361e+03, -3.5481064009e-01
-2.2672046855e+03, -3.5478645063e-01
-2.2704206162e+03, -3.5476237044e-01
-2.2736363292e+03, -3.5473839886e-01
-2.2768518253e+03, -3.5471453520e-01
-2.2800671056e+03, -3.5469077881e-01
-2.2832821710e+03, -3.5466712903e-01
+4.7764406264e+02, -1.2513083308e+01
+4.7205269287e+02, -2.1728855396e+01
+4.6742001910e+02, -2.9178870752e+01
+4.6328440703e+02, -3.5691994270e+01
+4.5947004806e+02, -4.1587338242e+01
+4.5588660684e+02, -4.7030444499e+01
+4.5248004975e+02, -5.2121199727e+01
+4.4921487600e+02, -5.6925767963e+01
+4.4606621387e+02, -6.1490861983e+01
+4.4301580211e+02, -6.5851031854e+01
+4.4004974453e+02, -7.0032754653e+01
+4.3715716377e+02, -7.4056896579e+01
+4.3432934848e+02, -7.7940278614e+01
+4.3155918886e+02, -8.1696716842e+01
+4.2884078920e+02, -8.5337739059e+01
+4.2616919383e+02, -8.8873093501e+01
+4.2354018822e+02, -9.2311119358e+01
+4.2095015140e+02, -9.5659022629e+01
+4.1839594427e+02, -9.8923085465e+01
+4.1587482379e+02, -1.0210882773e+02
+4.1338437589e+02, -1.0522113355e+02
+4.1092246244e+02, -1.0826435175e+02
+4.0848717873e+02, -1.1124237657e+02
+4.0607681913e+02, -1.1415871309e+02
+4.0368984892e+02, -1.1701653104e+02
+4.0132488120e+02, -1.1981870908e+02
+3.9898065754e+02, -1.2256787195e+02
+3.9665603188e+02, -1.2526642150e+02
+3.9434995690e+02, -1.2791656302e+02
+3.9206147248e+02, -1.3052032764e+02
+3.8978969583e+02, -1.3307959148e+02
+3.8753381302e+02, -1.3559609218e+02
+3.8529307166e+02, -1.3807144317e+02
+3.8306677458e+02, -1.4050714607e+02
+3.8085427430e+02, -1.4290460156e+02
+3.7865496821e+02, -1.4526511884e+02
+3.7646829432e+02, -1.4758992404e+02
+3.7429372754e+02, -1.4988016761e+02
+3.7213077638e+02, -1.5213693086e+02
+3.6997897997e+02, -1.5436123179e+02
+3.6783790553e+02, -1.5655403032e+02
+3.6570714597e+02, -1.5871623293e+02
+3.6358631782e+02, -1.6084869683e+02
+3.6147505939e+02, -1.6295223377e+02
+3.5937302905e+02, -1.6502761339e+02
+3.5727990370e+02, -1.6707556631e+02
+3.5519537744e+02, -1.6909678692e+02
+3.5311916028e+02, -1.7109193588e+02
+3.5105097701e+02, -1.7306164248e+02
+3.4899056619e+02, -1.7500650668e+02
+3.4693767920e+02, -1.7692710109e+02
+3.4489207938e+02, -1.7882397266e+02
+3.4285354123e+02, -1.8069764436e+02
+3.4082184972e+02, -1.8254861664e+02
+3.3879679958e+02, -1.8437736878e+02
+3.3677819474e+02, -1.8618436016e+02
+3.3476584775e+02, -1.8797003143e+02
+3.3275957924e+02, -1.8973480558e+02
+3.3075921747e+02, -1.9147908894e+02
+3.2876459787e+02, -1.9320327208e+02
+3.2677556266e+02, -1.9490773071e+02
+3.2479196040e+02, -1.9659282642e+02
+3.2281364572e+02, -1.9825890749e+02
+3.2084047895e+02, -1.9990630952e+02
+3.1887232578e+02, -2.0153535612e+02
+3.1690905706e+02, -2.0314635948e+02
+3.1495054844e+02, -2.0473962095e+02
+3.1299668019e+02, -2.0631543156e+02
+3.1104733694e+02, -2.0787407254e+02
+3.0910240745e+02, -2.0941581574e+02
+3.0716178443e+02, -2.1094092409e+02
+3.0522536435e+02, -2.1244965202e+02
+3.0329304723e+02, -2.1394224582e+02
+3.0136473649e+02, -2.1541894402e+02
+2.9944033880e+02, -2.1687997772e+02
+2.9751976392e+02, -2.1832557092e+02
+2.9560292456e+02, -2.1975594082e+02
+2.9368973626e+02, -2.2117129811e+02
+2.9178011722e+02, -2.2257184723e+02
+2.8987398826e+02, -2.2395778664e+02
+2.8797127263e+02, -2.2532930905e+02
+2.8607189595e+02, -2.2668660166e+02
+2.8417578610e+02, -2.2802984638e+02
+2.8228287311e+02, -2.2935922003e+02
+2.8039308912e+02, -2.3067489452e+02
+2.7850636821e+02, -2.3197703708e+02
+2.7662264641e+02, -2.3326581040e+02
+2.7474186157e+02, -2.3454137279e+02
+2.7286395328e+02, -2.3580387838e+02
+2.7098886286e+02, -2.3705347725e+02
+2.6911653322e+02, -2.3829031556e+02
+2.6724690885e+02, -2.3951453572e+02
+2.6537993574e+02, -2.4072627650e+02
+2.6351556134e+02, -2.4192567315e+02
+2.6165373448e+02, -2.4311285757e+02
+2.5979440533e+02, -2.4428795833e+02
+2.5793752536e+02, -2.4545110089e+02
+2.5608304729e+02, -2.4660240762e+02
+2.5423092503e+02, -2.4774199793e+02
+2.5238111367e+02, -2.4886998838e+02
+2.5053356939e+02, -2.4998649276e+02
+2.4868824947e+02, -2.5109162217e+02
+2.4684511224e+02, -2.5218548511e+02
+2.4500411701e+02, -2.5326818755e+02
+2.4316522408e+02, -2.5433983304e+02
+2.4132839469e+02, -2.5540052276e+02
+2.3949359099e+02, -2.5645035557e+02
+2.3766077600e+02, -2.5748942814e+02
+2.3582991360e+02, -2.5851783494e+02
+2.3400096848e+02, -2.5953566837e+02
+2.3217390614e+02, -2.6054301878e+02
+2.3034869283e+02, -2.6153997453e+02
+2.2852529557e+02, -2.6252662207e+02
+2.2670368210e+02, -2.6350304598e+02
+2.2488382083e+02, -2.6446932901e+02
+2.2306568089e+02, -2.6542555215e+02
+2.2124923204e+02, -2.6637179467e+02
+2.1943444468e+02, -2.6730813417e+02
+2.1762128983e+02, -2.6823464660e+02
+2.1580973912e+02, -2.6915140635e+02
+2.1399976475e+02, -2.7005848624e+02
+2.1219133949e+02, -2.7095595761e+02
+2.1038443665e+02, -2.7184389032e+02
+2.0857903007e+02, -2.7272235279e+02
+2.0677509413e+02, -2.7359141207e+02
+2.0497260368e+02, -2.7445113384e+02
+2.0317153407e+02, -2.7530158245e+02
+2.0137186112e+02, -2.7614282096e+02
+1.9957356113e+02, -2.7697491118e+02
+1.9777661081e+02, -2.7779791367e+02
+1.9598098733e+02, -2.7861188781e+02
+1.9418666828e+02, -2.7941689179e+02
+1.9239363164e+02, -2.8021298265e+02
+1.9060185582e+02, -2.8100021632e+02
+1.8881131960e+02, -2.8177864765e+02
+1.8702200212e+02, -2.8254833038e+02
+1.8523388293e+02, -2.8330931724e+02
+1.8344694191e+02, -2.8406165993e+02
+1.8166115927e+02, -2.8480540915e+02
+1.7987651561e+02, -2.8554061460e+02
+1.7809299181e+02, -2.8626732506e+02
+1.7631056909e+02, -2.8698558834e+02
+1.7452922899e+02, -2.8769545136e+02
+1.7274895335e+02, -2.8839696012e+02
+1.7096972429e+02, -2.8909015976e+02
+1.6919152424e+02, -2.8977509455e+02
+1.6741433590e+02, -2.9045180790e+02
+1.6563814225e+02, -2.9112034244e+02
+1.6386292652e+02, -2.9178073993e+02
+1.6208867223e+02, -2.9243304139e+02
+1.6031536313e+02, -2.9307728703e+02
+1.5854298322e+02, -2.9371351630e+02
+1.5677151675e+02, -2.9434176791e+02
+1.5500094819e+02, -2.9496207983e+02
+1.5323126226e+02, -2.9557448932e+02
+1.5146244387e+02, -2.9617903290e+02
+1.4969447819e+02, -2.9677574644e+02
+1.4792735056e+02, -2.9736466511e+02
+1.4616104656e+02, -2.9794582338e+02
+1.4439555195e+02, -2.9851925512e+02
+1.4263085270e+02, -2.9908499350e+02
+1.4086693497e+02, -2.9964307109e+02
+1.3910378508e+02, -3.0019351982e+02
+1.3734138959e+02, -3.0073637102e+02
+1.3557973517e+02, -3.0127165540e+02
+1.3381880872e+02, -3.0179940308e+02
+1.3205859727e+02, -3.0231964361e+02
+1.3029908804e+02, -3.0283240597e+02
+1.2854026840e+02, -3.0333771854e+02
+1.2678212588e+02, -3.0383560918e+02
+1.2502464816e+02, -3.0432610519e+02
+1.2326782307e+02, -3.0480923334e+02
+1.2151163858e+02, -3.0528501986e+02
+1.1975608283e+02, -3.0575349045e+02
+1.1800114406e+02, -3.0621467032e+02
+1.1624681066e+02, -3.0666858415e+02
+1.1449307117e+02, -3.0711525614e+02
+1.1273991423e+02, -3.0755470998e+02
+1.1098732863e+02, -3.0798696889e+02
+1.0923530327e+02, -3.0841205560e+02
+1.0748382716e+02, -3.0882999238e+02
+1.0573288944e+02, -3.0924080102e+02
+1.0398247936e+02, -3.0964450286e+02
+1.0223258628e+02, -3.1004111879e+02
+1.0048319967e+02, -3.1043066925e+02
+9.8734309110e+01, -3.1081317422e+02
+9.6985904261e+01, -3.1118865328e+02
+9.5237974905e+01, -3.1155712554e+02
+9.3490510911e+01, -3.1191860973e+02
+9.1743502246e+01, -3.1227312412e+02
+8.9996938968e+01, -3.1262068657e+02
+8.8250811224e+01, -3.1296131456e+02
+8.6505109251e+01, -3.1329502513e+02
+8.4759823366e+01, -3.1362183494e+02
+8.3014943974e+01, -3.1394176024e+02
+8.1270461556e+01, -3.1425481689e+02
+7.9526366673e+01, -3.1456102038e+02
+7.7782649963e+01, -3.1486038578e+02
+7.6039302135e+01, -3.1515292782e+02
+7.4296313973e+01, -3.1543866082e+02
+7.2553676328e+01, -3.1571759875e+02
+7.0811380120e+01, -3.1598975520e+02
+6.9069416336e+01, -3.1625514340e+02
+6.7327776023e+01, -3.1651377621e+02
+6.5586450292e+01, -3.1676566613e+02
+6.3845430316e+01, -3.1701082532e+02
+6.2104707322e+01, -3.1724926556e+02
+6.0364272595e+01, -3.1748099832e+02
+5.8624117475e+01, -3.1770603468e+02
+5.6884233354e+01, -3.1792438540e+02
+5.5144611674e+01, -3.1813606090e+02
+5.3405243927e+01, -3.1834107124e+02
+5.1666121652e+01, -3.1853942617e+02
+4.9927236435e+01, -3.1873113509e+02
+4.8188579902e+01, -3.1891620706e+02
+4.6450143726e+01, -3.1909465084e+02
+4.4711919618e+01, -3.1926647483e+02
+4.2973899328e+01, -3.1943168712e+02
+4.1236074645e+01, -3.1959029548e+02
+3.9498437392e+01, -3.1974230734e+02
+3.7760979428e+01, -3.1988772983e+02
+3.6023692643e+01, -3.2002656976e+02
+3.4286568960e+01, -3.2015883361e+02
+3.2549600329e+01, -3.2028452754e+02
+3.0812778732e+01, -3.2040365743e+02
+2.9076096174e+01, -3.2051622881e+02
+2.7339544686e+01, -3.2062224693e+02
+2.5603116326e+01, -3.2072171669e+02
+2.3866803169e+01, -3.2081464273e+02
+2.2130597314e+01, -3.2090102934e+02
+2.0394490879e+01, -3.2098088053e+02
+1.8658475999e+01, -3.2105420000e+02
+1.6922544827e+01, -3.2112099114e+02
+1.5186689528e+01, -3.2118125703e+02
+1.3450902284e+01, -3.2123500045e+02
+1.1715175287e+01, -3.2128222390e+02
+9.9795007415e+00, -3.2132292955e+02
+8.2438708594e+00, -3.2135711927e+02
+6.5082778619e+00, -3.2138479464e+02
+4.7727139764e+00, -3.2140595694e+02
+3.0371714356e+00, -3.2142060715e+02
+1.3016424759e+00, -3.2142874593e+02
-4.3388066364e-01, -3.2143037367e+02
-2.1694057432e+00, -3.2142549044e+02
-3.9049405232e+00, -3.2141409601e+02
-5.6404927657e+00, -3.2139618986e+02
-7.3760702360e+00, -3.2137177116e+02
-9.1116807039e+00, -3.2134083879e+02
-1.0847331945e+01, -3.2130339133e+02
-1.2583031742e+01, -3.2125942703e+02
-1.4318787887e+01, -3.2120894389e+02
-1.6054608182e+01, -3.2115193956e+02
-1.7790500439e+01, -3.2108841141e+02
-1.9526472486e+01, -3.2101835651e+02
-2.1262532161e+01, -3.2094177163e+02
-2.2998687322e+01, -3.2085865320e+02
-2.4734945841e+01, -3.2076899740e+02
-2.6471315611e+01, -3.2067280006e+02
-2.8207804543e+01, -3.2057005671e+02
-2.9944420571e+01, -3.2046076260e+02
-3.1681171652e+01, -3.2034491264e+02
-3.3418065765e+01, -3.2022250144e+02
-3.5155110918e+01, -3.2009352330e+02
-3.6892315144e+01, -3.1995797221e+02
-3.8629686507e+01, -3.1981584183e+02
-4.0367233100e+01, -3.1966712552e+02
-4.2104963048e+01, -3.1951181632e+02
-4.3842884510e+01, -3.1934990694e+02
-4.5581005680e+01, -3.1918138979e+02
-4.7319334789e+01, -3.1900625694e+02
-4.9057880104e+01, -3.1882450014e+02
-5.0796649936e+01, -3.1863611081e+02
-5.2535652633e+01, -3.1844108004e+02
-5.4274896589e+01, -3.1823939860e+02
-5.6014390242e+01, -3.1803105691e+02
-5.7754142076e+01, -3.1781604509e+02
-5.9494160623e+01, -3.1759435287e+02
-6.1234454467e+01, -3.1736596968e+02
-6.2975032242e+01, -3.1713088458e+02
-6.4715902634e+01, -3.1688908632e+02
-6.6457074388e+01, -3.1664056326e+02
-6.8198556302e+01, -3.1638530344e+02
-6.9940357236e+01, -3.1612329452e+02
-7.1682486110e+01, -3.1585452383e+02
-7.3424951905e+01, -3.1557897832e+02
-7.5167763669e+01, -3.1529664457e+02
-7.6910930516e+01, -3.1500750882e+02
-7.8654461629e+01, -3.1471155691e+02
-8.0398366260e+01, -3.1440877433e+02
-8.2142653735e+01, -3.1409914617e+02
-8.3887333455e+01, -3.1378265715e+02
-8.5632414899e+01, -3.1345929161e+02
-8.7377907623e+01, -3.1312903347e+02
-8.9123821267e+01, -3.1279186630e+02
-9.0870165551e+01, -3.1244777323e+02
-9.2616950285e+01, -3.1209673702e+02
-9.4364185366e+01, -3.1173873999e+02
-9.6111880782e+01, -3.1137376408e+02
-9.7860046612e+01, -3.1100179078e+02
-9.9608693035e+01, -3.1062280118e+02
-1.0135783032e+02, -3.1023677594e+02
-1.0310746886e+02, -3.0984369528e+02
-1.0485761911e+02, -3.0944353898e+02
-1.0660829167e+02, -3.0903628638e+02
-1.0835949724e+02, -3.0862191636e+02
-1.1011124661e+02, -3.0820040737e+02
-1.1186355071e+02, -3.0777173737e+02
-1.1361642059e+02, -3.0733588387e+02
-1.1536986739e+02, -3.0689282388e+02
-1.1712390241e+02, -3.0644253397e+02
-1.1887853705e+02, -3.0598499017e+02
-1.2063378285e+02, -3.0552016806e+02
-1.2238965149e+02, -3.0504804268e+02
-1.2414615479e+02, -3.0456858860e+02
-1.2590330468e+02, -3.0408177983e+02
-1.2766111327e+02, -3.0358758988e+02
-1.2941959281e+02, -3.0308599172e+02
-1.3117875567e+02, -3.0257695778e+02
-1.3293861442e+02, -3.0206045992e+02
-1.3469918176e+02, -3.0153646946e+02
-1.3646047057e+02, -3.0100495716e+02
-1.3822249387e+02, -3.0046589318e+02
-1.3998526489e+02, -2.9991924709e+02
-1.4174879700e+02, -2.9936498788e+02
-1.4351310378e+02, -2.9880308393e+02
-1.4527819896e+02, -2.9823350298e+02
-1.4704409650e+02, -2.9765621216e+02
-1.4881081052e+02, -2.9707117796e+02
-1.5057835536e+02, -2.9647836622e+02
-1.5234674555e+02, -2.9587774209e+02
-1.5411599584e+02, -2.9526927008e+02
-1.5588612119e+02, -2.9465291399e+02
-1.5765713678e+02, -2.9402863692e+02
-1.5942905802e+02, -2.9339640127e+02
-1.6120190054e+02, -2.9275616870e+02
-1.6297568022e+02, -2.9210790014e+02
-1.6475041318e+02, -2.9145155573e+02
-1.6652611579e+02, -2.9078709489e+02
-1.6830280467e+02, -2.9011447622e+02
-1.7008049672e+02, -2.8943365753e+02
-1.7185920910e+02, -2.8874459579e+02
-1.7363895923e+02, -2.8804724718e+02
-1.7541976485e+02, -2.8734156699e+02
-1.7720164397e+02, -2.8662750964e+02
-1.7898461490e+02, -2.8590502869e+02
-1.8076869627e+02, -2.8517407678e+02
-1.8255390701e+02, -2.8443460560e+02
-1.8434026639e+02, -2.8368656592e+02
-1.8612779401e+02, -2.8292990754e+02
-1.8791650980e+02, -2.8216457927e+02
-1.8970643407e+02, -2.8139052889e+02
-1.9149758747e+02, -2.8060770318e+02
-1.9328999102e+02, -2.7981604784e+02
-1.9508366614e+02, -2.7901550748e+02
-1.9687863463e+02, -2.7820602562e+02
-1.9867491870e+02, -2.7738754465e+02
-2.0047254097e+02, -2.7656000579e+02
-2.0227152450e+02, -2.7572334907e+02
-2.0407189279e+02, -2.7487751331e+02
-2.0587366977e+02, -2.7402243609e+02
-2.0767687985e+02, -2.7315805369e+02
-2.0948154794e+02, -2.7228430111e+02
-2.1128769941e+02, -2.7140111199e+02
-2.1309536016e+02, -2.7050841859e+02
-2.1490455661e+02, -2.6960615178e+02
-2.1671531571e+02, -2.6869424097e+02
-2.1852766498e+02, -2.6777261408e+02
-2.2034163250e+02, -2.6684119751e+02
-2.2215724694e+02, -2.6589991610e+02
-2.2397453760e+02, -2.6494869307e+02
-2.2579353439e+02, -2.6398745000e+02
-2.2761426785e+02, -2.6301610676e+02
-2.2943676923e+02, -2.6203458149e+02
-2.3126107043e+02, -2.6104279053e+02
-2.3308720409e+02, -2.6004064838e+02
-2.3491520355e+02, -2.5902806763e+02
-2.3674510295e+02, -2.5800495894e+02
-2.3857693719e+02, -2.5697123093e+02
-2.4041074196e+02, -2.5592679018e+02
-2.4224655383e+02, -2.5487154114e+02
-2.4408441020e+02, -2.5380538603e+02
-2.4592434938e+02, -2.5272822486e+02
-2.4776641059e+02, -2.5163995527e+02
-2.4961063402e+02, -2.5054047250e+02
-2.5145706084e+02, -2.4942966933e+02
-2.5330573325e+02, -2.4830743596e+02
-2.5515669452e+02, -2.4717365997e+02
-2.5700998900e+02, -2.4602822620e+02
-2.5886566218e+02, -2.4487101667e+02
-2.6072376076e+02, -2.4370191049e+02
-2.6258433262e+02, -2.4252078378e+02
-2.6444742694e+02, -2.4132750952e+02
-2.6631309421e+02, -2.4012195749e+02
-2.6818138628e+02, -2.3890399415e+02
-2.7005235644e+02, -2.3767348249e+02
-2.7192605944e+02, -2.3643028193e+02
-2.7380255156e+02, -2.3517424821e+02
-2.7568189068e+02, -2.3390523323e+02
-2.7756413635e+02, -2.3262308490e+02
-2.7944934982e+02, -2.3132764702e+02
-2.8133759416e+02, -2.3001875911e+02
-2.8322893429e+02, -2.2869625623e+02
-2.8512343709e+02, -2.2735996884e+02
-2.8702117148e+02, -2.2600972259e+02
-2.8892220848e+02, -2.2464533814e+02
-2.9082662134e+02, -2.2326663097e+02
-2.9273448559e+02, -2.2187341115e+02
-2.9464587920e+02, -2.2046548312e+02
-2.9656088264e+02, -2.1904264547e+02
-2.9847957903e+02, -2.1760469065e+02
-3.0040205422e+02, -2.1615140477e+02
-3.0232839697e+02, -2.1468256725e+02
-3.0425869903e+02, -2.1319795060e+02
-3.0619305536e+02, -2.1169732002e+02
-3.0813156419e+02, -2.1018043317e+02
-3.1007432727e+02, -2.0864703972e+02
-3.1202144999e+02, -2.0709688105e+02
-3.1397304158e+02, -2.0552968981e+02
-3.1592921532e+02, -2.0394518953e+02
-3.1789008875e+02, -2.0234309413e+02
-3.1985578385e+02, -2.0072310748e+02
-3.2182642736e+02, -1.9908492289e+02
-3.2380215098e+02, -1.9742822252e+02
-3.2578309163e+02, -1.9575267686e+02
-3.2776939183e+02, -1.9405794404e+02
-3.2976119992e+02, -1.9234366922e+02
-3.3175867046e+02, -1.9060948384e+02
-3.3376196459e+02, -1.8885500487e+02
-3.3577125041e+02, -1.8707983397e+02
-3.3778670341e+02, -1.8528355660e+02
-3.3980850694e+02, -1.8346574106e+02
-3.4183685270e+02, -1.8162593749e+02
-3.4387194127e+02, -1.7976367671e+02
-3.4591398274e+02, -1.7787846900e+02
-3.4796319728e+02, -1.7596980284e+02
-3.5001981587e+02, -1.7403714347e+02
-3.5208408105e+02, -1.7207993131e+02
-3.5415624776e+02, -1.7009758031e+02
-3.5623658417e+02, -1.6808947610e+02
-3.5832537275e+02, -1.6605497397e+02
-3.6042291132e+02, -1.6399339670e+02
-3.6252951419e+02, -1.6190403212e+02
-3.6464551356e+02, -1.5978613046e+02
-3.6677126089e+02, -1.5763890143e+02
-3.6890712853e+02, -1.5546151100e+02
-3.7105351151e+02, -1.5325307782e+02
-3.7321082950e+02, -1.5101266923e+02
-3.7537952901e+02, -1.4873929690e+02
-3.7756008588e+02, -1.4643191185e+02
-3.7975300801e+02, -1.4408939898e+02
-3.8195883850e+02, -1.4171057088e+02
-3.8417815916e+02, -1.3929416084e+02
-3.8641159446e+02, -1.3683881505e+02
-3.8865981609e+02, -1.3434308363e+02
-3.9092354808e+02, -1.3180541048e+02
-3.9320357275e+02, -1.2922412176e+02
-3.9550073748e+02, -1.2659741248e+02
-3.9781596259e+02, -1.2392333124e+02
-4.0015025046e+02, -1.2119976241e+02
-4.0250469621e+02, -1.1842440544e+02
-4.0488050025e+02, -1.1559475062e+02
-4.0727898305e+02, -1.1270805046e+02
-4.0970160278e+02, -1.0976128582e+02
-4.1214997644e+02, -1.0675112539e+02
-4.1462590533e+02, -1.0367387688e+02
-4.1713140611e+02, -1.0052542780e+02
-4.1966874898e+02, -9.7301172873e+01
-4.6835821215e+02, +1.4288889154e+02
-6.1371767045e+02, +7.9939769357e+01
-4.2749941982e+02, -8.7118074142e+01
-6.0432180306e+02, +8.1781856992e+01
-5.9959382524e+02, +8.2780705743e+01
-5.9484811356e+02, +8.3836019264e+01
-4.3859485709e+02, -7.2063391247e+01
-4.9344152216e+02, +1.2584727179e+02
-4.9730957280e+02, +1.2341805586e+02
-5.0125543763e+02, +1.2100380214e+02
-5.0528036571e+02, +1.1861034059e+02
-5.0938497216e+02, +1.1624395063e+02
-5.1356912796e+02, +1.1391126922e+02
-5.1783188138e+02, +1.1161915827e+02
-5.2217145798e+02, +1.0937452732e+02
-5.2658549121e+02, +1.0718410000e+02
-5.3107238644e+02, +1.0505406589e+02
-5.3565443826e+02, +1.0299385416e+02
-5.3334509422e+02, +1.0401348498e+02
-5.2881964659e+02, +1.0611124359e+02
-5.2436919224e+02, +1.0827219697e+02
-5.1569064880e+02, +1.1275977582e+02
-5.1146702461e+02, +1.1507303861e+02
-4.8132383701e+02, -6.3099491249e+00
-4.7467202510e+02, -1.7442655848e+01
-4.6965689732e+02, -2.5602264180e+01
-4.6530407421e+02, -3.2527211199e+01
-4.6134389485e+02, -3.8704416790e+01
-4.5765340994e+02, -4.4358143178e+01
-4.5416375130e+02, -4.9615156096e+01
-4.5083153464e+02, -5.4555988497e+01
-4.4762724513e+02, -5.9235863223e+01
-4.4452967863e+02, -6.3694752888e+01
-4.4152296787e+02, -6.7962785069e+01
-4.3859485709e+02, -7.2063391247e+01
-4.3573563713e+02, -7.6015258282e+01
-4.3293745500e+02, -7.9833598356e+01
-4.3019384817e+02, -8.3531008869e+01
-4.2749941982e+02, -8.7118074142e+01
-4.2484960608e+02, -9.0603798293e+01
-4.2224050509e+02, -9.3995924120e+01
-4.1966874898e+02, -9.7301172873e+01
-4.1713140611e+02, -1.0052542780e+02
-4.1462590533e+02, -1.0367387688e+02
-4.1214997644e+02, -1.0675112539e+02
-4.0970160278e+02, -1.0976128582e+02
-4.0727898305e+02, -1.1270805046e+02
-4.0488050025e+02, -1.1559475062e+02
-4.0250469621e+02, -1.1842440544e+02
-4.0015025046e+02, -1.2119976241e+02
-3.9781596259e+02, -1.2392333124e+02
-3.9550073748e+02, -1.2659741248e+02
-3.9320357275e+02, -1.2922412176e+02
-3.9092354808e+02, -1.3180541048e+02
-3.8865981609e+02, -1.3434308363e+02
-3.8641159446e+02, -1.3683881505e+02
-3.8417815916e+02, -1.3929416084e+02
-3.8195883850e+02, -1.4171057088e+02
-3.7975300801e+02, -1.4408939898e+02
-3.7756008588e+02, -1.4643191185e+02
-3.7537952901e+02, -1.4873929690e+02
-3.7321082950e+02, -1.5101266923e+02
-3.7105351151e+02, -1.5325307782e+02
-3.6890712853e+02, -1.5546151100e+02
-3.6677126089e+02, -1.5763890143e+02
-3.6464551356e+02, -1.5978613046e+02
-3.6252951419e+02, -1.6190403212e+02
-3.6042291132e+02, -1.6399339670e+02
-3.5832537275e+02, -1.6605497397e+02
-3.5623658417e+02, -1.6808947610e+02
-3.5415624776e+02, -1.7009758031e+02
-3.5208408105e+02, -1.7207993131e+02
-3.5001981587e+02, -1.7403714347e+02
-3.4796319728e+02, -1.7596980284e+02
-3.4591398274e+02, -1.7787846900e+02
-3.4387194127e+02, -1.7976367671e+02
-3.4183685270e+02, -1.8162593749e+02
-3.3980850694e+02, -1.8346574106e+02
-3.3778670341e+02, -1.8528355660e+02
-3.3577125041e+02, -1.8707983397e+02
-3.3376196459e+02, -1.8885500487e+02
-3.3175867046e+02, -1.9060948384e+02
-3.2976119992e+02, -1.9234366922e+02
-3.2776939183e+02, -1.9405794404e+02
-3.2578309163e+02, -1.9575267686e+02
-3.2380215098e+02, -1.9742822252e+02
-3.2182642736e+02, -1.9908492289e+02
-3.1985578385e+02, -2.0072310748e+02
-3.1789008875e+02, -2.0234309413e+02
-3.1592921532e+02, -2.0394518953e+02
-3.1397304158e+02, -2.0552968981e+02
-3.1202144999e+02, -2.0709688105e+02
-3.1007432727e+02, -2.0864703972e+02
-3.0813156419e+02, -2.1018043317e+02
-3.0619305536e+02, -2.1169732002e+02
-3.0425869903e+02, -2.1319795060e+02
-3.0232839697e+02, -2.1468256725e+02
-3.0040205422e+02, -2.1615140477e+02
-2.9847957903e+02, -2.1760469065e+02
-2.9656088264e+02, -2.1904264547e+02
-2.9464587920e+02, -2.2046548312e+02
-2.9273448559e+02, -2.2187341115e+02
-2.9082662134e+02, -2.2326663097e+02
-2.8892220848e+02, -2.2464533814e+02
-2.8702117148e+02, -2.2600972259e+02
-2.8512343709e+02, -2.2735996884e+02
-2.8322893429e+02, -2.2869625623e+02
-2.8133759416e+02, -2.3001875911e+02
-2.7944934982e+02, -2.3132764702e+02
-2.7756413635e+02, -2.3262308490e+02
-2.7568189068e+02, -2.3390523323e+02
-2.7380255156e+02, -2.3517424821e+02
-2.7192605944e+02, -2.3643028193e+02
-2.7005235644e+02, -2.3767348249e+02
-2.6818138628e+02, -2.3890399415e+02
-2.6631309421e+02, -2.4012195749e+02
-2.6444742694e+02, -2.4132750952e+02
-2.6258433262e+02, -2.4252078378e+02
-2.6072376076e+02, -2.4370191049e+02
-2.5886566218e+02, -2.4487101667e+02
-2.5700998900e+02, -2.4602822620e+02
-2.5515669452e+02, -2.4717365997e+02
-2.5330573325e+02, -2.4830743596e+02
-2.5145706084e+02, -2.4942966933e+02
-2.4961063402e+02, -2.5054047250e+02
-2.4776641059e+02, -2.5163995527e+02
-2.4592434938e+02, -2.5272822486e+02
-2.4408441020e+02, -2.5380538603e+02
-2.4224655383e+02, -2.5487154114e+02
-2.4041074196e+02, -2.5592679018e+02
-2.3857693719e+02, -2.5697123093e+02
-2.3674510295e+02, -2.5800495894e+02
-2.3491520355e+02, -2.5902806763e+02
-2.3308720409e+02, -2.6004064838e+02
-2.3126107043e+02, -2.6104279053e+02
-2.2943676923e+02, -2.6203458149e+02
-2.2761426785e+02, -2.6301610676e+02
-2.2579353439e+02, -2.6398745000e+02
-2.2397453760e+02, -2.6494869307e+02
-2.2215724694e+02, -2.6589991610e+02
-2.2034163250e+02, -2.6684119751e+02
-2.1852766498e+02, -2.6777261408e+02
-2.1671531571e+02, -2.6869424097e+02
-2.1490455661e+02, -2.6960615178e+02
-2.1309536016e+02, -2.7050841859e+02
-2.1128769941e+02, -2.7140111199e+02
-2.0948154794e+02, -2.7228430111e+02
-2.0767687985e+02, -2.7315805369e+02
-2.0587366977e+02, -2.7402243609e+02
-2.0407189279e+02, -2.7487751331e+02
-2.0227152450e+02, -2.7572334907e+02
-2.0047254097e+02, -2.7656000579e+02
-1.9867491870e+02, -2.7738754465e+02
-1.9687863463e+02, -2.7820602562e+02
-1.9508366614e+02, -2.7901550748e+02
-1.9328999102e+02, -2.7981604784e+02
-1.9149758747e+02, -2.8060770318e+02
-1.8970643407e+02, -2.8139052889e+02
-1.8791650980e+02, -2.8216457927e+02
-1.8612779401e+02, -2.8292990754e+02
-1.8434026639e+02, -2.8368656592e+02
-1.8255390701e+02, -2.8443460560e+02
-1.8076869627e+02, -2.8517407678e+02
-1.7898461490e+02, -2.8590502869e+02
-1.7720164397e+02, -2.8662750964e+02
-1.7541976485e+02, -2.8734156699e+02
-1.7363895923e+02, -2.8804724718e+02
-1.7185920910e+02, -2.8874459579e+02
-1.7008049672e+02, -2.8943365753e+02
-1.6830280467e+02, -2.9011447622e+02
-1.6652611579e+02, -2.9078709489e+02
-1.6475041318e+02, -2.9145155573e+02
-1.6297568022e+02, -2.9210790014e+02
-1.6120190054e+02, -2.9275616870e+02
-1.5942905802e+02, -2.9339640127e+02
-1.5765713678e+02, -2.9402863692e+02
-1.5588612119e+02, -2.9465291399e+02
-1.5411599584e+02, -2.9526927008e+02
-1.5234674555e+02, -2.9587774209e+02
-1.5057835536e+02, -2.9647836622e+02
-1.4881081052e+02, -2.9707117796e+02
-1.4704409650e+02, -2.9765621216e+02
-1.4527819896e+02, -2.9823350298e+02
-1.4351310378e+02, -2.9880308393e+02
-1.4174879700e+02, -2.9936498788e+02
-1.3998526489e+02, -2.9991924709e+02
-1.3822249387e+02, -3.0046589318e+02
-1.3646047057e+02, -3.0100495716e+02
-1.3469918176e+02, -3.0153646946e+02
-1.3293861442e+02, -3.0206045992e+02
-1.3117875567e+02, -3.0257695778e+02
-1.2941959281e+02, -3.0308599172e+02
-1.2766111327e+02, -3.0358758988e+02
-1.2590330468e+02, -3.0408177983e+02
-1.2414615479e+02, -3.0456858860e+02
-1.2238965149e+02, -3.0504804268e+02
-1.2063378285e+02, -3.0552016806e+02
-1.1887853705e+02, -3.0598499017e+02
-1.1712390241e+02, -3.0644253397e+02
-1.1536986739e+02, -3.0689282388e+02
-1.1361642059e+02, -3.0733588387e+02
-1.1186355071e+02, -3.0777173737e+02
-1.1011124661e+02, -3.0820040737e+02
-1.0835949724e+02, -3.0862191636e+02
-1.0660829167e+02, -3.0903628638e+02
-1.0485761911e+02, -3.0944353898e+02
-1.0310746886e+02, -3.0984369528e+02
-1.0135783032e+02, -3.1023677594e+02
-9.9608693035e+01, -3.1062280118e+02
-9.7860046612e+01, -3.1100179078e+02
-9.6111880782e+01, -3.1137376408e+02
-9.4364185366e+01, -3.1173873999e+02
-9.2616950285e+01, -3.1209673702e+02
-9.0870165551e+01, -3.1244777323e+02
-8.9123821267e+01, -3.1279186630e+02
-8.7377907623e+01, -3.1312903347e+02
-8.5632414899e+01, -3.1345929161e+02
-8.3887333455e+01, -3.1378265715e+02
-8.2142653735e+01, -3.1409914617e+02
-8.0398366260e+01, -3.1440877433e+02
-7.8654461629e+01, -3.1471155691e+02
-7.6910930516e+01, -3.1500750882e+02
-7.5167763669e+01, -3.1529664457e+02
-7.3424951905e+01, -3.1557897832e+02
-7.1682486110e+01, -3.1585452383e+02
-6.9940357236e+01, -3.1612329452e+02
-6.8198556302e+01, -3.1638530344e+02
-6.6457074388e+01, -3.1664056326e+02
-6.4715902634e+01, -3.1688908632e+02
-6.2975032242e+01, -3.1713088458e+02
-6.1234454467e+01, -3.1736596968e+02
-5.9494160623e+01, -3.1759435287e+02
-5.7754142076e+01, -3.1781604509e+02
-5.6014390242e+01, -3.1803105691e+02
-5.4274896589e+01, -3.1823939860e+02
-5.2535652633e+01, -3.1844108004e+02
-5.0796649936e+01, -3.1863611081e+02
-4.9057880104e+01, -3.1882450014e+02
-4.7319334789e+01, -3.1900625694e+02
-4.5581005680e+01, -3.1918138979e+02
-4.3842884510e+01, -3.1934990694e+02
-4.2104963048e+01, -3.1951181632e+02
-4.0367233100e+01, -3.1966712552e+02
-3.8629686507e+01, -3.1981584183e+02
-3.6892315144e+01, -3.1995797221e+02
-3.5155110918e+01, -3.2009352330e+02
-3.3418065765e+01, -3.2022250144e+02
-3.1681171652e+01, -3.2034491264e+02
-2.9944420571e+01, -3.2046076260e+02
-2.8207804543e+01, -3.2057005671e+02
-2.6471315611e+01, -3.2067280006e+02
-2.4734945841e+01, -3.2076899740e+02
-2.2998687322e+01, -3.2085865320e+02
-2.1262532161e+01, -3.2094177163e+02
-1.9526472486e+01, -3.2101835651e+02
-1.7790500439e+01, -3.2108841141e+02
-1.6054608182e+01, -3.2115193956e+02
-1.4318787887e+01, -3.2120894389e+02
-1.2583031742e+01, -3.2125942703e+02
-1.0847331945e+01, -3.2130339133e+02
-9.1116807039e+00, -3.2134083879e+02
-7.3760702360e+00, -3.2137177116e+02
-5.6404927657e+00, -3.2139618986e+02
-3.9049405232e+00, -3.2141409601e+02
-2.1694057432e+00, -3.2142549044e+02
-4.3388066364e-01, -3.2143037367e+02
+1.3016424759e+00, -3.2142874593e+02
+3.0371714356e+00, -3.2142060715e+02
+4.7727139764e+00, -3.2140595694e+02
+6.5082778619e+00, -3.2138479464e+02
+8.2438708594e+00, -3.2135711927e+02
+9.9795007415e+00, -3.2132292955e+02
+1.1715175287e+01, -3.2128222390e+02
+1.3450902284e+01, -3.2123500045e+02
+1.5186689528e+01, -3.2118125703e+02
+1.6922544827e+01, -3.2112099114e+02
+1.8658475999e+01, -3.2105420000e+02
+2.0394490879e+01, -3.2098088053e+02
+2.2130597314e+01, -3.2090102934e+02
+2.3866803169e+01, -3.2081464273e+02
+2.5603116326e+01, -3.2072171669e+02
+2.7339544686e+01, -3.2062224693e+02
+2.9076096174e+01, -3.2051622881e+02
+3.0812778732e+01, -3.2040365743e+02
+3.2549600329e+01, -3.2028452754e+02
+3.4286568960e+01, -3.2015883361e+02
+3.6023692643e+01, -3.2002656976e+02
+3.7760979428e+01, -3.1988772983e+02
+3.9498437392e+01, -3.1974230734e+02
+4.1236074645e+01, -3.1959029548e+02
+4.2973899328e+01, -3.1943168712e+02
+4.4711919618e+01, -3.1926647483e+02
+4.6450143726e+01, -3.1909465084e+02
+4.8188579902e+01, -3.1891620706e+02
+4.9927236435e+01, -3.1873113509e+02
+5.1666121652e+01, -3.1853942617e+02
+5.3405243927e+01, -3.1834107124e+02
+5.5144611674e+01, -3.1813606090e+02
+5.6884233354e+01, -3.1792438540e+02
+5.8624117475e+01, -3.1770603468e+02
+6.0364272595e+01, -3.1748099832e+02
+6.2104707322e+01, -3.1724926556e+02
+6.3845430316e+01, -3.1701082532e+02
+6.5586450292e+01, -3.1676566613e+02
+6.7327776023e+01, -3.1651377621e+02
+6.9069416336e+01, -3.1625514340e+02
+7.0811380120e+01, -3.1598975520e+02
+7.2553676328e+01, -3.1571759875e+02
+7.4296313973e+01, -3.1543866082e+02
+7.6039302135e+01, -3.1515292782e+02
+7.7782649963e+01, -3.1486038578e+02
+7.9526366673e+01, -3.1456102038e+02
+8.1270461556e+01, -3.1425481689e+02
+8.3014943974e+01, -3.1394176024e+02
+8.4759823366e+01, -3.1362183494e+02
+8.6505109251e+01, -3.1329502513e+02
+8.8250811224e+01, -3.1296131456e+02
+8.9996938968e+01, -3.1262068657e+02
+9.1743502246e+01, -3.1227312412e+02
+9.3490510911e+01, -3.1191860973e+02
+9.5237974905e+01, -3.1155712554e+02
+9.6985904261e+01, -3.1118865328e+02
+9.8734309110e+01, -3.1081317422e+02
+1.0048319967e+02, -3.1043066925e+02
+1.0223258628e+02, -3.1004111879e+02
+1.0398247936e+02, -3.0964450286e+02
+1.0573288944e+02, -3.0924080102e+02
+1.0748382716e+02, -3.0882999238e+02
+1.0923530327e+02, -3.0841205560e+02
+1.1098732863e+02, -3.0798696889e+02
+1.1273991423e+02, -3.0755470998e+02
+1.1449307117e+02, -3.0711525614e+02
+1.1624681066e+02, -3.0666858415e+02
+1.1800114406e+02, -3.0621467032e+02
+1.1975608283e+02, -3.0575349045e+02
+1.2151163858e+02, -3.0528501986e+02
+1.2326782307e+02, -3.0480923334e+02
+1.2502464816e+02, -3.0432610519e+02
+1.2678212588e+02, -3.0383560918e+02
+1.2854026840e+02, -3.0333771854e+02
+1.3029908804e+02, -3.0283240597e+02
+1.3205859727e+02, -3.0231964361e+02
+1.3381880872e+02, -3.0179940308e+02
+1.3557973517e+02, -3.0127165540e+02
+1.3734138959e+02, -3.0073637102e+02
+1.3910378508e+02, -3.0019351982e+02
+1.4086693497e+02, -2.9964307109e+02
+1.4263085270e+02, -2.9908499350e+02
+1.4439555195e+02, -2.9851925512e+02
+1.4616104656e+02, -2.9794582338e+02
+1.4792735056e+02, -2.9736466511e+02
+1.4969447819e+02, -2.9677574644e+02
+1.5146244387e+02, -2.9617903290e+02
+1.5323126226e+02, -2.9557448932e+02
+1.5500094819e+02, -2.9496207983e+02
+1.5677151675e+02, -2.9434176791e+02
+1.5854298322e+02, -2.9371351630e+02
+1.6031536313e+02, -2.9307728703e+02
+1.6208867223e+02, -2.9243304139e+02
+1.6386292652e+02, -2.9178073993e+02
+1.6563814225e+02, -2.9112034244e+02
+1.6741433590e+02, -2.9045180790e+02
+1.6919152424e+02, -2.8977509455e+02
+1.7096972429e+02, -2.8909015976e+02
+1.7274895335e+02, -2.8839696012e+02
+1.7452922899e+02, -2.8769545136e+02
+1.7631056909e+02, -2.8698558834e+02
+1.7809299181e+02, -2.8626732506e+02
+1.7987651561e+02, -2.8554061460e+02
+1.8166115927e+02, -2.8480540915e+02
+1.8344694191e+02, -2.8406165993e+02
+1.8523388293e+02, -2.8330931724e+02
+1.8702200212e+02, -2.8254833038e+02
+1.8881131960e+02, -2.8177864765e+02
+1.9060185582e+02, -2.8100021632e+02
+1.9239363164e+02, -2.8021298265e+02
+1.9418666828e+02, -2.7941689179e+02
+1.9598098733e+02, -2.7861188781e+02
+1.9777661081e+02, -2.7779791367e+02
+1.9957356113e+02, -2.7697491118e+02
+2.0137186112e+02, -2.7614282096e+02
+2.0317153407e+02, -2.7530158245e+02
+2.0497260368e+02, -2.7445113384e+02
+2.0677509413e+02, -2.7359141207e+02
+2.0857903007e+02, -2.7272235279e+02
+2.1038443665e+02, -2.7184389032e+02
+2.1219133949e+02, -2.7095595761e+02
+2.1399976475e+02, -2.7005848624e+02
+2.1580973912e+02, -2.6915140635e+02
+2.1762128983e+02, -2.6823464660e+02
+2.1943444468e+02, -2.6730813417e+02
+2.2124923204e+02, -2.6637179467e+02
+2.2306568089e+02, -2.6542555215e+02
+2.2488382083e+02, -2.6446932901e+02
+2.2670368210e+02, -2.6350304598e+02
+2.2852529557e+02, -2.6252662207e+02
+2.3034869283e+02, -2.6153997453e+02
+2.3217390614e+02, -2.6054301878e+02
+2.3400096848e+02, -2.5953566837e+02
+2.3582991360e+02, -2.5851783494e+02
+2.3766077600e+02, -2.5748942814e+02
+2.3949359099e+02, -2.5645035557e+02
+2.4132839469e+02, -2.5540052276e+02
+2.4316522408e+02, -2.5433983304e+02
+2.4500411701e+02, -2.5326818755e+02
+2.4684511224e+02, -2.5218548511e+02
+2.4868824947e+02, -2.5109162217e+02
+2.5053356939e+02, -2.4998649276e+02
+2.5238111367e+02, -2.4886998838e+02
+2.5423092503e+02, -2.4774199793e+02
+2.5608304729e+02, -2.4660240762e+02
+2.5793752536e+02, -2.4545110089e+02
+2.5979440533e+02, -2.4428795833e+02
+2.6165373448e+02, -2.4311285757e+02
+2.6351556134e+02, -2.4192567315e+02
+2.6537993574e+02, -2.4072627650e+02
+2.6724690885e+02, -2.3951453572e+02
+2.6911653322e+02, -2.3829031556e+02
+2.7098886286e+02, -2.3705347725e+02
+2.7286395328e+02, -2.3580387838e+02
+2.7474186157e+02, -2.3454137279e+02
+2.7662264641e+02, -2.3326581040e+02
+2.7850636821e+02, -2.3197703708e+02
+2.8039308912e+02, -2.3067489452e+02
+2.8228287311e+02, -2.2935922003e+02
+2.8417578610e+02, -2.2802984638e+02
+2.8607189595e+02, -2.2668660166e+02
+2.8797127263e+02, -2.2532930905e+02
+2.8987398826e+02, -2.2395778664e+02
+2.9178011722e+02, -2.2257184723e+02
+2.9368973626e+02, -2.2117129811e+02
+2.9560292456e+02, -2.1975594082e+02
+2.9751976392e+02, -2.1832557092e+02
+2.9944033880e+02, -2.1687997772e+02
+3.0136473649e+02, -2.1541894402e+02
+3.0329304723e+02, -2.1394224582e+02
+3.0522536435e+02, -2.1244965202e+02
+3.0716178443e+02, -2.1094092409e+02
+3.0910240745e+02, -2.0941581574e+02
+3.1104733694e+02, -2.0787407254e+02
+3.1299668019e+02, -2.0631543156e+02
+3.1495054844e+02, -2.0473962095e+02
+3.1690905706e+02, -2.0314635948e+02
+3.1887232578e+02, -2.0153535612e+02
+3.2084047895e+02, -1.9990630952e+02
+3.2281364572e+02, -1.9825890749e+02
+3.2479196040e+02, -1.9659282642e+02
+3.2677556266e+02, -1.9490773071e+02
+3.2876459787e+02, -1.9320327208e+02
+3.3075921747e+02, -1.9147908894e+02
+3.3275957924e+02, -1.8973480558e+02
+3.3476584775e+02, -1.8797003143e+02
+3.3677819474e+02, -1.8618436016e+02
+3.3879679958e+02, -1.8437736878e+02
+3.4082184972e+02, -1.8254861664e+02
+3.4285354123e+02, -1.8069764436e+02
+3.4489207938e+02, -1.7882397266e+02
+3.4693767920e+02, -1.7692710109e+02
+3.4899056619e+02, -1.7500650668e+02
+3.5105097701e+02, -1.7306164248e+02
+3.5311916028e+02, -1.7109193588e+02
+3.5519537744e+02, -1.6909678692e+02
+3.5727990370e+02, -1.6707556631e+02
+3.5937302905e+02, -1.6502761339e+02
+3.6147505939e+02, -1.6295223377e+02
+3.6358631782e+02, -1.6084869683e+02
+3.6570714597e+02, -1.5871623293e+02
+3.6783790553e+02, -1.5655403032e+02
+3.6997897997e+02, -1.5436123179e+02
+3.7213077638e+02, -1.5213693086e+02
+3.7429372754e+02, -1.4988016761e+02
+3.7646829432e+02, -1.4758992404e+02
+3.7865496821e+02, -1.4526511884e+02
+3.8085427430e+02, -1.4290460156e+02
+3.8306677458e+02, -1.4050714607e+02
+3.8529307166e+02, -1.3807144317e+02
+3.8753381302e+02, -1.3559609218e+02
+3.8978969583e+02, -1.3307959148e+02
+3.9206147248e+02, -1.3052032764e+02
+3.9434995690e+02, -1.2791656302e+02
+3.9665603188e+02, -1.2526642150e+02
+3.9898065754e+02, -1.2256787195e+02
+4.0132488120e+02, -1.1981870908e+02
+4.0368984892e+02, -1.1701653104e+02
+4.0607681913e+02, -1.1415871309e+02
+4.0848717873e+02, -1.1124237657e+02
+4.1092246244e+02, -1.0826435175e+02
+4.1338437589e+02, -1.0522113355e+02
+4.1587482379e+02, -1.0210882773e+02
+4.1839594427e+02, -9.8923085465e+01
+4.6668588692e+02, +1.4409069744e+02
+4.7004494271e+02, +1.4168364518e+02
+4.7346300654e+02, +1.3926383509e+02
+6.0667855598e+02, +8.1302515947e+01
+6.0196015486e+02, +8.2274443051e+01
+5.9722305497e+02, +8.3301083321e+01
+5.9246930105e+02, +8.4385960622e+01
+4.4004974453e+02, -7.0032754653e+01
+4.9536592026e+02, +1.2463113863e+02
+4.9927268691e+02, +1.2220870570e+02
+5.0325796408e+02, +1.1980408953e+02
+5.0732269861e+02, +1.1742335388e+02
+5.1146714603e+02, +1.1507297091e+02
+5.1569077250e+02, +1.1275970930e+02
+5.1999220657e+02, +1.1049047996e+02
+5.2436932032e+02, +1.0827213341e+02
+5.2881977677e+02, +1.0611118178e+02
+5.3334522683e+02, +1.0401342509e+02
+4.4921487600e+02, -5.6925767963e+01
+5.3107225517e+02, +1.0505412676e+02
+5.2658536208e+02, +1.0718416271e+02
+5.2217133097e+02, +1.0937459169e+02
+5.1356900540e+02, +1.1391133636e+02
