+58063.776381 +0.000000
+53517.670750 -0.000000
+53517.670750 -0.000000
+44982.251670 -0.000000
+49157.249944 +0.000000
+49157.249944 +0.000000
+44982.251350 -0.000000
+37189.047697 +0.000000
+40992.938296 -0.000000
+40992.938296 +0.000000
+37189.047697 -0.000000
+33570.842904 -0.000000
+30138.061169 -0.000000
+33570.842904 -0.000000
+30138.061169 +0.000000
+23829.295018 +0.000000
+26890.966151 +0.000000
+26890.966151 -0.000000
+23829.295018 +0.000000
+20953.312079 -0.000000
+18262.754680 +0.000000
+20953.312079 +0.000000
+18262.754680 -0.000000
+15757.887820 +0.000000
+15757.887820 -0.000000
+13438.450110 -0.000000
+13438.450110 +0.000000
+9356.406952 -0.000000
+9356.406952 +0.000000
+7593.815561 -0.000000
+7593.815556 -0.000000
+6542.157930 +0.000000
+11304.920805 -0.000000
+11304.920805 -0.000000
+11372.156512 +0.000000
+11371.582087 -0.000000
+11377.689814 +0.000000
+11377.689814 -0.000000
+11371.582232 -0.000000
+11365.783538 +0.000000
+11366.005598 -0.000000
+11365.783538 -0.000000
+11366.005598 -0.000000
+11360.960143 -0.000000
+11359.941598 +0.000000
+11360.960143 +0.000000
+11359.941598 -0.000000
+11331.261227 -0.000000
+11330.730337 -0.000000
+11330.730337 +0.000000
+11331.261560 -0.000000
+11332.323483 -0.000000
+11332.323483 +0.000000
+11354.630719 -0.000000
+11356.445814 +0.000000
+11356.445816 -0.000000
+11354.630758 +0.000000
+11352.462673 +0.000000
+11333.916524 -0.000000
+11333.916524 -0.000000
+11336.040091 -0.000000
+11336.040094 -0.000000
+11352.462673 +0.000000
+11349.851010 -0.000000
+11339.450065 +0.000000
+11349.851010 -0.000000
+11349.011236 +0.000000
+11338.488260 +0.000000
+11338.488260 +0.000000
+11349.011236 -0.000000
+11345.602509 +0.000000
+11346.087960 +0.000000
+11346.087960 -0.000000
+11345.602509 +0.000000
+11339.715611 +0.000000
+11343.698689 -0.000000
+11343.698689 +0.000000
+11339.715611 -0.000000
+11340.512246 -0.000000
+11340.512246 -0.000000
+11341.839949 -0.000000
+11341.885681 -0.000000
+11341.885681 -0.000000
+11341.839965 +0.000000
+6016.673340 +0.000000
+6036.074765 +0.000000
+6016.673340 -0.000000
+6036.074765 +0.000000
+5550.758466 +0.000000
+5550.758466 +0.000000
+5086.120810 +0.000000
+5085.881148 +0.000000
+4642.066127 +0.000000
+4625.308278 -0.000000
+4625.308275 -0.000000
+4642.066126 -0.000000
+3815.970927 -0.000000
+3815.967493 +0.000000
+4328.974560 -0.000000
+4218.569164 -0.000000
+4218.569164 -0.000000
+4322.478427 -0.000000
+4315.421905 +0.000000
+4316.505971 +0.000000
+4322.478426 -0.000000
+4316.505963 +0.000000
+3433.910957 +0.000000
+3419.413117 -0.000000
+4311.144236 +0.000000
+4309.200654 +0.000000
+4315.421904 +0.000000
+4306.262396 +0.000000
+4311.141578 -0.000000
+4276.477682 +0.000000
+4303.560058 +0.000000
+4278.915212 +0.000000
+4301.931562 +0.000000
+4309.196808 -0.000000
+4306.262396 -0.000000
+4277.559972 +0.000000
+4276.748222 +0.000000
+4303.560057 -0.000000
+4276.748221 -0.000000
+4280.802761 +0.000000
+4301.931493 -0.000000
+4298.143215 +0.000000
+4277.559968 -0.000000
+4278.914307 -0.000000
+4283.238229 +0.000000
+4298.387540 +0.000000
+4280.802761 -0.000000
+4292.189405 +0.000000
+4294.895932 +0.000000
+4283.238190 +0.000000
+4290.000507 -0.000000
+4287.328615 +0.000000
+4286.213810 +0.000000
+4286.783564 +0.000000
+4298.142949 +0.000000
+3372.556966 -0.000000
+4293.788070 -0.000000
+4288.409297 +0.000000
+4294.895932 +0.000000
+4292.188787 +0.000000
+4290.000478 +0.000000
+4298.387529 +0.000000
+4286.783561 +0.000000
+4288.409297 -0.000000
+4289.730237 -0.000000
+4293.787707 -0.000000
+4287.321576 -0.000000
+3342.258682 +0.000000
+4286.213722 -0.000000
+3419.405722 +0.000000
+4289.730237 +0.000000
+3433.906734 -0.000000
+3340.519695 +0.000000
+3191.627485 -0.000000
+3154.631129 +0.000000
+3139.017072 +0.000000
+3072.613418 +0.000000
+3153.522892 -0.000000
+3138.673469 -0.000000
+3072.626802 -0.000000
+2956.656812 -0.000000
+2965.136810 +0.000000
+2964.909486 +0.000000
+2945.611708 -0.000000
+2760.422929 -0.000000
+2731.916261 -0.000000
+2690.736201 +0.000000
+2746.411136 +0.000000
+2731.920704 +0.000000
+2689.741955 -0.000000
+2608.414773 -0.000000
+2600.841851 -0.000000
+2598.182976 +0.000000
+2472.668454 -0.000000
+2460.284659 +0.000000
+2471.903628 -0.000000
+2412.098940 +0.000000
+2399.499121 +0.000000
+2390.405660 +0.000000
+2412.023357 +0.000000
+2399.436539 +0.000000
+2366.337801 +0.000000
+2390.003798 +0.000000
+2366.258227 +0.000000
+2281.153902 +0.000004
+2279.596975 +0.000001
+0.518409 -0.000000
+1.434078 -0.000000
+0.989425 +0.000000
+0.581172 -0.000000
+0.581172 -0.000000
+0.989425 +0.000000
+1.380112 +0.000000
+2.027072 +0.000000
+2.027072 +0.000000
+3.772459 -0.000000
+2.819285 +0.000000
+2.819285 -0.000000
+6.840705 -0.000000
+4.430995 +0.000000
+7.568837 +0.000000
+3.777171 -0.000000
+4.427777 +0.000000
+4.427776 +0.000000
+4.891679 -0.000000
+4.891677 +0.000000
+6.155685 +0.000000
+6.155685 +0.000000
+8.356805 -0.000000
+6.840704 -0.000000
+6.881098 +0.000000
+8.599587 +0.000000
+10.616608 +0.000000
+10.378488 -0.000000
+7.568915 +0.000000
+8.599585 +0.000000
+9.127410 -0.000000
+9.836676 -0.000000
+9.836675 -0.000000
+9.127411 +0.000000
+2279.586817 +0.000001
+2276.790114 +0.000002
+11.331318 +0.000000
+12.534470 -0.000000
+12.673512 +0.000000
+10.616601 -0.000000
+10.908477 +0.000000
+10.829814 +0.000000
+10.829814 +0.000000
+2256.217062 -0.000043
+2223.372143 -123.628020
+2223.332791 -123.633814
+2223.232759 -123.744770
+2223.198927 -123.745890
+2223.107637 -123.849664
+2165.842124 -206.529407
+2165.796757 -206.507697
+2165.286653 -206.892169
+2165.796766 -206.507676
+2165.422391 -206.752844
+2165.637451 -206.664165
+2165.599710 -206.637053
+2165.264202 -206.855815
+2165.452288 -206.784654
+2165.637428 -206.664149
+2165.599581 -206.637121
+2165.452354 -206.784682
+2164.568477 -207.356030
+2164.584127 -207.346061
+2164.898253 -207.143879
+2165.139561 -206.987618
+2165.124386 -206.946606
+2165.010495 -207.071205
+2165.002429 -207.025778
+2165.422389 -206.752855
+2165.286715 -206.892379
+2199.193804 -166.365235
+2199.149578 -166.358671
+2164.897573 -207.093518
+2164.615275 -207.325937
+2164.803027 -207.205079
+2164.809651 -207.150284
+2164.612228 -207.277642
+2164.661745 -207.295935
+2164.724289 -207.255715
+2165.264202 -206.855847
+2165.139568 -206.987618
+2165.124416 -206.946594
+2165.010418 -207.071213
+2165.002428 -207.025763
+2164.568494 -207.355982
+2164.583809 -207.346085
+2164.615261 -207.325970
+2164.898197 -207.143810
+2164.738186 -207.196404
+2164.620064 -207.272600
+2164.643578 -207.257453
+2164.682927 -207.232022
+2164.809627 -207.150306
+2164.897564 -207.093494
+2164.661764 -207.296021
+2164.724362 -207.255737
+2164.803031 -207.205058
+2199.024086 -166.488318
+2198.986374 -166.476832
+2199.149589 -166.358655
+2123.996268 -243.455915
+2123.955452 -243.416896
+2198.871099 -166.598635
+2199.024069 -166.488305
+2198.986272 -166.476883
+2123.955456 -243.416871
+2198.839954 -166.582941
+2198.871150 -166.598669
+2164.738188 -207.196414
+2123.753904 -243.609321
+2123.721851 -243.564111
+2123.533871 -243.746269
+2198.734578 -166.697466
+2198.709640 -166.677574
+2164.682914 -207.232079
+2198.839951 -166.582951
+2123.753871 -243.609307
+2123.721684 -243.564200
+2123.336515 -243.867975
+2123.533952 -243.746283
+2123.510969 -243.695515
+2123.322381 -243.812051
+2123.510969 -243.695527
+2198.146178 -167.126962
+2198.158931 -167.117678
+2198.709637 -166.677602
+2198.734600 -166.697631
+2198.184358 -167.098931
+2198.415620 -166.929817
+2198.494621 -166.834333
+2198.507632 -166.862592
+2198.408734 -166.896991
+2198.337701 -166.986592
+2164.643601 -207.257455
+2198.336803 -166.949605
+2123.160903 -243.975776
+2122.475514 -244.389205
+2123.336626 -243.868236
+2198.613570 -166.785407
+2198.273351 -167.033624
+2198.222273 -167.071025
+2198.175591 -167.067922
+2198.594705 -166.761221
+2198.233272 -167.025504
+2123.322387 -243.812086
+2122.494380 -244.378073
+2123.006466 -244.069961
+2123.155335 -243.914555
+2122.531867 -244.355606
+2123.160909 -243.975780
+2122.475522 -244.389147
+2198.201162 -167.049131
+2198.278396 -166.992404
+2122.540585 -244.286151
+2122.493957 -244.378120
+2123.006376 -244.069980
+2122.871988 -244.151715
+2123.155377 -243.914537
+2123.009360 -244.003722
+2198.181981 -167.063229
+2198.594723 -166.761213
+2198.613583 -166.785404
+2122.883628 -244.079903
+2122.531861 -244.355638
+2122.778068 -244.143599
+2122.587807 -244.322064
+2122.757661 -244.220353
+2122.663032 -244.277069
+2122.625706 -244.235139
+2122.578340 -244.263602
+2122.692176 -244.195282
+2122.550023 -244.280518
+2123.009354 -244.003711
+2122.871917 -244.151638
+2122.587850 -244.322153
+2122.757658 -244.220336
+2122.883618 -244.079874
+2122.663140 -244.277095
+2198.507570 -166.862595
+2164.620056 -207.272593
+2122.778043 -244.143627
+2122.692181 -244.195291
+2122.625693 -244.235218
+2122.578368 -244.263598
+2122.550012 -244.280511
+59.278861 -0.000000
+12.534474 -0.000000
+12.673467 -0.000000
+15.476947 +0.000000
+14.658537 -0.000000
+14.223641 +0.000000
+14.223640 +0.000000
+34.490930 -0.000000
+16.194642 +0.000000
+14.658537 -0.000000
+15.330656 +0.000000
+15.476938 +0.000000
+17.394248 +0.000000
+32.446075 +0.000000
+32.429327 +0.000000
+17.303032 +0.000000
+16.357803 +0.000000
+30.854249 +0.000000
+30.854402 +0.000000
+18.506109 +0.000000
+16.784060 +0.000000
+27.279882 +0.000000
+26.679927 -0.000000
+19.888539 -0.000000
+17.302997 -0.000000
+19.049391 -0.000000
+21.055819 +0.000000
+26.237043 +0.000000
+26.167727 -0.000000
+16.784060 -0.000000
+21.993742 -0.000000
+24.514255 -0.000000
+23.997716 +0.000000
+23.491887 +0.000000
+23.529996 +0.000000
+24.959955 -0.000000
+24.959990 +0.000000
+20.878694 +0.000000
+18.506091 -0.000000
+19.049392 -0.000000
+21.454086 -0.000000
+21.454102 +0.000000
+19.916766 -0.000000
+19.916755 -0.000000
+2249.712729 -0.000194
+2154.441525 +0.002965
+2237.704391 -79.150564
+2237.846835 -79.025825
+2074.456267 -276.534077
+2074.428084 -276.476691
+2074.176326 -276.714170
+2074.157923 -276.649432
+2073.921263 -276.874967
+2073.913180 -276.803413
+2074.428080 -276.476663
+2073.691750 -277.017458
+2072.683509 -277.624724
+2072.705740 -277.611817
+2073.693721 -276.939749
+2073.487067 -277.143492
+2073.498857 -277.059494
+2072.749837 -277.585770
+2223.332802 -123.633803
+2073.306623 -277.253440
+2072.815642 -277.546837
+2073.149276 -277.348779
+2072.904050 -277.494578
+2072.777988 -277.491884
+2223.232747 -123.744764
+2223.079230 -123.846800
+2222.996275 -123.943925
+2222.519615 -124.355808
+2222.529882 -124.346866
+2223.198840 -123.745925
+2222.811772 -124.101808
+2222.879514 -124.016902
+2222.972989 -123.937009
+2222.798271 -124.086851
+2222.737187 -124.166234
+2222.897774 -124.027941
+2222.728712 -124.146879
+2073.328220 -277.163480
+2222.674150 -124.220763
+2198.146198 -167.126923
+2223.107676 -123.849701
+2222.550391 -124.328806
+2222.670534 -124.197362
+2222.540439 -124.311072
+2222.622174 -124.265975
+2222.580955 -124.301961
+2222.623353 -124.238463
+2198.158694 -167.117687
+2223.079227 -123.846811
+2198.494627 -166.834317
+2198.184334 -167.098963
+2222.996258 -123.944050
+2222.972985 -123.937034
+2222.897797 -124.027940
+2222.545588 -124.306556
+2222.586939 -124.270282
+2222.561048 -124.292988
+33.544799 -0.000000
+33.544812 +0.000000
+21.993768 -0.000000
+28.778283 -0.000000
+28.808304 +0.000000
+29.500316 -0.000000
+29.500478 -0.000000
+22.050242 -0.000000
+20.878693 -0.000000
+25.870463 -0.000000
+25.870480 +0.000000
+29.286075 +0.000000
+29.286075 -0.000000
+26.345281 -0.000000
+26.345323 -0.000000
+26.237055 -0.000000
+2198.408727 -166.896971
+2198.415576 -166.929755
+2198.337714 -166.986570
+2198.273396 -167.033640
+2198.222272 -167.071102
+2198.336780 -166.949622
+2198.278395 -166.992415
+2198.181975 -167.063223
+2198.201179 -167.049136
+2198.233259 -167.025544
+2074.176283 -276.714164
+2074.157709 -276.649547
+2073.921356 -276.874957
+2073.913183 -276.803424
+2073.693734 -276.939786
+2073.691921 -277.017774
+2073.487076 -277.143497
+2073.180962 -277.252256
+2072.683501 -277.624659
+2222.879522 -124.016895
+2073.015167 -277.428648
+2073.057145 -277.326355
+2072.878147 -277.432692
+2072.822428 -277.465747
+2222.519631 -124.355775
+2222.811724 -124.101810
+2222.798283 -124.086835
+2073.498914 -277.059466
+2072.705187 -277.611896
+2072.956280 -277.386422
+2072.789099 -277.485351
+2072.749840 -277.585799
+2222.529702 -124.346866
+2073.306522 -277.253475
+2073.328211 -277.163474
+2222.737150 -124.166178
+2222.728706 -124.146863
+2222.550359 -124.328835
+2222.674173 -124.220743
+2222.670513 -124.197375
+2073.149186 -277.348694
+2222.623350 -124.238473
+2222.622197 -124.265986
+2222.580937 -124.302026
+2222.586925 -124.270310
+2222.561058 -124.292994
+2073.180951 -277.252223
+2072.815712 -277.546922
+2073.057122 -277.326391
+2073.015159 -277.428637
+2072.904203 -277.494604
+2072.789084 -277.485346
+2072.822459 -277.465735
+2072.956289 -277.386428
+2072.878136 -277.432800
+26.275126 -0.000000
+23.997716 +0.000000
+32.642055 +0.000000
+32.425346 +0.000000
+27.279877 +0.000000
+26.679926 -0.000000
+2248.755408 -0.000211
+2237.732042 -79.140021
+2237.814484 -79.040952
+2237.629548 -79.242829
+2237.814494 -79.040947
+2153.967721 +0.002957
+2114.302791 +184.718637
+2076.398319 +0.009390
+2112.999375 +0.001715
+2107.961054 +0.003338
+2103.765202 +0.005753
+2098.851514 +0.005983
+2112.689015 +0.001346
+2107.296408 +0.004425
+2103.582622 +0.005681
+2098.414718 +0.005142
+2069.060585 +0.009823
+2158.840814 +145.192419
+2158.840711 +145.167637
+57.642698 -0.000000
+2158.739984 +145.086160
+2194.405765 +102.822371
+2194.401333 +102.795827
+34.490965 +0.000000
+32.446048 +0.000000
+2018.114224 -305.223197
+2017.800147 -305.437622
+2018.109709 -305.148141
+2017.806124 -305.353658
+36.429734 +0.000000
+32.458907 +0.000000
+32.458907 -0.000000
+35.621777 +0.000000
+2018.109697 -305.148113
+35.016919 -0.000000
+35.568089 -0.000000
+35.749419 -0.000000
+42.160019 -0.000000
+41.291980 +0.000000
+36.869641 -0.000000
+38.788704 +0.000000
+41.009941 -0.000000
+39.130451 +0.000000
+2237.732033 -79.140028
+35.749702 +0.000000
+35.555109 -0.000000
+39.130075 +0.000000
+2237.704305 -79.150584
+2237.606368 -79.249431
+2237.538637 -79.335404
+2237.629575 -79.242871
+2237.519680 -79.337958
+2237.458422 -79.417989
+2237.153009 -79.741282
+2237.161246 -79.732447
+2222.545582 -124.306551
+2237.606370 -79.249443
+2237.177733 -79.714593
+2237.169771 -79.706285
+2237.443653 -79.416462
+2237.277352 -79.607937
+2237.388644 -79.490680
+2237.328264 -79.554151
+2237.377728 -79.485265
+2237.519677 -79.337980
+2237.538566 -79.335489
+54.149627 -0.000000
+53.306919 +0.000000
+51.677813 +0.000000
+48.336485 +0.000000
+35.555102 +0.000000
+46.885328 +0.000000
+46.385183 +0.000000
+45.668336 -0.000000
+45.226436 +0.000000
+45.226133 +0.000000
+44.212584 -0.000000
+35.568327 +0.000000
+42.839180 +0.000000
+41.292004 +0.000000
+38.789060 +0.000000
+39.628128 -0.000000
+39.214586 -0.000000
+39.628213 +0.000000
+39.843029 -0.000000
+42.160019 +0.000000
+39.214598 -0.000000
+39.843044 -0.000000
+39.851839 +0.000000
+2194.317850 +102.708031
+2158.840728 +145.167644
+2017.800095 -305.437633
+2017.805851 -305.353803
+2017.512978 -305.629493
+2017.253618 -305.799393
+2017.281859 -305.699349
+2017.530085 -305.536999
+2016.105665 -306.523186
+2016.131157 -306.507823
+2017.513075 -305.629452
+2017.530091 -305.537009
+2017.060881 -305.841959
+2158.744598 +145.065355
+2158.739995 +145.086148
+2017.021776 -305.949686
+2017.281882 -305.699387
+2017.253866 -305.799767
+2016.637888 -306.194473
+2016.181629 -306.476825
+2016.238707 -306.356639
+2016.816852 -306.080785
+2016.105635 -306.523120
+2017.060952 -305.841915
+2158.744554 +145.065280
+2158.652196 +144.987619
+2158.660694 +144.971254
+2158.575713 +144.897788
+2016.557956 -306.159697
+2016.256928 -306.430461
+2016.130449 -306.507947
+2016.353379 -306.286222
+2158.587824 +144.885690
+2158.652172 +144.987668
+2158.660685 +144.971253
+2237.458467 -79.417995
+2016.866932 -305.965758
+2016.357987 -306.368212
+2016.289610 -306.325571
+2016.251435 -306.348868
+2016.181638 -306.476851
+2017.021790 -305.949688
+2158.575565 +144.897813
+2016.484885 -306.289664
+2237.443648 -79.416455
+2237.153011 -79.741252
+2016.816745 -306.080843
+2016.866924 -305.965757
+2016.699217 -306.071500
+2237.161100 -79.732441
+2237.388614 -79.490685
+2237.321466 -79.544368
+2237.173909 -79.701826
+2237.202302 -79.688102
+2237.274494 -79.594119
+2237.235474 -79.652562
+2237.377748 -79.485252
+2158.509374 +144.816619
+2158.587801 +144.885690
+2016.442734 -306.231181
+2158.274197 +144.498915
+2158.404109 +144.680710
+2158.267996 +144.489712
+2158.426227 +144.681704
+2237.236462 -79.634643
+2237.177692 -79.714621
+2237.207153 -79.666036
+2237.186333 -79.688432
+2158.509382 +144.816623
+2158.286820 +144.517191
+2158.524990 +144.808821
+2158.452554 +144.744362
+2158.471293 +144.740850
+2158.364012 +144.626189
+2158.389052 +144.631645
+2158.331351 +144.580720
+2158.307720 +144.517662
+2158.305732 +144.544353
+2016.257027 -306.430533
+2016.699204 -306.071459
+2237.328226 -79.554095
+2237.277386 -79.607923
+2158.452553 +144.744311
+2158.524992 +144.808837
+2158.268028 +144.489731
+2158.359266 +144.590632
+2158.336515 +144.558731
+2158.310885 +144.522227
+2158.320424 +144.535900
+2016.358195 -306.368229
+2158.471311 +144.740849
+2016.484875 -306.289659
+2016.442744 -306.231183
+2237.321462 -79.544356
+2237.274471 -79.594127
+2237.235472 -79.652570
+2237.236458 -79.634652
+2237.202261 -79.688151
+2237.207135 -79.666057
+2237.186334 -79.688438
+42.968415 +0.000000
+42.839435 +0.000000
+47.389205 -0.000000
+46.627163 +0.000000
+42.968428 +0.000000
+45.263689 +0.000000
+2114.306020 +184.696835
+2114.184639 +184.631260
+2114.193139 +184.612584
+2114.080619 +184.548382
+2220.411259 +58.415070
+2220.401227 +58.388246
+2114.093873 +184.533532
+2113.989588 +184.471604
+2194.401343 +102.795840
+2194.317655 +102.685914
+2194.241643 +102.603365
+2194.244724 +102.585778
+2194.175210 +102.508624
+2194.317858 +102.708026
+2194.317630 +102.685835
+2194.241603 +102.603399
+2016.637774 -306.194382
+2158.389037 +144.631627
+56.138187 -0.000000
+51.677868 +0.000000
+50.488166 -0.000000
+45.668339 -0.000000
+46.885781 +0.000000
+49.889131 +0.000000
+48.999287 -0.000000
+49.313675 -0.000000
+50.556460 -0.000000
+46.615536 +0.000000
+46.760115 +0.000000
+48.950525 +0.000000
+48.337416 -0.000000
+49.889757 +0.000000
+49.399791 -0.000000
+48.950863 +0.000000
+2114.306037 +184.696833
+2114.184645 +184.631239
+2114.007138 +184.460527
+2113.910221 +184.401344
+2114.193075 +184.612515
+2114.080621 +184.548437
+2114.093866 +184.533535
+2016.557936 -306.159740
+2016.289640 -306.325548
+2016.251415 -306.348868
+2016.353374 -306.286367
+2237.173901 -79.701823
+2194.181456 +102.495429
+2194.244717 +102.585775
+2158.426242 +144.681699
+2158.404155 +144.680674
+2158.274215 +144.498726
+2158.364037 +144.626194
+2158.286786 +144.517177
+2158.331327 +144.580755
+2158.310889 +144.522222
+2194.117643 +102.423524
+2194.126950 +102.414791
+2194.175077 +102.508579
+2194.181434 +102.495423
+2158.359257 +144.590633
+2158.305659 +144.544357
+2158.336483 +144.558716
+2158.320418 +144.535916
+2194.068376 +102.348247
+2194.080371 +102.343823
+2194.117655 +102.423547
+2194.126948 +102.414797
+2193.913837 +102.095195
+2193.908486 +102.085804
+2194.026400 +102.282220
+2193.924786 +102.113943
+2193.908504 +102.085825
+2193.938717 +102.113293
+2194.068388 +102.348208
+2194.080389 +102.343836
+2193.913886 +102.095048
+2194.041350 +102.282434
+2194.009145 +102.230637
+2193.991653 +102.225924
+2194.026452 +102.282194
+2193.983350 +102.188321
+2193.963359 +102.179135
+2193.963646 +102.155480
+2193.941457 +102.117976
+2193.941165 +102.141792
+2193.949722 +102.132017
+2193.924759 +102.113907
+2194.041365 +102.282433
+2193.963334 +102.179147
+2193.991676 +102.225950
+2193.941100 +102.141757
+50.489563 -0.000000
+56.608406 -0.000000
+54.644287 -0.000000
+2236.339433 +12.638559
+2236.438146 +12.774656
+2220.328576 +58.298917
+2113.617779 +184.110080
+2113.625391 +184.118460
+2220.193681 +58.098223
+2220.322486 +58.276682
+2220.256641 +58.193424
+2220.253635 +58.175547
+2220.401227 +58.388259
+2113.931946 +184.394079
+2113.841892 +184.338050
+2113.640782 +184.135008
+2113.989453 +184.471690
+2114.007117 +184.460536
+2113.910221 +184.401344
+2194.009136 +102.230614
+2193.941461 +102.117971
+2193.963623 +102.155459
+95.263523 -0.000000
+82.838761 -0.000000
+50.556460 +0.000000
+54.035695 +0.000000
+80.315937 -0.000000
+76.351661 +0.000000
+78.005387 +0.000000
+54.467181 +0.000000
+54.467185 -0.000000
+60.875165 -0.000000
+56.139658 -0.000000
+58.607791 -0.000000
+56.608814 +0.000000
+1955.933288 -329.073913
+58.971320 +0.000000
+1943.618530 +0.009064
+1935.424932 +0.002460
+1955.967244 -328.984693
+57.643052 +0.000000
+58.904338 -0.000000
+1955.590872 -329.328131
+1955.635535 -329.228052
+56.601171 -0.000000
+1955.967220 -328.984667
+2242.259211 -33.301827
+2236.421340 +12.749255
+2242.162502 -33.415920
+2242.234676 -33.323289
+2236.352411 +12.659291
+2220.328569 +58.298923
+2113.867447 +184.334708
+2113.931957 +184.394099
+2113.783386 +184.281809
+2113.813002 +184.282525
+2113.669018 +184.135733
+2113.734788 +184.233172
+2113.695077 +184.192365
+2113.663857 +184.159576
+2113.617818 +184.110082
+2113.767983 +184.238046
+2113.625353 +184.118241
+2113.841872 +184.338000
+2113.704132 +184.172757
+2113.684512 +184.152201
+2113.640756 +184.135012
+2113.672881 +184.139859
+1954.992279 -329.758860
+1955.276902 -329.556431
+2242.142082 -33.432864
+79.546991 +0.000000
+54.644294 +0.000000
+1955.590821 -329.328168
+1955.635191 -329.228229
+1954.313890 -330.230816
+1954.737337 -329.938193
+1954.816680 -329.808632
+1954.511435 -330.094834
+77.655690 -0.000000
+77.819895 -0.000000
+1955.332933 -329.445711
+1955.060121 -329.638772
+1954.602554 -329.956242
+1954.417039 -330.082523
+59.278915 +0.000000
+1955.276992 -329.556353
+58.706498 +0.000000
+2236.421322 +12.749304
+72.497214 +0.000000
+72.602212 +0.000000
+60.875096 -0.000000
+1955.060155 -329.638808
+1955.332942 -329.445719
+2236.277118 +12.555021
+58.860410 +0.000000
+2236.267424 +12.538357
+2236.352346 +12.659432
+2236.210889 +12.461185
+2236.339415 +12.638345
+70.804542 +0.000000
+70.912072 -0.000000
+70.914454 +0.000000
+64.293800 +0.000000
+62.460495 +0.000000
+63.035221 +0.000000
+64.542884 -0.000000
+2220.322478 +58.276588
+2236.277054 +12.555111
+2220.138996 +58.012899
+2220.256592 +58.193442
+65.975234 -0.000000
+63.012314 +0.000000
+68.348597 +0.000000
+66.778351 +0.000000
+64.531699 +0.000000
+2220.253627 +58.175552
+2220.141913 +58.003812
+2220.193703 +58.084662
+2220.193597 +58.098089
+63.255867 -0.000000
+65.566013 -0.000000
+65.565159 -0.000000
+66.392409 +0.000000
+66.392792 +0.000000
+63.229522 +0.000000
+63.271684 +0.000000
+67.790115 +0.000000
+67.786424 -0.000000
+67.719878 -0.000000
+63.271557 -0.000000
+67.717497 +0.000000
+67.865652 -0.000000
+67.866241 -0.000000
+2220.193686 +58.084655
+2113.867455 +184.334699
+2113.813015 +184.282516
+2193.983342 +102.188317
+2193.949711 +102.132024
+2113.783421 +184.281761
+2113.767963 +184.238035
+2113.734803 +184.233163
+2113.731813 +184.201396
+2113.695062 +184.192420
+2113.663800 +184.159613
+2113.672885 +184.139852
+2113.684515 +184.152219
+2113.704091 +184.172752
+2113.731806 +184.201402
+68.373074 +0.000000
+2061.507078 +220.588859
+2061.500887 +220.606795
+2061.368561 +220.552081
+2061.380397 +220.535941
+2242.076790 -33.518848
+2242.060084 -33.531759
+2242.234690 -33.323302
+1953.723570 -330.624727
+1953.751948 -330.606308
+1953.808025 -330.569141
+1953.891650 -330.513546
+2236.204385 +12.448579
+1954.260513 -330.187893
+1954.144427 -330.344828
+1954.992617 -329.759293
+1954.132690 -330.273359
+2236.267408 +12.538421
+2219.938502 +57.676906
+2220.092034 +57.937705
+2220.097536 +57.932784
+2220.138993 +58.012961
+2220.141914 +58.003801
+75.609653 +0.000000
+2242.162525 -33.415975
+1954.816766 -329.808567
+1954.737355 -329.938187
+1954.602547 -329.956244
+1954.511326 -330.094918
+1954.003765 -330.438929
+1953.905949 -330.423464
+2242.141952 -33.432868
+2242.001152 -33.611652
+1953.723513 -330.624669
+1954.313745 -330.230722
+2242.076822 -33.518913
+2241.987953 -33.620420
+2242.060107 -33.531781
+1954.417023 -330.082472
+1953.808040 -330.569164
+2241.924974 -33.699113
+1953.891775 -330.513595
+1954.260499 -330.187943
+1954.033449 -330.339188
+1954.144419 -330.344827
+2241.934524 -33.694454
+1954.132701 -330.273357
+1954.004039 -330.438923
+2242.000941 -33.611686
+2235.938167 +12.046793
+2236.153091 +12.376831
+2236.210847 +12.460751
+2236.149619 +12.368865
+2236.204367 +12.448596
+2235.943798 +12.055896
+2219.943670 +57.686182
+2236.103202 +12.302857
+2236.102504 +12.298810
+2220.051911 +57.871890
+2219.938515 +57.676906
+2219.954240 +57.704778
+2219.961678 +57.703397
+2220.018596 +57.815885
+2220.060246 +57.871575
+2220.092045 +57.937689
+2219.970016 +57.732391
+2235.955238 +12.074092
+2235.956651 +12.073380
+2236.153075 +12.377070
+2236.024635 +12.183093
+2236.060378 +12.238207
+2236.149626 +12.368791
+2236.062679 +12.238622
+2220.097545 +57.932812
+2219.943720 +57.686062
+2220.051969 +57.871863
+2220.029390 +57.819987
+2219.991394 +57.769436
+2220.060257 +57.871577
+2219.964321 +57.708043
+2219.985684 +57.745271
+2220.004634 +57.777898
+2219.972287 +57.721981
+2219.954223 +57.704730
+2220.029390 +57.819961
+2219.964324 +57.708037
+2219.985669 +57.745243
+2220.004627 +57.777892
+92.761258 -0.000000
+75.155841 +0.000000
+72.611205 -0.000000
+79.020019 -0.000000
+76.188265 -0.000000
+77.367427 +0.000000
+76.986175 -0.000000
+1915.410700 +0.005320
+2061.250214 +220.497543
+2061.507090 +220.588849
+1953.962576 -330.386301
+2235.972275 +12.101228
+74.222616 +0.000000
+82.112818 -0.000000
+72.596318 +0.000000
+72.609136 -0.000000
+75.609614 +0.000000
+93.489999 -0.000000
+93.035199 +0.000000
+90.198332 -0.000000
+90.165190 -0.000000
+74.219257 -0.000000
+74.223081 -0.000000
+1889.034523 -347.651204
+76.346396 +0.000000
+80.296119 +0.000000
+1932.506943 +0.009212
+2001.217498 +252.121173
+2001.227098 +252.107346
+79.018908 +0.000000
+2061.368554 +220.552058
+2061.380313 +220.535887
+2061.145585 +220.445014
+2061.267561 +220.483931
+2061.167912 +220.434155
+1953.751063 -330.606484
+2061.250244 +220.497586
+1953.920106 -330.414159
+2241.684025 -34.019312
+2061.267557 +220.483937
+2241.690721 -34.010423
+2241.876920 -33.767406
+2241.987957 -33.620444
+2235.995352 +12.137571
+2235.943789 +12.055697
+2220.018602 +57.815932
+78.978237 -0.000000
+77.677076 -0.000000
+77.711983 -0.000000
+82.206153 +0.000000
+82.703909 -0.000000
+88.160338 +0.000000
+86.434374 +0.000000
+87.401599 -0.000000
+88.433296 +0.000000
+84.737693 +0.000000
+86.915973 +0.000000
+86.262315 +0.000000
+82.838467 -0.000000
+87.396098 +0.000000
+85.993841 +0.000000
+85.969979 -0.000000
+82.703832 +0.000000
+86.255923 +0.000000
+85.994601 -0.000000
+2219.991377 +57.769417
+2219.969976 +57.732318
+2235.938161 +12.046727
+2219.972277 +57.721974
+2235.982587 +12.114505
+2061.080700 +220.387509
+2061.145488 +220.445149
+2061.053502 +220.395549
+2236.103197 +12.302898
+2236.102509 +12.298883
+2235.968126 +12.091635
+2235.959514 +12.077944
+2236.003011 +12.146529
+2236.029621 +12.187908
+2236.060425 +12.238067
+2061.167898 +220.434170
+2060.706442 +220.177344
+2060.715659 +220.183902
+2061.053500 +220.395553
+2061.005314 +220.344845
+2061.080721 +220.387529
+2060.973511 +220.349843
+2060.734179 +220.196747
+2060.706476 +220.177325
+2241.934642 -33.694480
+2241.924941 -33.699100
+2061.005314 +220.344836
+2236.062685 +12.238623
+2060.715548 +220.183682
+2060.904520 +220.308465
+2060.761924 +220.215735
+2060.769479 +220.195568
+2241.683983 -34.019293
+2060.941141 +220.306577
+2060.973472 +220.349805
+2060.799362 +220.240906
+2240.000000 -40.000000
+2240.000000 -40.000000
+2241.870508 -33.768113
+2241.785468 -33.885211
+2241.827259 -33.831162
+2241.751251 -33.930084
+2241.724180 -33.965831
+2241.700205 -33.990094
+2241.704132 -33.992449
+2241.690565 -34.010425
+2060.811622 +220.224004
+2060.734166 +220.196759
+2241.730685 -33.949646
+2060.844713 +220.245810
+2241.876925 -33.767416
+2241.713703 -33.972147
+2241.703577 -33.985610
+2240.000000 -40.000000
+2240.000000 -40.000000
+2240.000000 -40.000000
+2060.941151 +220.306566
+2060.774128 +220.198754
+2060.788094 +220.208262
+2060.904537 +220.308411
+2060.887789 +220.273443
+2060.846786 +220.271929
+2241.870547 -33.768107
+2241.824257 -33.827436
+2241.785737 -33.877397
+2241.754609 -33.918100
+2060.788106 +220.208276
+2060.887768 +220.273440
+2060.846788 +220.271918
+2241.704081 -33.992487
+2241.827186 -33.831092
+2241.824255 -33.827427
+2240.000000 -40.000000
+2240.000000 -40.000000
+93.399703 -0.000000
+92.183751 -0.000000
+86.915505 +0.000000
+1888.942191 -347.746274
+1931.100872 +0.002600
+2060.844712 +220.245817
+2001.084444 +252.109740
+2001.099513 +252.096032
+104.787161 +0.000000
+104.180838 +0.000000
+103.248099 -0.000000
+2001.227102 +252.107332
+101.345737 -0.000000
+88.158545 -0.000000
+90.190958 +0.000000
+91.104331 -0.000000
+92.227693 -0.000000
+96.510072 -0.000000
+99.469838 -0.000000
+98.526867 -0.000000
+99.675637 +0.000000
+99.658497 -0.000000
+99.664866 +0.000000
+95.252892 +0.000000
+92.751036 +0.000000
+96.887047 -0.000000
+97.244184 -0.000000
+97.207368 +0.000000
+93.032396 +0.000000
+98.088354 -0.000000
+97.779110 -0.000000
+97.868485 +0.000000
+97.868099 +0.000000
+2236.024627 +12.183223
+2241.724083 -33.965868
+2235.955199 +12.074046
+2235.972240 +12.101056
+2235.968117 +12.091601
+2235.995337 +12.137471
+2236.003000 +12.146536
+2240.000000 -40.000000
+2240.000000 -40.000000
+1953.962601 -330.386264
+1954.033455 -330.339376
+1953.920085 -330.414168
+2001.084423 +252.109726
+2000.963151 +252.094126
+2235.982572 +12.114447
+2001.099414 +252.096002
+2000.983869 +252.081110
+2060.761897 +220.215791
+2236.029618 +12.187855
+2000.854233 +252.075863
+2060.799369 +220.240976
+2000.880233 +252.064063
+2060.811574 +220.224014
+2235.959510 +12.077931
+2060.774128 +220.198745
+2000.379397 +251.950686
+2000.963196 +252.094142
+2000.983868 +252.081115
+2241.785532 -33.885211
+2241.703564 -33.985610
+2241.713686 -33.972153
+2241.751202 -33.930090
+2241.730650 -33.949664
+2241.785704 -33.877400
+2241.754608 -33.918112
+2240.000000 -40.000000
+2000.389693 +251.954293
+2000.788336 +252.046015
+2000.880229 +252.064081
+2000.854193 +252.076025
+2000.379412 +251.950654
+2000.757121 +252.056510
+2000.671717 +252.036884
+2000.410270 +251.961207
+2000.708013 +252.027989
+2000.597334 +252.017967
+2000.441023 +251.971287
+2000.638905 +252.010671
+2000.757124 +252.056517
+2000.389508 +251.954107
+2000.580981 +251.994886
+2000.450958 +251.955285
+2000.410265 +251.961218
+2000.534399 +252.000106
+2000.482350 +251.984396
+2000.533895 +251.981225
+2000.497524 +251.970124
+2000.471563 +251.961984
+2000.456112 +251.956973
+2000.788366 +252.046026
+105.220683 +0.000000
+106.514166 -0.000000
+104.369478 -0.000000
+102.586565 +0.000000
+101.344370 -0.000000
+1888.576931 -348.042894
+1888.679526 -347.934561
+1914.558126 +0.005175
+1889.034488 -347.651184
+2000.708009 +252.027986
+106.955965 -0.000000
+108.254815 +0.000000
+105.216832 +0.000000
+109.404056 -0.000000
+108.937507 +0.000000
+108.834348 +0.000000
+117.720431 -0.000000
+115.338484 -0.000000
+113.624776 -0.000000
+103.250340 +0.000000
+121.757440 -0.000000
+112.106011 -0.000000
+112.308455 -0.000000
+116.086045 +0.000000
+114.867188 -0.000000
+114.821984 -0.000000
+117.536966 +0.000000
+110.945630 -0.000000
+1934.293748 +278.660247
+1934.307772 +278.649679
+1934.198247 +278.679628
+1934.179700 +278.691653
+119.691151 +0.000000
+107.670907 +0.000000
+1934.307768 +278.649668
+1888.241511 -348.310281
+1888.354973 -348.188807
+1888.576895 -348.042959
+1888.679090 -347.934765
+1886.570180 -349.570989
+1886.600933 -349.549140
+1886.661573 -349.505023
+1887.936508 -348.547955
+1888.061883 -348.414852
+1887.799936 -348.614190
+110.945811 -0.000000
+1886.751963 -349.439055
+1887.420207 -348.943614
+1887.663001 -348.758941
+1886.816040 -349.339244
+1887.207729 -349.104168
+1933.531114 +278.772732
+1933.541151 +278.772719
+1934.073440 +278.716021
+1934.179676 +278.691659
+1934.198144 +278.679628
+1933.809121 +278.757240
+1933.887869 +278.747671
+1933.920956 +278.733560
+1933.847067 +278.742991
+1933.976068 +278.734161
+144.609660 +0.000000
+1934.073479 +278.716008
+1934.096844 +278.702843
+1934.004323 +278.720478
+143.712263 +0.000000
+142.353531 +0.000000
+142.096475 +0.000000
+106.952050 -0.000000
+108.260324 -0.000000
+109.397185 +0.000000
+108.856345 -0.000000
+1888.354985 -348.188812
+139.321948 -0.000000
+138.747099 +0.000000
+1888.241579 -348.310167
+137.438016 +0.000000
+138.065390 -0.000000
+136.745314 -0.000000
+127.790650 -0.000000
+112.300570 -0.000000
+112.176484 -0.000000
+113.634725 -0.000000
+1887.936951 -348.548457
+134.542505 -0.000000
+134.124716 +0.000000
+130.824175 -0.000000
+126.425248 +0.000000
+126.689819 +0.000000
+129.886635 +0.000000
+132.722285 -0.000000
+1934.096846 +278.702846
+132.277630 -0.000000
+1887.368983 -348.936513
+1886.570097 -349.570950
+1888.061929 -348.414884
+122.862996 -0.000000
+125.502880 +0.000000
+132.169769 +0.000000
+1886.873038 -349.350585
+2000.671669 +252.036869
+114.540568 +0.000000
+123.289767 +0.000000
+1886.599845 -349.549361
+1886.954176 -349.239528
+114.955496 +0.000000
+117.525417 -0.000000
+1887.569179 -348.787730
+1886.661596 -349.505044
+1886.831379 -349.328225
+2000.597332 +252.017912
+2000.638913 +252.010659
+133.885752 +0.000000
+116.002200 -0.000000
+121.127613 -0.000000
+120.542919 -0.000000
+119.262249 -0.000000
+1887.024871 -349.239139
+1887.199841 -349.060797
+2000.441028 +251.971342
+1887.663017 -348.758924
+1886.877425 -349.295286
+129.870012 -0.000000
+1933.976092 +278.734320
+119.775825 -0.000000
+121.129351 +0.000000
+1887.061604 -349.161723
+1886.752111 -349.439071
+2000.580963 +251.994892
+2000.534395 +252.000101
+2000.482389 +251.984467
+2000.456106 +251.956965
+2000.471580 +251.961988
+1887.569176 -348.787733
+1934.004328 +278.720493
+126.721513 +0.000000
+123.452869 +0.000000
+123.274760 -0.000000
+125.524933 -0.000000
+126.236789 +0.000000
+2000.533898 +251.981230
+2000.497479 +251.970153
+120.571037 +0.000000
+120.614129 +0.000000
+1887.199834 -349.060854
+1887.061613 -349.161716
+1886.877438 -349.295238
+1887.024864 -349.239139
+1828.269536 +0.006247
+1933.561099 +278.772414
+1933.782688 +278.749511
+1887.800036 -348.614098
+1933.739732 +278.763962
+1887.420099 -348.943727
+1933.920989 +278.733557
+1887.368962 -348.936450
+1887.207546 -349.104075
+130.023482 +0.000000
+140.713796 -0.000000
+130.543265 -0.000000
+139.070864 +0.000000
+137.459040 -0.000000
+136.734059 +0.000000
+132.163062 -0.000000
+132.676485 +0.000000
+134.904653 +0.000000
+134.480854 +0.000000
+133.968073 +0.000000
+1886.873389 -349.350543
+1886.954198 -349.239765
+1886.831362 -349.328245
+1933.590805 +278.771715
+1933.887877 +278.747673
+1933.728165 +278.753807
+1933.680167 +278.767930
+1933.847064 +278.742992
+1933.531107 +278.772701
+1933.809078 +278.757247
+1933.540913 +278.772604
+1933.561099 +278.772423
+1933.782692 +278.749496
+1933.683473 +278.756551
+1933.603913 +278.759648
+1933.739710 +278.763914
+1933.648711 +278.758161
+1933.630512 +278.770362
+1933.608890 +278.759524
+1933.623785 +278.759122
+1933.590835 +278.771752
+1933.680164 +278.767930
+1933.728153 +278.753820
+1933.683477 +278.756552
+1834.276188 +0.009323
+1818.422875 -360.927515
+1818.244766 -361.011123
+1818.045530 -361.251577
+1861.673002 +299.810552
+1817.858442 -361.351653
+1861.692381 +299.801135
+1861.594100 +299.871631
+1861.616467 +299.859783
+153.864453 -0.000000
+151.970506 -0.000000
+148.588873 +0.000000
+146.755095 -0.000000
+145.833452 +0.000000
+150.299688 -0.000000
+149.536042 +0.000000
+145.493337 +0.000000
+149.786083 -0.000000
+1861.692372 +299.801130
+142.842494 +0.000000
+143.274460 -0.000000
+1834.242494 +0.008872
+1745.038739 -368.727456
+1745.341711 -368.691242
+1818.422829 -360.927506
+1815.731477 -363.120314
+1815.764227 -363.094899
+1815.828661 -363.043488
+1818.044968 -361.251796
+1815.924673 -362.966644
+1817.858437 -361.351740
+1817.180716 -361.933639
+1816.891071 -362.177432
+1817.700365 -361.543083
+1817.503782 -361.659430
+1817.109859 -362.032196
+1817.388585 -361.802754
+170.307883 +0.000000
+169.786509 -0.000000
+167.797702 +0.000000
+166.542637 +0.000000
+166.281596 -0.000000
+164.664694 -0.000000
+164.998885 +0.000000
+156.271240 +0.000000
+144.196946 +0.000000
+163.128108 +0.000000
+158.289302 -0.000000
+155.279201 -0.000000
+154.207705 -0.000000
+1861.616373 +299.859811
+1861.594089 +299.871650
+1861.111772 +300.143100
+1861.103635 +300.146378
+163.556238 -0.000000
+160.838939 +0.000000
+159.354467 +0.000000
+145.395352 +0.000000
+151.393482 -0.000000
+1861.127836 +300.136333
+159.636441 +0.000000
+1861.447586 +299.970799
+1861.518612 +299.925018
+1861.476918 +299.954700
+147.020536 -0.000000
+1861.544283 +299.910794
+157.084833 -0.000000
+146.874068 +0.000000
+146.607979 -0.000000
+161.581854 +0.000000
+154.039211 +0.000000
+1817.700380 -361.543084
+1817.503815 -361.659283
+1933.608881 +278.759522
+1861.382008 +300.010095
+1861.415008 +299.992167
+1861.544287 +299.910796
+1861.151647 +300.126058
+1861.518631 +299.924988
+155.394626 +0.000000
+158.646744 +0.000000
+149.067285 -0.000000
+149.791568 +0.000000
+151.850779 +0.000000
+151.114974 +0.000000
+1817.388644 -361.802778
+1861.103614 +300.146362
+159.634494 -0.000000
+1742.363968 -371.142249
+1742.398788 -371.113162
+1744.935537 -369.058753
+1744.248011 -369.468385
+1744.626027 -369.116546
+218.093314 +0.000000
+1933.623799 +278.759115
+1933.648678 +278.758208
+1933.630581 +278.770413
+145.524369 +0.000000
+151.527627 +0.000000
+193.397802 +0.000000
+192.707417 +0.000000
+192.331636 +0.000000
+1815.731372 -363.120305
+1815.762893 -363.095130
+1817.181276 -361.934236
+189.732512 -0.000000
+185.581275 +0.000000
+188.554972 -0.000000
+1817.109977 -362.032071
+186.883473 +0.000000
+184.066730 +0.000000
+187.770363 -0.000000
+1816.864216 -362.232277
+1815.828697 -363.043503
+188.053171 -0.000000
+167.610534 -0.000000
+164.439023 -0.000000
+162.564871 -0.000000
+162.166814 -0.000000
+161.368910 -0.000000
+161.480646 +0.000000
+163.738917 +0.000000
+166.381281 +0.000000
+1816.891076 -362.177405
+1816.633749 -362.391193
+1816.053219 -362.863702
+1816.061512 -362.870526
+1815.924839 -362.966619
+1816.651040 -362.404159
+1816.864215 -362.232280
+173.326784 +0.000000
+174.663234 +0.000000
+175.817368 -0.000000
+170.008564 -0.000000
+170.890037 -0.000000
+177.491659 +0.000000
+1816.470766 -362.547861
+1816.408633 -362.577280
+182.102419 -0.000000
+173.877653 -0.000000
+174.088819 +0.000000
+178.084324 +0.000000
+180.315602 +0.000000
+179.587157 -0.000000
+179.736411 +0.000000
+182.795302 +0.000000
+182.124189 -0.000000
+1816.127037 -362.819567
+1816.633653 -362.391337
+1816.208881 -362.754865
+1816.651000 -362.404081
+1816.470766 -362.547927
+1861.476929 +299.954709
+1861.447664 +299.970927
+1861.111522 +300.143071
+1861.127841 +300.136341
+1861.169116 +300.116561
+173.233797 +0.000000
+1816.077885 -362.857747
+1816.323427 -362.664708
+1861.415035 +299.992150
+1861.382013 +300.010090
+175.335909 +0.000000
+176.517612 +0.000000
+173.571250 +0.000000
+180.806327 -0.000000
+177.991445 +0.000000
+1816.214418 -362.734149
+1816.408404 -362.577190
+1816.127034 -362.819510
+1861.359182 +300.023735
+1861.322358 +300.043295
+1861.309802 +300.049955
+1861.183261 +300.112000
+1861.151686 +300.126070
+1861.173102 +300.114828
+1861.204851 +300.100689
+1861.269063 +300.071259
+173.995456 -0.000000
+180.219146 +0.000000
+178.708520 +0.000000
+178.881013 +0.000000
+1816.077875 -362.857778
+1816.323432 -362.664696
+1816.214411 -362.734149
+1861.359182 +300.023736
+1861.222468 +300.093852
+1861.232365 +300.088021
+1861.185021 +300.109637
+1861.267434 +300.071194
+1861.322328 +300.043318
+1816.208920 -362.755162
+1861.309801 +300.049940
+1861.222467 +300.093852
+1861.232368 +300.088019
+1861.204839 +300.100744
+1861.267434 +300.071209
+1861.269021 +300.071225
+1861.185028 +300.109624
+1861.173096 +300.114834
+1822.134801 +0.006696
+480.666983 +0.000000
+463.354220 +0.000000
+1744.564537 -369.389614
+1745.341653 -368.691248
+1742.467165 -371.054094
+1744.229934 -369.684526
+1743.903691 -369.782140
+1743.931207 -369.945316
+1742.569008 -370.965818
+1743.595544 -370.061120
+223.989627 -0.000000
+1743.440095 -370.368611
+1743.668196 -370.172908
+219.314897 +0.000000
+199.514804 -0.000000
+198.544667 -0.000000
+197.139187 -0.000000
+195.870449 -0.000000
+195.155675 +0.000000
+193.840084 -0.000000
+185.092746 +0.000000
+1861.183346 +300.112016
+1816.053645 -362.863600
+217.249997 +0.000000
+214.309551 -0.000000
+212.924336 -0.000000
+1744.934788 -369.058955
+187.185022 +0.000000
+211.697491 +0.000000
+210.903316 -0.000000
+201.524873 +0.000000
+203.187223 -0.000000
+204.771413 +0.000000
+210.271152 +0.000000
+202.059330 -0.000000
+205.540897 -0.000000
+206.735019 -0.000000
+208.210042 -0.000000
+209.023212 +0.000000
+189.769246 +0.000000
+188.091037 +0.000000
+187.973627 +0.000000
+191.785832 +0.000000
+1744.626065 -369.116645
+1744.564557 -369.389609
+192.663335 +0.000000
+209.380240 -0.000000
+193.708825 -0.000000
+195.773400 +0.000000
+196.034667 +0.000000
+1744.248001 -369.468208
+1742.363846 -371.142281
+1744.230009 -369.684540
+1742.810040 -370.900255
+1743.322026 -370.305914
+1743.931357 -369.945156
+1743.904384 -369.782891
+1742.397132 -371.113319
+1743.247302 -370.532272
+197.050820 -0.000000
+198.438691 -0.000000
+1742.705328 -370.847657
+1743.082979 -370.519068
+200.192612 +0.000000
+200.745874 -0.000000
+1742.467215 -371.054095
+1743.668195 -370.172911
+1742.967462 -370.768266
+1742.880038 -370.842142
+1743.089844 -370.665456
+1743.595532 -370.061088
+1742.827499 -370.885661
+1743.440048 -370.368508
+1742.876505 -370.699092
+203.819860 +0.000000
+1742.569189 -370.965745
+206.840300 -0.000000
+204.913332 -0.000000
+202.843435 -0.000000
+201.939967 -0.000000
+1743.321924 -370.306098
+1743.247312 -370.532348
+1743.082688 -370.518979
+1742.705890 -370.847504
+1743.089843 -370.665443
+1742.827503 -370.885699
+1742.880016 -370.842079
+1742.967510 -370.768639
+1742.876496 -370.699094
+1774.047058 +0.011745
+1784.480640 +315.319667
+1784.455721 +315.331086
+1784.417577 +315.402533
+1784.443818 +315.388551
+1784.480631 +315.319669
+1761.836438 +0.014505
+522.253015 +0.000000
+504.897577 +0.000000
+506.815552 -0.000000
+511.976930 -0.000000
+511.589081 -0.000000
+510.399798 -0.000000
+469.927476 -0.000000
+472.402030 +0.000000
+474.217635 +0.000000
+484.115824 -0.000000
+481.648194 -0.000000
+481.407965 -0.000000
+208.381339 +0.000000
+208.869952 +0.000000
+210.245952 -0.094411
+210.245952 +0.094411
+1773.748858 +0.010125
+507.226297 +0.000000
+512.556410 +0.000000
+532.030488 +0.000000
+516.314663 -0.000000
+541.533119 -0.000000
+505.956060 -0.000000
+526.744818 -0.000000
+490.812633 -0.000000
+1784.443740 +315.388602
+1784.417584 +315.402551
+1784.379250 +315.467415
+1784.145411 +315.768824
+478.536278 +0.000000
+1784.155388 +315.758211
+1784.341442 +315.525401
+1784.192781 +315.732798
+1784.170071 +315.742302
+459.052138 -0.000000
+466.478287 -0.000000
+475.075480 -0.000000
+461.329612 +0.000000
+478.617170 +0.000000
+1784.407020 +315.450773
+1784.140297 +315.774070
+1784.240771 +315.660993
+1784.189380 +315.720902
+1784.195236 +315.730120
+1784.202583 +315.722117
+467.716078 +0.000000
+1784.214676 +315.708547
+467.669736 -0.000000
+225.445180 +0.000000
+220.942328 -0.000000
+221.490909 +0.000000
+220.159236 -0.000000
+1784.371271 +315.506268
+1784.140273 +315.774073
+475.574816 -0.000000
+476.795406 +0.000000
+474.688274 +0.000000
+226.214554 +0.000000
+215.189333 +0.000000
+230.808133 +0.000000
+231.066289 -0.000000
+228.720992 -0.000000
+227.363879 +0.000000
+228.642118 +0.000000
+213.453828 +0.000000
+213.346207 -0.000000
+1784.407024 +315.450772
+217.540660 -0.000000
+216.691080 +0.000000
+219.036542 -0.000000
+1784.379246 +315.467386
+1784.305402 +315.576875
+1784.145185 +315.768871
+1784.341552 +315.525483
+1784.337310 +315.555268
+1784.155397 +315.758213
+1784.305819 +315.597909
+1784.271623 +315.621930
+1784.277299 +315.634441
+1784.252327 +315.664892
+1784.231347 +315.689565
+1784.213048 +315.693872
+1784.170104 +315.742291
+1784.202579 +315.722105
+1784.214688 +315.708600
+1784.305819 +315.597909
+543.726941 -0.000000
+1784.305401 +315.576868
+1784.195236 +315.730128
+549.341461 -0.000000
+539.096454 +0.000000
+543.695078 -0.000000
+472.168598 +0.000000
+456.578372 +0.000000
+466.288093 +0.000000
+468.250500 -0.000000
+467.564030 -0.000000
+453.612371 +0.000000
+454.681736 +0.000000
+454.995036 -0.000000
+464.352345 +0.000000
+462.644648 +0.000000
+461.029031 -0.000000
+459.037498 +0.000000
+220.058457 +0.000000
+221.013567 +0.000000
+221.389592 +0.000000
+223.673994 -0.000000
+449.567314 -0.000000
+224.265503 +0.000000
+447.781503 -0.000000
+225.881069 -0.000000
+249.158162 -0.000000
+235.189705 -0.000000
+248.261026 +0.000000
+456.008516 +0.000000
+455.330500 -0.000000
+393.161355 -0.000000
+398.324615 +0.000000
+398.718969 +0.000000
+391.610478 +0.000000
+395.123390 -0.000000
+388.176031 +0.000000
+403.487588 -0.000000
+374.693124 -0.000000
+233.696652 -0.000000
+238.334038 -0.000000
+406.359248 -0.000000
+385.102467 -0.000000
+233.422167 -0.000000
+236.624936 +0.000000
+408.971439 -0.000000
+377.132484 +0.000000
+377.964965 +0.000000
+240.792052 +0.000000
+246.425219 -0.000000
+245.991005 -0.000000
+226.854559 -0.000000
+227.240279 -0.000000
+242.029657 -0.000000
+237.272626 +0.000000
+454.090894 +0.000000
+404.429770 +0.000000
+382.861232 +0.000000
+378.961839 -0.000000
+243.978510 -0.000000
+230.088682 +0.000000
+437.949975 -0.000000
+441.351338 -0.000000
+443.484889 -0.000000
+242.987149 +0.000000
+449.426689 -0.000000
+436.852270 +0.000000
+443.662097 +0.000000
+232.271148 +0.000000
+414.393876 -0.000000
+447.606420 -0.000000
+416.764727 -0.000000
+433.050222 -0.000000
+391.448797 -0.000000
+417.615673 -0.000000
+418.639982 -0.000000
+399.723641 +0.000000
+233.284839 +0.000000
+235.598130 -0.000000
+234.467167 +0.000000
+233.958720 -0.000000
+237.339965 -0.000000
+395.343249 +0.000000
+401.997627 +0.000000
+404.361838 +0.000000
+408.766024 -0.000000
+408.282436 -0.000000
+440.500076 +0.000000
+442.127560 -0.000000
+443.109762 -0.000000
+443.679848 +0.000000
+1733.705718 +0.006428
+1760.607540 +0.015920
+1784.371283 +315.506269
+1784.189461 +315.720879
+644.327404 -0.000000
+247.905280 -0.000000
+251.676901 +0.000000
+372.921847 -0.000000
+238.773080 +0.000000
+240.112541 +0.000000
+437.648520 +0.000000
+432.413045 -0.000000
+432.758343 +0.000000
+388.289794 +0.000000
+386.826706 +0.000000
+240.335627 +0.000000
+420.967897 +0.000000
+242.349574 +0.000000
+429.834238 +0.000000
+429.456411 -0.000000
+412.889799 +0.000000
+384.893314 -0.000000
+382.893298 -0.000000
+383.951704 +0.000000
+1784.213047 +315.693872
+1784.240727 +315.660982
+1784.231347 +315.689562
+1784.277291 +315.634428
+1784.271610 +315.621959
+1784.337327 +315.555243
+1784.252329 +315.664905
+559.136114 -0.000000
+436.583173 -0.000000
+242.584291 -0.000000
+244.814444 +0.000000
+245.639548 +0.000000
+414.233500 +0.000000
+252.185322 -0.000000
+433.232871 -0.000000
+379.766537 -0.000000
+253.764550 -0.000000
+253.495701 -0.000000
+369.761592 +0.000000
+432.405929 +0.000000
+427.228571 -0.000000
+247.695786 -0.000000
+249.475318 +0.000000
+256.523303 -0.000000
+258.343214 -0.000000
+250.373677 +0.000000
+255.232691 -0.000000
+259.536889 +0.000000
+257.688657 +0.000000
+379.014538 +0.000000
+421.662450 -0.000000
+375.181871 +0.000000
+366.785757 +0.000000
+429.968049 +0.000000
+425.495800 +0.000000
+418.358869 +0.000000
+418.039445 -0.000000
+262.171434 -0.000000
+422.320394 +0.000000
+262.996948 +0.000000
+365.853486 +0.000000
+319.263667 -0.000000
+326.514262 +0.000000
+332.389832 +0.000000
+321.136399 +0.000000
+426.225611 -0.000000
+424.268126 -0.000000
+266.378686 -0.000000
+372.761493 +0.000000
+371.579791 +0.000000
+363.786248 -0.000000
+327.609223 -0.000000
+335.522505 +0.000000
+324.645406 +0.000000
+316.008185 +0.000000
+328.040267 -0.000000
+265.179149 +0.000000
+422.977683 -0.000000
+429.099603 -0.000000
+362.298860 -0.000000
+362.026149 -0.000000
+302.186383 -0.000000
+304.585476 -0.000000
+310.460127 -0.000000
+307.787548 -0.000000
+311.474981 +0.000000
+315.092631 -0.000000
+300.523763 -0.000000
+306.767707 +0.000000
+423.242154 -0.000000
+252.350959 +0.000000
+367.591892 -0.000000
+312.609817 +0.000000
+305.671869 -0.000000
+308.708074 -0.000000
+253.573056 -0.000000
+255.350958 +0.000000
+256.913121 +0.000000
+257.883816 -0.000000
+330.509219 -0.000000
+321.366269 -0.000000
+320.588491 +0.000000
+323.991151 +0.000000
+328.002686 +0.000000
+325.042009 +0.000000
+314.112962 -0.000000
+315.222239 +0.000000
+311.630278 +0.000000
+312.587081 -0.000000
+2240.000000 -40.000000
+660.736713 -0.000000
+655.767915 -0.000000
+640.507613 -0.000000
+608.404317 +0.000000
+604.657994 +0.000000
+264.989149 +0.000000
+259.521048 +0.000000
+254.921342 +0.000000
+1670.655181 -370.798130
+1720.217750 +0.004508
+1722.033670 +0.009121
+1704.709542 +0.004076
+1671.139253 -370.889006
+1670.684550 -371.309128
+681.075957 +0.000000
+683.442035 +0.000000
+623.368578 +0.000000
+562.649934 -0.000000
+619.817729 +0.000000
+615.914974 +0.000000
+618.671218 +0.000000
+604.164247 +0.000000
+610.138631 +0.000000
+613.587900 +0.000000
+613.976751 +0.000000
+618.641204 +0.000000
+568.032245 -0.000000
+566.515253 +0.000000
+565.247575 +0.000000
+561.924822 +0.000000
+562.369270 +0.000000
+427.408591 +0.000000
+297.477393 +0.000000
+338.357773 -0.000000
+299.160680 +0.000000
+260.188361 -0.000000
+359.675092 -0.000000
+359.071540 +0.000000
+366.054385 -0.000000
+309.458817 -0.000000
+308.493405 -0.000000
+1670.197927 -371.250125
+1667.762626 -373.554991
+1667.724840 -373.588225
+1671.139179 -370.889034
+1670.270893 -371.686775
+1669.899252 -372.023000
+1669.781184 -371.657875
+1669.568598 -372.320066
+1669.402582 -372.020940
+1670.683512 -371.309227
+1670.270916 -371.686761
+661.012992 +0.000000
+655.737719 -0.000000
+644.312602 -0.000000
+637.969199 +0.000000
+630.318819 -0.000000
+565.085995 +0.000000
+610.831092 +0.000000
+588.080163 +0.000000
+593.626842 -0.000000
+605.165600 +0.000000
+601.607038 -0.000000
+599.100693 +0.000000
+567.581832 +0.000000
+608.344634 +0.000000
+421.801559 -0.000000
+426.202699 +0.000000
+425.054971 +0.000000
+422.444696 +0.000000
+423.474968 +0.054088
+365.062090 -0.000000
+261.964668 +0.000000
+363.403183 -0.000000
+357.153514 -0.000000
+272.067122 -0.000000
+361.780088 +0.000000
+355.660414 -0.000000
+336.481350 +0.000000
+275.481555 -0.000000
+265.962384 -0.000000
+264.860930 -0.000000
+265.003416 +0.000000
+304.406105 +0.000000
+305.715181 -0.000000
+308.841881 +0.000000
+340.485505 +0.000000
+271.085724 +0.000000
+294.093293 -0.000000
+360.813521 -0.000000
+276.908844 -0.000000
+301.949078 -0.000000
+340.212340 -0.000000
+278.399361 +0.000000
+358.785494 +0.000000
+354.736554 -0.000000
+353.144431 -0.000000
+342.704590 +0.000000
+301.216420 -0.000000
+292.921850 -0.000000
+292.719399 +0.000000
+270.227472 -0.000000
+270.409588 -0.000000
+279.020186 +0.000000
+280.667619 +0.000000
+299.088328 -0.000000
+274.238349 +0.000000
+358.554000 +0.000000
+338.775769 -0.000000
+343.894694 +0.000000
+297.289553 -0.000000
+291.256004 +0.000000
+296.293556 +0.000000
+1667.836771 -373.487029
+1670.198019 -371.250225
+1669.027076 -372.801878
+1669.065056 -372.343141
+1669.278294 -372.579150
+679.618173 +0.000000
+1669.899351 -372.023005
+1669.568803 -372.319863
+568.676458 +0.000000
+339.215764 -0.000000
+290.320636 -0.000000
+1721.488890 +0.009825
+1703.904823 +325.095707
+1703.934194 +325.078466
+1703.902972 +325.159808
+1703.932323 +325.140629
+1669.781119 -371.657659
+1667.947136 -373.385416
+1668.335742 -373.406291
+1668.094910 -373.249472
+1668.766300 -372.625524
+1668.815095 -372.987952
+1668.508168 -373.256251
+1668.642308 -373.139384
+1668.505834 -372.871141
+1668.280910 -373.078599
+700.395093 -0.000000
+606.540898 +0.000000
+596.668944 +0.000000
+601.133047 +0.000000
+598.639623 -0.000000
+569.630296 +0.000000
+571.417880 +0.000000
+591.683674 +0.000000
+570.581326 +0.000000
+573.324775 +0.000000
+579.510143 +0.000000
+577.295905 +0.000000
+581.442358 +0.000000
+586.168966 -0.000000
+565.571236 -0.000000
+586.458107 +0.000000
+276.531663 +0.000000
+357.742188 -0.000000
+352.050292 +0.000000
+350.198904 -0.000000
+289.302558 +0.000000
+348.631236 -0.000000
+344.713134 +0.000000
+1703.836366 +325.519271
+1703.834484 +325.524883
+1703.839880 +325.508010
+1703.934189 +325.078473
+1703.898580 +325.219488
+1703.927998 +325.198208
+1703.891999 +325.274286
+1703.932265 +325.140695
+1703.902987 +325.159813
+1669.403444 -372.021979
+1667.724706 -373.588312
+1667.760512 -373.554897
+1667.836835 -373.487003
+1668.354830 -373.389703
+1668.412383 -373.340323
+1669.278292 -372.579154
+1703.834471 +325.524899
+1669.065023 -372.343113
+1669.027018 -372.801737
+1667.947336 -373.385285
+1668.095665 -373.249258
+1668.766182 -372.625764
+1668.815115 -372.988043
+1668.642301 -373.139370
+1668.508202 -373.256736
+1668.505455 -372.871043
+1668.280897 -373.078606
+1668.412337 -373.340254
+423.474968 -0.054088
+596.635522 +0.000000
+581.857700 +0.000000
+599.015503 +0.000000
+271.329448 -0.000000
+269.907203 +0.000000
+574.492329 +0.000000
+355.307270 -0.000000
+566.338176 +0.000000
+598.423102 +0.000000
+592.566439 +0.000000
+576.010252 -0.000000
+277.079192 -0.000000
+277.896551 +0.000000
+270.278123 +0.000000
+289.754986 -0.000000
+288.437351 +0.000000
+340.384684 -0.000000
+282.500235 +0.000000
+345.551482 +0.122758
+345.551482 -0.122758
+587.818624 -0.000000
+286.356699 -0.000000
+282.048408 -0.000000
+567.608392 -0.000000
+346.135105 +0.000000
+283.138030 -0.000000
+270.451644 +0.000000
+568.330095 -0.000000
+293.737984 -0.000000
+278.878106 -0.000000
+347.450536 +0.000000
+347.106227 +0.000000
+342.080222 -0.000000
+568.075209 -0.000000
+586.094215 -0.000000
+571.515699 -0.000000
+592.594368 +0.000000
+591.817838 +0.000000
+592.165497 +0.000000
+285.379719 +0.000000
+285.046890 +0.000000
+284.150717 +0.000000
+569.765552 +0.000000
+570.397021 +0.000000
+579.612031 +0.000000
+573.583580 -0.000000
+576.061060 +0.000000
+352.507071 +0.000000
+347.987550 +0.000000
+351.795314 -0.000000
+1716.867652 +0.003784
+1701.056655 +0.004384
+731.357660 -0.000000
+699.698624 +0.000000
+1703.921951 +325.250738
+1703.884306 +325.323914
+1703.914823 +325.298081
+1703.928000 +325.198205
+1703.872801 +325.478214
+1703.844925 +325.491239
+1703.836184 +325.519369
+1703.839887 +325.508005
+291.447843 -0.000000
+291.922152 -0.000000
+1703.851369 +325.468876
+351.268477 +0.000000
+577.147671 +0.000000
+574.443924 +0.000000
+1703.898562 +325.219472
+1703.873641 +325.475388
+1620.069837 +0.000722
+716.360040 -0.000000
+586.585867 +0.000000
+343.373402 -0.000000
+581.799974 -0.000000
+581.758454 +0.000000
+350.085097 -0.000000
+281.386502 -0.000000
+282.045036 +0.000000
+287.804699 +0.000000
+1596.696819 -367.119106
+1597.425442 -367.535619
+344.804643 -0.000000
+345.613426 +0.000000
+286.686475 +0.000000
+288.691852 +0.000000
+289.874994 -0.000000
+282.983881 -0.000000
+285.538755 -0.000000
+284.678127 +0.000000
+284.254480 +0.000000
+1596.871836 -368.025202
+1596.143741 -367.666474
+1621.404544 +329.049185
+1621.435428 +329.022122
+1621.458502 +329.065613
+1621.428331 +329.093498
+1621.435429 +329.022130
+1595.645016 -368.157654
+1597.425343 -367.535681
+1596.372581 -368.463853
+1593.286968 -370.413222
+1593.243638 -370.451933
+1595.195505 -368.593010
+1595.927548 -368.853499
+1593.372242 -370.333136
+1595.534328 -369.197052
+1593.499061 -370.213221
+1594.797906 -368.977792
+1593.669044 -370.052782
+1594.448319 -369.313889
+1595.191094 -369.496172
+1621.448544 +329.135966
+1621.477969 +329.107074
+1621.465260 +329.176130
+1621.521564 +329.372039
+1621.520759 +329.367411
+1621.494187 +329.145847
+1594.145051 -369.605469
+1594.895420 -369.752979
+1593.883903 -369.851127
+1594.088271 -370.447672
+1621.518918 +329.358183
+1594.646900 -369.967029
+1594.177278 -370.372105
+1594.110409 -370.428632
+1703.875904 +325.368253
+1703.867435 +325.407324
+1703.876172 +325.466944
+1703.873646 +325.475392
+1621.511945 +329.326476
+1621.516018 +329.344532
+1703.892119 +325.274319
+1594.288813 -370.275415
+1594.445081 -370.141160
+1621.547495 +329.323919
+1621.542914 +329.303150
+1621.545553 +329.314693
+1703.899447 +325.376646
+1703.858981 +325.440927
+1703.921960 +325.250733
+1703.844941 +325.491215
+1703.907166 +325.340059
+1703.892098 +325.407610
+1703.880175 +325.452743
+1703.907166 +325.340060
+1621.547002 +329.321607
+1703.914828 +325.298054
+1703.884300 +325.323912
+1703.875906 +325.368281
+1703.851429 +325.468823
+1703.885586 +325.433000
+1703.880203 +325.452784
+1703.885585 +325.432998
+1703.899435 +325.376637
+1703.867394 +325.407334
+1703.892105 +325.407617
+1703.858980 +325.440929
+1703.876163 +325.466938
+1621.479124 +329.213281
+1621.490400 +329.247153
+1621.506554 +329.304108
+1621.458466 +329.065689
+1621.428342 +329.093490
+1621.499545 +329.277492
+1621.507573 +329.181535
+1621.521565 +329.372058
+1621.533939 +329.266870
+1621.539133 +329.287195
+1621.477968 +329.107071
+1621.518919 +329.358174
+346.804401 +0.000000
+347.838816 +0.000000
+348.081690 -0.000000
+346.618242 -0.000000
+1668.354851 -373.389745
+1596.870359 -368.024971
+1596.143910 -367.666569
+1596.372610 -368.463821
+1595.644879 -368.157363
+1595.927684 -368.853495
+1595.196566 -368.594657
+1593.243489 -370.452099
+1593.284190 -370.412463
+1595.534652 -369.196792
+1593.372317 -370.333066
+1593.499303 -370.213009
+1594.797848 -368.977777
+1595.191091 -369.496178
+1594.448151 -369.314224
+1594.895355 -369.752765
+1593.670150 -370.052531
+1594.144529 -369.605319
+1593.883889 -369.851147
+1594.646927 -369.967148
+1594.445066 -370.141145
+1594.110452 -370.428678
+1594.177201 -370.372025
+1594.288768 -370.276083
+1621.448522 +329.135965
+1621.520620 +329.367540
+1621.527177 +329.242342
+1621.518459 +329.213775
+1621.494191 +329.145838
+1621.465378 +329.176116
+1621.516017 +329.344506
+1621.507567 +329.181509
+1621.479119 +329.213284
+1621.490413 +329.247175
+1621.518459 +329.213776
+1621.511975 +329.326404
+1621.506554 +329.304110
+1621.547007 +329.321606
+1621.545544 +329.314695
+1621.499517 +329.277517
+1621.542953 +329.303177
+1621.539131 +329.287195
+1621.527163 +329.242338
+1621.533948 +329.266872
+2240.000000 -40.000000
+713.203602 +0.000000
+729.488079 -0.000000
+1619.988637 +0.000717
+1565.288358 +0.000116
+1576.414078 +0.000154
+1565.285172 +0.000115
+1576.409067 +0.000154
+1525.578382 -357.732169
+1526.426860 -358.991763
+1525.643426 -359.536926
+1399.017537 -338.525207
+1461.264945 -345.194971
+1460.900771 -347.686905
+1459.873410 -345.623694
+1459.733160 -348.016419
+1458.644825 -346.057727
+1458.693301 -348.339016
+1457.565794 -346.473012
+1526.426699 -358.991876
+1524.761686 -358.401280
+1524.947590 -360.027798
+1525.641466 -359.535713
+1524.041921 -359.002708
+1524.761982 -358.401398
+1524.335485 -360.466046
+1524.947630 -360.027737
+1523.405948 -359.535049
+1457.777040 -348.648415
+1454.133098 -350.106041
+1456.977607 -348.938122
+1456.631209 -346.866867
+1454.175396 -350.086956
+1453.197922 -348.546010
+1453.286132 -348.501321
+1455.828738 -347.228784
+1453.467406 -348.405018
+1453.737832 -348.259811
+1454.102118 -348.067864
+1454.302623 -350.031729
+1524.335693 -360.466052
+1523.801014 -360.853797
+1520.766675 -361.798256
+1520.822915 -361.752191
+1522.852692 -360.005460
+1522.373556 -360.415841
+1521.883558 -362.271408
+1521.962412 -360.771611
+1521.101943 -361.509453
+1520.935093 -361.655178
+1524.041694 -359.002223
+1521.326206 -361.314517
+1523.339216 -361.192291
+1521.999319 -362.185856
+1521.611720 -361.070113
+1521.912343 -362.249756
+1523.406963 -359.538089
+1523.801611 -360.853512
+1522.944658 -361.483370
+1522.852597 -360.005464
+1522.615585 -361.725772
+1522.145316 -362.075819
+1523.339212 -361.192304
+1522.349972 -361.923415
+1520.766483 -361.798552
+1520.819381 -361.749667
+1520.935183 -361.655032
+1522.373219 -360.416334
+1521.102301 -361.509120
+1521.961650 -360.771249
+1521.328024 -361.314420
+1521.611705 -361.070155
+1521.999197 -362.185745
+1522.944628 -361.483008
+1522.615606 -361.725947
+1522.349947 -361.923397
+1538.409163 +327.190855
+1538.436129 +327.150736
+1538.444901 +327.208878
+1538.471296 +327.169159
+1538.436136 +327.150740
+1521.912417 -362.249815
+1522.145003 -362.076765
+1538.444903 +327.208865
+1538.477363 +327.227575
+1538.503023 +327.188101
+1538.471284 +327.169241
+1538.506398 +327.246560
+1538.477345 +327.227588
+1538.503019 +327.188100
+1538.532124 +327.264997
+1538.531286 +327.206883
+1538.630081 +327.352681
+1538.627564 +327.349921
+1538.622320 +327.344476
+1538.506502 +327.246501
+1538.556195 +327.224988
+1538.645819 +327.304285
+1538.531284 +327.206874
+1538.630096 +327.352693
+1538.627463 +327.350070
+1456.399242 +319.570387
+1456.414066 +319.516481
+1456.432017 +319.561712
+1456.447271 +319.509044
+1538.614420 +327.336535
+1538.532125 +327.265002
+1538.603807 +327.326181
+1538.622313 +327.344469
+1538.644476 +327.302918
+1538.640491 +327.298821
+1538.554619 +327.282522
+1538.574091 +327.298754
+1538.556179 +327.224966
+1538.577832 +327.241978
+1538.596336 +327.257526
+1456.432007 +319.561703
+1456.414075 +319.516478
+1456.463081 +319.555627
+1456.492098 +319.551901
+1456.625862 +319.554787
+1456.628913 +319.555289
+1456.635117 +319.505994
+1456.447284 +319.509127
+1538.633653 +327.292067
+1538.614404 +327.336517
+1538.590442 +327.313528
+1538.611684 +327.271249
+1538.577833 +327.241979
+1538.624113 +327.282828
+1538.554641 +327.282534
+1456.542655 +319.549114
+1456.563982 +319.549303
+1456.533531 +319.499930
+1456.463077 +319.555650
+1456.597833 +319.551591
+1456.507310 +319.501268
+1456.478476 +319.504149
+1456.620597 +319.504051
+1538.644480 +327.302914
+1538.603803 +327.326101
+1538.640485 +327.298827
+1538.590445 +327.313530
+1538.574078 +327.298787
+1456.518681 +319.549855
+1456.577535 +319.500364
+1456.628712 +319.505067
+1456.619571 +319.553903
+1456.610220 +319.552806
+1456.633505 +319.505768
+1538.596320 +327.257529
+1538.633698 +327.292077
+1456.492168 +319.551795
+1538.611693 +327.271247
+1456.582467 +319.550333
+1456.595000 +319.501517
+1456.609382 +319.502800
+1456.633504 +319.505763
+1538.624112 +327.282829
+1456.478473 +319.504152
+1456.518685 +319.549856
+1456.610196 +319.552803
+1456.556966 +319.499738
+1456.582469 +319.550331
+1456.556967 +319.499737
+1456.507302 +319.501262
+1456.619561 +319.553906
+1456.628712 +319.505076
+1456.595005 +319.501511
+1456.609383 +319.502802
+728.102822 -0.000000
+752.064049 -0.000000
+753.849285 -0.000000
+754.551876 -0.000000
+1508.107408 -0.005793
+1502.189422 -0.004246
+1455.144286 -347.555510
+1454.518354 -349.935919
+1456.288214 -349.202649
+1455.212980 -349.637691
+1455.700656 -349.437742
+1454.567344 -347.834058
+1454.820127 -349.805027
+1456.625795 +319.554958
+1440.562362 -0.004426
+1491.236517 -0.002564
+1475.713571 -0.013998
+1506.942010 -0.005548
+1490.242681 -0.003441
+1481.236320 -0.012812
+1481.483198 -0.011411
+1400.030992 -336.710882
+1401.333080 -337.062061
+1460.900483 -347.687022
+1459.873843 -345.624000
+1459.731977 -348.013228
+1458.644733 -346.056805
+1458.693375 -348.338919
+1457.564625 -346.478242
+1457.777342 -348.648519
+1456.631052 -346.866872
+1456.978678 -348.938132
+1455.827882 -347.229316
+1456.288206 -349.202674
+1455.143415 -347.554412
+1453.467564 -348.404749
+1453.283751 -348.494672
+1453.197544 -348.546488
+1453.738535 -348.259404
+1454.105029 -348.069004
+1454.175506 -350.087059
+1454.302464 -350.031524
+1455.700860 -349.437171
+1454.567319 -347.834140
+1454.517291 -349.936995
+1454.820088 -349.804995
+1455.212931 -349.637945
+1456.533503 +319.499917
+1456.542681 +319.549112
+1456.628932 +319.555285
+1456.563986 +319.549339
+1456.620643 +319.504042
+1456.597789 +319.551517
+1456.577521 +319.500376
+732.400364 -0.000000
+756.148542 -0.000000
+758.262903 +0.000000
+758.929168 +0.000000
+1471.140851 -0.013321
+1477.397833 -0.010905
+1471.101340 -0.014920
+2240.000000 -40.000000
+1430.767553 -0.008766
+1440.392815 -0.003753
+1301.148857 +287.461269
+1425.974361 -0.007165
+1429.328919 -0.008828
+1301.136423 +287.426663
+1376.842338 +306.282766
+760.221888 +0.484590
+760.221888 -0.484590
+758.166022 +0.233583
+758.166022 -0.233583
+758.740916 +0.000000
+793.800276 -0.000000
+771.823899 +1.421004
+771.823899 -1.421003
+786.574453 +0.000002
+780.980876 +0.000001
+780.203147 +0.000001
+760.076692 +0.000000
+761.311854 +0.000000
+762.003091 +0.000000
+762.893212 +0.000000
+811.631535 -0.000000
+811.114462 -0.000001
+807.478556 +0.000010
+785.560416 +0.000002
+775.864077 +0.000001
+771.391054 +0.000001
+760.384702 +0.000000
+764.518129 +0.000000
+775.487724 +0.000001
+806.225732 -0.000000
+792.903910 +0.000003
+791.570194 +0.000003
+799.823418 +0.000005
+765.063181 +0.000000
+767.676394 +0.000000
+767.929474 +0.000000
+760.116452 +0.000000
+761.994411 +0.000000
+762.907294 +0.000000
+761.328433 +0.000000
+1398.805398 -336.433268
+1397.873284 -338.325965
+1400.031254 -336.711381
+1399.017193 -338.525222
+805.408926 +0.000008
+798.155126 +0.000004
+765.067032 +0.000000
+764.548190 +0.000000
+767.666912 -0.378246
+767.666912 +0.378247
+772.040983 +0.000001
+1391.695584 -337.851042
+1397.671322 -336.213657
+1398.805888 -336.432308
+1395.712186 -335.941665
+1396.815715 -338.169758
+1397.874903 -338.322662
+760.381164 +0.000000
+1396.637596 -336.053214
+1394.981417 -337.972210
+1394.893474 -335.867233
+1391.746747 -337.850392
+1395.850047 -338.053779
+1392.157962 -337.850685
+1391.898923 -337.850803
+1393.542734 -337.884014
+1392.554304 -335.759161
+1392.441872 -335.756724
+1392.978565 -337.862586
+1394.212340 -337.918354
+1392.516565 -337.853764
+1393.608678 -335.780479
+1394.189446 -335.811457
+1392.790408 -335.763752
+1393.141847 -335.768721
+1397.666166 -336.216952
+1396.815830 -338.169665
+1396.637424 -336.053163
+1395.850301 -338.054046
+767.918049 +0.000000
+771.386479 +0.000001
+780.945047 +0.000001
+775.837034 +0.000001
+780.201783 +0.000001
+785.559464 +0.000002
+775.591117 -0.000000
+786.565404 +0.000002
+791.555095 +0.000003
+775.512284 +0.000001
+1394.982501 -337.972999
+1395.710957 -335.941476
+1337.713121 -329.154451
+1336.880031 -328.716796
+1394.893638 -335.865473
+1394.212323 -337.918386
+1391.746841 -337.850567
+1391.898836 -337.850476
+1393.543389 -337.883550
+1392.156125 -337.850911
+1392.978375 -337.862815
+1392.516526 -337.853710
+1394.189378 -335.811560
+1393.610566 -335.784176
+1392.559299 -335.751327
+1392.441136 -335.757106
+1392.790737 -335.763458
+1393.142900 -335.768732
+1336.093558 -328.310331
+1335.564391 -329.117279
+1376.857755 +306.253915
+1376.834954 +306.219414
+1376.857741 +306.253918
+1376.874000 +306.228280
+1376.852395 +306.191664
+1336.880166 -328.717187
+1335.361583 -327.933678
+1334.737911 -328.777534
+1376.890621 +306.205894
+1376.834957 +306.219404
+1376.870308 +306.167297
+1376.874016 +306.228302
+1336.094127 -328.309699
+1335.564107 -329.117266
+1335.357057 -327.933849
+1334.685753 -327.594413
+1330.094009 -327.019575
+1333.969801 -328.465042
+1331.811015 -326.255246
+1331.891085 -326.289852
+1330.458263 -327.144762
+1330.254530 -327.074514
+1330.134662 -327.033073
+1332.058562 -326.365966
+1334.740556 -328.776091
+1334.071269 -327.295949
+1333.518823 -327.033909
+1333.261185 -328.182613
+1332.616612 -327.932347
+1332.308831 -326.475178
+1332.638651 -326.619401
+1331.097447 -327.368251
+1332.038710 -327.714459
+1331.529967 -327.526288
+1330.738882 -327.242033
+1333.040034 -326.804321
+1376.978981 +306.066677
+1376.852437 +306.191743
+1376.906885 +306.186506
+1376.890626 +306.205757
+1376.977722 +306.067541
+1376.973972 +306.070088
+1376.870309 +306.167302
+1376.888069 +306.146107
+1376.922321 +306.169907
+1376.936697 +306.155842
+1376.984097 +306.117475
+1376.981770 +306.119112
+1376.967697 +306.074523
+1334.685634 -327.594366
+1330.134707 -327.033254
+1376.905129 +306.127901
+1376.960829 +306.135171
+1376.906889 +306.186503
+1376.888058 +306.146108
+1376.977716 +306.067538
+1376.973979 +306.070095
+1376.984107 +306.117456
+1376.976945 +306.122553
+1376.949747 +306.144372
+1376.922345 +306.169890
+1376.969932 +306.127887
+1376.921080 +306.112449
+1376.959152 +306.080803
+1376.948409 +306.089123
+1376.935639 +306.099553
+1376.959154 +306.080804
+1333.969903 -328.464962
+1333.261323 -328.182890
+1330.254544 -327.074194
+1330.738855 -327.241977
+1334.070488 -327.295318
+1333.039962 -326.804405
+1376.905092 +306.127905
+1376.936720 +306.155876
+1376.967737 +306.074493
+1376.949746 +306.144368
+1376.981745 +306.119312
+1376.976943 +306.122565
+1376.969910 +306.127902
+1376.935631 +306.099574
+1376.948409 +306.089115
+1376.921080 +306.112448
+1376.960743 +306.135124
+2240.000000 -40.000000
+2240.000000 -40.000000
+799.669580 +0.000006
+798.614548 -0.000001
+792.883839 +0.000003
+1301.127481 +287.393947
+1301.110819 +287.400310
+798.159360 +0.000004
+1330.456830 -327.144026
+1332.038693 -327.714489
+1331.810315 -326.255348
+1331.899101 -326.288412
+1332.058898 -326.365770
+844.164047 -0.000000
+811.014158 -0.000000
+805.835132 -0.000000
+805.431042 +0.000008
+1339.661820 -0.020975
+1337.604327 -0.009055
+1332.617202 -327.933417
+1333.519775 -327.032763
+1301.136417 +287.426679
+1301.121643 +287.363508
+1301.101818 +287.365217
+1301.100985 +287.171833
+1301.100675 +287.173446
+1301.099748 +287.178226
+1301.098296 +287.186357
+1301.110810 +287.400301
+1301.096057 +287.332473
+1301.116377 +287.310800
+1301.092870 +287.302346
+1301.127516 +287.393947
+1301.115953 +287.288711
+1301.091631 +287.275150
+1301.118160 +287.335712
+1301.121303 +287.222518
+1301.120890 +287.225565
+1301.117701 +287.254095
+1301.116660 +287.269738
+1331.097241 -327.368358
+1301.096546 +287.197653
+1301.118801 +287.241421
+1301.119914 +287.231901
+1331.530728 -327.526186
+1332.638213 -326.622937
+1332.309623 -326.475530
+1301.118158 +287.335707
+1213.909782 -296.515723
+1213.266678 -296.271267
+1212.676912 -296.038979
+1212.141020 -295.818861
+1212.729147 -295.854221
+1274.058897 -315.523387
+1273.378724 -315.204236
+1272.749311 -314.902248
+1273.378881 -315.204519
+1272.480034 -314.993399
+1272.173618 -314.617040
+1301.121561 +287.363384
+1301.101896 +287.365283
+1271.799003 -314.713576
+1268.118234 -313.111072
+1272.749717 -314.901700
+1272.479801 -314.993421
+1268.149677 -313.124901
+1301.096063 +287.332474
+1301.116387 +287.310767
+1301.092863 +287.302356
+1268.242387 -313.166500
+1271.650772 -314.353834
+1272.170456 -314.616581
+1301.100668 +287.173449
+1301.099761 +287.178225
+1268.399590 -313.237242
+1271.801424 -314.713220
+1271.181891 -314.117705
+1301.116000 +287.288732
+1268.149721 -313.125055
+1271.174271 -314.450244
+1270.765550 -313.905268
+1268.242402 -313.166221
+1271.650686 -314.353828
+1268.896455 -313.456951
+1268.617401 -313.333783
+1301.098319 +287.186309
+1301.094701 +287.212201
+1269.565016 -313.275571
+1270.090463 -313.982785
+1269.234093 -313.607706
+1268.398760 -313.236337
+1301.116655 +287.269737
+1301.092953 +287.229936
+1301.091789 +287.250993
+1270.604061 -314.205525
+1270.112387 -313.561559
+1270.409046 -313.716439
+1269.505982 -313.246154
+1271.181388 -314.117110
+1301.091597 +287.275184
+1301.096549 +287.197651
+1301.121291 +287.222494
+1301.120931 +287.225803
+1301.091787 +287.250993
+1271.174334 -314.450155
+1268.617371 -313.333736
+1269.869131 -313.437628
+1269.686110 -313.342261
+1301.117582 +287.254106
+1301.118798 +287.241453
+1301.119927 +287.231911
+1268.896312 -313.456997
+1270.766508 -313.904532
+1301.094695 +287.212196
+1301.092961 +287.229965
+1270.604169 -314.205750
+1270.409006 -313.716522
+1269.633502 -313.783791
+1269.505453 -313.246245
+1269.571137 -313.277511
+1269.633493 -313.783820
+1270.111411 -313.564135
+1269.869712 -313.437898
+1269.686344 -313.342065
+2240.000000 -40.000000
+843.336161 -0.000000
+850.574637 -0.000000
+861.873800 -0.000000
+1230.616870 +263.279425
+1302.095219 -0.018322
+1339.609255 -0.020855
+1337.497032 -0.008524
+1208.740945 -294.300301
+1208.851698 -294.347396
+1208.768924 -294.312116
+1208.991539 -294.407473
+1211.658283 -295.614236
+1212.092991 -295.628495
+1213.266884 -296.271471
+1210.850173 -295.264256
+1211.228867 -295.430491
+1211.513513 -295.414961
+1212.677167 -296.038387
+1270.090842 -313.983754
+1269.234768 -313.607755
+2240.000000 -40.000000
+866.275030 -0.000000
+873.036145 -0.000000
+1287.247601 -0.016211
+1276.837353 -0.015678
+1262.831610 -0.056133
+1284.667819 -0.014345
+1248.209913 -0.057817
+1230.575658 +263.259925
+1230.575672 +263.259942
+1230.539249 +263.238986
+1230.547671 +263.239618
+1230.346063 +263.048723
+1230.507578 +263.217329
+1230.509856 +263.216815
+1230.347133 +263.050398
+1230.350313 +263.055364
+1230.355794 +263.063695
+1230.480335 +263.195904
+1230.457168 +263.175535
+1230.476967 +263.193228
+1230.437695 +263.156437
+1230.539277 +263.238944
+1230.547654 +263.239624
+1230.448597 +263.169682
+1212.728928 -295.854314
+1210.988070 -295.214819
+1210.260717 -294.994039
+1209.436761 -294.592971
+1210.527584 -295.115956
+1209.772427 -294.766987
+1210.517999 -295.031265
+1209.186414 -294.489226
+1209.719138 -294.744153
+1210.042717 -294.896050
+1209.879691 -294.820201
+1212.138750 -295.818456
+1209.740908 -294.719433
+1212.095016 -295.628610
+1211.658229 -295.614261
+1210.102266 -294.866340
+1208.768995 -294.312247
+1208.851660 -294.347136
+1208.991056 -294.406655
+1209.186375 -294.489192
+1211.513526 -295.414861
+1211.228452 -295.429963
+1210.851043 -295.263600
+1158.707363 -273.036506
+1158.076690 -272.825461
+1157.813852 -272.354492
+1157.500132 -272.625028
+1210.988187 -295.215003
+1158.076945 -272.825593
+1156.977074 -272.435299
+1157.194488 -272.154655
+1153.961889 -270.972871
+1153.988592 -270.983495
+1210.527581 -295.116040
+1209.436671 -294.592986
+1154.067893 -271.015064
+1157.813684 -272.354639
+1156.507137 -272.258448
+1154.201330 -271.068788
+1156.631655 -271.965719
+1157.500188 -272.624402
+1156.090641 -272.099992
+1210.518388 -295.032105
+1210.259807 -294.996126
+1156.122499 -271.788237
+1154.387940 -271.141977
+1155.723954 -271.956600
+1155.154382 -271.723035
+1155.411866 -271.828525
+1155.668255 -271.625057
+1154.633191 -271.506669
+1154.685020 -271.526208
+1154.944393 -271.638280
+1154.787820 -271.572426
+1166.377131 +233.981819
+1209.776959 -294.770000
+1209.879816 -294.819974
+1210.102269 -294.866365
+1210.043229 -294.896167
+1209.718716 -294.744320
+1209.741555 -294.719546
+1230.509952 +263.216846
+1230.507452 +263.217283
+1230.350323 +263.055347
+1230.347131 +263.050409
+1230.480329 +263.195906
+1230.476972 +263.193220
+1230.424509 +263.146987
+1230.457153 +263.175494
+1230.448600 +263.169697
+1166.320571 +233.997655
+1166.289722 +233.981751
+1166.267332 +234.008009
+1230.363694 +263.075067
+1230.421947 +263.139137
+1166.320602 +233.997653
+1166.289715 +233.981773
+1166.172910 +234.015728
+1166.217921 +234.013708
+1166.267304 +234.007946
+1166.234236 +233.991623
+1230.355789 +263.063638
+1230.437764 +263.156420
+1230.409404 +263.124483
+1230.399464 +263.112345
+1230.387779 +263.096576
+1230.385469 +263.093543
+1166.182685 +233.996634
+1166.132803 +234.015356
+1165.933349 +233.965931
+1165.935810 +233.966683
+1165.943139 +233.968887
+1165.955510 +233.972459
+1166.097309 +234.013067
+1166.135371 +233.997755
+1230.374250 +263.089356
+1230.363693 +263.075063
+1230.424510 +263.147052
+1230.404270 +263.125747
+1230.392303 +263.102986
+1230.421943 +263.139144
+1165.972852 +233.976981
+1166.066976 +234.009378
+1166.042060 +234.005513
+1165.991876 +233.995112
+1165.996825 +233.996140
+1230.387587 +263.106346
+1166.234374 +233.991594
+1166.021825 +234.001910
+1166.217781 +234.013762
+1166.092850 +233.996001
+1166.006749 +233.998673
+1230.409297 +263.124584
+1165.935822 +233.966695
+1165.943125 +233.968861
+1230.404268 +263.125749
+1230.374244 +263.089356
+1230.399494 +263.112371
+1230.385435 +263.093538
+1230.392321 +263.102975
+1230.387932 +263.096839
+1230.387620 +263.106369
+2240.000000 -40.000000
+867.901425 -0.000000
+1274.074736 -0.014980
+1240.588772 -0.042948
+1235.456294 -0.020406
+1221.566458 -0.081700
+1154.627867 -271.234595
+1154.919976 -271.347521
+1157.196237 -272.155097
+1156.975358 -272.434926
+1155.267560 -271.478373
+1156.507116 -272.258482
+1156.631623 -271.965630
+1153.988699 -270.983602
+1154.067777 -271.014822
+1166.022607 +233.987489
+1165.995236 +233.982094
+1166.055244 +233.992372
+1166.172910 +234.015734
+1166.132753 +234.015326
+2240.000000 -40.000000
+2240.000000 -40.000000
+874.573431 -0.000000
+1247.312253 -0.058262
+1217.387858 -0.026603
+1206.831452 -0.023502
+1190.007273 -0.017503
+1237.528496 -0.045120
+1235.463147 -0.034003
+1165.308548 -0.017111
+1217.755960 -0.053518
+1109.243291 -245.743014
+1216.486964 -0.035409
+1206.759125 -0.027775
+1202.301791 -0.015804
+1108.627942 -245.532709
+1108.580866 -245.085251
+1108.066174 -245.334299
+1156.090236 -272.099506
+1154.387892 -271.141956
+1155.411906 -271.828606
+1154.627808 -271.234576
+1166.182677 +233.996626
+1165.955477 +233.972411
+1166.097365 +234.012982
+1166.092916 +233.996050
+1165.972846 +233.976980
+1166.066983 +234.009387
+1165.991844 +233.995144
+1166.042040 +234.005693
+1166.021875 +234.001893
+1166.006745 +233.998644
+1166.055247 +233.992375
+1165.995234 +233.982093
+1156.122644 -271.788378
+1154.201064 -271.068088
+1155.724744 -271.955901
+1155.153635 -271.724857
+1154.688512 -271.529745
+1155.267576 -271.478396
+1155.668715 -271.625746
+1154.632845 -271.506922
+1154.944860 -271.638241
+1154.787837 -271.572189
+1154.920618 -271.347560
+1107.978122 -244.883758
+1107.556505 -245.148018
+1108.628244 -245.532770
+1166.135391 +233.997763
+1107.430825 -244.694617
+1107.098840 -244.974953
+1108.580736 -245.085442
+1108.066041 -245.333672
+1104.841278 -243.712884
+1107.979635 -244.884377
+1106.694073 -244.820411
+1106.936021 -244.517890
+1106.337582 -244.681332
+1107.555204 -245.147685
+1165.997146 +233.996375
+1166.022666 +233.987483
+1104.867090 -243.723359
+1104.944028 -243.754358
+1107.430758 -244.694555
+1107.098849 -244.974974
+1106.494964 -244.355800
+1106.034079 -244.557497
+1105.783967 -244.455316
+1109.378860 +199.944508
+1105.072976 -243.807023
+1106.106290 -244.210635
+1106.936188 -244.517978
+1106.693663 -244.819951
+1105.580044 -244.373378
+1106.338300 -244.680543
+1106.495477 -244.356337
+1104.943825 -243.754152
+1104.867235 -243.723438
+1106.034163 -244.557555
+1105.769271 -244.081523
+1106.106316 -244.210650
+1105.328705 -244.265273
+1105.277877 -244.246352
+1105.072888 -243.806437
+1105.253739 -243.879060
+1105.783378 -244.456933
+1105.428243 -244.309711
+1105.486098 -243.970186
+1105.253682 -243.879055
+1109.331702 +200.005184
+1109.296620 +199.991783
+1109.283583 +200.057644
+1109.246601 +200.045730
+1109.331727 +200.005144
+1109.296639 +199.991810
+1109.235733 +200.102460
+1108.908384 +200.257398
+1105.580448 -244.373198
+1105.277589 -244.246692
+1105.331390 -244.269038
+1105.486043 -243.970124
+1109.246731 +200.045614
+1109.283484 +200.057629
+1109.196677 +200.091658
+1109.189437 +200.140048
+1109.235655 +200.102582
+1108.911616 +200.256240
+1108.921234 +200.252712
+1109.147927 +200.130316
+1109.146404 +200.171206
+1108.937263 +200.246645
+1108.911643 +200.256235
+1109.106655 +200.196848
+1108.959385 +200.237609
+1108.985174 +200.258418
+1109.041362 +200.232581
+1109.071222 +200.216976
+1109.101737 +200.162199
+1105.769919 -244.081517
+1109.016701 +200.244787
+1108.978953 +200.261292
+1105.428162 -244.309500
+1109.196663 +200.091666
+1109.189444 +200.140045
+1108.987280 +200.225179
+1109.020674 +200.209083
+1108.921185 +200.252710
+1109.147949 +200.130299
+1109.146326 +200.171216
+1109.059137 +200.188257
+1109.106626 +200.196699
+1108.997871 +200.253258
+1109.071241 +200.216970
+1108.978959 +200.261361
+1108.985694 +200.258514
+1108.997832 +200.253249
+899.681549 +0.000000
+894.725483 +0.000000
+1148.771256 -0.060097
+1175.515929 -0.011026
+1109.041487 +200.232760
+1109.016716 +200.244716
+2240.000000 -40.000000
+2240.000000 -40.000000
+917.869377 +0.000004
+917.951662 +0.000004
+1148.667485 -0.059947
+1126.147746 -0.015388
+1123.197324 -0.009484
+928.130683 +0.000001
+1124.355646 -0.012064
+1119.338244 -0.011193
+1087.421545 -0.014479
+933.247216 -0.000005
+1084.115302 -0.010514
+1078.295220 -0.004510
+1066.075276 -215.122414
+1065.488582 -214.882802
+1064.953664 -214.659316
+1065.610750 -214.513170
+1064.468388 -214.452245
+1065.036076 -214.282598
+1065.488933 -214.882793
+1065.610649 -214.513402
+1109.101835 +200.162173
+1108.937217 +200.246614
+1108.959378 +200.237615
+1109.059141 +200.188255
+1108.987270 +200.225172
+1109.020732 +200.209017
+940.696644 -0.000425
+1094.131858 -0.021009
+1062.178886 -0.054763
+1085.941336 -0.010870
+1029.656319 -181.519922
+1060.446518 +161.710949
+1029.360803 -180.975754
+1029.118444 -181.222632
+1064.953366 -214.658717
+1065.037346 -214.283326
+1064.043442 -213.871041
+1064.514640 -214.068680
+1064.032710 -214.261637
+1064.467437 -214.451922
+1063.648026 -214.092203
+1064.514554 -214.068655
+1062.050499 -212.989730
+1063.623605 -213.691095
+1064.032736 -214.261621
+1063.308872 -213.941201
+1060.433721 +161.813138
+1060.391284 +161.798909
+1028.628959 -180.948764
+1029.360714 -180.976031
+1029.118860 -181.222561
+1028.833211 -180.689162
+1028.355110 -180.426491
+1026.100044 -179.146236
+1064.043616 -213.871075
+1062.075011 -213.001063
+1063.647622 -214.091747
+1062.148365 -213.034525
+1063.624135 -213.691493
+1062.270814 -213.091262
+1063.020104 -213.807795
+1062.782289 -213.697698
+1062.349637 -213.494429
+1062.300792 -213.473791
+1062.588257 -213.609566
+1028.628538 -180.948202
+1028.185224 -180.698387
+1028.834224 -180.689943
+1027.787049 -180.470544
+1027.923472 -180.186885
+1026.122414 -179.159378
+1027.436089 -180.269044
+1026.189693 -179.198183
+1027.539115 -179.970764
+1026.205819 -179.548926
+1026.250921 -179.573430
+1026.301519 -179.263839
+1027.126223 -180.091302
+1062.075198 -213.001111
+1063.309516 -213.940320
+1062.444041 -213.541423
+1062.148078 -213.034380
+1063.253858 -213.531072
+1026.645633 -179.807791
+1026.862603 -179.935861
+1026.336789 -179.626771
+1026.468305 -179.705323
+1026.907500 -179.613098
+1026.458923 -179.354832
+1060.414163 +161.906595
+1060.371811 +161.895676
+1060.433698 +161.813060
+1060.391337 +161.798918
+1062.933215 -213.389717
+1062.442815 -213.169353
+1062.663790 -213.268372
+1028.184586 -180.698069
+1027.200875 -179.780114
+1026.661037 -179.470695
+1060.389857 +161.991220
+1063.020225 -213.807811
+1062.270896 -213.090788
+1060.132498 +162.378055
+1060.346830 +161.983298
+1060.414059 +161.906701
+1060.371883 +161.895470
+1060.362369 +162.066649
+1063.253890 -213.531074
+1062.300552 -213.474225
+1062.351569 -213.498233
+1062.781814 -213.699104
+1062.588580 -213.609273
+1062.443888 -213.541271
+1062.933873 -213.389668
+1062.663716 -213.268268
+1060.135408 +162.374420
+1060.389856 +161.991354
+1060.346834 +161.983321
+1062.442750 -213.169364
+1060.144001 +162.363432
+1060.318169 +162.061923
+1060.334122 +162.132332
+1060.362355 +162.066634
+1060.135432 +162.374377
+1060.287598 +162.131111
+1060.305996 +162.189626
+1060.318164 +162.061884
+1060.158154 +162.345025
+1060.208100 +162.345891
+1060.202824 +162.353652
+1060.143957 +162.363503
+1060.279005 +162.237662
+1060.255234 +162.276581
+1060.219188 +162.330996
+1060.257085 +162.191143
+1060.235144 +162.307993
+1060.227610 +162.242372
+1060.334040 +162.132405
+1060.287652 +162.130998
+1060.305811 +162.189496
+1060.257083 +162.191135
+1060.279007 +162.237623
+1060.158109 +162.344993
+1060.208769 +162.345701
+1060.255478 +162.276653
+1060.202917 +162.353729
+1060.219156 +162.331043
+1060.235070 +162.307919
+1060.177254 +162.318816
+1060.200554 +162.284655
+1060.227610 +162.242243
+1060.177254 +162.318832
+1060.200521 +162.284664
+927.622696 +0.000001
+1045.352119 -0.029176
+934.282559 -0.000012
+1073.896367 -0.004610
+1056.916497 -0.054229
+940.210288 -0.000385
+1013.505817 -0.014479
+1038.725277 -0.025054
+1028.355022 -180.426505
+1027.923637 -180.186867
+1027.787069 -180.470466
+1027.435721 -180.268571
+1026.189336 -179.198115
+1026.252097 -179.577062
+1026.205613 -179.549469
+1027.539629 -179.971053
+1026.862751 -179.935816
+1026.468547 -179.704944
+1026.336602 -179.626697
+1026.458848 -179.354861
+1026.301763 -179.263481
+1000.402922 -145.117040
+1026.122655 -179.159393
+1027.126814 -180.090359
+1000.243512 -144.648400
+999.943975 -144.738672
+1026.645223 -179.808966
+1027.200904 -179.780101
+1026.908161 -179.613028
+1026.660925 -179.470554
+1020.367297 +119.947052
+1020.350550 +120.064114
+1020.406106 +120.086473
+999.527234 -144.394130
+999.792181 -144.283207
+1000.243410 -144.648734
+999.944488 -144.738559
+999.149756 -144.082713
+999.383801 -143.952116
+1020.431419 +120.217681
+1020.379677 +120.200005
+1020.350637 +120.064065
+1020.405973 +120.086387
+999.792941 -144.283974
+999.526748 -144.393593
+998.811154 -143.802395
+999.015410 -143.653612
+999.383725 -143.952174
+999.149401 -144.082439
+1020.446126 +120.339483
+1020.396601 +120.326695
+1020.431425 +120.217903
+1020.379631 +120.199732
+1020.452058 +120.451000
+997.459533 -142.389598
+998.513216 -143.555815
+999.015555 -143.653544
+998.811139 -143.802230
+998.687513 -143.386816
+998.249373 -143.340152
+997.478565 -142.405252
+997.466441 -142.691692
+1020.404081 +120.443431
+1020.446180 +120.339580
+1020.396639 +120.326702
+1020.347254 +120.950359
+1020.451582 +120.550169
+1020.451996 +120.451027
+1020.447232 +120.638494
+1020.348870 +120.944122
+1020.353409 +120.925269
+1020.406757 +120.903552
+1020.409226 +120.890707
+1020.398934 +120.642590
+997.505329 -142.721684
+998.025333 -143.153462
+997.841021 -143.000064
+998.512931 -143.555313
+998.399101 -143.153234
+998.148766 -142.950189
+997.536221 -142.451560
+998.687986 -143.387035
+1020.404026 +120.443408
+1020.451526 +120.550310
+1020.403949 +120.549026
+1020.360811 +120.893955
+1020.348844 +120.944019
+1020.439369 +120.714385
+1020.390485 +120.724351
+1020.422422 +120.827778
+1020.380147 +120.793388
+1020.430561 +120.776857
+1020.414904 +120.865743
+997.631539 -142.529756
+997.578057 -142.784037
+997.689838 -142.877275
+997.938523 -142.778305
+997.478885 -142.405231
+997.765995 -142.638801
+1020.353464 +120.925405
+1020.403901 +120.548878
+1020.370038 +120.849873
+1020.439302 +120.714340
+998.025503 -143.153339
+998.249954 -143.339190
+1020.446895 +120.638512
+1020.360735 +120.893884
+1020.409893 +120.890135
+997.535807 -142.451576
+997.505798 -142.724894
+997.466245 -142.692357
+997.631921 -142.529523
+997.577877 -142.784058
+997.690018 -142.876821
+997.765903 -142.638848
+1020.430842 +120.776779
+1020.422256 +120.827786
+1020.406982 +120.903544
+1020.414953 +120.865811
+1020.370061 +120.849898
+998.399112 -143.153205
+997.840647 -143.001009
+2240.000000 -40.000000
+2240.000000 -40.000000
+2240.000000 -40.000000
+951.038241 -0.000632
+1009.967917 -0.034264
+1003.565534 -0.033812
+978.789011 -105.889521
+978.729766 -105.497427
+978.455812 -105.422637
+1020.398917 +120.642592
+1020.390370 +120.724197
+1020.380110 +120.793454
+2240.000000 -40.000000
+2240.000000 -40.000000
+2240.000000 -40.000000
+2240.000000 -40.000000
+2240.000000 -40.000000
+2240.000000 -40.000000
+2240.000000 -40.000000
+2240.000000 -40.000000
+2240.000000 -40.000000
+953.079949 -0.001032
+1009.279590 -0.033671
+1007.241055 -0.011165
+967.736008 -0.010211
+972.609106 -0.011689
+1000.624988 -0.033262
+989.968152 +75.361848
+989.991839 +75.505017
+990.066301 +75.554296
+978.152857 -105.002290
+978.400075 -105.046765
+977.629702 -104.290881
+977.411490 -103.997616
+977.830571 -104.281499
+977.877580 -104.626166
+978.101145 -104.642292
+978.729618 -105.497824
+978.456461 -105.422530
+978.152382 -105.001774
+978.400624 -105.047430
+978.101099 -104.642408
+977.877467 -104.626015
+997.938366 -142.778131
+964.509716 -0.008068
+972.140196 -0.010893
+998.149423 -142.950126
+962.165050 -18.301720
+965.572293 -63.619702
+965.583003 -63.297606
+965.425314 -63.102198
+970.230281 +28.782148
+962.219361 -18.049627
+962.217155 -17.847382
+962.219053 -18.050319
+965.582791 -63.298069
+965.426085 -63.102175
+970.285872 +28.967237
+962.258507 -17.611230
+965.432423 -62.798720
+970.363267 +29.083601
+965.290600 -62.354532
+977.588965 -103.961697
+970.285921 +28.966785
+990.077292 +75.694310
+990.065982 +75.554285
+989.991940 +75.504839
+990.142201 +75.736423
+970.362769 +29.083769
+965.286153 -62.640893
+965.154670 -62.231441
+965.432870 -62.799162
+976.675573 -102.787943
+977.830682 -104.281374
+977.629616 -104.290593
+977.216298 -103.742842
+977.375842 -103.683646
+977.411340 -103.997116
+977.589390 -103.961886
+965.157344 -61.961812
+976.689734 -102.806111
+990.077064 +75.694043
+970.699861 +30.829984
+970.403221 +29.261282
+970.465303 +29.361610
+976.635362 -102.987104
+965.285762 -62.640442
+990.142392 +75.736661
+990.142010 +75.872101
+970.492115 +29.532100
+970.542560 +29.615119
+990.200081 +75.906001
+976.733196 -102.859962
+976.664833 -103.022745
+977.190036 -103.443534
+977.050869 -103.524342
+977.216912 -103.741919
+977.375809 -103.683597
+976.914595 -103.345326
+976.718673 -103.093980
+990.242917 +76.062161
+990.190377 +76.036472
+977.033750 -103.241598
+970.600649 +29.844968
+970.558606 +29.776977
+990.281345 +76.765256
+990.272718 +76.201953
+990.142064 +75.872023
+976.801800 -103.201953
+976.804385 -102.950801
+990.224727 +76.186410
+990.200139 +75.906001
+990.281474 +76.756116
+990.294784 +76.326708
+990.324140 +76.687898
+990.324852 +76.706567
+990.281068 +76.728554
+990.248455 +76.319725
+970.402752 +29.261249
+970.465514 +29.361829
+977.190683 -103.443499
+977.051064 -103.524112
+976.904996 -103.078048
+990.280544 +76.682757
+990.323523 +76.651895
+990.308242 +76.434720
+990.316071 +76.524122
+990.321451 +76.597060
+990.190292 +76.036540
+990.263999 +76.437015
+976.664798 -103.025287
+977.033534 -103.241389
+976.904873 -103.078124
+990.242880 +76.062364
+990.281258 +76.755959
+990.278107 +76.618588
+990.272962 +76.536749
+990.308054 +76.434776
+976.914281 -103.346101
+976.690182 -102.806044
+976.635140 -102.987890
+976.732734 -102.860068
+976.801931 -103.201398
+976.718551 -103.094136
+990.272702 +76.202150
+990.224583 +76.186277
+990.281318 +76.728645
+990.325185 +76.706315
+976.804862 -102.950679
+990.324595 +76.686991
+990.248452 +76.319780
+990.294367 +76.326974
+990.280336 +76.682651
+990.263736 +76.436891
+990.316370 +76.523861
+990.323690 +76.651823
+990.321199 +76.597277
+990.278191 +76.618602
+990.272988 +76.536915
+970.491981 +29.531736
+970.542586 +29.614857
+965.031859 -61.868973
+965.290627 -62.354767
+965.154715 -62.231533
+962.217750 -17.847518
+970.607140 +29.997942
+970.672740 +30.228142
+965.157380 -61.961590
+962.248252 -17.441299
+965.034598 -61.615681
+964.921798 -61.553233
+965.031619 -61.868521
+970.558673 +29.777293
+970.640146 +30.049172
+970.601026 +29.845516
+970.699751 +30.816918
+970.641273 +30.191925
+970.722605 +30.767548
+970.721238 +30.740688
+970.719069 +30.690734
+962.259239 -17.611341
+962.279120 -17.218341
+970.705172 +30.509641
+964.538542 -60.361498
+964.818274 -61.280356
+964.730105 -61.047911
+964.923546 -61.316376
+965.034990 -61.615901
+962.263663 -17.079677
+962.248311 -17.440672
+964.824081 -61.058966
+964.921799 -61.552829
+970.697910 +30.778098
+970.606923 +29.997669
+970.692824 +30.382249
+962.285419 -16.871035
+962.265897 -16.757906
+962.279435 -17.218984
+970.640132 +30.049343
+970.665057 +30.361401
+970.714335 +30.612635
+970.695372 +30.712774
+964.818932 -61.279559
+964.923416 -61.316268
+964.656615 -60.857765
+964.546422 -60.380745
+964.500596 -60.478226
+962.263500 -17.080289
+970.699170 +30.816923
+970.679948 +30.504495
+962.188536 -15.441533
+970.641354 +30.192126
+964.824746 -61.058977
+964.517659 -60.516759
+964.739263 -60.843515
+970.698258 +30.777872
+970.689538 +30.621560
+962.190611 -15.458769
+962.285212 -16.870595
+962.248047 -16.233369
+962.281169 -16.563026
+962.264070 -16.474414
+962.270447 -16.296958
+964.593808 -60.705385
+964.571465 -60.437776
+964.547418 -60.591090
+964.611453 -60.534068
+964.547075 -60.380601
+964.667962 -60.669176
+962.265050 -16.757116
+962.181767 -15.514606
+962.186453 -15.550682
+964.500344 -60.479102
+970.692578 +30.382770
+964.656455 -60.858605
+964.517489 -60.518460
+962.220581 -15.855821
+962.255073 -16.066621
+962.197807 -15.510122
+962.234394 -16.026103
+962.193757 -15.615869
+970.664569 +30.361244
+970.714196 +30.613686
+970.694961 +30.712821
+970.680227 +30.504881
+962.281448 -16.563783
+962.239326 -15.874197
+964.738931 -60.843240
+964.547477 -60.591528
+964.593820 -60.704581
+964.570981 -60.438004
+964.611981 -60.533972
+964.667789 -60.669309
+962.205998 -15.719300
+962.208522 -15.596581
+962.223089 -15.717622
+970.689767 +30.621464
+962.264244 -16.474273
+962.270408 -16.296395
+962.197837 -15.510324
+962.255882 -16.066949
+962.234597 -16.025160
+962.238695 -15.873645
+962.194633 -15.617129
+962.208992 -15.596434
+962.205458 -15.717497
+962.222697 -15.717999
+2240.000000 -40.000000
+2240.000000 -40.000000
+964.730308 -61.047494
+970.672222 +30.228551
+970.722963 +30.766915
+970.721257 +30.739896
+970.719054 +30.689936
+970.705466 +30.508637
+962.249061 -16.232807
+962.191225 -15.458758
+962.181359 -15.515774
+962.220613 -15.858047
+962.186606 -15.551048
+2240.000000 -40.000000
+2240.000000 -40.000000
+2240.000000 -40.000000
+2240.000000 -40.000000
+2240.000000 -40.000000
+2240.000000 -40.000000
+2240.000000 -40.000000
+2240.000000 -40.000000
+2240.000000 -40.000000
+2240.000000 -40.000000
+2240.000000 -40.000000
+2240.000000 -40.000000
+2240.000000 -40.000000
+2240.000000 -40.000000
